6.  0.1441709
7.  0.1448372
8.  0.1455055
9.  0.1461758
10.  0.1468481
11.  0.1475224
12.  0.1481987
13.  0.1488771
14.  0.1495574
15.  0.1502397
16.  0.1509241
17.  0.1516104
18.  0.1522987
19.  0.1529891
20.  0.1536815
21.  0.1543758
22.  0.1550722
23.  0.1557706
24.  0.156471
25.  0.1571734
26.  0.1578778
27.  0.1585842
28.  0.1592926
29.  0.160003
30.  0.1607154
31.  0.1614298
32.  0.1621462
33.  0.1628647
34.  0.1635851
35.  0.1643075
36.  0.165032
37.  0.1657585
38.  0.1664869
39.  0.1672174
40.  0.1679499
41.  0.1686843
42.  0.1694208
43.  0.1701593
44.  0.1708998
45.  0.1716423
46.  0.1723868
47.  0.1731333
48.  0.1738818
49.  0.1746323
50.  0.1753849
51.  0.1761394
52.  0.1768959
53.  0.1776545
54.  0.178415
55.  0.1791776
56.  0.1799421
57.  0.1807087
58.  0.1814773
59.  0.1822478
60.  0.1830204
61.  0.183795
62.  0.1845716
63.  0.1853502
64.  0.1861308
65.  0.1869134
66.  0.187698
67.  0.1884847
68.  0.1892733
69.  0.1900639
70.  0.1908565
71.  0.1916512
72.  0.1924478
73.  0.1932465
74.  0.1940471
75.  0.1948498
76.  0.1956545
77.  0.1964612
78.  0.1972698
79.  0.1980805
80.  0.1988932
81.  0.1997079
82.  0.2005246
83.  0.2013433
84.  0.202164
85.  0.2029867
86.  0.2038115
87.  0.2046382
88.  0.2054669
89.  0.2062977
90.  0.2071304
91.  0.2079652
92.  0.2088019
93.  0.2096407
94.  0.2104814
95.  0.2113242
96.  0.212169
97.  0.2130158
98.  0.2138646
99.  0.2147154
100.  0.2155682
101.  0.216423
102.  0.2172798
103.  0.2181386
104.  0.2189994
105.  0.2198623
106.  0.2207271
107.  0.2215939
108.  0.2224628
109.  0.2233336
110.  0.2242065
111.  0.2250813
112.  0.2259582
113.  0.2268371
114.  0.227718
115.  0.2286008
116.  0.2294857
117.  0.2303726
118.  0.2312615
119.  0.2321524
120.  0.2330453
121.  0.2339403
122.  0.2348372
123.  0.2357361
124.  0.236637
125.  0.23754
126.  0.2384449
127.  0.2393519
128.  0.2402608
129.  0.2411718
130.  0.2420847
131.  0.2429997
132.  0.2439167
133.  0.2448357
134.  0.2457567
135.  0.2466796
136.  0.2476047
137.  0.2485317
138.  0.2494607
139.  0.2503917
140.  0.2513247
141.  0.2522597
142.  0.2531967
143.  0.2541358
144.  0.2550768
145.  0.2560199
146.  0.256965
147.  0.257912
148.  0.2588611
149.  0.2598121
150.  0.2607652
151.  0.2617203
152.  0.2626774
153.  0.2636365
154.  0.2645976
155.  0.2655607
156.  0.2665258
157.  0.2674929
158.  0.268462
159.  0.2694331
160.  0.2704062
161.  0.2713814
162.  0.2723585
163.  0.2733377
164.  0.2743188
165.  0.275302
166.  0.2762871
167.  0.2772743
168.  0.2782635
169.  0.2792547
170.  0.2802479
171.  0.2812431
172.  0.2822402
173.  0.2832395
174.  0.2842407
175.  0.2852439
176.  0.2862491
177.  0.2872563
178.  0.2882655
179.  0.2892768
180.  0.29029
181.  0.2913052
182.  0.2923225
183.  0.2933418
184.  0.294363
185.  0.2953863
186.  0.2964116
187.  0.2974388
188.  0.2984681
189.  0.2994994
190.  0.3005327
191.  0.301568
192.  0.3026053
193.  0.3036446
194.  0.304686
195.  0.3057293
196.  0.3067746
197.  0.3078219
198.  0.3088713
199.  0.3099226
200.  0.3109759
201.  0.3120313
202.  0.3130887
203.  0.314148
204.  0.3152094
205.  0.3162728
206.  0.3173382
207.  0.3184055
208.  0.3194749
209.  0.3205464
210.  0.3216197
211.  0.3226952
212.  0.3237726
213.  0.324852
214.  0.3259334
215.  0.3270169
216.  0.3281023
217.  0.3291897
218.  0.3302792
219.  0.3313706
220.  0.3324641
221.  0.3335596
222.  0.334657
223.  0.3357565
224.  0.336858
225.  0.3379615
226.  0.339067
227.  0.3401745
228.  0.341284
229.  0.3423955
230.  0.343509
231.  0.3446245
232.  0.345742
233.  0.3468616
234.  0.3479831
235.  0.3491066
236.  0.3502322
237.  0.3513597
238.  0.3524893
239.  0.3536209
240.  0.3547544
241.  0.35589
242.  0.3570276
243.  0.3581672
244.  0.3593087
245.  0.3604524
246.  0.361598
247.  0.3627456
248.  0.3638952
249.  0.3650468
250.  0.3662004
251.  0.3673561
252.  0.3685137
253.  0.3696733
254.  0.370835
255.  0.3719986
256.  0.3731643
257.  0.374332
258.  0.3755016
259.  0.3766733
260.  0.377847
261.  0.3790227
262.  0.3802003
263.  0.38138
264.  0.3825617
265.  0.3837454
266.  0.3849311
267.  0.3861189
268.  0.3873086
269.  0.3885003
270.  0.389694
271.  0.3908898
272.  0.3920875
273.  0.3932873
274.  0.394489
275.  0.3956928
276.  0.3968986
277.  0.3981063
278.  0.3993161
279.  0.4005279
280.  0.4017417
281.  0.4029575
282.  0.4041753
283.  0.4053951
284.  0.4066169
285.  0.4078407
286.  0.4090665
287.  0.4102944
288.  0.4115242
289.  0.412756
290.  0.4139899
291.  0.4152257
292.  0.4164636
293.  0.4177034
294.  0.4189453
295.  0.4201892
296.  0.4214351
297.  0.4226829
298.  0.4239328
299.  0.4251847
300.  0.4264386
301.  0.4276945
302.  0.4289524
303.  0.4302123
304.  0.4314743
305.  0.4327382
306.  0.4340041
307.  0.435272
308.  0.436542
309.  0.4378139
310.  0.4390879
311.  0.4403639
312.  0.4416418
313.  0.4429218
314.  0.4442038
315.  0.4454877
316.  0.4467737
317.  0.4480617
318.  0.4493517
319.  0.4506437
320.  0.4519377
321.  0.4532337
322.  0.4545318
323.  0.4558318
324.  0.4571338
325.  0.4584379
326.  0.4597439
327.  0.4610519
328.  0.462362
329.  0.463674
330.  0.4649881
331.  0.4663038
332.  0.4676206
333.  0.4689386
334.  0.4702578
335.  0.4715782
336.  0.4728998
337.  0.4742225
338.  0.4755464
339.  0.4768715
340.  0.4781978
341.  0.4795253
342.  0.4808539
343.  0.4821837
344.  0.4835147
345.  0.4848469
346.  0.4861803
347.  0.4875148
348.  0.4888505
349.  0.4901875
350.  0.4915255
351.  0.4928648
352.  0.4942053
353.  0.4955469
354.  0.4968897
355.  0.4982337
356.  0.4995789
357.  0.5009252
358.  0.5022727
359.  0.5036215
360.  0.5049713
361.  0.5063224
362.  0.5076747
363.  0.5090281
364.  0.5103827
365.  0.5117385
366.  0.5130955
367.  0.5144536
368.  0.515813
369.  0.5171735
370.  0.5185352
371.  0.5198981
372.  0.5212622
373.  0.5226274
374.  0.5239938
375.  0.5253614
376.  0.5267302
377.  0.5281001
378.  0.5294713
379.  0.5308436
380.  0.5322171
381.  0.5335918
382.  0.5349677
383.  0.5363447
384.  0.5377229
385.  0.5391024
386.  0.5404829
387.  0.5418647
388.  0.5432477
389.  0.5446318
390.  0.5460171
391.  0.5474036
392.  0.5487913
393.  0.5501801
394.  0.5515702
395.  0.5529613
396.  0.5543538
397.  0.5557473
398.  0.5571421
399.  0.558538
400.  0.5599352
401.  0.5613335
402.  0.5627329
403.  0.5641336
404.  0.5655354
405.  0.5669385
406.  0.5683426
407.  0.569748
408.  0.5711546
409.  0.5725623
410.  0.5739713
411.  0.5753813
412.  0.5767927
413.  0.5782051
414.  0.5796188
415.  0.5810336
416.  0.5824496
417.  0.5838668
418.  0.5852851
419.  0.5867047
420.  0.5881254
421.  0.5895473
422.  0.5909704
423.  0.5923947
424.  0.5938202
425.  0.5952468
426.  0.5966746
427.  0.5981036
428.  0.5995337
429.  0.6009651
430.  0.6023976
431.  0.6038314
432.  0.6052662
433.  0.6067023
434.  0.6081396
435.  0.609578
436.  0.6110176
437.  0.6124584
438.  0.6139004
439.  0.6153436
440.  0.6167879
441.  0.6182334
442.  0.6196801
443.  0.621128
444.  0.6225771
445.  0.6240273
446.  0.6254787
447.  0.6269314
448.  0.6283851
449.  0.6298401
450.  0.6312962
451.  0.6327536
452.  0.6342121
453.  0.6356718
454.  0.6371326
455.  0.6385947
456.  0.6400579
457.  0.6415223
458.  0.6429879
459.  0.6444547
460.  0.6459227
461.  0.6473918
462.  0.6488621
463.  0.6503336
464.  0.6518062
465.  0.6532801
466.  0.6547552
467.  0.6562313
468.  0.6577088
469.  0.6591873
470.  0.6606671
471.  0.6621481
472.  0.6636301
473.  0.6651134
474.  0.666598
475.  0.6680836
476.  0.6695704
477.  0.6710585
478.  0.6725476
479.  0.6740381
480.  0.6755296
481.  0.6770223
482.  0.6785163
483.  0.6800114
484.  0.6815076
485.  0.6830052
486.  0.6845038
487.  0.6860036
488.  0.6875046
489.  0.6890068
490.  0.6905102
491.  0.6920148
492.  0.6935205
493.  0.6950274
494.  0.6965355
495.  0.6980448
496.  0.6995552
497.  0.7010669
498.  0.7025797
499.  0.7040936
500.  0.7056088
501.  0.7071252
502.  0.7086427
503.  0.7101614
504.  0.7116813
505.  0.7132024
506.  0.7147247
507.  0.7162481
508.  0.7177727
509.  0.7192985
510.  0.7208255
511.  0.7223537
512.  0.723883
513.  0.7254136
514.  0.7269452
515.  0.7284781
516.  0.7300122
517.  0.7315474
518.  0.7330838
519.  0.7346215
520.  0.7361603
521.  0.7377002
522.  0.7392414
523.  0.7407837
524.  0.7423272
525.  0.7438719
526.  0.7454178
527.  0.7469648
528.  0.748513
529.  0.7500625
530.  0.7516131
531.  0.7531648
532.  0.7547178
533.  0.756272
534.  0.7578273
535.  0.7593837
536.  0.7609414
537.  0.7625003
538.  0.7640603
539.  0.7656215
540.  0.767184
541.  0.7687475
542.  0.7703123
543.  0.7718782
544.  0.7734454
545.  0.7750136
546.  0.7765831
547.  0.7781538
548.  0.7797257
549.  0.7812987
550.  0.7828729
551.  0.7844483
552.  0.7860248
553.  0.7876026
554.  0.7891815
555.  0.7907616
556.  0.7923429
557.  0.7939253
558.  0.795509
559.  0.7970939
560.  0.7986799
561.  0.800267
562.  0.8018554
563.  0.803445
564.  0.8050357
565.  0.8066276
566.  0.8082207
567.  0.809815
568.  0.8114105
569.  0.8130071
570.  0.8146049
571.  0.8162039
572.  0.8178041
573.  0.8194054
574.  0.821008
575.  0.8226117
576.  0.8242166
577.  0.8258227
578.  0.82743
579.  0.8290384
580.  0.830648
581.  0.8322588
582.  0.8338708
583.  0.835484
584.  0.8370983
585.  0.8387138
586.  0.8403305
587.  0.8419484
588.  0.8435675
589.  0.8451878
590.  0.8468092
591.  0.8484318
592.  0.8500556
593.  0.8516806
594.  0.8533067
595.  0.854934
596.  0.8565626
597.  0.8581923
598.  0.8598231
599.  0.8614552
600.  0.8630884
601.  0.8647228
602.  0.8663584
603.  0.8679952
604.  0.8696331
605.  0.8712723
606.  0.8729126
607.  0.8745541
608.  0.8761968
609.  0.8778406
610.  0.8794857
611.  0.8811319
612.  0.8827793
613.  0.8844279
614.  0.8860776
615.  0.8877286
616.  0.8893808
617.  0.8910341
618.  0.8926885
619.  0.8943442
620.  0.896001
621.  0.8976591
622.  0.8993183
623.  0.9009787
624.  0.9026402
625.  0.904303
626.  0.9059669
627.  0.9076321
628.  0.9092983
629.  0.9109658
630.  0.9126344
631.  0.9143043
632.  0.9159753
633.  0.9176475
634.  0.9193209
635.  0.9209954
636.  0.9226711
637.  0.9243481
638.  0.9260262
639.  0.9277055
640.  0.9293859
641.  0.9310675
642.  0.9327503
643.  0.9344344
644.  0.9361196
645.  0.9378059
646.  0.9394935
647.  0.9411822
648.  0.942872
649.  0.9445632
650.  0.9462554
651.  0.9479489
652.  0.9496435
653.  0.9513393
654.  0.9530363
655.  0.9547344
656.  0.9564338
657.  0.9581344
658.  0.9598361
659.  0.9615389
660.  0.9632416
661.  0.9649428
662.  0.9666423
663.  0.9683403
664.  0.9700367
665.  0.9717315
666.  0.9734249
667.  0.9751166
668.  0.9768066
669.  0.9784952
670.  0.9801822
671.  0.9818676
672.  0.9835515
673.  0.9852338
674.  0.9869145
675.  0.9885936
676.  0.9902712
677.  0.9919472
678.  0.9936216
679.  0.9952945
680.  0.9969658
681.  0.9986355
682.  1.000304
683.  1.00197
684.  1.003635
685.  1.005299
686.  1.006961
687.  1.008621
688.  1.01028
689.  1.011937
690.  1.013592
691.  1.015246
692.  1.016899
693.  1.01855
694.  1.020199
695.  1.021847
696.  1.023493
697.  1.025137
698.  1.02678
699.  1.028422
700.  1.030062
701.  1.0317
702.  1.033337
703.  1.034972
704.  1.036606
705.  1.038238
706.  1.039868
707.  1.041497
708.  1.043124
709.  1.04475
710.  1.046374
711.  1.047997
712.  1.049618
713.  1.051237
714.  1.052855
715.  1.054471
716.  1.056086
717.  1.057699
718.  1.059311
719.  1.060921
720.  1.06253
721.  1.064137
722.  1.065742
723.  1.067346
724.  1.068948
725.  1.070548
726.  1.072147
727.  1.073745
728.  1.075341
729.  1.076935
730.  1.078528
731.  1.080119
732.  1.081709
733.  1.083297
734.  1.084883
735.  1.086468
736.  1.088052
737.  1.089633
738.  1.091214
739.  1.092792
740.  1.094369
741.  1.095945
742.  1.097519
743.  1.099091
744.  1.100662
745.  1.102231
746.  1.103799
747.  1.105365
748.  1.106929
749.  1.108492
750.  1.110054
751.  1.111613
752.  1.113172
753.  1.114728
754.  1.116283
755.  1.117837
756.  1.119389
757.  1.120939
758.  1.122488
759.  1.124035
760.  1.125581
761.  1.127125
762.  1.128667
763.  1.130208
764.  1.131748
765.  1.133286
766.  1.134822
767.  1.136357
768.  1.13789
769.  1.139421
770.  1.140951
771.  1.14248
772.  1.144006
773.  1.145532
774.  1.147055
775.  1.148577
776.  1.150098
777.  1.151617
778.  1.153134
779.  1.15465
780.  1.156164
781.  1.157677
782.  1.159188
783.  1.160698
784.  1.162206
785.  1.163712
786.  1.165217
787.  1.16672
788.  1.168222
789.  1.169722
790.  1.17122
791.  1.172717
792.  1.174213
793.  1.175707
794.  1.177199
795.  1.17869
796.  1.180179
797.  1.181666
798.  1.183152
799.  1.184637
800.  1.18612
801.  1.187601
802.  1.189081
803.  1.190559
804.  1.192035
805.  1.19351
806.  1.194984
807.  1.196456
808.  1.197926
809.  1.199395
810.  1.200862
811.  1.202327
812.  1.203791
813.  1.205254
814.  1.206715
815.  1.208174
816.  1.209632
817.  1.211088
818.  1.212542
819.  1.213995
820.  1.215447
821.  1.216897
822.  1.218345
823.  1.219792
824.  1.221237
825.  1.22268
826.  1.224122
827.  1.225563
828.  1.227002
829.  1.228439
830.  1.229875
831.  1.231309
832.  1.232742
833.  1.234173
834.  1.235602
835.  1.23703
836.  1.238456
837.  1.239881
838.  1.241304
839.  1.242726
840.  1.244146
841.  1.245564
842.  1.246981
843.  1.248396
844.  1.24981
845.  1.251222
846.  1.252633
847.  1.254042
848.  1.25545
849.  1.256855
850.  1.25826
851.  1.259663
852.  1.261064
853.  1.262463
854.  1.263861
855.  1.265258
856.  1.266653
857.  1.268046
858.  1.269438
859.  1.270828
860.  1.272217
861.  1.273604
862.  1.274989
863.  1.276373
864.  1.277755
865.  1.279136
866.  1.280515
867.  1.281893
868.  1.283269
869.  1.284644
870.  1.286016
871.  1.287388
872.  1.288758
873.  1.290126
874.  1.291492
875.  1.292858
876.  1.294221
877.  1.295583
878.  1.296943
879.  1.298302
880.  1.299659
881.  1.301015
882.  1.302369
883.  1.303722
884.  1.305073
885.  1.306422
886.  1.30777
887.  1.309116
888.  1.310461
889.  1.311804
890.  1.313145
891.  1.314485
892.  1.315824
893.  1.31716
894.  1.318496
895.  1.319829
896.  1.321161
897.  1.322492
898.  1.323821
899.  1.325148
900.  1.326474
901.  1.327798
902.  1.329121
903.  1.330442
904.  1.331761
905.  1.333079
906.  1.334396
907.  1.335711
908.  1.337024
909.  1.338336
910.  1.339646
911.  1.340954
912.  1.342261
913.  1.343567
914.  1.34487
915.  1.346173
916.  1.347473
917.  1.348773
918.  1.35007
919.  1.351366
920.  1.35266
921.  1.353953
922.  1.355245
923.  1.356534
924.  1.357822
925.  1.359109
926.  1.360394
927.  1.361677
928.  1.362959
929.  1.364239
930.  1.365518
931.  1.366795
932.  1.368071
933.  1.369345
934.  1.370617
935.  1.371888
936.  1.373157
937.  1.374425
938.  1.375691
939.  1.376956
940.  1.378219
941.  1.37948
942.  1.38074
943.  1.381998
944.  1.383255
945.  1.38451
946.  1.385764
947.  1.387016
948.  1.388266
949.  1.389515
950.  1.390762
951.  1.392008
952.  1.393252
953.  1.394495
954.  1.395736
955.  1.396975
956.  1.398213
957.  1.399449
958.  1.400684
959.  1.401917
960.  1.403149
961.  1.404379
962.  1.405607
963.  1.406834
964.  1.40806
965.  1.409283
966.  1.410505
967.  1.411726
968.  1.412945
969.  1.414163
970.  1.415378
971.  1.416593
972.  1.417805
973.  1.419017
974.  1.420226
975.  1.421434
976.  1.422641
977.  1.423846
978.  1.425049
979.  1.426251
980.  1.427451
981.  1.42865
982.  1.429847
983.  1.431042
984.  1.432236
985.  1.433428
986.  1.434619
987.  1.435808
988.  1.436996
989.  1.438181
990.  1.439361
991.  1.440538
992.  1.44171
993.  1.442878
994.  1.444043
995.  1.445203
996.  1.446359
997.  1.44751
998.  1.448658
999.  1.449801
1000.  1.450941
1001.  1.452076
1002.  1.453207
1003.  1.454334
1004.  1.455457
1005.  1.456576
1006.  1.45769
1007.  1.458801
1008.  1.459907
1009.  1.46101
1010.  1.462108
1011.  1.463202
1012.  1.464292
1013.  1.465377
1014.  1.466459
1015.  1.467537
1016.  1.46861
1017.  1.469679
1018.  1.470744
1019.  1.471805
1020.  1.472862
1021.  1.473915
1022.  1.474964
1023.  1.476008
1024.  1.477049
1025.  1.478085
1026.  1.479117
1027.  1.480145
1028.  1.481169
1029.  1.482188
1030.  1.483204
1031.  1.484216
1032.  1.485223
1033.  1.486226
1034.  1.487225
1035.  1.48822
1036.  1.489211
1037.  1.490198
1038.  1.491181
1039.  1.492159
1040.  1.493133
1041.  1.494104
1042.  1.49507
1043.  1.496032
1044.  1.49699
1045.  1.497943
1046.  1.498893
1047.  1.499838
1048.  1.50078
1049.  1.501717
1050.  1.50265
1051.  1.503579
1052.  1.504504
1053.  1.505425
1054.  1.506341
1055.  1.507254
1056.  1.508162
1057.  1.509066
1058.  1.509966
1059.  1.510862
1060.  1.511754
1061.  1.512642
1062.  1.513526
1063.  1.514405
1064.  1.51528
1065.  1.516152
1066.  1.517019
1067.  1.517882
1068.  1.518741
1069.  1.519595
1070.  1.520446
1071.  1.521292
1072.  1.522135
1073.  1.522973
1074.  1.523807
1075.  1.524637
1076.  1.525463
1077.  1.526284
1078.  1.527102
1079.  1.527915
1080.  1.528725
1081.  1.52953
1082.  1.530331
1083.  1.531128
1084.  1.531921
1085.  1.53271
1086.  1.533494
1087.  1.534275
1088.  1.535051
1089.  1.535823
1090.  1.536591
1091.  1.537355
1092.  1.538115
1093.  1.538871
1094.  1.539622
1095.  1.54037
1096.  1.541113
1097.  1.541852
1098.  1.542587
1099.  1.543318
1100.  1.544045
1101.  1.544768
1102.  1.545486
1103.  1.546201
1104.  1.546911
1105.  1.547617
1106.  1.548319
1107.  1.549017
1108.  1.549711
1109.  1.550401
1110.  1.551087
1111.  1.551768
1112.  1.552445
1113.  1.553118
1114.  1.553787
1115.  1.554452
1116.  1.555113
1117.  1.55577
1118.  1.556422
1119.  1.557071
1120.  1.557715
1121.  1.558355
1122.  1.558991
1123.  1.559623
1124.  1.560251
1125.  1.560875
1126.  1.561494
1127.  1.56211
1128.  1.562721
1129.  1.563328
1130.  1.563931
1131.  1.56453
1132.  1.565125
1133.  1.565716
1134.  1.566302
1135.  1.566885
1136.  1.567463
1137.  1.568037
1138.  1.568607
1139.  1.569173
1140.  1.569735
1141.  1.570293
1142.  1.570846
1143.  1.571396
1144.  1.571941
1145.  1.572482
1146.  1.573019
1147.  1.573552
1148.  1.574081
1149.  1.574606
1150.  1.575126
1151.  1.575642
1152.  1.576155
1153.  1.576663
1154.  1.577167
1155.  1.577667
1156.  1.578163
1157.  1.578654
1158.  1.579142
1159.  1.579625
1160.  1.580105
1161.  1.58058
1162.  1.581051
1163.  1.581518
1164.  1.58198
1165.  1.582439
1166.  1.582894
1167.  1.583344
1168.  1.58379
1169.  1.584232
1170.  1.584671
1171.  1.585104
1172.  1.585534
1173.  1.58596
1174.  1.586381
1175.  1.586799
1176.  1.587212
1177.  1.587621
1178.  1.588026
1179.  1.588427
1180.  1.588824
1181.  1.589216
1182.  1.589605
1183.  1.589989
1184.  1.59037
1185.  1.590746
1186.  1.591118
1187.  1.591486
1188.  1.591849
1189.  1.592209
1190.  1.592565
1191.  1.592916
1192.  1.593263
1193.  1.593606
1194.  1.593945
1195.  1.59428
1196.  1.594611
1197.  1.594938
1198.  1.59526
1199.  1.595579
1200.  1.595893
1201.  1.596203
1202.  1.596509
1203.  1.596811
1204.  1.597109
1205.  1.597402
1206.  1.597692
1207.  1.597977
1208.  1.598258
1209.  1.598536
1210.  1.598809
1211.  1.599077
1212.  1.599342
1213.  1.599603
1214.  1.599859
1215.  1.600112
1216.  1.60036
1217.  1.600604
1218.  1.600844
1219.  1.60108
1220.  1.601312
1221.  1.601539
1222.  1.601763
1223.  1.601982
1224.  1.602197
1225.  1.602408
1226.  1.602615
1227.  1.602818
1228.  1.603017
1229.  1.603212
1230.  1.603402
1231.  1.603588
1232.  1.603771
1233.  1.603949
1234.  1.604123
1235.  1.604293
1236.  1.604458
1237.  1.60462
1238.  1.604777
1239.  1.604931
1240.  1.60508
1241.  1.605225
1242.  1.605366
1243.  1.605503
1244.  1.605636
1245.  1.605764
1246.  1.605889
1247.  1.606009
1248.  1.606125
1249.  1.606237
1250.  1.606345
1251.  1.606449
1252.  1.606549
1253.  1.606645
1254.  1.606736
1255.  1.606823
1256.  1.606907
1257.  1.606986
1258.  1.607061
1259.  1.607131
1260.  1.607198
1261.  1.607261
1262.  1.607319
1263.  1.607374
1264.  1.607424
1265.  1.60747
1266.  1.607512
1267.  1.60755
1268.  1.607583
1269.  1.607613
1270.  1.607638
1271.  1.60766
1272.  1.607677
1273.  1.60769
1274.  1.607699
1275.  1.607704
1276.  1.607705
1277.  1.607701
1278.  1.607694
1279.  1.607682
1280.  1.607666
1281.  1.607646
1282.  1.607622
1283.  1.607594
1284.  1.607562
1285.  1.607525
1286.  1.607485
1287.  1.60744
1288.  1.607391
1289.  1.607338
1290.  1.607281
1291.  1.60722
1292.  1.607155
1293.  1.607085
1294.  1.607012
1295.  1.606934
1296.  1.606852
1297.  1.606766
1298.  1.606676
1299.  1.606582
1300.  1.606484
1301.  1.606381
1302.  1.606275
1303.  1.606164
1304.  1.606049
1305.  1.60593
1306.  1.605807
1307.  1.60568
1308.  1.605549
1309.  1.605413
1310.  1.605274
1311.  1.60513
1312.  1.604982
1313.  1.60483
1314.  1.604674
1315.  1.604514
1316.  1.60435
1317.  1.604181
1318.  1.604009
1319.  1.603833
1320.  1.603654
1321.  1.603472
1322.  1.603286
1323.  1.603096
1324.  1.602903
1325.  1.602707
1326.  1.602507
1327.  1.602304
1328.  1.602098
1329.  1.601888
1330.  1.601674
1331.  1.601457
1332.  1.601237
1333.  1.601013
1334.  1.600786
1335.  1.600555
1336.  1.600321
1337.  1.600084
1338.  1.599843
1339.  1.599598
1340.  1.59935
1341.  1.599099
1342.  1.598845
1343.  1.598586
1344.  1.598325
1345.  1.59806
1346.  1.597791
1347.  1.597519
1348.  1.597244
1349.  1.596965
1350.  1.596683
1351.  1.596397
1352.  1.596108
1353.  1.595816
1354.  1.59552
1355.  1.59522
1356.  1.594918
1357.  1.594611
1358.  1.594302
1359.  1.593989
1360.  1.593672
1361.  1.593352
1362.  1.593029
1363.  1.592702
1364.  1.592371
1365.  1.592038
1366.  1.5917
1367.  1.59136
1368.  1.591016
1369.  1.590668
1370.  1.590317
1371.  1.589963
1372.  1.589605
1373.  1.589244
1374.  1.588879
1375.  1.588511
1376.  1.588139
1377.  1.587764
1378.  1.587386
1379.  1.587004
1380.  1.586619
1381.  1.58623
1382.  1.585838
1383.  1.585442
1384.  1.585043
1385.  1.584641
1386.  1.584235
1387.  1.583825
1388.  1.583413
1389.  1.582996
1390.  1.582577
1391.  1.582154
1392.  1.581727
1393.  1.581297
1394.  1.580864
1395.  1.580427
1396.  1.579986
1397.  1.579543
1398.  1.579095
1399.  1.578645
1400.  1.578191
1401.  1.577733
1402.  1.577272
1403.  1.576808
1404.  1.57634
1405.  1.575869
1406.  1.575394
1407.  1.574916
1408.  1.574435
1409.  1.57395
1410.  1.573461
1411.  1.572969
1412.  1.572474
1413.  1.571975
1414.  1.571473
1415.  1.570968
1416.  1.570459
1417.  1.569946
1418.  1.56943
1419.  1.568911
1420.  1.568388
1421.  1.567862
1422.  1.567332
1423.  1.566799
1424.  1.566263
1425.  1.565723
1426.  1.565179
1427.  1.564632
1428.  1.564082
1429.  1.563528
1430.  1.562971
1431.  1.562411
1432.  1.561847
1433.  1.561279
1434.  1.560708
1435.  1.560134
1436.  1.559556
1437.  1.558975
1438.  1.55839
1439.  1.557802
1440.  1.557211
1441.  1.556616
1442.  1.556017
1443.  1.555416
1444.  1.55481
1445.  1.554202
1446.  1.553589
1447.  1.552974
1448.  1.552355
1449.  1.551732
1450.  1.551106
1451.  1.550477
1452.  1.549844
1453.  1.549208
1454.  1.548569
1455.  1.547925
1456.  1.547279
1457.  1.546629
1458.  1.545976
1459.  1.545319
1460.  1.544659
1461.  1.543995
1462.  1.543328
1463.  1.542657
1464.  1.541983
1465.  1.541306
1466.  1.540625
1467.  1.539941
1468.  1.539253
1469.  1.538562
1470.  1.537867
1471.  1.537169
1472.  1.536467
1473.  1.535763
1474.  1.535054
1475.  1.534342
1476.  1.533627
1477.  1.532908
1478.  1.532186
1479.  1.531461
1480.  1.530732
1481.  1.529999
1482.  1.529263
1483.  1.528524
1484.  1.527781
1485.  1.527035
1486.  1.526286
1487.  1.525533
1488.  1.524776
1489.  1.524016
1490.  1.523253
1491.  1.522486
1492.  1.521716
1493.  1.520942
1494.  1.520165
1495.  1.519385
1496.  1.5186
1497.  1.517813
1498.  1.517022
1499.  1.516228
1500.  1.51543
1501.  1.514629
1502.  1.513824
1503.  1.513016
1504.  1.512205
1505.  1.51139
1506.  1.510572
1507.  1.50975
1508.  1.508925
1509.  1.508096
1510.  1.507264
1511.  1.506428
1512.  1.505589
1513.  1.504747
1514.  1.503901
1515.  1.503052
1516.  1.502199
1517.  1.501343
1518.  1.500483
1519.  1.49962
1520.  1.498754
1521.  1.497884
1522.  1.497011
1523.  1.496134
1524.  1.495254
1525.  1.49437
1526.  1.493483
1527.  1.492592
1528.  1.491698
1529.  1.490801
1530.  1.4899
1531.  1.488996
1532.  1.488088
1533.  1.487177
1534.  1.486263
1535.  1.485345
1536.  1.484423
1537.  1.483498
1538.  1.48257
1539.  1.481638
1540.  1.480703
1541.  1.479764
1542.  1.478822
1543.  1.477877
1544.  1.476928
1545.  1.475975
1546.  1.475019
1547.  1.47406
1548.  1.473098
1549.  1.472131
1550.  1.471162
1551.  1.470189
1552.  1.469212
1553.  1.468233
1554.  1.467249
1555.  1.466262
1556.  1.465272
1557.  1.464279
1558.  1.463282
1559.  1.462281
1560.  1.461277
1561.  1.46027
1562.  1.459259
1563.  1.458245
1564.  1.457227
1565.  1.456206
1566.  1.455181
1567.  1.454153
1568.  1.453122
1569.  1.452087
1570.  1.451049
1571.  1.450007
1572.  1.448962
1573.  1.447913
1574.  1.446861
1575.  1.445806
1576.  1.444747
1577.  1.443684
1578.  1.442618
1579.  1.441549
1580.  1.440477
1581.  1.439401
1582.  1.438321
1583.  1.437238
1584.  1.436152
1585.  1.435062
1586.  1.433968
1587.  1.432872
1588.  1.431772
1589.  1.430668
1590.  1.429561
1591.  1.42845
1592.  1.427336
1593.  1.426219
1594.  1.425098
1595.  1.423974
1596.  1.422846
1597.  1.421715
1598.  1.420581
1599.  1.419443
1600.  1.418301
1601.  1.417157
1602.  1.416008
1603.  1.414857
1604.  1.413701
1605.  1.412543
1606.  1.411381
1607.  1.410215
1608.  1.409046
1609.  1.407874
1610.  1.406698
1611.  1.405519
1612.  1.404336
1613.  1.40315
1614.  1.401961
1615.  1.400768
1616.  1.399571
1617.  1.398372
1618.  1.397168
1619.  1.395962
1620.  1.394752
1621.  1.393538
1622.  1.392321
1623.  1.3911
1624.  1.389877
1625.  1.388649
1626.  1.387419
1627.  1.386184
1628.  1.384947
1629.  1.383705
1630.  1.382461
1631.  1.381213
1632.  1.379962
1633.  1.378707
1634.  1.377449
1635.  1.376187
1636.  1.374922
1637.  1.373653
1638.  1.372381
1639.  1.371106
1640.  1.369827
1641.  1.368545
1642.  1.367259
1643.  1.36597
1644.  1.364677
1645.  1.363381
1646.  1.362081
1647.  1.36078
1648.  1.359476
1649.  1.358171
1650.  1.356865
1651.  1.355558
1652.  1.354249
1653.  1.352939
1654.  1.351627
1655.  1.350314
1656.  1.349
1657.  1.347684
1658.  1.346367
1659.  1.345049
1660.  1.343729
1661.  1.342408
1662.  1.341085
1663.  1.339761
1664.  1.338435
1665.  1.337109
1666.  1.335781
1667.  1.334451
1668.  1.33312
1669.  1.331788
1670.  1.330454
1671.  1.329119
1672.  1.327782
1673.  1.326445
1674.  1.325105
1675.  1.323765
1676.  1.322423
1677.  1.321079
1678.  1.319735
1679.  1.318388
1680.  1.317041
1681.  1.315692
1682.  1.314342
1683.  1.31299
1684.  1.311637
1685.  1.310282
1686.  1.308927
1687.  1.307569
1688.  1.306211
1689.  1.304851
1690.  1.303489
1691.  1.302127
1692.  1.300763
1693.  1.299397
1694.  1.29803
1695.  1.296662
1696.  1.295292
1697.  1.293921
1698.  1.292549
1699.  1.291175
1700.  1.2898
1701.  1.288423
1702.  1.287045
1703.  1.285666
1704.  1.284285
1705.  1.282903
1706.  1.28152
1707.  1.280135
1708.  1.278749
1709.  1.277361
1710.  1.275972
1711.  1.274582
1712.  1.27319
1713.  1.271797
1714.  1.270402
1715.  1.269006
1716.  1.267609
1717.  1.26621
1718.  1.26481
1719.  1.263409
1720.  1.262006
1721.  1.260602
1722.  1.259196
1723.  1.257789
1724.  1.256381
1725.  1.254971
1726.  1.25356
1727.  1.252148
1728.  1.250734
1729.  1.249318
1730.  1.247902
1731.  1.246484
1732.  1.245064
1733.  1.243644
1734.  1.242221
1735.  1.240798
1736.  1.239373
1737.  1.237947
1738.  1.236519
1739.  1.23509
1740.  1.233659
1741.  1.232227
1742.  1.230794
1743.  1.22936
1744.  1.227924
1745.  1.226486
1746.  1.225047
1747.  1.223607
1748.  1.222166
1749.  1.220723
1750.  1.219278
1751.  1.217833
1752.  1.216386
1753.  1.214937
1754.  1.213487
1755.  1.212036
1756.  1.210584
1757.  1.20913
1758.  1.207674
1759.  1.206218
1760.  1.204759
1761.  1.2033
1762.  1.201839
1763.  1.200377
1764.  1.198913
1765.  1.197448
1766.  1.195982
1767.  1.194514
1768.  1.193045
1769.  1.191574
1770.  1.190102
1771.  1.188629
1772.  1.187154
1773.  1.185678
1774.  1.184201
1775.  1.182722
1776.  1.181242
1777.  1.17976
1778.  1.178277
1779.  1.176792
1780.  1.175307
1781.  1.17382
1782.  1.172331
1783.  1.170841
1784.  1.16935
1785.  1.167857
1786.  1.166363
1787.  1.164868
1788.  1.163371
1789.  1.161873
1790.  1.160373
1791.  1.158872
1792.  1.15737
1793.  1.155866
1794.  1.154361
1795.  1.152854
1796.  1.151346
1797.  1.149837
1798.  1.148326
1799.  1.146814
1800.  1.145301
1801.  1.143786
1802.  1.14227
1803.  1.140752
1804.  1.139233
1805.  1.137713
1806.  1.136191
1807.  1.134668
1808.  1.133144
1809.  1.131618
1810.  1.130091
1811.  1.128562
1812.  1.127032
1813.  1.125501
1814.  1.123968
1815.  1.122434
1816.  1.120898
1817.  1.119361
1818.  1.117823
1819.  1.116283
1820.  1.114742
1821.  1.1132
1822.  1.111656
1823.  1.110111
1824.  1.108564
1825.  1.107016
1826.  1.105467
1827.  1.103916
1828.  1.102364
1829.  1.100811
1830.  1.099256
1831.  1.097699
1832.  1.096142
1833.  1.094583
1834.  1.093022
1835.  1.09146
1836.  1.089897
1837.  1.088333
1838.  1.086767
1839.  1.085199
1840.  1.083631
1841.  1.082061
1842.  1.080489
1843.  1.078916
1844.  1.077342
1845.  1.075766
1846.  1.074189
1847.  1.072611
1848.  1.071031
1849.  1.06945
1850.  1.067868
1851.  1.066284
1852.  1.064698
1853.  1.063112
1854.  1.061524
1855.  1.059934
1856.  1.058343
1857.  1.056751
1858.  1.055158
1859.  1.053563
1860.  1.051966
1861.  1.050368
1862.  1.048769
1863.  1.047169
1864.  1.045567
1865.  1.043964
1866.  1.042359
1867.  1.040753
1868.  1.039145
1869.  1.037537
1870.  1.035927
1871.  1.034315
1872.  1.032702
1873.  1.031088
1874.  1.029472
1875.  1.027855
1876.  1.026236
1877.  1.024616
1878.  1.022995
1879.  1.021373
1880.  1.019749
1881.  1.018123
1882.  1.016497
1883.  1.014868
1884.  1.013239
1885.  1.011608
1886.  1.009976
1887.  1.008342
1888.  1.006707
1889.  1.00507
1890.  1.003433
1891.  1.001793
1892.  1.000153
1893.  0.9985107
1894.  0.9968674
1895.  0.9952226
1896.  0.9935765
1897.  0.991929
1898.  0.9902801
1899.  0.9886298
1900.  0.9869782
1901.  0.9853252
1902.  0.9836707
1903.  0.9820149
1904.  0.9803577
1905.  0.9786991
1906.  0.9770392
1907.  0.9753779
1908.  0.9737152
1909.  0.9720511
1910.  0.9703856
1911.  0.9687187
1912.  0.9670505
1913.  0.9653808
1914.  0.9637098
1915.  0.9620374
1916.  0.9603637
1917.  0.9586885
1918.  0.957012
1919.  0.9553341
1920.  0.9536548
1921.  0.9519741
1922.  0.950292
1923.  0.9486086
1924.  0.9469237
1925.  0.9452375
1926.  0.9435499
1927.  0.9418609
1928.  0.9401706
1929.  0.9384788
1930.  0.9367857
1931.  0.9350912
1932.  0.9333953
1933.  0.931698
1934.  0.9299994
1935.  0.9282993
1936.  0.9265979
1937.  0.9248951
1938.  0.9231909
1939.  0.9214854
1940.  0.9197784
1941.  0.9180701
1942.  0.9163603
1943.  0.9146492
1944.  0.9129367
1945.  0.9112229
1946.  0.9095076
1947.  0.907791
1948.  0.906073
1949.  0.9043536
1950.  0.9026328
1951.  0.9009107
1952.  0.8991871
1953.  0.8974622
1954.  0.8957359
1955.  0.8940082
1956.  0.8922791
1957.  0.8905487
1958.  0.8888169
1959.  0.8870836
1960.  0.885349
1961.  0.883613
1962.  0.8818757
1963.  0.880137
1964.  0.8783968
1965.  0.8766553
1966.  0.8749124
1967.  0.8731682
1968.  0.8714225
1969.  0.8696755
1970.  0.867927
1971.  0.8661772
1972.  0.864426
1973.  0.8626735
1974.  0.8609195
1975.  0.8591642
1976.  0.8574092
1977.  0.8556561
1978.  0.8539051
1979.  0.852156
1980.  0.850409
1981.  0.848664
1982.  0.8469209
1983.  0.8451799
1984.  0.8434408
1985.  0.8417038
1986.  0.8399687
1987.  0.8382356
1988.  0.8365046
1989.  0.8347755
1990.  0.8330485
1991.  0.8313234
1992.  0.8296003
1993.  0.8278792
1994.  0.8261601
1995.  0.824443
1996.  0.822728
1997.  0.8210149
1998.  0.8193038
1999.  0.8175946
2000.  0.8158876
2001.  0.8141825
2002.  0.8124793
2003.  0.8107783
2004.  0.8090791
2005.  0.807382
2006.  0.8056869
2007.  0.8039938
2008.  0.8023026
2009.  0.8006135
2010.  0.7989264
2011.  0.7972412
2012.  0.7955581
2013.  0.7938769
2014.  0.7921978
2015.  0.7905207
2016.  0.7888455
2017.  0.7871723
2018.  0.7855012
2019.  0.783832
2020.  0.7821649
2021.  0.7804997
2022.  0.7788365
2023.  0.7771754
2024.  0.7755162
2025.  0.773859
2026.  0.7722038
2027.  0.7705506
2028.  0.7688994
2029.  0.7672502
2030.  0.7656031
2031.  0.7639579
2032.  0.7623146
2033.  0.7606735
2034.  0.7590342
2035.  0.757397
2036.  0.7557618
2037.  0.7541286
2038.  0.7524974
2039.  0.7508681
2040.  0.7492409
2041.  0.7476157
2042.  0.7459924
2043.  0.7443712
2044.  0.742752
2045.  0.7411347
2046.  0.7395195
2047.  0.7379062
2048.  0.736295
2049.  0.7346857
2050.  0.7330785
2051.  0.7314732
2052.  0.72987
2053.  0.7282687
2054.  0.7266694
2055.  0.7250721
2056.  0.7234769
2057.  0.7218836
2058.  0.7202923
2059.  0.718703
2060.  0.7171157
2061.  0.7155305
2062.  0.7139471
2063.  0.7123659
2064.  0.7107865
2065.  0.7092092
2066.  0.7076339
2067.  0.7060606
2068.  0.7044893
2069.  0.70292
2070.  0.7013527
2071.  0.6997873
2072.  0.698224
2073.  0.6966627
2074.  0.6951033
2075.  0.693546
2076.  0.6919907
2077.  0.6904373
2078.  0.688886
2079.  0.6873366
2080.  0.6857893
2081.  0.6842439
2082.  0.6827006
2083.  0.6811592
2084.  0.6796198
2085.  0.6780825
2086.  0.6765471
2087.  0.6750137
2088.  0.6734824
2089.  0.671953
2090.  0.6704256
2091.  0.6689002
2092.  0.6673768
2093.  0.6658555
2094.  0.664336
2095.  0.6628187
2096.  0.6613032
2097.  0.6597899
2098.  0.6582784
2099.  0.656769
2100.  0.6552616
2101.  0.6537562
2102.  0.6522528
2103.  0.6507514
2104.  0.6492519
2105.  0.6477545
2106.  0.6462591
2107.  0.6447656
2108.  0.6432742
2109.  0.6417847
2110.  0.6402973
2111.  0.6388118
2112.  0.6373284
2113.  0.635847
2114.  0.6343675
2115.  0.63289
2116.  0.6314146
2117.  0.6299411
2118.  0.6284696
2119.  0.6270002
2120.  0.6255327
2121.  0.6240672
2122.  0.6226037
2123.  0.6211422
2124.  0.6196827
2125.  0.6182253
2126.  0.6167698
2127.  0.6153163
2128.  0.6138648
2129.  0.6124153
2130.  0.6109678
2131.  0.6095222
2132.  0.6080787
2133.  0.6066372
2134.  0.6051977
2135.  0.6037602
2136.  0.6023247
2137.  0.6008911
2138.  0.5994596
2139.  0.59803
2140.  0.5966025
2141.  0.595177
2142.  0.5937535
2143.  0.5923319
2144.  0.5909123
2145.  0.5894948
2146.  0.5880792
2147.  0.5866657
2148.  0.5852541
2149.  0.5838445
2150.  0.582437
2151.  0.5810314
2152.  0.5796278
2153.  0.5782262
2154.  0.5768266
2155.  0.5754291
2156.  0.5740335
2157.  0.5726399
2158.  0.5712483
2159.  0.5698587
2160.  0.5684711
2161.  0.5670855
2162.  0.5657019
2163.  0.5643203
2164.  0.5629407
2165.  0.5615631
2166.  0.5601875
2167.  0.5588138
2168.  0.5574422
2169.  0.5560725
2170.  0.5547049
2171.  0.5533393
2172.  0.5519757
2173.  0.550614
2174.  0.5492544
2175.  0.5478967
2176.  0.5465411
2177.  0.5451874
2178.  0.5438358
2179.  0.5424861
2180.  0.5411385
2181.  0.5397928
2182.  0.5384491
2183.  0.5371074
2184.  0.5357677
2185.  0.5344301
2186.  0.5330944
2187.  0.5317607
2188.  0.530429
2189.  0.5290993
2190.  0.5277717
2191.  0.5264459
2192.  0.5251222
2193.  0.5238006
2194.  0.5224808
2195.  0.5211631
2196.  0.5198474
2197.  0.5185337
2198.  0.517222
2199.  0.5159122
2200.  0.5146045
2201.  0.5132988
2202.  0.5119951
2203.  0.5106934
2204.  0.5093936
2205.  0.5080959
2206.  0.5068001
2207.  0.5055064
2208.  0.5042146
2209.  0.5029249
2210.  0.5016371
2211.  0.5003514
2212.  0.4990676
2213.  0.4977858
2214.  0.4965061
2215.  0.4952283
2216.  0.4939525
2217.  0.4926787
2218.  0.4914069
2219.  0.4901372
2220.  0.4888694
2221.  0.4876036
2222.  0.4863398
2223.  0.485078
2224.  0.4838182
2225.  0.4825604
2226.  0.4813046
2227.  0.4800508
2228.  0.478799
2229.  0.4775492
2230.  0.4763013
2231.  0.4750555
2232.  0.4738117
2233.  0.4725699
2234.  0.47133
2235.  0.4700922
2236.  0.4688564
2237.  0.4676225
2238.  0.4663907
2239.  0.4651608
2240.  0.463933
2241.  0.4627071
2242.  0.4614833
2243.  0.4602614
2244.  0.4590416
2245.  0.4578237
2246.  0.4566078
2247.  0.455394
2248.  0.4541821
2249.  0.4529722
2250.  0.4517643
2251.  0.4505585
2252.  0.4493546
2253.  0.4481527
2254.  0.4469528
2255.  0.4457549
2256.  0.444559
2257.  0.4433651
2258.  0.4421732
2259.  0.4409833
2260.  0.4397953
2261.  0.4386095
2262.  0.4374255
2263.  0.4362436
2264.  0.4350637
2265.  0.4338858
2266.  0.4327098
2267.  0.4315359
2268.  0.430364
2269.  0.429194
2270.  0.4280261
2271.  0.4268601
2272.  0.4256962
2273.  0.4245342
2274.  0.4233743
2275.  0.4222163
2276.  0.4210604
2277.  0.4199064
2278.  0.4187544
2279.  0.4176044
2280.  0.4164565
2281.  0.4153105
2282.  0.4141665
2283.  0.4130245
2284.  0.4118845
2285.  0.4107465
2286.  0.4096106
2287.  0.4084766
2288.  0.4073446
2289.  0.4062146
2290.  0.4050866
2291.  0.4039606
2292.  0.4028365
2293.  0.4017145
2294.  0.4005945
2295.  0.3994765
2296.  0.3983605
2297.  0.3972465
2298.  0.3961344
2299.  0.3950244
2300.  0.3939163
2301.  0.3928103
2302.  0.3917063
2303.  0.3906042
2304.  0.3895042
