1.  0.1188338
2.  0.1195323
3.  0.1202339
4.  0.1209385
5.  0.1216463
6.  0.1223571
7.  0.1230711
8.  0.1237881
9.  0.1245082
10.  0.1252313
11.  0.1259576
12.  0.1266869
13.  0.1274194
14.  0.1281549
15.  0.1288935
16.  0.1296352
17.  0.1303799
18.  0.1311278
19.  0.1318787
20.  0.1326327
21.  0.1333898
22.  0.13415
23.  0.1349133
24.  0.1356797
25.  0.1364491
26.  0.1372216
27.  0.1379972
28.  0.1387759
29.  0.1395577
30.  0.1403426
31.  0.1411305
32.  0.1419216
33.  0.1427157
34.  0.1435129
35.  0.1443131
36.  0.1451165
37.  0.145923
38.  0.1467325
39.  0.1475451
40.  0.1483608
41.  0.1491796
42.  0.1500015
43.  0.1508264
44.  0.1516545
45.  0.1524856
46.  0.1533198
47.  0.1541571
48.  0.1549975
49.  0.1558409
50.  0.1566875
51.  0.1575371
52.  0.1583898
53.  0.1592456
54.  0.1601045
55.  0.1609665
56.  0.1618315
57.  0.1626996
58.  0.1635709
59.  0.1644451
60.  0.1653225
61.  0.166203
62.  0.1670866
63.  0.1679732
64.  0.1688629
65.  0.1697557
66.  0.1706516
67.  0.1715506
68.  0.1724527
69.  0.1733578
70.  0.174266
71.  0.1751773
72.  0.1760917
73.  0.1770092
74.  0.1779298
75.  0.1788534
76.  0.1797802
77.  0.18071
78.  0.1816429
79.  0.1825789
80.  0.1835179
81.  0.1844601
82.  0.1854053
83.  0.1863537
84.  0.187305
85.  0.1882595
86.  0.1892171
87.  0.1901778
88.  0.1911415
89.  0.1921083
90.  0.1930783
91.  0.1940513
92.  0.1950273
93.  0.1960065
94.  0.1969887
95.  0.1979741
96.  0.1989625
97.  0.199954
98.  0.2009486
99.  0.2019462
100.  0.202947
101.  0.2039508
102.  0.2049578
103.  0.2059678
104.  0.2069809
105.  0.207997
106.  0.2090163
107.  0.2100386
108.  0.211064
109.  0.2120926
110.  0.2131242
111.  0.2141588
112.  0.2151966
113.  0.2162374
114.  0.2172814
115.  0.2183284
116.  0.2193785
117.  0.2204317
118.  0.2214879
119.  0.2225473
120.  0.2236097
121.  0.2246752
122.  0.2257438
123.  0.2268155
124.  0.2278903
125.  0.2289682
126.  0.2300491
127.  0.2311331
128.  0.2322202
129.  0.2333104
130.  0.2344037
131.  0.2355001
132.  0.2365995
133.  0.237702
134.  0.2388077
135.  0.2399164
136.  0.2410281
137.  0.242143
138.  0.243261
139.  0.244382
140.  0.2455061
141.  0.2466333
142.  0.2477636
143.  0.248897
144.  0.2500334
145.  0.251173
146.  0.2523156
147.  0.2534613
148.  0.2546101
149.  0.255762
150.  0.2569169
151.  0.258075
152.  0.2592361
153.  0.2604003
154.  0.2615676
155.  0.262738
156.  0.2639115
157.  0.265088
158.  0.2662677
159.  0.2674504
160.  0.2686362
161.  0.2698251
162.  0.271017
163.  0.2722121
164.  0.2734102
165.  0.2746114
166.  0.2758158
167.  0.2770231
168.  0.2782336
169.  0.2794472
170.  0.2806638
171.  0.2818835
172.  0.2831064
173.  0.2843322
174.  0.2855612
175.  0.2867933
176.  0.2880284
177.  0.2892667
178.  0.290508
179.  0.2917524
180.  0.2929999
181.  0.2942505
182.  0.2955041
183.  0.2967609
184.  0.2980207
185.  0.2992836
186.  0.3005496
187.  0.3018186
188.  0.3030908
189.  0.3043661
190.  0.3056444
191.  0.3069258
192.  0.3082103
193.  0.3094979
194.  0.3107885
195.  0.3120823
196.  0.3133791
197.  0.314679
198.  0.315982
199.  0.3172881
200.  0.3185973
201.  0.3199095
202.  0.3212249
203.  0.3225433
204.  0.3238648
205.  0.3251894
206.  0.326517
207.  0.3278478
208.  0.3291817
209.  0.3305186
210.  0.3318586
211.  0.3332017
212.  0.3345479
213.  0.3358971
214.  0.3372495
215.  0.3386049
216.  0.3399634
217.  0.341325
218.  0.3426897
219.  0.3440575
220.  0.3454283
221.  0.3468023
222.  0.3481793
223.  0.3495594
224.  0.3509426
225.  0.3523289
226.  0.3537182
227.  0.3551106
228.  0.3565062
229.  0.3579048
230.  0.3593065
231.  0.3607112
232.  0.3621191
233.  0.3635301
234.  0.3649441
235.  0.3663612
236.  0.3677814
237.  0.3692047
238.  0.3706311
239.  0.3720605
240.  0.373493
241.  0.3749287
242.  0.3763674
243.  0.3778092
244.  0.379254
245.  0.380702
246.  0.382153
247.  0.3836071
248.  0.3850644
249.  0.3865246
250.  0.387988
251.  0.3894545
252.  0.390924
253.  0.3923967
254.  0.3938724
255.  0.3953512
256.  0.3968331
257.  0.398318
258.  0.3998061
259.  0.4012972
260.  0.4027914
261.  0.4042887
262.  0.4057891
263.  0.4072926
264.  0.4087991
265.  0.4103088
266.  0.4118215
267.  0.4133373
268.  0.4148562
269.  0.4163782
270.  0.4179032
271.  0.4194314
272.  0.4209626
273.  0.4224969
274.  0.4240343
275.  0.4255748
276.  0.4271184
277.  0.428665
278.  0.4302148
279.  0.4317676
280.  0.4333235
281.  0.4348825
282.  0.4364445
283.  0.4380097
284.  0.4395779
285.  0.4411493
286.  0.4427237
287.  0.4443012
288.  0.4458817
289.  0.4474654
290.  0.4490521
291.  0.450642
292.  0.4522349
293.  0.4538309
294.  0.4554299
295.  0.4570321
296.  0.4586374
297.  0.4602457
298.  0.4618571
299.  0.4634716
300.  0.4650892
301.  0.4667099
302.  0.4683336
303.  0.4699605
304.  0.4715904
305.  0.4732234
306.  0.4748595
307.  0.4764986
308.  0.4781409
309.  0.4797862
310.  0.4814347
311.  0.4830862
312.  0.4847408
313.  0.4863985
314.  0.4880592
315.  0.4897231
316.  0.49139
317.  0.49306
318.  0.4947331
319.  0.4964093
320.  0.4980886
321.  0.4997709
322.  0.5014564
323.  0.5031449
324.  0.5048365
325.  0.5065312
326.  0.508229
327.  0.5099298
328.  0.5116338
329.  0.5133408
330.  0.5150509
331.  0.5167628
332.  0.5184752
333.  0.5201882
334.  0.5219017
335.  0.5236157
336.  0.5253301
337.  0.5270452
338.  0.5287607
339.  0.5304768
340.  0.5321934
341.  0.5339105
342.  0.5356281
343.  0.5373462
344.  0.5390649
345.  0.5407841
346.  0.5425038
347.  0.544224
348.  0.5459448
349.  0.547666
350.  0.5493878
351.  0.55111
352.  0.5528328
353.  0.5545562
354.  0.5562801
355.  0.5580044
356.  0.5597293
357.  0.5614547
358.  0.5631807
359.  0.5649071
360.  0.5666341
361.  0.5683616
362.  0.5700896
363.  0.5718181
364.  0.5735471
365.  0.5752767
366.  0.5770068
367.  0.5787374
368.  0.5804685
369.  0.5822002
370.  0.5839323
371.  0.585665
372.  0.5873982
373.  0.5891319
374.  0.5908661
375.  0.5926009
376.  0.5943362
377.  0.596072
378.  0.5978082
379.  0.5995451
380.  0.6012825
381.  0.6030203
382.  0.6047587
383.  0.6064976
384.  0.608237
385.  0.609977
386.  0.6117175
387.  0.6134585
388.  0.6151999
389.  0.616942
390.  0.6186845
391.  0.6204276
392.  0.6221712
393.  0.6239153
394.  0.6256599
395.  0.627405
396.  0.6291507
397.  0.6308969
398.  0.6326436
399.  0.6343908
400.  0.6361385
401.  0.6378868
402.  0.6396355
403.  0.6413848
404.  0.6431347
405.  0.6448849
406.  0.6466358
407.  0.6483872
408.  0.6501391
409.  0.6518915
410.  0.6536444
411.  0.6553978
412.  0.6571518
413.  0.6589063
414.  0.6606613
415.  0.6624168
416.  0.6641729
417.  0.6659294
418.  0.6676865
419.  0.6694441
420.  0.6712022
421.  0.6729609
422.  0.67472
423.  0.6764797
424.  0.6782399
425.  0.6800006
426.  0.6817618
427.  0.6835236
428.  0.6852859
429.  0.6870486
430.  0.688812
431.  0.6905758
432.  0.6923401
433.  0.694105
434.  0.6958704
435.  0.6976363
436.  0.6994027
437.  0.7011697
438.  0.7029371
439.  0.7047051
440.  0.7064736
441.  0.7082426
442.  0.7100121
443.  0.7117822
444.  0.7135528
445.  0.7153239
446.  0.7170955
447.  0.7188677
448.  0.7206403
449.  0.7224135
450.  0.7241871
451.  0.7259614
452.  0.7277361
453.  0.7295114
454.  0.7312871
455.  0.7330634
456.  0.7348402
457.  0.7366176
458.  0.7383954
459.  0.7401738
460.  0.7419527
461.  0.743732
462.  0.7455119
463.  0.7472924
464.  0.7490734
465.  0.7508548
466.  0.7526368
467.  0.7544194
468.  0.7562024
469.  0.7579859
470.  0.75977
471.  0.7615547
472.  0.7633398
473.  0.7651254
474.  0.7669116
475.  0.7686982
476.  0.7704854
477.  0.7722731
478.  0.7740613
479.  0.7758501
480.  0.7776394
481.  0.7794291
482.  0.7812195
483.  0.7830103
484.  0.7848016
485.  0.7865935
486.  0.7883859
487.  0.7901788
488.  0.7919722
489.  0.7937661
490.  0.7955606
491.  0.7973556
492.  0.7991511
493.  0.8009471
494.  0.8027436
495.  0.8045407
496.  0.8063383
497.  0.8081363
498.  0.809935
499.  0.8117341
500.  0.8135337
501.  0.8153339
502.  0.8171346
503.  0.8189358
504.  0.8207375
505.  0.8225398
506.  0.8243425
507.  0.8261458
508.  0.8279496
509.  0.829754
510.  0.8315588
511.  0.8333642
512.  0.8351701
513.  0.8369765
514.  0.8387834
515.  0.8405908
516.  0.8423988
517.  0.8442073
518.  0.8460162
519.  0.8478258
520.  0.8496358
521.  0.8514464
522.  0.8532574
523.  0.855069
524.  0.8568811
525.  0.8586938
526.  0.8605069
527.  0.8623206
528.  0.8641348
529.  0.8659495
530.  0.8677647
531.  0.8695804
532.  0.8713967
533.  0.8732135
534.  0.8750308
535.  0.8768486
536.  0.878667
537.  0.8804858
538.  0.8823052
539.  0.8841251
540.  0.8859455
541.  0.8877665
542.  0.8895879
543.  0.8914099
544.  0.8932324
545.  0.8950554
546.  0.896879
547.  0.898703
548.  0.9005275
549.  0.9023526
550.  0.9041783
551.  0.9060044
552.  0.907831
553.  0.9096582
554.  0.9114859
555.  0.9133141
556.  0.9151428
557.  0.916972
558.  0.9188018
559.  0.9206321
560.  0.9224629
561.  0.9242942
562.  0.9261261
563.  0.9279584
564.  0.9297913
565.  0.9316247
566.  0.9334586
567.  0.9352931
568.  0.937128
569.  0.9389635
570.  0.9407995
571.  0.942636
572.  0.944473
573.  0.9463106
574.  0.9481487
575.  0.9499872
576.  0.9518263
577.  0.953666
578.  0.9555061
579.  0.9573468
580.  0.959188
581.  0.9610297
582.  0.9628719
583.  0.9647146
584.  0.9665579
585.  0.9684017
586.  0.970246
587.  0.9720908
588.  0.9739361
589.  0.975782
590.  0.9776284
591.  0.9794753
592.  0.9813227
593.  0.9831706
594.  0.9850191
595.  0.986868
596.  0.9887176
597.  0.9905676
598.  0.9924181
599.  0.9942691
600.  0.9961207
601.  0.9979728
602.  0.9998254
603.  1.001678
604.  1.003532
605.  1.005386
606.  1.007241
607.  1.009096
608.  1.010952
609.  1.012808
610.  1.014665
611.  1.016522
612.  1.01838
613.  1.020238
614.  1.022097
615.  1.023957
616.  1.025816
617.  1.027677
618.  1.029538
619.  1.031399
620.  1.033261
621.  1.035124
622.  1.036987
623.  1.03885
624.  1.040714
625.  1.042579
626.  1.044444
627.  1.046309
628.  1.048175
629.  1.050042
630.  1.051909
631.  1.053777
632.  1.055645
633.  1.057514
634.  1.059383
635.  1.061253
636.  1.063123
637.  1.064994
638.  1.066865
639.  1.068737
640.  1.070609
641.  1.072482
642.  1.074355
643.  1.076229
644.  1.078104
645.  1.079979
646.  1.081854
647.  1.08373
648.  1.085607
649.  1.087484
650.  1.089361
651.  1.091239
652.  1.093118
653.  1.094997
654.  1.096876
655.  1.098756
656.  1.100637
657.  1.102518
658.  1.1044
659.  1.106282
660.  1.108163
661.  1.110041
662.  1.111916
663.  1.113788
664.  1.115657
665.  1.117522
666.  1.119385
667.  1.121245
668.  1.123102
669.  1.124955
670.  1.126806
671.  1.128654
672.  1.130498
673.  1.13234
674.  1.134178
675.  1.136014
676.  1.137846
677.  1.139676
678.  1.141502
679.  1.143325
680.  1.145146
681.  1.146963
682.  1.148777
683.  1.150589
684.  1.152397
685.  1.154202
686.  1.156004
687.  1.157803
688.  1.1596
689.  1.161393
690.  1.163183
691.  1.16497
692.  1.166754
693.  1.168535
694.  1.170313
695.  1.172088
696.  1.173859
697.  1.175628
698.  1.177394
699.  1.179157
700.  1.180917
701.  1.182673
702.  1.184427
703.  1.186178
704.  1.187925
705.  1.18967
706.  1.191411
707.  1.19315
708.  1.194886
709.  1.196618
710.  1.198348
711.  1.200074
712.  1.201797
713.  1.203518
714.  1.205235
715.  1.206949
716.  1.208661
717.  1.210369
718.  1.212074
719.  1.213776
720.  1.215476
721.  1.217172
722.  1.218865
723.  1.220555
724.  1.222242
725.  1.223926
726.  1.225607
727.  1.227285
728.  1.22896
729.  1.230632
730.  1.232301
731.  1.233966
732.  1.235629
733.  1.237289
734.  1.238946
735.  1.2406
736.  1.24225
737.  1.243898
738.  1.245543
739.  1.247184
740.  1.248823
741.  1.250458
742.  1.252091
743.  1.25372
744.  1.255347
745.  1.25697
746.  1.25859
747.  1.260208
748.  1.261822
749.  1.263433
750.  1.265042
751.  1.266647
752.  1.268249
753.  1.269848
754.  1.271445
755.  1.273038
756.  1.274628
757.  1.276215
758.  1.277799
759.  1.27938
760.  1.280958
761.  1.282533
762.  1.284105
763.  1.285674
764.  1.28724
765.  1.288802
766.  1.290362
767.  1.291919
768.  1.293473
769.  1.295023
770.  1.296571
771.  1.298116
772.  1.299657
773.  1.301196
774.  1.302732
775.  1.304264
776.  1.305794
777.  1.30732
778.  1.308843
779.  1.310364
780.  1.311881
781.  1.313396
782.  1.314907
783.  1.316415
784.  1.317921
785.  1.319423
786.  1.320922
787.  1.322418
788.  1.323911
789.  1.325402
790.  1.326889
791.  1.328373
792.  1.329854
793.  1.331332
794.  1.332807
795.  1.334279
796.  1.335748
797.  1.337213
798.  1.338676
799.  1.340136
800.  1.341593
801.  1.343047
802.  1.344497
803.  1.345945
804.  1.34739
805.  1.348831
806.  1.35027
807.  1.351706
808.  1.353138
809.  1.354568
810.  1.355994
811.  1.357418
812.  1.358838
813.  1.360256
814.  1.36167
815.  1.363081
816.  1.36449
817.  1.365895
818.  1.367297
819.  1.368696
820.  1.370093
821.  1.371486
822.  1.372876
823.  1.374263
824.  1.375647
825.  1.377028
826.  1.378406
827.  1.379781
828.  1.381153
829.  1.382522
830.  1.383888
831.  1.385251
832.  1.386611
833.  1.387968
834.  1.389321
835.  1.390672
836.  1.39202
837.  1.393365
838.  1.394706
839.  1.396045
840.  1.39738
841.  1.398713
842.  1.400043
843.  1.401369
844.  1.402693
845.  1.404013
846.  1.405331
847.  1.406645
848.  1.407956
849.  1.409265
850.  1.41057
851.  1.411872
852.  1.413172
853.  1.414468
854.  1.415761
855.  1.417051
856.  1.418338
857.  1.419622
858.  1.420903
859.  1.422181
860.  1.423457
861.  1.424729
862.  1.425997
863.  1.427263
864.  1.428526
865.  1.429786
866.  1.431043
867.  1.432297
868.  1.433548
869.  1.434795
870.  1.43604
871.  1.437282
872.  1.43852
873.  1.439756
874.  1.440989
875.  1.442218
876.  1.443445
877.  1.444668
878.  1.445889
879.  1.447106
880.  1.448321
881.  1.449532
882.  1.45074
883.  1.451946
884.  1.453148
885.  1.454347
886.  1.455544
887.  1.456737
888.  1.457927
889.  1.459114
890.  1.460298
891.  1.461479
892.  1.462657
893.  1.463832
894.  1.465005
895.  1.466174
896.  1.46734
897.  1.468502
898.  1.469662
899.  1.470819
900.  1.471973
901.  1.473124
902.  1.474272
903.  1.475416
904.  1.476558
905.  1.477697
906.  1.478832
907.  1.479965
908.  1.481095
909.  1.482221
910.  1.483345
911.  1.484465
912.  1.485583
913.  1.486697
914.  1.487809
915.  1.488917
916.  1.490022
917.  1.491125
918.  1.492224
919.  1.49332
920.  1.494413
921.  1.495504
922.  1.496591
923.  1.497675
924.  1.498756
925.  1.499834
926.  1.500909
927.  1.501981
928.  1.50305
929.  1.504116
930.  1.505179
931.  1.506239
932.  1.507296
933.  1.50835
934.  1.509401
935.  1.510449
936.  1.511493
937.  1.512535
938.  1.513574
939.  1.514609
940.  1.515642
941.  1.516672
942.  1.517698
943.  1.518722
944.  1.519742
945.  1.52076
946.  1.521774
947.  1.522786
948.  1.523794
949.  1.5248
950.  1.525802
951.  1.526801
952.  1.527798
953.  1.528791
954.  1.529781
955.  1.530768
956.  1.531752
957.  1.532734
958.  1.533712
959.  1.534687
960.  1.535659
961.  1.536628
962.  1.537594
963.  1.538557
964.  1.539517
965.  1.540474
966.  1.541428
967.  1.542378
968.  1.543326
969.  1.544271
970.  1.545213
971.  1.546152
972.  1.547087
973.  1.54802
974.  1.54895
975.  1.549876
976.  1.5508
977.  1.55172
978.  1.552638
979.  1.553552
980.  1.554464
981.  1.555372
982.  1.556278
983.  1.55718
984.  1.558079
985.  1.558976
986.  1.559869
987.  1.560759
988.  1.561646
989.  1.56253
990.  1.563409
991.  1.564283
992.  1.565153
993.  1.566018
994.  1.566878
995.  1.567734
996.  1.568585
997.  1.569432
998.  1.570274
999.  1.571112
1000.  1.571944
1001.  1.572773
1002.  1.573596
1003.  1.574416
1004.  1.57523
1005.  1.57604
1006.  1.576846
1007.  1.577646
1008.  1.578443
1009.  1.579234
1010.  1.580021
1011.  1.580804
1012.  1.581581
1013.  1.582355
1014.  1.583123
1015.  1.583887
1016.  1.584647
1017.  1.585402
1018.  1.586152
1019.  1.586898
1020.  1.587639
1021.  1.588375
1022.  1.589107
1023.  1.589834
1024.  1.590557
1025.  1.591275
1026.  1.591989
1027.  1.592698
1028.  1.593402
1029.  1.594102
1030.  1.594797
1031.  1.595488
1032.  1.596174
1033.  1.596855
1034.  1.597532
1035.  1.598204
1036.  1.598872
1037.  1.599535
1038.  1.600193
1039.  1.600847
1040.  1.601496
1041.  1.602141
1042.  1.602781
1043.  1.603417
1044.  1.604048
1045.  1.604674
1046.  1.605296
1047.  1.605913
1048.  1.606525
1049.  1.607133
1050.  1.607737
1051.  1.608335
1052.  1.60893
1053.  1.609519
1054.  1.610104
1055.  1.610685
1056.  1.611261
1057.  1.611832
1058.  1.612398
1059.  1.61296
1060.  1.613518
1061.  1.614071
1062.  1.614619
1063.  1.615163
1064.  1.615702
1065.  1.616236
1066.  1.616766
1067.  1.617291
1068.  1.617812
1069.  1.618328
1070.  1.61884
1071.  1.619347
1072.  1.619849
1073.  1.620347
1074.  1.62084
1075.  1.621329
1076.  1.621813
1077.  1.622292
1078.  1.622767
1079.  1.623237
1080.  1.623703
1081.  1.624164
1082.  1.62462
1083.  1.625072
1084.  1.62552
1085.  1.625962
1086.  1.6264
1087.  1.626834
1088.  1.627263
1089.  1.627687
1090.  1.628107
1091.  1.628522
1092.  1.628932
1093.  1.629338
1094.  1.62974
1095.  1.630136
1096.  1.630529
1097.  1.630916
1098.  1.631299
1099.  1.631678
1100.  1.632051
1101.  1.632421
1102.  1.632785
1103.  1.633145
1104.  1.633501
1105.  1.633852
1106.  1.634198
1107.  1.63454
1108.  1.634877
1109.  1.635209
1110.  1.635537
1111.  1.63586
1112.  1.636179
1113.  1.636493
1114.  1.636803
1115.  1.637108
1116.  1.637408
1117.  1.637704
1118.  1.637995
1119.  1.638282
1120.  1.638564
1121.  1.638841
1122.  1.639114
1123.  1.639382
1124.  1.639646
1125.  1.639905
1126.  1.640159
1127.  1.640409
1128.  1.640654
1129.  1.640895
1130.  1.641131
1131.  1.641363
1132.  1.641589
1133.  1.641812
1134.  1.642029
1135.  1.642243
1136.  1.642451
1137.  1.642655
1138.  1.642854
1139.  1.643049
1140.  1.643239
1141.  1.643425
1142.  1.643606
1143.  1.643782
1144.  1.643954
1145.  1.644121
1146.  1.644284
1147.  1.644442
1148.  1.644595
1149.  1.644744
1150.  1.644889
1151.  1.645028
1152.  1.645163
1153.  1.645294
1154.  1.64542
1155.  1.645541
1156.  1.645658
1157.  1.64577
1158.  1.645877
1159.  1.64598
1160.  1.646079
1161.  1.646172
1162.  1.646262
1163.  1.646346
1164.  1.646426
1165.  1.646502
1166.  1.646572
1167.  1.646639
1168.  1.6467
1169.  1.646757
1170.  1.64681
1171.  1.646858
1172.  1.646901
1173.  1.64694
1174.  1.646973
1175.  1.647003
1176.  1.647028
1177.  1.647048
1178.  1.647064
1179.  1.647075
1180.  1.647082
1181.  1.647084
1182.  1.647081
1183.  1.647074
1184.  1.647062
1185.  1.647045
1186.  1.647024
1187.  1.646999
1188.  1.646969
1189.  1.646934
1190.  1.646894
1191.  1.64685
1192.  1.646802
1193.  1.646749
1194.  1.646691
1195.  1.646629
1196.  1.646562
1197.  1.64649
1198.  1.646414
1199.  1.646333
1200.  1.646248
1201.  1.646158
1202.  1.646064
1203.  1.645965
1204.  1.645861
1205.  1.645753
1206.  1.64564
1207.  1.645523
1208.  1.645401
1209.  1.645274
1210.  1.645143
1211.  1.645007
1212.  1.644867
1213.  1.644722
1214.  1.644572
1215.  1.644418
1216.  1.644259
1217.  1.644096
1218.  1.643928
1219.  1.643755
1220.  1.643578
1221.  1.643396
1222.  1.64321
1223.  1.643019
1224.  1.642824
1225.  1.642624
1226.  1.642419
1227.  1.64221
1228.  1.641996
1229.  1.641778
1230.  1.641555
1231.  1.641327
1232.  1.641095
1233.  1.640858
1234.  1.640617
1235.  1.640371
1236.  1.64012
1237.  1.639865
1238.  1.639605
1239.  1.639341
1240.  1.639072
1241.  1.638798
1242.  1.63852
1243.  1.638238
1244.  1.63795
1245.  1.637658
1246.  1.637362
1247.  1.637061
1248.  1.636755
1249.  1.636445
1250.  1.63613
1251.  1.635811
1252.  1.635487
1253.  1.635158
1254.  1.634825
1255.  1.634487
1256.  1.634145
1257.  1.633798
1258.  1.633446
1259.  1.63309
1260.  1.632729
1261.  1.632364
1262.  1.631994
1263.  1.631619
1264.  1.63124
1265.  1.630857
1266.  1.630468
1267.  1.630075
1268.  1.629678
1269.  1.629276
1270.  1.628869
1271.  1.628458
1272.  1.628042
1273.  1.627622
1274.  1.627197
1275.  1.626767
1276.  1.626333
1277.  1.625894
1278.  1.625451
1279.  1.625003
1280.  1.62455
1281.  1.624093
1282.  1.623631
1283.  1.623165
1284.  1.622694
1285.  1.622218
1286.  1.621738
1287.  1.621253
1288.  1.620764
1289.  1.62027
1290.  1.619772
1291.  1.619269
1292.  1.618761
1293.  1.618249
1294.  1.617732
1295.  1.617211
1296.  1.616685
1297.  1.616154
1298.  1.615619
1299.  1.615079
1300.  1.614534
1301.  1.613986
1302.  1.613432
1303.  1.612874
1304.  1.612311
1305.  1.611744
1306.  1.611172
1307.  1.610595
1308.  1.610014
1309.  1.609428
1310.  1.608838
1311.  1.608243
1312.  1.607644
1313.  1.60704
1314.  1.606431
1315.  1.605818
1316.  1.6052
1317.  1.604577
1318.  1.603951
1319.  1.603322
1320.  1.60269
1321.  1.602055
1322.  1.601418
1323.  1.600777
1324.  1.600134
1325.  1.599487
1326.  1.598838
1327.  1.598186
1328.  1.59753
1329.  1.596872
1330.  1.596212
1331.  1.595548
1332.  1.594881
1333.  1.594212
1334.  1.593539
1335.  1.592864
1336.  1.592186
1337.  1.591504
1338.  1.590821
1339.  1.590134
1340.  1.589444
1341.  1.588751
1342.  1.588056
1343.  1.587357
1344.  1.586656
1345.  1.585951
1346.  1.585244
1347.  1.584534
1348.  1.583821
1349.  1.583106
1350.  1.582387
1351.  1.581665
1352.  1.580941
1353.  1.580213
1354.  1.579483
1355.  1.57875
1356.  1.578014
1357.  1.577275
1358.  1.576533
1359.  1.575788
1360.  1.575041
1361.  1.57429
1362.  1.573537
1363.  1.572781
1364.  1.572021
1365.  1.571259
1366.  1.570494
1367.  1.569727
1368.  1.568956
1369.  1.568182
1370.  1.567406
1371.  1.566626
1372.  1.565844
1373.  1.565059
1374.  1.564271
1375.  1.56348
1376.  1.562686
1377.  1.561889
1378.  1.561089
1379.  1.560287
1380.  1.559481
1381.  1.558673
1382.  1.557862
1383.  1.557048
1384.  1.556231
1385.  1.555411
1386.  1.554588
1387.  1.553762
1388.  1.552934
1389.  1.552102
1390.  1.551268
1391.  1.550431
1392.  1.549591
1393.  1.548748
1394.  1.547902
1395.  1.547053
1396.  1.546201
1397.  1.545346
1398.  1.544489
1399.  1.543629
1400.  1.542765
1401.  1.541899
1402.  1.54103
1403.  1.540158
1404.  1.539283
1405.  1.538406
1406.  1.537525
1407.  1.536641
1408.  1.535755
1409.  1.534866
1410.  1.533974
1411.  1.533079
1412.  1.532181
1413.  1.53128
1414.  1.530376
1415.  1.529469
1416.  1.52856
1417.  1.527647
1418.  1.526732
1419.  1.525814
1420.  1.524893
1421.  1.523969
1422.  1.523042
1423.  1.522112
1424.  1.52118
1425.  1.520244
1426.  1.519306
1427.  1.518364
1428.  1.51742
1429.  1.516473
1430.  1.515523
1431.  1.51457
1432.  1.513614
1433.  1.512655
1434.  1.511694
1435.  1.510729
1436.  1.509762
1437.  1.508792
1438.  1.507819
1439.  1.506843
1440.  1.505864
1441.  1.504882
1442.  1.503897
1443.  1.50291
1444.  1.501919
1445.  1.500926
1446.  1.49993
1447.  1.49893
1448.  1.497928
1449.  1.496923
1450.  1.495916
1451.  1.494905
1452.  1.493891
1453.  1.492875
1454.  1.491855
1455.  1.490833
1456.  1.489808
1457.  1.48878
1458.  1.487749
1459.  1.486715
1460.  1.485678
1461.  1.484639
1462.  1.483596
1463.  1.482551
1464.  1.481502
1465.  1.480451
1466.  1.479397
1467.  1.47834
1468.  1.47728
1469.  1.476217
1470.  1.475152
1471.  1.474083
1472.  1.473012
1473.  1.471937
1474.  1.47086
1475.  1.46978
1476.  1.468697
1477.  1.467611
1478.  1.466522
1479.  1.465431
1480.  1.464336
1481.  1.463239
1482.  1.462138
1483.  1.461035
1484.  1.459929
1485.  1.45882
1486.  1.457708
1487.  1.456593
1488.  1.455475
1489.  1.454355
1490.  1.453231
1491.  1.452105
1492.  1.450976
1493.  1.449844
1494.  1.448708
1495.  1.447571
1496.  1.44643
1497.  1.445286
1498.  1.444139
1499.  1.44299
1500.  1.441837
1501.  1.440682
1502.  1.439524
1503.  1.438363
1504.  1.437199
1505.  1.436032
1506.  1.434862
1507.  1.43369
1508.  1.432514
1509.  1.431336
1510.  1.430154
1511.  1.42897
1512.  1.427783
1513.  1.426593
1514.  1.4254
1515.  1.424204
1516.  1.423006
1517.  1.421804
1518.  1.4206
1519.  1.419392
1520.  1.418182
1521.  1.416969
1522.  1.415753
1523.  1.414534
1524.  1.413312
1525.  1.412088
1526.  1.41086
1527.  1.40963
1528.  1.408396
1529.  1.40716
1530.  1.405921
1531.  1.404679
1532.  1.403434
1533.  1.402186
1534.  1.400936
1535.  1.399682
1536.  1.398425
1537.  1.397166
1538.  1.395904
1539.  1.394639
1540.  1.393371
1541.  1.3921
1542.  1.390826
1543.  1.389549
1544.  1.388269
1545.  1.386987
1546.  1.385702
1547.  1.384413
1548.  1.383122
1549.  1.381828
1550.  1.380531
1551.  1.379231
1552.  1.377928
1553.  1.376623
1554.  1.375314
1555.  1.374003
1556.  1.372689
1557.  1.371371
1558.  1.370051
1559.  1.368728
1560.  1.367402
1561.  1.366074
1562.  1.364742
1563.  1.363407
1564.  1.36207
1565.  1.36073
1566.  1.359386
1567.  1.35804
1568.  1.356691
1569.  1.355339
1570.  1.353984
1571.  1.352627
1572.  1.351266
1573.  1.349903
1574.  1.348536
1575.  1.347167
1576.  1.345795
1577.  1.34442
1578.  1.343042
1579.  1.341661
1580.  1.340278
1581.  1.338891
1582.  1.337502
1583.  1.336109
1584.  1.334714
1585.  1.333316
1586.  1.331915
1587.  1.330511
1588.  1.329104
1589.  1.327694
1590.  1.326282
1591.  1.324866
1592.  1.323448
1593.  1.322026
1594.  1.320602
1595.  1.319175
1596.  1.317745
1597.  1.316312
1598.  1.314876
1599.  1.313438
1600.  1.311996
1601.  1.310552
1602.  1.309105
1603.  1.307654
1604.  1.306201
1605.  1.304745
1606.  1.303286
1607.  1.301825
1608.  1.30036
1609.  1.298892
1610.  1.297422
1611.  1.295949
1612.  1.294472
1613.  1.292993
1614.  1.291511
1615.  1.290026
1616.  1.288539
1617.  1.287048
1618.  1.285554
1619.  1.284058
1620.  1.282559
1621.  1.281056
1622.  1.279551
1623.  1.278043
1624.  1.276532
1625.  1.275018
1626.  1.273502
1627.  1.271982
1628.  1.27046
1629.  1.268934
1630.  1.267406
1631.  1.265875
1632.  1.264341
1633.  1.262804
1634.  1.261264
1635.  1.259721
1636.  1.258176
1637.  1.256627
1638.  1.255076
1639.  1.253521
1640.  1.251964
1641.  1.250404
1642.  1.248841
1643.  1.247275
1644.  1.245707
1645.  1.244135
1646.  1.24256
1647.  1.240984
1648.  1.239408
1649.  1.237832
1650.  1.236256
1651.  1.234679
1652.  1.233103
1653.  1.231526
1654.  1.229949
1655.  1.228372
1656.  1.226795
1657.  1.225218
1658.  1.223641
1659.  1.222063
1660.  1.220486
1661.  1.218908
1662.  1.217331
1663.  1.215753
1664.  1.214175
1665.  1.212597
1666.  1.211019
1667.  1.209441
1668.  1.207862
1669.  1.206284
1670.  1.204705
1671.  1.203127
1672.  1.201548
1673.  1.199969
1674.  1.19839
1675.  1.196811
1676.  1.195232
1677.  1.193653
1678.  1.192073
1679.  1.190494
1680.  1.188914
1681.  1.187334
1682.  1.185754
1683.  1.184174
1684.  1.182594
1685.  1.181014
1686.  1.179434
1687.  1.177853
1688.  1.176273
1689.  1.174692
1690.  1.173112
1691.  1.171531
1692.  1.16995
1693.  1.168369
1694.  1.166788
1695.  1.165206
1696.  1.163625
1697.  1.162043
1698.  1.160462
1699.  1.15888
1700.  1.157298
1701.  1.155716
1702.  1.154134
1703.  1.152552
1704.  1.15097
1705.  1.149387
1706.  1.147805
1707.  1.146222
1708.  1.14464
1709.  1.143057
1710.  1.141474
1711.  1.139891
1712.  1.138308
1713.  1.136725
1714.  1.135141
1715.  1.133558
1716.  1.131974
1717.  1.130391
1718.  1.128807
1719.  1.127223
1720.  1.125639
1721.  1.124055
1722.  1.12247
1723.  1.120886
1724.  1.119302
1725.  1.117717
1726.  1.116132
1727.  1.114548
1728.  1.112963
1729.  1.111378
1730.  1.109793
1731.  1.108208
1732.  1.106622
1733.  1.105037
1734.  1.103451
1735.  1.101866
1736.  1.10028
1737.  1.098694
1738.  1.097108
1739.  1.095522
1740.  1.093936
1741.  1.092349
1742.  1.090763
1743.  1.089177
1744.  1.08759
1745.  1.086003
1746.  1.084416
1747.  1.082829
1748.  1.081242
1749.  1.079655
1750.  1.078068
1751.  1.07648
1752.  1.074893
1753.  1.073305
1754.  1.071718
1755.  1.07013
1756.  1.068542
1757.  1.066954
1758.  1.065366
1759.  1.063777
1760.  1.062189
1761.  1.060601
1762.  1.059012
1763.  1.057423
1764.  1.055834
1765.  1.054245
1766.  1.052656
1767.  1.051067
1768.  1.049478
1769.  1.047889
1770.  1.046299
1771.  1.04471
1772.  1.04312
1773.  1.04153
1774.  1.03994
1775.  1.03835
1776.  1.03676
1777.  1.03517
1778.  1.033579
1779.  1.031989
1780.  1.030398
1781.  1.028808
1782.  1.027217
1783.  1.025626
1784.  1.024035
1785.  1.022444
1786.  1.020853
1787.  1.019261
1788.  1.01767
1789.  1.016078
1790.  1.014487
1791.  1.012895
1792.  1.011303
1793.  1.009711
1794.  1.008119
1795.  1.006527
1796.  1.004935
1797.  1.003342
1798.  1.00175
1799.  1.000157
1800.  0.9985642
1801.  0.9969714
1802.  0.9953784
1803.  0.9937853
1804.  0.9921921
1805.  0.9905988
1806.  0.9890054
1807.  0.9874119
1808.  0.9858183
1809.  0.9842246
1810.  0.9826307
1811.  0.9810368
1812.  0.9794427
1813.  0.9778485
1814.  0.9762542
1815.  0.9746599
1816.  0.9730654
1817.  0.9714708
1818.  0.9698761
1819.  0.9682812
1820.  0.9666863
1821.  0.9650912
1822.  0.9634961
1823.  0.9619008
1824.  0.9603055
1825.  0.95871
1826.  0.9571144
1827.  0.9555187
1828.  0.9539229
1829.  0.952327
1830.  0.9507309
1831.  0.9491348
1832.  0.9475386
1833.  0.9459422
1834.  0.9443457
1835.  0.9427491
1836.  0.9411525
1837.  0.9395557
1838.  0.9379588
1839.  0.9363618
1840.  0.9347647
1841.  0.9331674
1842.  0.9315701
1843.  0.9299726
1844.  0.9283751
1845.  0.9267774
1846.  0.9251797
1847.  0.9235818
1848.  0.9219838
1849.  0.9203857
1850.  0.9187875
1851.  0.9171891
1852.  0.9155907
1853.  0.9139922
1854.  0.9123935
1855.  0.9107947
1856.  0.9091959
1857.  0.9075969
1858.  0.9059978
1859.  0.9043986
1860.  0.9027993
1861.  0.9011999
1862.  0.8996004
1863.  0.8980008
1864.  0.896401
1865.  0.8948011
1866.  0.8932012
1867.  0.8916011
1868.  0.8900009
1869.  0.8884007
1870.  0.8868003
1871.  0.8851998
1872.  0.8835992
1873.  0.8819984
1874.  0.8803976
1875.  0.8787966
1876.  0.8771956
1877.  0.8755944
1878.  0.8739932
1879.  0.8723918
1880.  0.8707903
1881.  0.8691887
1882.  0.867587
1883.  0.8659852
1884.  0.8643832
1885.  0.8627812
1886.  0.8611791
1887.  0.8595768
1888.  0.8579744
1889.  0.8563719
1890.  0.8547693
1891.  0.8531667
1892.  0.8515639
1893.  0.849961
1894.  0.848358
1895.  0.8467548
1896.  0.8451516
1897.  0.8435482
1898.  0.8419448
1899.  0.8403412
1900.  0.8387375
1901.  0.8371338
1902.  0.8355299
1903.  0.8339258
1904.  0.8323218
1905.  0.8307175
1906.  0.8291132
1907.  0.8275087
1908.  0.8259042
1909.  0.8242995
1910.  0.8226948
1911.  0.8210899
1912.  0.8194849
1913.  0.8178798
1914.  0.8162746
1915.  0.8146693
1916.  0.8130639
1917.  0.8114583
1918.  0.8098527
1919.  0.808247
1920.  0.8066411
1921.  0.8050351
1922.  0.8034291
1923.  0.8018228
1924.  0.8002166
1925.  0.7986102
1926.  0.7970036
1927.  0.795397
1928.  0.7937903
1929.  0.7921834
1930.  0.7905765
1931.  0.7889694
1932.  0.7873622
1933.  0.785755
1934.  0.7841476
1935.  0.7825401
1936.  0.7809325
1937.  0.7793248
1938.  0.7777169
1939.  0.776109
1940.  0.7745009
1941.  0.7728928
1942.  0.7712845
1943.  0.7696761
1944.  0.7680677
1945.  0.766459
1946.  0.7648504
1947.  0.7632415
1948.  0.7616326
1949.  0.7600236
1950.  0.7584144
1951.  0.7568052
1952.  0.7551959
1953.  0.7535864
1954.  0.7519768
1955.  0.7503672
1956.  0.7487574
1957.  0.7471474
1958.  0.7455374
1959.  0.7439273
1960.  0.7423171
1961.  0.7407067
1962.  0.7390963
1963.  0.7374857
1964.  0.7358751
1965.  0.7342643
1966.  0.7326534
1967.  0.7310424
1968.  0.7294313
1969.  0.7278201
1970.  0.7262087
1971.  0.7245973
1972.  0.7229858
1973.  0.7213742
1974.  0.7197624
1975.  0.7181505
1976.  0.7165396
1977.  0.7149308
1978.  0.7133241
1979.  0.7117195
1980.  0.7101169
1981.  0.7085164
1982.  0.7069179
1983.  0.7053216
1984.  0.7037274
1985.  0.7021352
1986.  0.7005451
1987.  0.6989571
1988.  0.6973711
1989.  0.6957873
1990.  0.6942055
1991.  0.6926258
1992.  0.6910482
1993.  0.6894726
1994.  0.6878992
1995.  0.6863278
1996.  0.6847585
1997.  0.6831912
1998.  0.6816261
1999.  0.680063
2000.  0.678502
2001.  0.6769431
2002.  0.6753863
2003.  0.6738315
2004.  0.6722788
2005.  0.6707283
2006.  0.6691797
2007.  0.6676333
2008.  0.6660889
2009.  0.6645467
2010.  0.6630064
2011.  0.6614683
2012.  0.6599323
2013.  0.6583983
2014.  0.6568664
2015.  0.6553366
2016.  0.6538089
2017.  0.6522832
2018.  0.6507596
2019.  0.6492382
2020.  0.6477187
2021.  0.6462014
2022.  0.6446861
2023.  0.6431729
2024.  0.6416618
2025.  0.6401528
2026.  0.6386459
2027.  0.637141
2028.  0.6356382
2029.  0.6341375
2030.  0.6326389
2031.  0.6311423
2032.  0.6296479
2033.  0.6281555
2034.  0.6266652
2035.  0.625177
2036.  0.6236908
2037.  0.6222067
2038.  0.6207247
2039.  0.6192448
2040.  0.617767
2041.  0.6162912
2042.  0.6148175
2043.  0.6133459
2044.  0.6118764
2045.  0.610409
2046.  0.6089436
2047.  0.6074803
2048.  0.6060191
2049.  0.60456
2050.  0.6031029
2051.  0.6016479
2052.  0.6001951
2053.  0.5987442
2054.  0.5972955
2055.  0.5958488
2056.  0.5944042
2057.  0.5929617
2058.  0.5915213
2059.  0.590083
2060.  0.5886467
2061.  0.5872125
2062.  0.5857804
2063.  0.5843504
2064.  0.5829225
2065.  0.5814966
2066.  0.5800728
2067.  0.5786511
2068.  0.5772315
2069.  0.5758139
2070.  0.5743984
2071.  0.5729851
2072.  0.5715737
2073.  0.5701644
2074.  0.5687573
2075.  0.5673522
2076.  0.5659492
2077.  0.5645483
2078.  0.5631495
2079.  0.5617527
2080.  0.560358
2081.  0.5589654
2082.  0.5575749
2083.  0.5561864
2084.  0.5548
2085.  0.5534158
2086.  0.5520335
2087.  0.5506534
2088.  0.5492753
2089.  0.5478994
2090.  0.5465255
2091.  0.5451537
2092.  0.5437839
2093.  0.5424163
2094.  0.5410507
2095.  0.5396872
2096.  0.5383257
2097.  0.5369664
2098.  0.5356091
2099.  0.534254
2100.  0.5329008
2101.  0.5315498
2102.  0.5302008
2103.  0.528854
2104.  0.5275092
2105.  0.5261665
2106.  0.5248258
2107.  0.5234873
2108.  0.5221508
2109.  0.5208164
2110.  0.5194841
2111.  0.5181538
2112.  0.5168257
2113.  0.5154996
2114.  0.5141756
2115.  0.5128537
2116.  0.5115338
2117.  0.5102161
2118.  0.5089003
2119.  0.5075867
2120.  0.5062752
2121.  0.5049657
2122.  0.5036584
2123.  0.5023531
2124.  0.5010499
2125.  0.4997487
2126.  0.4984497
2127.  0.4971527
2128.  0.4958578
2129.  0.494565
2130.  0.4932742
2131.  0.4919855
2132.  0.490699
2133.  0.4894145
2134.  0.488132
2135.  0.4868517
2136.  0.4855734
2137.  0.4842972
2138.  0.4830231
2139.  0.4817511
2140.  0.4804811
2141.  0.4792132
2142.  0.4779474
2143.  0.4766837
2144.  0.4754221
2145.  0.4741625
2146.  0.472905
2147.  0.4716496
2148.  0.4703963
2149.  0.469145
2150.  0.4678959
2151.  0.4666488
2152.  0.4654038
2153.  0.4641608
2154.  0.46292
2155.  0.4616812
2156.  0.4604445
2157.  0.4592099
2158.  0.4579774
2159.  0.4567469
2160.  0.4555185
2161.  0.4542922
2162.  0.453068
2163.  0.4518459
2164.  0.4506258
2165.  0.4494078
2166.  0.4481919
2167.  0.4469781
2168.  0.4457663
2169.  0.4445567
2170.  0.4433491
2171.  0.4421436
2172.  0.4409401
2173.  0.4397388
2174.  0.4385395
2175.  0.4373423
2176.  0.4361472
2177.  0.4349541
2178.  0.4337632
2179.  0.4325743
2180.  0.4313875
2181.  0.4302028
2182.  0.4290201
2183.  0.4278395
2184.  0.4266611
2185.  0.4254847
2186.  0.4243103
2187.  0.4231381
2188.  0.4219679
2189.  0.4207998
2190.  0.4196338
2191.  0.4184698
2192.  0.417308
2193.  0.4161482
2194.  0.4149905
2195.  0.4138349
2196.  0.4126814
2197.  0.4115299
2198.  0.4103805
2199.  0.4092332
2200.  0.408088
2201.  0.4069448
2202.  0.4058038
2203.  0.4046648
2204.  0.4035279
2205.  0.402393
2206.  0.4012603
2207.  0.4001296
2208.  0.399001
2209.  0.3978745
2210.  0.3967501
2211.  0.3956277
2212.  0.3945074
2213.  0.3933892
2214.  0.3922731
2215.  0.3911591
2216.  0.3900471
2217.  0.3889372
2218.  0.3878294
2219.  0.3867237
2220.  0.38562
2221.  0.3845184
2222.  0.3834189
2223.  0.3823215
2224.  0.3812262
2225.  0.3801329
2226.  0.3790418
2227.  0.3779527
2228.  0.3768657
2229.  0.3757807
2230.  0.3746978
2231.  0.3736171
2232.  0.3725384
2233.  0.3714617
2234.  0.3703872
2235.  0.3693147
2236.  0.3682443
2237.  0.367176
2238.  0.3661098
2239.  0.3650456
2240.  0.3639836
2241.  0.3629236
2242.  0.3618657
2243.  0.3608098
2244.  0.3597561
2245.  0.3587044
2246.  0.3576548
2247.  0.3566073
2248.  0.3555618
2249.  0.3545185
2250.  0.3534772
2251.  0.352438
2252.  0.3514009
2253.  0.3503658
2254.  0.3493328
2255.  0.3483019
2256.  0.3472731
2257.  0.3462464
2258.  0.3452217
2259.  0.3441992
2260.  0.3431787
2261.  0.3421603
2262.  0.3411439
2263.  0.3401296
2264.  0.3391175
2265.  0.3381074
2266.  0.3370993
2267.  0.3360934
2268.  0.3350895
2269.  0.3340877
2270.  0.333088
2271.  0.3320904
2272.  0.3310949
2273.  0.3301014
2274.  0.32911
2275.  0.3281207
2276.  0.3271334
2277.  0.3261483
2278.  0.3251652
2279.  0.3241842
2280.  0.3232053
2281.  0.3222285
2282.  0.3212537
2283.  0.320281
2284.  0.3193104
2285.  0.3183419
2286.  0.3173754
2287.  0.316411
2288.  0.3154488
2289.  0.3144886
2290.  0.3135304
2291.  0.3125744
2292.  0.3116204
2293.  0.3106685
2294.  0.3097187
2295.  0.308771
2296.  0.3078253
2297.  0.3068817
2298.  0.3059402
2299.  0.3050008
2300.  0.3040634
2301.  0.3031282
2302.  0.302195
2303.  0.3012639
2304.  0.3003349
