1.  0.1320052
2.  0.1327855
3.  0.1335688
4.  0.1343552
5.  0.1351446
6.  0.135937
7.  0.1367325
8.  0.1375311
9.  0.1383328
10.  0.1391374
11.  0.1399452
12.  0.140756
13.  0.1415698
14.  0.1423867
15.  0.1432066
16.  0.1440296
17.  0.1448557
18.  0.1456848
19.  0.146517
20.  0.1473522
21.  0.1481905
22.  0.1490318
23.  0.1498762
24.  0.1507237
25.  0.1515741
26.  0.1524277
27.  0.1532843
28.  0.154144
29.  0.1550067
30.  0.1558724
31.  0.1567412
32.  0.1576131
33.  0.1584881
34.  0.159366
35.  0.1602471
36.  0.1611312
37.  0.1620183
38.  0.1629085
39.  0.1638018
40.  0.1646981
41.  0.1655974
42.  0.1664998
43.  0.1674053
44.  0.1683138
45.  0.1692254
46.  0.17014
47.  0.1710577
48.  0.1719785
49.  0.1729023
50.  0.1738291
51.  0.174759
52.  0.175692
53.  0.176628
54.  0.177567
55.  0.1785092
56.  0.1794543
57.  0.1804026
58.  0.1813539
59.  0.1823082
60.  0.1832656
61.  0.184226
62.  0.1851895
63.  0.1861561
64.  0.1871257
65.  0.1880984
66.  0.1890741
67.  0.1900528
68.  0.1910347
69.  0.1920195
70.  0.1930075
71.  0.1939985
72.  0.1949925
73.  0.1959896
74.  0.1969897
75.  0.197993
76.  0.1989992
77.  0.2000085
78.  0.2010209
79.  0.2020363
80.  0.2030548
81.  0.2040763
82.  0.2051009
83.  0.2061285
84.  0.2071592
85.  0.208193
86.  0.2092298
87.  0.2102696
88.  0.2113125
89.  0.2123585
90.  0.2134075
91.  0.2144596
92.  0.2155147
93.  0.2165729
94.  0.2176341
95.  0.2186984
96.  0.2197658
97.  0.2208361
98.  0.2219096
99.  0.2229861
100.  0.2240657
101.  0.2251483
102.  0.2262339
103.  0.2273227
104.  0.2284144
105.  0.2295093
106.  0.2306072
107.  0.2317081
108.  0.2328121
109.  0.2339191
110.  0.2350292
111.  0.2361424
112.  0.2372586
113.  0.2383779
114.  0.2395002
115.  0.2406255
116.  0.241754
117.  0.2428855
118.  0.24402
119.  0.2451576
120.  0.2462982
121.  0.2474419
122.  0.2485887
123.  0.2497385
124.  0.2508913
125.  0.2520472
126.  0.2532062
127.  0.2543682
128.  0.2555333
129.  0.2567014
130.  0.2578726
131.  0.2590469
132.  0.2602242
133.  0.2614045
134.  0.2625879
135.  0.2637744
136.  0.2649639
137.  0.2661564
138.  0.267352
139.  0.2685507
140.  0.2697524
141.  0.2709572
142.  0.2721651
143.  0.273376
144.  0.2745899
145.  0.2758069
146.  0.277027
147.  0.27825
148.  0.2794762
149.  0.2807054
150.  0.2819377
151.  0.283173
152.  0.2844114
153.  0.2856528
154.  0.2868973
155.  0.2881449
156.  0.2893955
157.  0.2906491
158.  0.2919058
159.  0.2931656
160.  0.2944283
161.  0.2956942
162.  0.2969632
163.  0.2982351
164.  0.2995102
165.  0.3007882
166.  0.3020694
167.  0.3033535
168.  0.3046408
169.  0.3059311
170.  0.3072245
171.  0.3085209
172.  0.3098203
173.  0.3111228
174.  0.3124284
175.  0.313737
176.  0.3150487
177.  0.3163634
178.  0.3176812
179.  0.3190021
180.  0.3203259
181.  0.3216529
182.  0.3229829
183.  0.324316
184.  0.3256521
185.  0.3269912
186.  0.3283335
187.  0.3296787
188.  0.3310271
189.  0.3323784
190.  0.3337329
191.  0.3350904
192.  0.3364509
193.  0.3378145
194.  0.3391812
195.  0.3405509
196.  0.3419236
197.  0.3432994
198.  0.3446783
199.  0.3460602
200.  0.3474452
201.  0.3488333
202.  0.3502243
203.  0.3516185
204.  0.3530157
205.  0.3544159
206.  0.3558192
207.  0.3572256
208.  0.358635
209.  0.3600475
210.  0.361463
211.  0.3628815
212.  0.3643032
213.  0.3657279
214.  0.3671556
215.  0.3685864
216.  0.3700202
217.  0.3714571
218.  0.3728971
219.  0.3743401
220.  0.3757862
221.  0.3772353
222.  0.3786874
223.  0.3801427
224.  0.3816009
225.  0.3830623
226.  0.3845267
227.  0.3859941
228.  0.3874646
229.  0.3889382
230.  0.3904148
231.  0.3918944
232.  0.3933771
233.  0.3948629
234.  0.3963517
235.  0.3978436
236.  0.3993385
237.  0.4008365
238.  0.4023376
239.  0.4038416
240.  0.4053488
241.  0.406859
242.  0.4083722
243.  0.4098885
244.  0.4114079
245.  0.4129303
246.  0.4144558
247.  0.4159843
248.  0.4175159
249.  0.4190505
250.  0.4205882
251.  0.422129
252.  0.4236728
253.  0.4252196
254.  0.4267695
255.  0.4283225
256.  0.4298785
257.  0.4314376
258.  0.4329997
259.  0.4345649
260.  0.4361331
261.  0.4377044
262.  0.4392787
263.  0.4408561
264.  0.4424365
265.  0.44402
266.  0.4456066
267.  0.4471962
268.  0.4487889
269.  0.4503846
270.  0.4519834
271.  0.4535852
272.  0.4551901
273.  0.456798
274.  0.458409
275.  0.460023
276.  0.4616401
277.  0.4632603
278.  0.4648835
279.  0.4665098
280.  0.4681391
281.  0.4697714
282.  0.4714068
283.  0.4730453
284.  0.4746869
285.  0.4763314
286.  0.4779791
287.  0.4796298
288.  0.4812835
289.  0.4829403
290.  0.4846002
291.  0.4862631
292.  0.487929
293.  0.4895981
294.  0.4912702
295.  0.4929453
296.  0.4946235
297.  0.4963047
298.  0.497989
299.  0.4996763
300.  0.5013667
301.  0.5030602
302.  0.5047567
303.  0.5064563
304.  0.5081589
305.  0.5098645
306.  0.5115733
307.  0.513285
308.  0.5149999
309.  0.5167177
310.  0.5184387
311.  0.5201626
312.  0.5218897
313.  0.5236198
314.  0.525353
315.  0.5270892
316.  0.5288284
317.  0.5305707
318.  0.5323161
319.  0.5340646
320.  0.5358161
321.  0.5375706
322.  0.5393282
323.  0.5410888
324.  0.5428525
325.  0.5446193
326.  0.5463891
327.  0.5481619
328.  0.5499378
329.  0.5517168
330.  0.5534989
331.  0.5552825
332.  0.5570663
333.  0.5588502
334.  0.5606343
335.  0.5624185
336.  0.564203
337.  0.5659875
338.  0.5677722
339.  0.5695571
340.  0.5713421
341.  0.5731273
342.  0.5749126
343.  0.5766981
344.  0.5784838
345.  0.5802696
346.  0.5820555
347.  0.5838416
348.  0.5856279
349.  0.5874143
350.  0.5892009
351.  0.5909876
352.  0.5927745
353.  0.5945615
354.  0.5963487
355.  0.5981361
356.  0.5999236
357.  0.6017112
358.  0.6034991
359.  0.605287
360.  0.6070751
361.  0.6088634
362.  0.6106519
363.  0.6124404
364.  0.6142291
365.  0.6160181
366.  0.6178071
367.  0.6195963
368.  0.6213857
369.  0.6231752
370.  0.6249649
371.  0.6267547
372.  0.6285447
373.  0.6303349
374.  0.6321251
375.  0.6339156
376.  0.6357062
377.  0.6374969
378.  0.6392879
379.  0.6410789
380.  0.6428701
381.  0.6446615
382.  0.6464531
383.  0.6482447
384.  0.6500366
385.  0.6518286
386.  0.6536208
387.  0.6554131
388.  0.6572055
389.  0.6589981
390.  0.6607909
391.  0.6625838
392.  0.6643769
393.  0.6661702
394.  0.6679636
395.  0.6697571
396.  0.6715508
397.  0.6733447
398.  0.6751387
399.  0.6769329
400.  0.6787272
401.  0.6805217
402.  0.6823163
403.  0.6841111
404.  0.6859061
405.  0.6877012
406.  0.6894964
407.  0.6912918
408.  0.6930873
409.  0.6948831
410.  0.6966789
411.  0.698475
412.  0.7002712
413.  0.7020675
414.  0.703864
415.  0.7056606
416.  0.7074575
417.  0.7092544
418.  0.7110515
419.  0.7128488
420.  0.7146462
421.  0.7164438
422.  0.7182416
423.  0.7200394
424.  0.7218375
425.  0.7236357
426.  0.7254341
427.  0.7272326
428.  0.7290312
429.  0.73083
430.  0.732629
431.  0.7344282
432.  0.7362275
433.  0.7380269
434.  0.7398264
435.  0.7416262
436.  0.7434261
437.  0.7452262
438.  0.7470264
439.  0.7488267
440.  0.7506273
441.  0.752428
442.  0.7542288
443.  0.7560298
444.  0.7578309
445.  0.7596322
446.  0.7614337
447.  0.7632353
448.  0.7650371
449.  0.766839
450.  0.7686411
451.  0.7704433
452.  0.7722457
453.  0.7740482
454.  0.7758509
455.  0.7776538
456.  0.7794568
457.  0.78126
458.  0.7830632
459.  0.7848668
460.  0.7866703
461.  0.7884741
462.  0.7902781
463.  0.7920821
464.  0.7938864
465.  0.7956908
466.  0.7974954
467.  0.7993001
468.  0.801105
469.  0.80291
470.  0.8047152
471.  0.8065205
472.  0.8083259
473.  0.8101316
474.  0.8119374
475.  0.8137434
476.  0.8155494
477.  0.8173557
478.  0.8191621
479.  0.8209687
480.  0.8227754
481.  0.8245823
482.  0.8263893
483.  0.8281965
484.  0.8300039
485.  0.8318114
486.  0.8336191
487.  0.8354269
488.  0.8372348
489.  0.839043
490.  0.8408512
491.  0.8426597
492.  0.8444682
493.  0.8462769
494.  0.8480859
495.  0.8498949
496.  0.8517041
497.  0.8535135
498.  0.855323
499.  0.8571327
500.  0.8589425
501.  0.8607525
502.  0.8625626
503.  0.8643729
504.  0.8661833
505.  0.867994
506.  0.8698047
507.  0.8716156
508.  0.8734267
509.  0.8752379
510.  0.8770493
511.  0.8788608
512.  0.8806725
513.  0.8824844
514.  0.8842964
515.  0.8861085
516.  0.8879208
517.  0.8897333
518.  0.8915459
519.  0.8933586
520.  0.8951716
521.  0.8969847
522.  0.8987979
523.  0.9006113
524.  0.9024249
525.  0.9042385
526.  0.9060524
527.  0.9078664
528.  0.9096806
529.  0.9114949
530.  0.9133094
531.  0.915124
532.  0.9169388
533.  0.9187537
534.  0.9205688
535.  0.9223841
536.  0.9241995
537.  0.9260151
538.  0.9278308
539.  0.9296467
540.  0.9314627
541.  0.9332789
542.  0.9350952
543.  0.9369117
544.  0.9387283
545.  0.9405451
546.  0.9423621
547.  0.9441792
548.  0.9459965
549.  0.9478139
550.  0.9496315
551.  0.9514492
552.  0.9532671
553.  0.9550852
554.  0.9569033
555.  0.9587217
556.  0.9605402
557.  0.9623589
558.  0.9641777
559.  0.9659967
560.  0.9678158
561.  0.9696351
562.  0.9714545
563.  0.9732741
564.  0.9750938
565.  0.9769138
566.  0.9787338
567.  0.980554
568.  0.9823744
569.  0.9841949
570.  0.9860156
571.  0.9878364
572.  0.9896574
573.  0.9914786
574.  0.9932998
575.  0.9951213
576.  0.9969429
577.  0.9987647
578.  1.000587
579.  1.002409
580.  1.004231
581.  1.006053
582.  1.007876
583.  1.009699
584.  1.011521
585.  1.013344
586.  1.015167
587.  1.016991
588.  1.018814
589.  1.020638
590.  1.022462
591.  1.024286
592.  1.02611
593.  1.027934
594.  1.029758
595.  1.031583
596.  1.033408
597.  1.035233
598.  1.037058
599.  1.038883
600.  1.040708
601.  1.042534
602.  1.044359
603.  1.046185
604.  1.048011
605.  1.049837
606.  1.051663
607.  1.05349
608.  1.055316
609.  1.057143
610.  1.05897
611.  1.060797
612.  1.062624
613.  1.064451
614.  1.066279
615.  1.068107
616.  1.069934
617.  1.071762
618.  1.07359
619.  1.075419
620.  1.077247
621.  1.079076
622.  1.080904
623.  1.082733
624.  1.084562
625.  1.086392
626.  1.088221
627.  1.09005
628.  1.09188
629.  1.09371
630.  1.09554
631.  1.09737
632.  1.0992
633.  1.101031
634.  1.102861
635.  1.104692
636.  1.106523
637.  1.108354
638.  1.110185
639.  1.112017
640.  1.113848
641.  1.11568
642.  1.117512
643.  1.119344
644.  1.121176
645.  1.123008
646.  1.124841
647.  1.126673
648.  1.128506
649.  1.130339
650.  1.132172
651.  1.134005
652.  1.135839
653.  1.137672
654.  1.139506
655.  1.14134
656.  1.143174
657.  1.145008
658.  1.146842
659.  1.148677
660.  1.15051
661.  1.152339
662.  1.154166
663.  1.155989
664.  1.157809
665.  1.159625
666.  1.161439
667.  1.163249
668.  1.165056
669.  1.166859
670.  1.168659
671.  1.170457
672.  1.17225
673.  1.174041
674.  1.175828
675.  1.177612
676.  1.179393
677.  1.18117
678.  1.182944
679.  1.184715
680.  1.186483
681.  1.188247
682.  1.190009
683.  1.191766
684.  1.193521
685.  1.195272
686.  1.197021
687.  1.198765
688.  1.200507
689.  1.202245
690.  1.20398
691.  1.205712
692.  1.20744
693.  1.209166
694.  1.210888
695.  1.212607
696.  1.214322
697.  1.216034
698.  1.217743
699.  1.219449
700.  1.221151
701.  1.22285
702.  1.224546
703.  1.226239
704.  1.227928
705.  1.229614
706.  1.231297
707.  1.232977
708.  1.234653
709.  1.236326
710.  1.237996
711.  1.239663
712.  1.241326
713.  1.242986
714.  1.244642
715.  1.246296
716.  1.247946
717.  1.249593
718.  1.251237
719.  1.252877
720.  1.254514
721.  1.256148
722.  1.257779
723.  1.259406
724.  1.26103
725.  1.262651
726.  1.264269
727.  1.265883
728.  1.267494
729.  1.269102
730.  1.270707
731.  1.272308
732.  1.273906
733.  1.275501
734.  1.277092
735.  1.27868
736.  1.280265
737.  1.281847
738.  1.283426
739.  1.285001
740.  1.286573
741.  1.288141
742.  1.289707
743.  1.291269
744.  1.292828
745.  1.294383
746.  1.295936
747.  1.297485
748.  1.29903
749.  1.300573
750.  1.302112
751.  1.303648
752.  1.305181
753.  1.306711
754.  1.308237
755.  1.30976
756.  1.31128
757.  1.312796
758.  1.314309
759.  1.315819
760.  1.317326
761.  1.318829
762.  1.320329
763.  1.321826
764.  1.32332
765.  1.32481
766.  1.326297
767.  1.327781
768.  1.329262
769.  1.330739
770.  1.332213
771.  1.333684
772.  1.335151
773.  1.336615
774.  1.338076
775.  1.339534
776.  1.340989
777.  1.34244
778.  1.343888
779.  1.345332
780.  1.346774
781.  1.348212
782.  1.349647
783.  1.351079
784.  1.352507
785.  1.353932
786.  1.355354
787.  1.356772
788.  1.358188
789.  1.3596
790.  1.361009
791.  1.362414
792.  1.363816
793.  1.365215
794.  1.366611
795.  1.368003
796.  1.369393
797.  1.370779
798.  1.372161
799.  1.373541
800.  1.374917
801.  1.37629
802.  1.377659
803.  1.379026
804.  1.380389
805.  1.381749
806.  1.383105
807.  1.384459
808.  1.385809
809.  1.387156
810.  1.388499
811.  1.389839
812.  1.391176
813.  1.39251
814.  1.393841
815.  1.395168
816.  1.396492
817.  1.397812
818.  1.39913
819.  1.400444
820.  1.401755
821.  1.403063
822.  1.404367
823.  1.405668
824.  1.406966
825.  1.408261
826.  1.409552
827.  1.41084
828.  1.412125
829.  1.413406
830.  1.414685
831.  1.41596
832.  1.417231
833.  1.4185
834.  1.419765
835.  1.421027
836.  1.422286
837.  1.423541
838.  1.424793
839.  1.426042
840.  1.427288
841.  1.42853
842.  1.42977
843.  1.431005
844.  1.432238
845.  1.433467
846.  1.434693
847.  1.435916
848.  1.437136
849.  1.438352
850.  1.439565
851.  1.440775
852.  1.441981
853.  1.443185
854.  1.444385
855.  1.445581
856.  1.446775
857.  1.447965
858.  1.449152
859.  1.450336
860.  1.451516
861.  1.452693
862.  1.453867
863.  1.455037
864.  1.456205
865.  1.457369
866.  1.45853
867.  1.459687
868.  1.460842
869.  1.461993
870.  1.46314
871.  1.464285
872.  1.465426
873.  1.466564
874.  1.467699
875.  1.46883
876.  1.469959
877.  1.471084
878.  1.472205
879.  1.473324
880.  1.474439
881.  1.475551
882.  1.476659
883.  1.477765
884.  1.478867
885.  1.479966
886.  1.481061
887.  1.482154
888.  1.483243
889.  1.484328
890.  1.485411
891.  1.48649
892.  1.487566
893.  1.488639
894.  1.489708
895.  1.490775
896.  1.491838
897.  1.492897
898.  1.493954
899.  1.495007
900.  1.496057
901.  1.497103
902.  1.498147
903.  1.499187
904.  1.500224
905.  1.501257
906.  1.502288
907.  1.503315
908.  1.504338
909.  1.505359
910.  1.506376
911.  1.50739
912.  1.508401
913.  1.509408
914.  1.510413
915.  1.511414
916.  1.512411
917.  1.513406
918.  1.514397
919.  1.515385
920.  1.51637
921.  1.517351
922.  1.518329
923.  1.519304
924.  1.520275
925.  1.521244
926.  1.522209
927.  1.523171
928.  1.524129
929.  1.525085
930.  1.526037
931.  1.526985
932.  1.527931
933.  1.528873
934.  1.529812
935.  1.530748
936.  1.53168
937.  1.532609
938.  1.533535
939.  1.534458
940.  1.535377
941.  1.536294
942.  1.537206
943.  1.538116
944.  1.539022
945.  1.539925
946.  1.540825
947.  1.541722
948.  1.542615
949.  1.543505
950.  1.544392
951.  1.545275
952.  1.546156
953.  1.547033
954.  1.547906
955.  1.548777
956.  1.549644
957.  1.550508
958.  1.551369
959.  1.552226
960.  1.55308
961.  1.553931
962.  1.554779
963.  1.555623
964.  1.556464
965.  1.557302
966.  1.558136
967.  1.558968
968.  1.559796
969.  1.560621
970.  1.561442
971.  1.56226
972.  1.563075
973.  1.563887
974.  1.564696
975.  1.565501
976.  1.566303
977.  1.567101
978.  1.567897
979.  1.568689
980.  1.569478
981.  1.570264
982.  1.571046
983.  1.571825
984.  1.572601
985.  1.573373
986.  1.574143
987.  1.574909
988.  1.575672
989.  1.57643
990.  1.577185
991.  1.577935
992.  1.57868
993.  1.579421
994.  1.580157
995.  1.580889
996.  1.581617
997.  1.582339
998.  1.583058
999.  1.583772
1000.  1.584481
1001.  1.585186
1002.  1.585886
1003.  1.586582
1004.  1.587273
1005.  1.58796
1006.  1.588642
1007.  1.58932
1008.  1.589993
1009.  1.590662
1010.  1.591326
1011.  1.591986
1012.  1.592641
1013.  1.593292
1014.  1.593938
1015.  1.59458
1016.  1.595217
1017.  1.59585
1018.  1.596478
1019.  1.597101
1020.  1.597721
1021.  1.598335
1022.  1.598945
1023.  1.599551
1024.  1.600152
1025.  1.600749
1026.  1.601341
1027.  1.601929
1028.  1.602512
1029.  1.60309
1030.  1.603664
1031.  1.604234
1032.  1.604799
1033.  1.60536
1034.  1.605916
1035.  1.606467
1036.  1.607014
1037.  1.607557
1038.  1.608095
1039.  1.608628
1040.  1.609157
1041.  1.609682
1042.  1.610202
1043.  1.610717
1044.  1.611228
1045.  1.611735
1046.  1.612236
1047.  1.612734
1048.  1.613227
1049.  1.613715
1050.  1.614199
1051.  1.614679
1052.  1.615154
1053.  1.615624
1054.  1.61609
1055.  1.616551
1056.  1.617008
1057.  1.61746
1058.  1.617908
1059.  1.618352
1060.  1.618791
1061.  1.619225
1062.  1.619655
1063.  1.62008
1064.  1.620501
1065.  1.620917
1066.  1.621329
1067.  1.621736
1068.  1.622139
1069.  1.622537
1070.  1.622931
1071.  1.62332
1072.  1.623705
1073.  1.624085
1074.  1.624461
1075.  1.624832
1076.  1.625199
1077.  1.625561
1078.  1.625919
1079.  1.626272
1080.  1.626621
1081.  1.626965
1082.  1.627305
1083.  1.62764
1084.  1.62797
1085.  1.628297
1086.  1.628618
1087.  1.628935
1088.  1.629248
1089.  1.629556
1090.  1.62986
1091.  1.630159
1092.  1.630453
1093.  1.630744
1094.  1.631029
1095.  1.63131
1096.  1.631587
1097.  1.631859
1098.  1.632126
1099.  1.632389
1100.  1.632648
1101.  1.632902
1102.  1.633151
1103.  1.633396
1104.  1.633637
1105.  1.633873
1106.  1.634104
1107.  1.634331
1108.  1.634554
1109.  1.634772
1110.  1.634985
1111.  1.635194
1112.  1.635399
1113.  1.635599
1114.  1.635794
1115.  1.635985
1116.  1.636171
1117.  1.636353
1118.  1.636531
1119.  1.636703
1120.  1.636872
1121.  1.637036
1122.  1.637195
1123.  1.63735
1124.  1.6375
1125.  1.637646
1126.  1.637787
1127.  1.637924
1128.  1.638056
1129.  1.638184
1130.  1.638308
1131.  1.638426
1132.  1.638541
1133.  1.63865
1134.  1.638756
1135.  1.638856
1136.  1.638953
1137.  1.639044
1138.  1.639132
1139.  1.639214
1140.  1.639292
1141.  1.639366
1142.  1.639435
1143.  1.6395
1144.  1.63956
1145.  1.639616
1146.  1.639667
1147.  1.639714
1148.  1.639756
1149.  1.639794
1150.  1.639827
1151.  1.639855
1152.  1.639879
1153.  1.639899
1154.  1.639914
1155.  1.639925
1156.  1.639931
1157.  1.639932
1158.  1.639929
1159.  1.639922
1160.  1.63991
1161.  1.639894
1162.  1.639873
1163.  1.639847
1164.  1.639817
1165.  1.639783
1166.  1.639744
1167.  1.6397
1168.  1.639652
1169.  1.6396
1170.  1.639543
1171.  1.639481
1172.  1.639415
1173.  1.639345
1174.  1.639269
1175.  1.63919
1176.  1.639106
1177.  1.639017
1178.  1.638924
1179.  1.638827
1180.  1.638724
1181.  1.638618
1182.  1.638507
1183.  1.638391
1184.  1.638271
1185.  1.638146
1186.  1.638017
1187.  1.637884
1188.  1.637745
1189.  1.637603
1190.  1.637455
1191.  1.637304
1192.  1.637148
1193.  1.636987
1194.  1.636822
1195.  1.636652
1196.  1.636478
1197.  1.636299
1198.  1.636116
1199.  1.635928
1200.  1.635736
1201.  1.635539
1202.  1.635338
1203.  1.635132
1204.  1.634922
1205.  1.634707
1206.  1.634488
1207.  1.634264
1208.  1.634035
1209.  1.633803
1210.  1.633565
1211.  1.633323
1212.  1.633077
1213.  1.632826
1214.  1.632571
1215.  1.632311
1216.  1.632046
1217.  1.631778
1218.  1.631504
1219.  1.631226
1220.  1.630944
1221.  1.630657
1222.  1.630365
1223.  1.630069
1224.  1.629769
1225.  1.629464
1226.  1.629155
1227.  1.628841
1228.  1.628522
1229.  1.628199
1230.  1.627872
1231.  1.62754
1232.  1.627203
1233.  1.626862
1234.  1.626517
1235.  1.626166
1236.  1.625812
1237.  1.625453
1238.  1.625089
1239.  1.624721
1240.  1.624349
1241.  1.623972
1242.  1.62359
1243.  1.623204
1244.  1.622813
1245.  1.622418
1246.  1.622019
1247.  1.621614
1248.  1.621206
1249.  1.620793
1250.  1.620375
1251.  1.619953
1252.  1.619526
1253.  1.619095
1254.  1.618659
1255.  1.618219
1256.  1.617774
1257.  1.617325
1258.  1.616871
1259.  1.616413
1260.  1.61595
1261.  1.615483
1262.  1.615011
1263.  1.614535
1264.  1.614054
1265.  1.613569
1266.  1.613079
1267.  1.612585
1268.  1.612086
1269.  1.611583
1270.  1.611075
1271.  1.610563
1272.  1.610046
1273.  1.609525
1274.  1.608999
1275.  1.608468
1276.  1.607934
1277.  1.607394
1278.  1.60685
1279.  1.606302
1280.  1.605749
1281.  1.605192
1282.  1.60463
1283.  1.604063
1284.  1.603492
1285.  1.602917
1286.  1.602337
1287.  1.601753
1288.  1.601164
1289.  1.60057
1290.  1.599972
1291.  1.59937
1292.  1.598763
1293.  1.598151
1294.  1.597535
1295.  1.596915
1296.  1.59629
1297.  1.59566
1298.  1.595026
1299.  1.594388
1300.  1.593744
1301.  1.593097
1302.  1.592445
1303.  1.591788
1304.  1.591127
1305.  1.590461
1306.  1.589791
1307.  1.589117
1308.  1.588438
1309.  1.587754
1310.  1.587066
1311.  1.586373
1312.  1.585676
1313.  1.584975
1314.  1.584268
1315.  1.583558
1316.  1.582842
1317.  1.582123
1318.  1.5814
1319.  1.580674
1320.  1.579945
1321.  1.579214
1322.  1.57848
1323.  1.577744
1324.  1.577005
1325.  1.576263
1326.  1.575519
1327.  1.574772
1328.  1.574022
1329.  1.57327
1330.  1.572515
1331.  1.571757
1332.  1.570997
1333.  1.570235
1334.  1.569469
1335.  1.568701
1336.  1.56793
1337.  1.567157
1338.  1.566381
1339.  1.565603
1340.  1.564821
1341.  1.564037
1342.  1.563251
1343.  1.562462
1344.  1.56167
1345.  1.560876
1346.  1.560079
1347.  1.559279
1348.  1.558477
1349.  1.557672
1350.  1.556864
1351.  1.556054
1352.  1.555241
1353.  1.554426
1354.  1.553608
1355.  1.552787
1356.  1.551964
1357.  1.551138
1358.  1.550309
1359.  1.549478
1360.  1.548644
1361.  1.547807
1362.  1.546968
1363.  1.546126
1364.  1.545282
1365.  1.544435
1366.  1.543585
1367.  1.542733
1368.  1.541878
1369.  1.54102
1370.  1.54016
1371.  1.539297
1372.  1.538432
1373.  1.537564
1374.  1.536693
1375.  1.535819
1376.  1.534943
1377.  1.534065
1378.  1.533183
1379.  1.532299
1380.  1.531413
1381.  1.530524
1382.  1.529632
1383.  1.528737
1384.  1.52784
1385.  1.52694
1386.  1.526038
1387.  1.525133
1388.  1.524225
1389.  1.523315
1390.  1.522402
1391.  1.521487
1392.  1.520568
1393.  1.519648
1394.  1.518724
1395.  1.517798
1396.  1.516869
1397.  1.515938
1398.  1.515004
1399.  1.514067
1400.  1.513128
1401.  1.512186
1402.  1.511242
1403.  1.510294
1404.  1.509345
1405.  1.508392
1406.  1.507437
1407.  1.506479
1408.  1.505519
1409.  1.504556
1410.  1.50359
1411.  1.502622
1412.  1.501651
1413.  1.500678
1414.  1.499702
1415.  1.498723
1416.  1.497742
1417.  1.496758
1418.  1.495771
1419.  1.494781
1420.  1.49379
1421.  1.492795
1422.  1.491798
1423.  1.490798
1424.  1.489795
1425.  1.48879
1426.  1.487783
1427.  1.486772
1428.  1.485759
1429.  1.484743
1430.  1.483725
1431.  1.482704
1432.  1.481681
1433.  1.480654
1434.  1.479626
1435.  1.478594
1436.  1.47756
1437.  1.476523
1438.  1.475484
1439.  1.474442
1440.  1.473397
1441.  1.47235
1442.  1.4713
1443.  1.470248
1444.  1.469193
1445.  1.468135
1446.  1.467074
1447.  1.466011
1448.  1.464946
1449.  1.463877
1450.  1.462806
1451.  1.461733
1452.  1.460656
1453.  1.459577
1454.  1.458496
1455.  1.457412
1456.  1.456325
1457.  1.455236
1458.  1.454144
1459.  1.453049
1460.  1.451952
1461.  1.450852
1462.  1.449749
1463.  1.448644
1464.  1.447536
1465.  1.446426
1466.  1.445312
1467.  1.444197
1468.  1.443078
1469.  1.441957
1470.  1.440834
1471.  1.439707
1472.  1.438578
1473.  1.437447
1474.  1.436313
1475.  1.435176
1476.  1.434036
1477.  1.432894
1478.  1.431749
1479.  1.430602
1480.  1.429452
1481.  1.428299
1482.  1.427144
1483.  1.425986
1484.  1.424826
1485.  1.423663
1486.  1.422497
1487.  1.421328
1488.  1.420157
1489.  1.418984
1490.  1.417807
1491.  1.416628
1492.  1.415447
1493.  1.414262
1494.  1.413076
1495.  1.411886
1496.  1.410694
1497.  1.409499
1498.  1.408302
1499.  1.407102
1500.  1.405899
1501.  1.404694
1502.  1.403486
1503.  1.402275
1504.  1.401062
1505.  1.399846
1506.  1.398628
1507.  1.397406
1508.  1.396183
1509.  1.394956
1510.  1.393727
1511.  1.392496
1512.  1.391261
1513.  1.390024
1514.  1.388785
1515.  1.387543
1516.  1.386298
1517.  1.38505
1518.  1.3838
1519.  1.382547
1520.  1.381292
1521.  1.380034
1522.  1.378773
1523.  1.37751
1524.  1.376244
1525.  1.374976
1526.  1.373705
1527.  1.372431
1528.  1.371154
1529.  1.369875
1530.  1.368594
1531.  1.367309
1532.  1.366022
1533.  1.364733
1534.  1.36344
1535.  1.362146
1536.  1.360848
1537.  1.359548
1538.  1.358245
1539.  1.35694
1540.  1.355632
1541.  1.354321
1542.  1.353008
1543.  1.351692
1544.  1.350373
1545.  1.349052
1546.  1.347728
1547.  1.346401
1548.  1.345072
1549.  1.343741
1550.  1.342406
1551.  1.341069
1552.  1.33973
1553.  1.338387
1554.  1.337042
1555.  1.335695
1556.  1.334345
1557.  1.332992
1558.  1.331636
1559.  1.330278
1560.  1.328917
1561.  1.327554
1562.  1.326188
1563.  1.324819
1564.  1.323448
1565.  1.322074
1566.  1.320698
1567.  1.319318
1568.  1.317937
1569.  1.316552
1570.  1.315165
1571.  1.313775
1572.  1.312383
1573.  1.310988
1574.  1.30959
1575.  1.30819
1576.  1.306787
1577.  1.305382
1578.  1.303974
1579.  1.302563
1580.  1.301149
1581.  1.299733
1582.  1.298315
1583.  1.296893
1584.  1.29547
1585.  1.294043
1586.  1.292614
1587.  1.291182
1588.  1.289747
1589.  1.28831
1590.  1.28687
1591.  1.285428
1592.  1.283983
1593.  1.282535
1594.  1.281085
1595.  1.279632
1596.  1.278177
1597.  1.276718
1598.  1.275257
1599.  1.273794
1600.  1.272328
1601.  1.270859
1602.  1.269388
1603.  1.267914
1604.  1.266437
1605.  1.264958
1606.  1.263476
1607.  1.261992
1608.  1.260504
1609.  1.259014
1610.  1.257522
1611.  1.256027
1612.  1.254529
1613.  1.253029
1614.  1.251526
1615.  1.25002
1616.  1.248512
1617.  1.247001
1618.  1.245488
1619.  1.243971
1620.  1.242453
1621.  1.240931
1622.  1.239407
1623.  1.237881
1624.  1.236351
1625.  1.234819
1626.  1.233285
1627.  1.231748
1628.  1.230208
1629.  1.228665
1630.  1.22712
1631.  1.225572
1632.  1.224022
1633.  1.222469
1634.  1.220913
1635.  1.219355
1636.  1.217794
1637.  1.21623
1638.  1.214664
1639.  1.213095
1640.  1.211524
1641.  1.20995
1642.  1.208373
1643.  1.206794
1644.  1.205212
1645.  1.203627
1646.  1.20204
1647.  1.200451
1648.  1.198863
1649.  1.197274
1650.  1.195686
1651.  1.194098
1652.  1.19251
1653.  1.190922
1654.  1.189335
1655.  1.187747
1656.  1.186159
1657.  1.184572
1658.  1.182985
1659.  1.181397
1660.  1.17981
1661.  1.178223
1662.  1.176636
1663.  1.17505
1664.  1.173463
1665.  1.171877
1666.  1.17029
1667.  1.168704
1668.  1.167118
1669.  1.165532
1670.  1.163946
1671.  1.16236
1672.  1.160774
1673.  1.159188
1674.  1.157603
1675.  1.156017
1676.  1.154432
1677.  1.152847
1678.  1.151262
1679.  1.149677
1680.  1.148092
1681.  1.146507
1682.  1.144923
1683.  1.143338
1684.  1.141754
1685.  1.14017
1686.  1.138585
1687.  1.137001
1688.  1.135417
1689.  1.133834
1690.  1.13225
1691.  1.130666
1692.  1.129083
1693.  1.127499
1694.  1.125916
1695.  1.124333
1696.  1.12275
1697.  1.121167
1698.  1.119584
1699.  1.118001
1700.  1.116419
1701.  1.114836
1702.  1.113254
1703.  1.111671
1704.  1.110089
1705.  1.108507
1706.  1.106925
1707.  1.105343
1708.  1.103762
1709.  1.10218
1710.  1.100599
1711.  1.099017
1712.  1.097436
1713.  1.095855
1714.  1.094274
1715.  1.092693
1716.  1.091112
1717.  1.089531
1718.  1.087951
1719.  1.08637
1720.  1.08479
1721.  1.08321
1722.  1.081629
1723.  1.080049
1724.  1.078469
1725.  1.07689
1726.  1.07531
1727.  1.07373
1728.  1.072151
1729.  1.070571
1730.  1.068992
1731.  1.067413
1732.  1.065834
1733.  1.064255
1734.  1.062676
1735.  1.061098
1736.  1.059519
1737.  1.05794
1738.  1.056362
1739.  1.054784
1740.  1.053206
1741.  1.051628
1742.  1.05005
1743.  1.048472
1744.  1.046894
1745.  1.045317
1746.  1.043739
1747.  1.042162
1748.  1.040584
1749.  1.039007
1750.  1.03743
1751.  1.035853
1752.  1.034277
1753.  1.0327
1754.  1.031123
1755.  1.029547
1756.  1.02797
1757.  1.026394
1758.  1.024818
1759.  1.023242
1760.  1.021666
1761.  1.02009
1762.  1.018515
1763.  1.016939
1764.  1.015364
1765.  1.013788
1766.  1.012213
1767.  1.010638
1768.  1.009063
1769.  1.007488
1770.  1.005913
1771.  1.004339
1772.  1.002764
1773.  1.001189
1774.  0.9996151
1775.  0.9980409
1776.  0.9964668
1777.  0.9948928
1778.  0.9933189
1779.  0.9917451
1780.  0.9901714
1781.  0.9885979
1782.  0.9870244
1783.  0.985451
1784.  0.9838778
1785.  0.9823047
1786.  0.9807317
1787.  0.9791588
1788.  0.977586
1789.  0.9760134
1790.  0.9744408
1791.  0.9728684
1792.  0.971296
1793.  0.9697238
1794.  0.9681517
1795.  0.9665797
1796.  0.9650078
1797.  0.963436
1798.  0.9618644
1799.  0.9602928
1800.  0.9587213
1801.  0.95715
1802.  0.9555788
1803.  0.9540077
1804.  0.9524367
1805.  0.9508658
1806.  0.949295
1807.  0.9477244
1808.  0.9461539
1809.  0.9445834
1810.  0.9430131
1811.  0.9414429
1812.  0.9398728
1813.  0.9383028
1814.  0.9367329
1815.  0.9351631
1816.  0.9335935
1817.  0.9320239
1818.  0.9304545
1819.  0.9288852
1820.  0.927316
1821.  0.9257469
1822.  0.9241779
1823.  0.922609
1824.  0.9210403
1825.  0.9194716
1826.  0.9179031
1827.  0.9163347
1828.  0.9147664
1829.  0.9131982
1830.  0.9116301
1831.  0.9100621
1832.  0.9084942
1833.  0.9069265
1834.  0.9053589
1835.  0.9037913
1836.  0.9022239
1837.  0.9006566
1838.  0.8990894
1839.  0.8975223
1840.  0.8959553
1841.  0.8943884
1842.  0.8928217
1843.  0.8912551
1844.  0.8896886
1845.  0.8881221
1846.  0.8865559
1847.  0.8849896
1848.  0.8834236
1849.  0.8818576
1850.  0.8802918
1851.  0.878726
1852.  0.8771604
1853.  0.8755949
1854.  0.8740295
1855.  0.8724642
1856.  0.870899
1857.  0.8693339
1858.  0.8677689
1859.  0.8662041
1860.  0.8646393
1861.  0.8630747
1862.  0.8615102
1863.  0.8599458
1864.  0.8583815
1865.  0.8568174
1866.  0.8552533
1867.  0.8536893
1868.  0.8521255
1869.  0.8505617
1870.  0.8489981
1871.  0.8474346
1872.  0.8458712
1873.  0.8443079
1874.  0.8427448
1875.  0.8411817
1876.  0.8396187
1877.  0.8380559
1878.  0.8364932
1879.  0.8349305
1880.  0.8333681
1881.  0.8318056
1882.  0.8302434
1883.  0.8286812
1884.  0.8271192
1885.  0.8255572
1886.  0.8239954
1887.  0.8224337
1888.  0.8208721
1889.  0.8193105
1890.  0.8177492
1891.  0.8161879
1892.  0.8146268
1893.  0.8130657
1894.  0.8115048
1895.  0.8099439
1896.  0.8083832
1897.  0.8068226
1898.  0.8052621
1899.  0.8037018
1900.  0.8021415
1901.  0.8005813
1902.  0.7990212
1903.  0.7974613
1904.  0.7959015
1905.  0.7943418
1906.  0.7927822
1907.  0.7912227
1908.  0.7896634
1909.  0.7881041
1910.  0.7865449
1911.  0.7849859
1912.  0.7834269
1913.  0.7818682
1914.  0.7803094
1915.  0.7787508
1916.  0.7771924
1917.  0.775634
1918.  0.7740757
1919.  0.7725176
1920.  0.7709596
1921.  0.7694017
1922.  0.7678438
1923.  0.7662861
1924.  0.7647285
1925.  0.7631711
1926.  0.7616137
1927.  0.7600564
1928.  0.7584993
1929.  0.7569423
1930.  0.7553854
1931.  0.7538286
1932.  0.7522719
1933.  0.7507153
1934.  0.7491589
1935.  0.7476025
1936.  0.7460462
1937.  0.7444901
1938.  0.742934
1939.  0.7413782
1940.  0.7398224
1941.  0.7382667
1942.  0.7367111
1943.  0.7351556
1944.  0.7336003
1945.  0.7320451
1946.  0.7304899
1947.  0.7289349
1948.  0.72738
1949.  0.7258252
1950.  0.7242705
1951.  0.722716
1952.  0.7211615
1953.  0.7196072
1954.  0.7180529
1955.  0.7164988
1956.  0.7149448
1957.  0.7133909
1958.  0.7118371
1959.  0.7102834
1960.  0.7087299
1961.  0.7071764
1962.  0.705623
1963.  0.7040699
1964.  0.7025167
1965.  0.7009637
1966.  0.6994108
1967.  0.697858
1968.  0.6963053
1969.  0.6947528
1970.  0.6932003
1971.  0.691648
1972.  0.6900958
1973.  0.6885437
1974.  0.6869917
1975.  0.6854398
1976.  0.683889
1977.  0.6823403
1978.  0.6807937
1979.  0.6792492
1980.  0.6777067
1981.  0.6761664
1982.  0.674628
1983.  0.6730918
1984.  0.6715577
1985.  0.6700257
1986.  0.6684958
1987.  0.6669679
1988.  0.6654422
1989.  0.6639184
1990.  0.6623968
1991.  0.6608773
1992.  0.6593599
1993.  0.6578445
1994.  0.6563313
1995.  0.6548201
1996.  0.653311
1997.  0.651804
1998.  0.6502991
1999.  0.6487963
2000.  0.6472955
2001.  0.6457968
2002.  0.6443002
2003.  0.6428058
2004.  0.6413133
2005.  0.639823
2006.  0.6383348
2007.  0.6368486
2008.  0.6353645
2009.  0.6338825
2010.  0.6324026
2011.  0.6309248
2012.  0.6294491
2013.  0.6279754
2014.  0.6265038
2015.  0.6250343
2016.  0.623567
2017.  0.6221017
2018.  0.6206384
2019.  0.6191773
2020.  0.6177182
2021.  0.6162612
2022.  0.6148064
2023.  0.6133536
2024.  0.6119028
2025.  0.6104542
2026.  0.6090077
2027.  0.6075632
2028.  0.6061208
2029.  0.6046805
2030.  0.6032423
2031.  0.6018062
2032.  0.6003721
2033.  0.5989402
2034.  0.5975103
2035.  0.5960825
2036.  0.5946568
2037.  0.5932332
2038.  0.5918117
2039.  0.5903922
2040.  0.5889749
2041.  0.5875596
2042.  0.5861464
2043.  0.5847353
2044.  0.5833263
2045.  0.5819194
2046.  0.5805145
2047.  0.5791118
2048.  0.577711
2049.  0.5763124
2050.  0.5749159
2051.  0.5735215
2052.  0.5721291
2053.  0.5707389
2054.  0.5693507
2055.  0.5679646
2056.  0.5665807
2057.  0.5651987
2058.  0.5638189
2059.  0.5624411
2060.  0.5610654
2061.  0.5596919
2062.  0.5583204
2063.  0.556951
2064.  0.5555837
2065.  0.5542184
2066.  0.5528553
2067.  0.5514942
2068.  0.5501352
2069.  0.5487783
2070.  0.5474235
2071.  0.5460708
2072.  0.5447201
2073.  0.5433716
2074.  0.5420251
2075.  0.5406806
2076.  0.5393384
2077.  0.5379981
2078.  0.53666
2079.  0.5353239
2080.  0.53399
2081.  0.5326581
2082.  0.5313283
2083.  0.5300006
2084.  0.528675
2085.  0.5273514
2086.  0.5260299
2087.  0.5247106
2088.  0.5233933
2089.  0.5220781
2090.  0.5207649
2091.  0.5194539
2092.  0.518145
2093.  0.5168381
2094.  0.5155333
2095.  0.5142306
2096.  0.51293
2097.  0.5116315
2098.  0.510335
2099.  0.5090407
2100.  0.5077484
2101.  0.5064582
2102.  0.5051701
2103.  0.5038841
2104.  0.5026002
2105.  0.5013183
2106.  0.5000386
2107.  0.4987609
2108.  0.4974853
2109.  0.4962118
2110.  0.4949404
2111.  0.493671
2112.  0.4924038
2113.  0.4911386
2114.  0.4898755
2115.  0.4886145
2116.  0.4873556
2117.  0.4860988
2118.  0.484844
2119.  0.4835914
2120.  0.4823408
2121.  0.4810923
2122.  0.4798459
2123.  0.4786016
2124.  0.4773593
2125.  0.4761192
2126.  0.4748811
2127.  0.4736451
2128.  0.4724112
2129.  0.4711794
2130.  0.4699497
2131.  0.468722
2132.  0.4674965
2133.  0.466273
2134.  0.4650516
2135.  0.4638323
2136.  0.4626151
2137.  0.4614
2138.  0.4601869
2139.  0.458976
2140.  0.4577671
2141.  0.4565603
2142.  0.4553556
2143.  0.4541529
2144.  0.4529524
2145.  0.451754
2146.  0.4505576
2147.  0.4493633
2148.  0.4481711
2149.  0.446981
2150.  0.4457929
2151.  0.444607
2152.  0.4434232
2153.  0.4422414
2154.  0.4410617
2155.  0.4398841
2156.  0.4387085
2157.  0.4375351
2158.  0.4363638
2159.  0.4351945
2160.  0.4340273
2161.  0.4328622
2162.  0.4316992
2163.  0.4305383
2164.  0.4293794
2165.  0.4282227
2166.  0.427068
2167.  0.4259154
2168.  0.4247649
2169.  0.4236165
2170.  0.4224702
2171.  0.4213259
2172.  0.4201837
2173.  0.4190437
2174.  0.4179057
2175.  0.4167697
2176.  0.4156359
2177.  0.4145042
2178.  0.4133745
2179.  0.4122469
2180.  0.4111215
2181.  0.4099981
2182.  0.4088767
2183.  0.4077575
2184.  0.4066404
2185.  0.4055253
2186.  0.4044123
2187.  0.4033014
2188.  0.4021926
2189.  0.4010859
2190.  0.3999813
2191.  0.3988787
2192.  0.3977782
2193.  0.3966798
2194.  0.3955836
2195.  0.3944893
2196.  0.3933972
2197.  0.3923072
2198.  0.3912192
2199.  0.3901333
2200.  0.3890496
2201.  0.3879679
2202.  0.3868882
2203.  0.3858107
2204.  0.3847352
2205.  0.3836619
2206.  0.3825906
2207.  0.3815214
2208.  0.3804543
2209.  0.3793893
2210.  0.3783263
2211.  0.3772655
2212.  0.3762067
2213.  0.37515
2214.  0.3740954
2215.  0.3730429
2216.  0.3719924
2217.  0.3709441
2218.  0.3698978
2219.  0.3688537
2220.  0.3678116
2221.  0.3667715
2222.  0.3657336
2223.  0.3646978
2224.  0.363664
2225.  0.3626324
2226.  0.3616028
2227.  0.3605753
2228.  0.3595499
2229.  0.3585265
2230.  0.3575053
2231.  0.3564861
2232.  0.355469
2233.  0.3544541
2234.  0.3534411
2235.  0.3524303
2236.  0.3514216
2237.  0.3504149
2238.  0.3494104
2239.  0.3484079
2240.  0.3474075
2241.  0.3464092
2242.  0.3454129
2243.  0.3444188
2244.  0.3434268
2245.  0.3424368
2246.  0.3414489
2247.  0.3404631
2248.  0.3394794
2249.  0.3384977
2250.  0.3375182
2251.  0.3365407
2252.  0.3355653
2253.  0.334592
2254.  0.3336208
2255.  0.3326517
2256.  0.3316847
2257.  0.3307197
2258.  0.3297569
2259.  0.3287961
2260.  0.3278373
2261.  0.3268808
2262.  0.3259262
2263.  0.3249738
2264.  0.3240234
2265.  0.3230751
2266.  0.3221289
2267.  0.3211848
2268.  0.3202428
2269.  0.3193029
2270.  0.318365
2271.  0.3174292
2272.  0.3164956
2273.  0.315564
2274.  0.3146344
2275.  0.313707
2276.  0.3127817
2277.  0.3118584
2278.  0.3109373
2279.  0.3100182
2280.  0.3091012
2281.  0.3081862
2282.  0.3072734
2283.  0.3063627
2284.  0.305454
2285.  0.3045474
2286.  0.3036429
2287.  0.3027405
2288.  0.3018402
2289.  0.3009419
2290.  0.3000458
2291.  0.2991517
2292.  0.2982597
2293.  0.2973698
2294.  0.296482
2295.  0.2955963
2296.  0.2947126
2297.  0.2938311
2298.  0.2929516
2299.  0.2920742
2300.  0.2911989
2301.  0.2903256
2302.  0.2894545
2303.  0.2885855
2304.  0.2877185
