1.  0.1535186
2.  0.1544048
3.  0.1552937
4.  0.1561851
5.  0.157079
6.  0.1579756
7.  0.1588747
8.  0.1597764
9.  0.1606806
10.  0.1615875
11.  0.1624968
12.  0.1634088
13.  0.1643233
14.  0.1652405
15.  0.1661601
16.  0.1670824
17.  0.1680072
18.  0.1689346
19.  0.1698645
20.  0.170797
21.  0.1717321
22.  0.1726698
23.  0.17361
24.  0.1745529
25.  0.1754982
26.  0.1764462
27.  0.1773967
28.  0.1783498
29.  0.1793054
30.  0.1802637
31.  0.1812245
32.  0.1821878
33.  0.1831538
34.  0.1841223
35.  0.1850933
36.  0.186067
37.  0.1870432
38.  0.188022
39.  0.1890034
40.  0.1899873
41.  0.1909738
42.  0.1919629
43.  0.1929545
44.  0.1939487
45.  0.1949455
46.  0.1959448
47.  0.1969468
48.  0.1979512
49.  0.1989583
50.  0.1999679
51.  0.2009801
52.  0.2019949
53.  0.2030122
54.  0.2040322
55.  0.2050546
56.  0.2060797
57.  0.2071073
58.  0.2081375
59.  0.2091703
60.  0.2102056
61.  0.2112435
62.  0.212284
63.  0.213327
64.  0.2143726
65.  0.2154208
66.  0.2164715
67.  0.2175249
68.  0.2185808
69.  0.2196392
70.  0.2207002
71.  0.2217638
72.  0.22283
73.  0.2238988
74.  0.2249701
75.  0.226044
76.  0.2271204
77.  0.2281995
78.  0.229281
79.  0.2303652
80.  0.2314519
81.  0.2325412
82.  0.2336331
83.  0.2347276
84.  0.2358246
85.  0.2369242
86.  0.2380263
87.  0.239131
88.  0.2402383
89.  0.2413482
90.  0.2424606
91.  0.2435756
92.  0.2446932
93.  0.2458134
94.  0.2469361
95.  0.2480614
96.  0.2491892
97.  0.2503197
98.  0.2514527
99.  0.2525882
100.  0.2537264
101.  0.254867
102.  0.2560103
103.  0.2571562
104.  0.2583046
105.  0.2594556
106.  0.2606091
107.  0.2617653
108.  0.262924
109.  0.2640852
110.  0.2652491
111.  0.2664155
112.  0.2675845
113.  0.268756
114.  0.2699301
115.  0.2711068
116.  0.2722861
117.  0.2734679
118.  0.2746523
119.  0.2758393
120.  0.2770288
121.  0.2782209
122.  0.2794156
123.  0.2806129
124.  0.2818127
125.  0.2830151
126.  0.28422
127.  0.2854276
128.  0.2866377
129.  0.2878504
130.  0.2890656
131.  0.2902834
132.  0.2915038
133.  0.2927267
134.  0.2939523
135.  0.2951804
136.  0.296411
137.  0.2976442
138.  0.29888
139.  0.3001184
140.  0.3013594
141.  0.3026029
142.  0.303849
143.  0.3050976
144.  0.3063488
145.  0.3076026
146.  0.308859
147.  0.3101179
148.  0.3113794
149.  0.3126435
150.  0.3139102
151.  0.3151793
152.  0.3164511
153.  0.3177255
154.  0.3190024
155.  0.3202819
156.  0.321564
157.  0.3228486
158.  0.3241358
159.  0.3254256
160.  0.3267179
161.  0.3280129
162.  0.3293104
163.  0.3306104
164.  0.331913
165.  0.3332182
166.  0.334526
167.  0.3358364
168.  0.3371492
169.  0.3384647
170.  0.3397828
171.  0.3411034
172.  0.3424266
173.  0.3437523
174.  0.3450807
175.  0.3464116
176.  0.347745
177.  0.3490811
178.  0.3504197
179.  0.3517609
180.  0.3531046
181.  0.3544509
182.  0.3557998
183.  0.3571513
184.  0.3585053
185.  0.3598619
186.  0.3612211
187.  0.3625828
188.  0.3639471
189.  0.365314
190.  0.3666835
191.  0.3680555
192.  0.3694301
193.  0.3708072
194.  0.372187
195.  0.3735693
196.  0.3749541
197.  0.3763416
198.  0.3777316
199.  0.3791242
200.  0.3805193
201.  0.381917
202.  0.3833173
203.  0.3847202
204.  0.3861256
205.  0.3875336
206.  0.3889442
207.  0.3903573
208.  0.391773
209.  0.3931913
210.  0.3946122
211.  0.3960356
212.  0.3974616
213.  0.3988902
214.  0.4003213
215.  0.401755
216.  0.4031913
217.  0.4046301
218.  0.4060715
219.  0.4075155
220.  0.4089621
221.  0.4104112
222.  0.4118629
223.  0.4133172
224.  0.414774
225.  0.4162334
226.  0.4176954
227.  0.4191599
228.  0.4206271
229.  0.4220967
230.  0.423569
231.  0.4250438
232.  0.4265212
233.  0.4280012
234.  0.4294837
235.  0.4309688
236.  0.4324565
237.  0.4339468
238.  0.4354396
239.  0.4369349
240.  0.4384329
241.  0.4399334
242.  0.4414365
243.  0.4429422
244.  0.4444504
245.  0.4459613
246.  0.4474746
247.  0.4489906
248.  0.4505091
249.  0.4520302
250.  0.4535539
251.  0.4550801
252.  0.4566089
253.  0.4581403
254.  0.4596742
255.  0.4612107
256.  0.4627498
257.  0.4642914
258.  0.4658357
259.  0.4673824
260.  0.4689318
261.  0.4704838
262.  0.4720382
263.  0.4735953
264.  0.4751549
265.  0.4767172
266.  0.4782819
267.  0.4798493
268.  0.4814192
269.  0.4829917
270.  0.4845668
271.  0.4861444
272.  0.4877246
273.  0.4893074
274.  0.4908927
275.  0.4924806
276.  0.4940711
277.  0.4956642
278.  0.4972598
279.  0.498858
280.  0.5004588
281.  0.5020621
282.  0.503668
283.  0.5052764
284.  0.5068875
285.  0.5085011
286.  0.5101173
287.  0.5117361
288.  0.5133574
289.  0.5149813
290.  0.5166078
291.  0.5182368
292.  0.5198684
293.  0.5215026
294.  0.5231393
295.  0.5247786
296.  0.5264205
297.  0.528065
298.  0.529712
299.  0.5313616
300.  0.5330138
301.  0.5346685
302.  0.5363258
303.  0.5379857
304.  0.5396481
305.  0.5413132
306.  0.5429807
307.  0.5446509
308.  0.5463236
309.  0.5479989
310.  0.5496768
311.  0.5513572
312.  0.5530403
313.  0.5547258
314.  0.5564139
315.  0.5581047
316.  0.5597979
317.  0.5614938
318.  0.5631922
319.  0.5648932
320.  0.5665968
321.  0.568303
322.  0.5700117
323.  0.571723
324.  0.5734368
325.  0.5751532
326.  0.5768722
327.  0.5785938
328.  0.5803179
329.  0.5820446
330.  0.5837739
331.  0.5855044
332.  0.5872349
333.  0.5889654
334.  0.5906958
335.  0.5924261
336.  0.5941564
337.  0.5958868
338.  0.597617
339.  0.5993472
340.  0.6010773
341.  0.6028075
342.  0.6045375
343.  0.6062676
344.  0.6079975
345.  0.6097275
346.  0.6114574
347.  0.6131873
348.  0.6149171
349.  0.6166469
350.  0.6183766
351.  0.6201063
352.  0.6218359
353.  0.6235656
354.  0.6252951
355.  0.6270247
356.  0.6287541
357.  0.6304836
358.  0.632213
359.  0.6339423
360.  0.6356716
361.  0.6374009
362.  0.6391301
363.  0.6408593
364.  0.6425885
365.  0.6443176
366.  0.6460466
367.  0.6477757
368.  0.6495047
369.  0.6512336
370.  0.6529624
371.  0.6546913
372.  0.6564201
373.  0.6581489
374.  0.6598777
375.  0.6616063
376.  0.663335
377.  0.6650636
378.  0.6667921
379.  0.6685206
380.  0.6702491
381.  0.6719775
382.  0.6737059
383.  0.6754343
384.  0.6771626
385.  0.6788908
386.  0.6806191
387.  0.6823472
388.  0.6840754
389.  0.6858035
390.  0.6875315
391.  0.6892595
392.  0.6909875
393.  0.6927154
394.  0.6944433
395.  0.6961712
396.  0.6978989
397.  0.6996267
398.  0.7013544
399.  0.7030821
400.  0.7048097
401.  0.7065373
402.  0.7082649
403.  0.7099923
404.  0.7117198
405.  0.7134473
406.  0.7151746
407.  0.716902
408.  0.7186292
409.  0.7203565
410.  0.7220837
411.  0.7238109
412.  0.725538
413.  0.7272651
414.  0.7289922
415.  0.7307191
416.  0.7324461
417.  0.734173
418.  0.7358999
419.  0.7376267
420.  0.7393535
421.  0.7410803
422.  0.742807
423.  0.7445337
424.  0.7462603
425.  0.7479869
426.  0.7497134
427.  0.7514399
428.  0.7531663
429.  0.7548927
430.  0.7566191
431.  0.7583454
432.  0.7600717
433.  0.761798
434.  0.7635242
435.  0.7652503
436.  0.7669764
437.  0.7687025
438.  0.7704285
439.  0.7721545
440.  0.7738805
441.  0.7756064
442.  0.7773322
443.  0.7790581
444.  0.7807838
445.  0.7825096
446.  0.7842353
447.  0.7859609
448.  0.7876865
449.  0.7894121
450.  0.7911376
451.  0.7928631
452.  0.7945886
453.  0.796314
454.  0.7980393
455.  0.7997646
456.  0.8014899
457.  0.8032151
458.  0.8049403
459.  0.8066655
460.  0.8083906
461.  0.8101157
462.  0.8118407
463.  0.8135657
464.  0.8152906
465.  0.8170155
466.  0.8187404
467.  0.8204651
468.  0.8221899
469.  0.8239146
470.  0.8256394
471.  0.827364
472.  0.8290886
473.  0.8308132
474.  0.8325377
475.  0.8342621
476.  0.8359866
477.  0.837711
478.  0.8394353
479.  0.8411596
480.  0.8428839
481.  0.8446081
482.  0.8463323
483.  0.8480564
484.  0.8497806
485.  0.8515046
486.  0.8532286
487.  0.8549526
488.  0.8566765
489.  0.8584004
490.  0.8601242
491.  0.8618481
492.  0.8635718
493.  0.8652955
494.  0.8670192
495.  0.8687428
496.  0.8704664
497.  0.8721899
498.  0.8739135
499.  0.8756369
500.  0.8773603
501.  0.8790838
502.  0.8808071
503.  0.8825304
504.  0.8842536
505.  0.8859769
506.  0.8877
507.  0.8894231
508.  0.8911462
509.  0.8928693
510.  0.8945923
511.  0.8963152
512.  0.8980381
513.  0.899761
514.  0.9014838
515.  0.9032066
516.  0.9049294
517.  0.9066521
518.  0.9083748
519.  0.9100974
520.  0.91182
521.  0.9135425
522.  0.915265
523.  0.9169875
524.  0.9187099
525.  0.9204323
526.  0.9221546
527.  0.9238769
528.  0.9255991
529.  0.9273213
530.  0.9290435
531.  0.9307656
532.  0.9324877
533.  0.9342097
534.  0.9359317
535.  0.9376537
536.  0.9393756
537.  0.9410974
538.  0.9428192
539.  0.944541
540.  0.9462628
541.  0.9479845
542.  0.9497061
543.  0.9514278
544.  0.9531493
545.  0.9548708
546.  0.9565923
547.  0.9583138
548.  0.9600352
549.  0.9617565
550.  0.9634778
551.  0.9651991
552.  0.9669204
553.  0.9686416
554.  0.9703627
555.  0.9720838
556.  0.9738049
557.  0.9755259
558.  0.9772469
559.  0.9789678
560.  0.9806888
561.  0.9824096
562.  0.9841304
563.  0.9858512
564.  0.9875719
565.  0.9892926
566.  0.9910132
567.  0.9927338
568.  0.9944544
569.  0.9961749
570.  0.9978954
571.  0.9996158
572.  1.001336
573.  1.003057
574.  1.004777
575.  1.006497
576.  1.008217
577.  1.009938
578.  1.011658
579.  1.013378
580.  1.015098
581.  1.016818
582.  1.018538
583.  1.020258
584.  1.021978
585.  1.023697
586.  1.025417
587.  1.027137
588.  1.028857
589.  1.030576
590.  1.032296
591.  1.034016
592.  1.035735
593.  1.037455
594.  1.039174
595.  1.040894
596.  1.042613
597.  1.044332
598.  1.046052
599.  1.047771
600.  1.04949
601.  1.051209
602.  1.052928
603.  1.054648
604.  1.056367
605.  1.058086
606.  1.059805
607.  1.061523
608.  1.063242
609.  1.064961
610.  1.06668
611.  1.068399
612.  1.070117
613.  1.071836
614.  1.073555
615.  1.075273
616.  1.076992
617.  1.07871
618.  1.080429
619.  1.082147
620.  1.083866
621.  1.085584
622.  1.087302
623.  1.08902
624.  1.090739
625.  1.092457
626.  1.094175
627.  1.095893
628.  1.097611
629.  1.099329
630.  1.101047
631.  1.102765
632.  1.104483
633.  1.106201
634.  1.107918
635.  1.109636
636.  1.111354
637.  1.113072
638.  1.114789
639.  1.116507
640.  1.118224
641.  1.119942
642.  1.121659
643.  1.123377
644.  1.125094
645.  1.126811
646.  1.128528
647.  1.130246
648.  1.131963
649.  1.13368
650.  1.135397
651.  1.137114
652.  1.138831
653.  1.140548
654.  1.142265
655.  1.143982
656.  1.145699
657.  1.147416
658.  1.149133
659.  1.150849
660.  1.152565
661.  1.154277
662.  1.155986
663.  1.157691
664.  1.159394
665.  1.161094
666.  1.162791
667.  1.164484
668.  1.166175
669.  1.167862
670.  1.169546
671.  1.171227
672.  1.172905
673.  1.17458
674.  1.176252
675.  1.177921
676.  1.179587
677.  1.181249
678.  1.182909
679.  1.184565
680.  1.186219
681.  1.187869
682.  1.189516
683.  1.19116
684.  1.192801
685.  1.194439
686.  1.196074
687.  1.197705
688.  1.199334
689.  1.200959
690.  1.202582
691.  1.204201
692.  1.205817
693.  1.20743
694.  1.209041
695.  1.210648
696.  1.212251
697.  1.213852
698.  1.21545
699.  1.217044
700.  1.218636
701.  1.220224
702.  1.22181
703.  1.223392
704.  1.224971
705.  1.226547
706.  1.22812
707.  1.22969
708.  1.231257
709.  1.23282
710.  1.234381
711.  1.235938
712.  1.237493
713.  1.239044
714.  1.240592
715.  1.242137
716.  1.24368
717.  1.245218
718.  1.246754
719.  1.248287
720.  1.249817
721.  1.251343
722.  1.252867
723.  1.254387
724.  1.255904
725.  1.257419
726.  1.25893
727.  1.260438
728.  1.261943
729.  1.263445
730.  1.264943
731.  1.266439
732.  1.267932
733.  1.269421
734.  1.270907
735.  1.272391
736.  1.273871
737.  1.275348
738.  1.276822
739.  1.278293
740.  1.279761
741.  1.281226
742.  1.282687
743.  1.284146
744.  1.285601
745.  1.287054
746.  1.288503
747.  1.289949
748.  1.291392
749.  1.292832
750.  1.294269
751.  1.295703
752.  1.297134
753.  1.298561
754.  1.299986
755.  1.301407
756.  1.302826
757.  1.304241
758.  1.305653
759.  1.307062
760.  1.308468
761.  1.309871
762.  1.311271
763.  1.312668
764.  1.314061
765.  1.315452
766.  1.316839
767.  1.318224
768.  1.319605
769.  1.320983
770.  1.322358
771.  1.32373
772.  1.325099
773.  1.326465
774.  1.327828
775.  1.329187
776.  1.330544
777.  1.331897
778.  1.333248
779.  1.334595
780.  1.335939
781.  1.33728
782.  1.338618
783.  1.339953
784.  1.341285
785.  1.342613
786.  1.343939
787.  1.345262
788.  1.346581
789.  1.347897
790.  1.349211
791.  1.350521
792.  1.351828
793.  1.353132
794.  1.354433
795.  1.355731
796.  1.357025
797.  1.358317
798.  1.359605
799.  1.360891
800.  1.362173
801.  1.363452
802.  1.364729
803.  1.366002
804.  1.367272
805.  1.368538
806.  1.369802
807.  1.371063
808.  1.372321
809.  1.373575
810.  1.374826
811.  1.376075
812.  1.37732
813.  1.378562
814.  1.379801
815.  1.381037
816.  1.38227
817.  1.3835
818.  1.384727
819.  1.38595
820.  1.387171
821.  1.388388
822.  1.389602
823.  1.390814
824.  1.392022
825.  1.393227
826.  1.394429
827.  1.395627
828.  1.396823
829.  1.398016
830.  1.399206
831.  1.400392
832.  1.401575
833.  1.402756
834.  1.403933
835.  1.405107
836.  1.406278
837.  1.407446
838.  1.408611
839.  1.409773
840.  1.410931
841.  1.412087
842.  1.413239
843.  1.414389
844.  1.415535
845.  1.416678
846.  1.417819
847.  1.418956
848.  1.420089
849.  1.42122
850.  1.422348
851.  1.423473
852.  1.424594
853.  1.425713
854.  1.426828
855.  1.42794
856.  1.42905
857.  1.430156
858.  1.431259
859.  1.432359
860.  1.433456
861.  1.434549
862.  1.43564
863.  1.436728
864.  1.437812
865.  1.438893
866.  1.439972
867.  1.441047
868.  1.442119
869.  1.443188
870.  1.444254
871.  1.445317
872.  1.446376
873.  1.447433
874.  1.448487
875.  1.449537
876.  1.450585
877.  1.451629
878.  1.45267
879.  1.453708
880.  1.454743
881.  1.455775
882.  1.456804
883.  1.45783
884.  1.458852
885.  1.459872
886.  1.460888
887.  1.461902
888.  1.462912
889.  1.463919
890.  1.464923
891.  1.465924
892.  1.466922
893.  1.467917
894.  1.468909
895.  1.469897
896.  1.470883
897.  1.471865
898.  1.472844
899.  1.473821
900.  1.474794
901.  1.475764
902.  1.476731
903.  1.477695
904.  1.478656
905.  1.479613
906.  1.480568
907.  1.48152
908.  1.482468
909.  1.483413
910.  1.484356
911.  1.485295
912.  1.486231
913.  1.487164
914.  1.488094
915.  1.489021
916.  1.489944
917.  1.490865
918.  1.491782
919.  1.492697
920.  1.493608
921.  1.494516
922.  1.495422
923.  1.496324
924.  1.497223
925.  1.498119
926.  1.499011
927.  1.499901
928.  1.500788
929.  1.501671
930.  1.502552
931.  1.503429
932.  1.504303
933.  1.505174
934.  1.506042
935.  1.506907
936.  1.507769
937.  1.508628
938.  1.509484
939.  1.510336
940.  1.511186
941.  1.512032
942.  1.512875
943.  1.513716
944.  1.514553
945.  1.515387
946.  1.516218
947.  1.517046
948.  1.51787
949.  1.518692
950.  1.519511
951.  1.520326
952.  1.521139
953.  1.521948
954.  1.522754
955.  1.523557
956.  1.524357
957.  1.525154
958.  1.525948
959.  1.526739
960.  1.527527
961.  1.528311
962.  1.529093
963.  1.529871
964.  1.530646
965.  1.531419
966.  1.532188
967.  1.532954
968.  1.533717
969.  1.534477
970.  1.535233
971.  1.535987
972.  1.536738
973.  1.537485
974.  1.538229
975.  1.538971
976.  1.539709
977.  1.540444
978.  1.541176
979.  1.541905
980.  1.542631
981.  1.543354
982.  1.544073
983.  1.54479
984.  1.545503
985.  1.546214
986.  1.546921
987.  1.547625
988.  1.548326
989.  1.549024
990.  1.549717
991.  1.550406
992.  1.551091
993.  1.551772
994.  1.552449
995.  1.553121
996.  1.55379
997.  1.554454
998.  1.555114
999.  1.55577
1000.  1.556422
1001.  1.557069
1002.  1.557713
1003.  1.558352
1004.  1.558987
1005.  1.559618
1006.  1.560245
1007.  1.560868
1008.  1.561486
1009.  1.5621
1010.  1.562711
1011.  1.563317
1012.  1.563918
1013.  1.564516
1014.  1.56511
1015.  1.565699
1016.  1.566284
1017.  1.566865
1018.  1.567442
1019.  1.568015
1020.  1.568584
1021.  1.569148
1022.  1.569708
1023.  1.570265
1024.  1.570817
1025.  1.571364
1026.  1.571908
1027.  1.572448
1028.  1.572983
1029.  1.573514
1030.  1.574041
1031.  1.574564
1032.  1.575083
1033.  1.575597
1034.  1.576108
1035.  1.576614
1036.  1.577116
1037.  1.577614
1038.  1.578108
1039.  1.578597
1040.  1.579083
1041.  1.579564
1042.  1.580041
1043.  1.580514
1044.  1.580983
1045.  1.581448
1046.  1.581908
1047.  1.582365
1048.  1.582817
1049.  1.583265
1050.  1.583709
1051.  1.584148
1052.  1.584584
1053.  1.585015
1054.  1.585443
1055.  1.585866
1056.  1.586285
1057.  1.586699
1058.  1.58711
1059.  1.587517
1060.  1.587919
1061.  1.588317
1062.  1.588711
1063.  1.589101
1064.  1.589486
1065.  1.589868
1066.  1.590245
1067.  1.590619
1068.  1.590988
1069.  1.591353
1070.  1.591713
1071.  1.59207
1072.  1.592422
1073.  1.592771
1074.  1.593115
1075.  1.593455
1076.  1.59379
1077.  1.594122
1078.  1.59445
1079.  1.594773
1080.  1.595092
1081.  1.595407
1082.  1.595718
1083.  1.596025
1084.  1.596327
1085.  1.596625
1086.  1.59692
1087.  1.59721
1088.  1.597496
1089.  1.597777
1090.  1.598055
1091.  1.598328
1092.  1.598598
1093.  1.598863
1094.  1.599124
1095.  1.599381
1096.  1.599633
1097.  1.599882
1098.  1.600126
1099.  1.600366
1100.  1.600602
1101.  1.600834
1102.  1.601062
1103.  1.601285
1104.  1.601505
1105.  1.60172
1106.  1.601931
1107.  1.602138
1108.  1.602341
1109.  1.602539
1110.  1.602734
1111.  1.602924
1112.  1.60311
1113.  1.603292
1114.  1.60347
1115.  1.603644
1116.  1.603813
1117.  1.603978
1118.  1.60414
1119.  1.604297
1120.  1.60445
1121.  1.604598
1122.  1.604743
1123.  1.604883
1124.  1.605019
1125.  1.605152
1126.  1.605279
1127.  1.605403
1128.  1.605523
1129.  1.605638
1130.  1.60575
1131.  1.605857
1132.  1.60596
1133.  1.606058
1134.  1.606153
1135.  1.606244
1136.  1.60633
1137.  1.606412
1138.  1.60649
1139.  1.606564
1140.  1.606634
1141.  1.606699
1142.  1.606761
1143.  1.606818
1144.  1.606871
1145.  1.60692
1146.  1.606965
1147.  1.607005
1148.  1.607042
1149.  1.607074
1150.  1.607102
1151.  1.607126
1152.  1.607146
1153.  1.607162
1154.  1.607173
1155.  1.607181
1156.  1.607184
1157.  1.607183
1158.  1.607178
1159.  1.607169
1160.  1.607155
1161.  1.607138
1162.  1.607116
1163.  1.60709
1164.  1.60706
1165.  1.607026
1166.  1.606987
1167.  1.606945
1168.  1.606898
1169.  1.606847
1170.  1.606792
1171.  1.606733
1172.  1.60667
1173.  1.606602
1174.  1.606531
1175.  1.606455
1176.  1.606375
1177.  1.606291
1178.  1.606203
1179.  1.60611
1180.  1.606014
1181.  1.605913
1182.  1.605808
1183.  1.605699
1184.  1.605586
1185.  1.605468
1186.  1.605347
1187.  1.605221
1188.  1.605091
1189.  1.604957
1190.  1.604819
1191.  1.604677
1192.  1.60453
1193.  1.60438
1194.  1.604225
1195.  1.604066
1196.  1.603903
1197.  1.603736
1198.  1.603564
1199.  1.603389
1200.  1.603209
1201.  1.603025
1202.  1.602837
1203.  1.602645
1204.  1.602449
1205.  1.602248
1206.  1.602044
1207.  1.601835
1208.  1.601622
1209.  1.601405
1210.  1.601183
1211.  1.600958
1212.  1.600728
1213.  1.600495
1214.  1.600257
1215.  1.600014
1216.  1.599768
1217.  1.599518
1218.  1.599263
1219.  1.599005
1220.  1.598742
1221.  1.598475
1222.  1.598203
1223.  1.597928
1224.  1.597649
1225.  1.597365
1226.  1.597077
1227.  1.596785
1228.  1.596489
1229.  1.596189
1230.  1.595884
1231.  1.595576
1232.  1.595263
1233.  1.594946
1234.  1.594625
1235.  1.5943
1236.  1.59397
1237.  1.593637
1238.  1.593299
1239.  1.592957
1240.  1.592611
1241.  1.592261
1242.  1.591907
1243.  1.591548
1244.  1.591186
1245.  1.590819
1246.  1.590448
1247.  1.590073
1248.  1.589693
1249.  1.58931
1250.  1.588923
1251.  1.588531
1252.  1.588135
1253.  1.587735
1254.  1.587331
1255.  1.586922
1256.  1.58651
1257.  1.586093
1258.  1.585672
1259.  1.585247
1260.  1.584818
1261.  1.584385
1262.  1.583947
1263.  1.583506
1264.  1.58306
1265.  1.58261
1266.  1.582156
1267.  1.581697
1268.  1.581235
1269.  1.580768
1270.  1.580298
1271.  1.579823
1272.  1.579344
1273.  1.578861
1274.  1.578373
1275.  1.577882
1276.  1.577386
1277.  1.576886
1278.  1.576382
1279.  1.575874
1280.  1.575362
1281.  1.574845
1282.  1.574324
1283.  1.5738
1284.  1.573271
1285.  1.572738
1286.  1.5722
1287.  1.571659
1288.  1.571113
1289.  1.570564
1290.  1.57001
1291.  1.569452
1292.  1.56889
1293.  1.568323
1294.  1.567753
1295.  1.567178
1296.  1.566599
1297.  1.566016
1298.  1.565429
1299.  1.564838
1300.  1.564242
1301.  1.563643
1302.  1.563039
1303.  1.562431
1304.  1.561819
1305.  1.561203
1306.  1.560582
1307.  1.559958
1308.  1.559329
1309.  1.558696
1310.  1.558059
1311.  1.557418
1312.  1.556773
1313.  1.556123
1314.  1.555469
1315.  1.554812
1316.  1.55415
1317.  1.553483
1318.  1.552814
1319.  1.552142
1320.  1.551467
1321.  1.55079
1322.  1.55011
1323.  1.549428
1324.  1.548743
1325.  1.548055
1326.  1.547365
1327.  1.546672
1328.  1.545977
1329.  1.545279
1330.  1.544578
1331.  1.543875
1332.  1.543169
1333.  1.542461
1334.  1.54175
1335.  1.541036
1336.  1.54032
1337.  1.539602
1338.  1.53888
1339.  1.538157
1340.  1.53743
1341.  1.536701
1342.  1.535969
1343.  1.535235
1344.  1.534498
1345.  1.533759
1346.  1.533017
1347.  1.532273
1348.  1.531525
1349.  1.530776
1350.  1.530023
1351.  1.529268
1352.  1.528511
1353.  1.527751
1354.  1.526988
1355.  1.526223
1356.  1.525455
1357.  1.524685
1358.  1.523912
1359.  1.523136
1360.  1.522358
1361.  1.521577
1362.  1.520794
1363.  1.520008
1364.  1.519219
1365.  1.518428
1366.  1.517634
1367.  1.516838
1368.  1.516039
1369.  1.515237
1370.  1.514433
1371.  1.513627
1372.  1.512817
1373.  1.512006
1374.  1.511191
1375.  1.510374
1376.  1.509555
1377.  1.508732
1378.  1.507908
1379.  1.50708
1380.  1.50625
1381.  1.505418
1382.  1.504582
1383.  1.503745
1384.  1.502904
1385.  1.502061
1386.  1.501216
1387.  1.500368
1388.  1.499517
1389.  1.498664
1390.  1.497808
1391.  1.49695
1392.  1.496089
1393.  1.495225
1394.  1.494359
1395.  1.49349
1396.  1.492619
1397.  1.491745
1398.  1.490868
1399.  1.489989
1400.  1.489107
1401.  1.488223
1402.  1.487336
1403.  1.486447
1404.  1.485555
1405.  1.48466
1406.  1.483763
1407.  1.482863
1408.  1.48196
1409.  1.481055
1410.  1.480148
1411.  1.479238
1412.  1.478325
1413.  1.477409
1414.  1.476491
1415.  1.475571
1416.  1.474648
1417.  1.473722
1418.  1.472794
1419.  1.471863
1420.  1.470929
1421.  1.469993
1422.  1.469055
1423.  1.468113
1424.  1.467169
1425.  1.466223
1426.  1.465274
1427.  1.464322
1428.  1.463368
1429.  1.462411
1430.  1.461452
1431.  1.46049
1432.  1.459525
1433.  1.458558
1434.  1.457589
1435.  1.456616
1436.  1.455642
1437.  1.454664
1438.  1.453684
1439.  1.452701
1440.  1.451716
1441.  1.450728
1442.  1.449738
1443.  1.448745
1444.  1.447749
1445.  1.446751
1446.  1.44575
1447.  1.444747
1448.  1.443741
1449.  1.442732
1450.  1.441721
1451.  1.440707
1452.  1.439691
1453.  1.438672
1454.  1.437651
1455.  1.436627
1456.  1.4356
1457.  1.434571
1458.  1.433539
1459.  1.432504
1460.  1.431467
1461.  1.430428
1462.  1.429386
1463.  1.428341
1464.  1.427294
1465.  1.426244
1466.  1.425191
1467.  1.424136
1468.  1.423078
1469.  1.422018
1470.  1.420955
1471.  1.419889
1472.  1.418821
1473.  1.417751
1474.  1.416677
1475.  1.415602
1476.  1.414523
1477.  1.413442
1478.  1.412359
1479.  1.411273
1480.  1.410184
1481.  1.409092
1482.  1.407998
1483.  1.406902
1484.  1.405803
1485.  1.404701
1486.  1.403597
1487.  1.40249
1488.  1.40138
1489.  1.400268
1490.  1.399154
1491.  1.398036
1492.  1.396917
1493.  1.395794
1494.  1.394669
1495.  1.393542
1496.  1.392411
1497.  1.391279
1498.  1.390143
1499.  1.389005
1500.  1.387865
1501.  1.386722
1502.  1.385576
1503.  1.384428
1504.  1.383277
1505.  1.382123
1506.  1.380967
1507.  1.379809
1508.  1.378647
1509.  1.377483
1510.  1.376317
1511.  1.375148
1512.  1.373976
1513.  1.372802
1514.  1.371625
1515.  1.370446
1516.  1.369264
1517.  1.36808
1518.  1.366892
1519.  1.365703
1520.  1.364511
1521.  1.363316
1522.  1.362118
1523.  1.360918
1524.  1.359715
1525.  1.35851
1526.  1.357302
1527.  1.356092
1528.  1.354879
1529.  1.353663
1530.  1.352445
1531.  1.351224
1532.  1.350001
1533.  1.348775
1534.  1.347547
1535.  1.346316
1536.  1.345082
1537.  1.343845
1538.  1.342607
1539.  1.341365
1540.  1.340121
1541.  1.338874
1542.  1.337625
1543.  1.336373
1544.  1.335119
1545.  1.333862
1546.  1.332602
1547.  1.33134
1548.  1.330075
1549.  1.328808
1550.  1.327538
1551.  1.326266
1552.  1.324991
1553.  1.323713
1554.  1.322433
1555.  1.32115
1556.  1.319864
1557.  1.318576
1558.  1.317285
1559.  1.315992
1560.  1.314696
1561.  1.313398
1562.  1.312097
1563.  1.310793
1564.  1.309487
1565.  1.308178
1566.  1.306867
1567.  1.305553
1568.  1.304237
1569.  1.302917
1570.  1.301596
1571.  1.300272
1572.  1.298945
1573.  1.297615
1574.  1.296283
1575.  1.294948
1576.  1.293611
1577.  1.292271
1578.  1.290929
1579.  1.289584
1580.  1.288236
1581.  1.286886
1582.  1.285534
1583.  1.284178
1584.  1.28282
1585.  1.28146
1586.  1.280097
1587.  1.278731
1588.  1.277363
1589.  1.275992
1590.  1.274618
1591.  1.273242
1592.  1.271864
1593.  1.270482
1594.  1.269099
1595.  1.267712
1596.  1.266323
1597.  1.264932
1598.  1.263537
1599.  1.262141
1600.  1.260741
1601.  1.259339
1602.  1.257935
1603.  1.256528
1604.  1.255118
1605.  1.253706
1606.  1.252291
1607.  1.250873
1608.  1.249453
1609.  1.248031
1610.  1.246606
1611.  1.245178
1612.  1.243747
1613.  1.242314
1614.  1.240879
1615.  1.239441
1616.  1.238
1617.  1.236557
1618.  1.235111
1619.  1.233662
1620.  1.232211
1621.  1.230757
1622.  1.229301
1623.  1.227842
1624.  1.226381
1625.  1.224917
1626.  1.22345
1627.  1.221981
1628.  1.220509
1629.  1.219035
1630.  1.217558
1631.  1.216078
1632.  1.214596
1633.  1.213111
1634.  1.211624
1635.  1.210134
1636.  1.208641
1637.  1.207146
1638.  1.205648
1639.  1.204148
1640.  1.202645
1641.  1.20114
1642.  1.199632
1643.  1.198121
1644.  1.196608
1645.  1.195092
1646.  1.193574
1647.  1.192054
1648.  1.190534
1649.  1.189015
1650.  1.187495
1651.  1.185976
1652.  1.184456
1653.  1.182937
1654.  1.181418
1655.  1.179898
1656.  1.178379
1657.  1.17686
1658.  1.175341
1659.  1.173822
1660.  1.172303
1661.  1.170784
1662.  1.169265
1663.  1.167746
1664.  1.166227
1665.  1.164708
1666.  1.163189
1667.  1.16167
1668.  1.160152
1669.  1.158633
1670.  1.157115
1671.  1.155596
1672.  1.154077
1673.  1.152559
1674.  1.151041
1675.  1.149522
1676.  1.148004
1677.  1.146486
1678.  1.144967
1679.  1.143449
1680.  1.141931
1681.  1.140413
1682.  1.138895
1683.  1.137377
1684.  1.135859
1685.  1.134341
1686.  1.132823
1687.  1.131305
1688.  1.129787
1689.  1.12827
1690.  1.126752
1691.  1.125234
1692.  1.123717
1693.  1.122199
1694.  1.120682
1695.  1.119164
1696.  1.117647
1697.  1.11613
1698.  1.114612
1699.  1.113095
1700.  1.111578
1701.  1.110061
1702.  1.108543
1703.  1.107026
1704.  1.105509
1705.  1.103992
1706.  1.102475
1707.  1.100958
1708.  1.099442
1709.  1.097925
1710.  1.096408
1711.  1.094891
1712.  1.093375
1713.  1.091858
1714.  1.090341
1715.  1.088825
1716.  1.087308
1717.  1.085792
1718.  1.084276
1719.  1.082759
1720.  1.081243
1721.  1.079727
1722.  1.07821
1723.  1.076694
1724.  1.075178
1725.  1.073662
1726.  1.072146
1727.  1.07063
1728.  1.069114
1729.  1.067598
1730.  1.066082
1731.  1.064567
1732.  1.063051
1733.  1.061535
1734.  1.06002
1735.  1.058504
1736.  1.056988
1737.  1.055473
1738.  1.053957
1739.  1.052442
1740.  1.050927
1741.  1.049411
1742.  1.047896
1743.  1.046381
1744.  1.044865
1745.  1.04335
1746.  1.041835
1747.  1.04032
1748.  1.038805
1749.  1.03729
1750.  1.035775
1751.  1.034261
1752.  1.032746
1753.  1.031231
1754.  1.029716
1755.  1.028201
1756.  1.026687
1757.  1.025172
1758.  1.023658
1759.  1.022143
1760.  1.020629
1761.  1.019114
1762.  1.0176
1763.  1.016086
1764.  1.014571
1765.  1.013057
1766.  1.011543
1767.  1.010029
1768.  1.008515
1769.  1.007001
1770.  1.005487
1771.  1.003973
1772.  1.002459
1773.  1.000945
1774.  0.9994311
1775.  0.9979174
1776.  0.9964036
1777.  0.99489
1778.  0.9933763
1779.  0.9918627
1780.  0.9903492
1781.  0.9888357
1782.  0.9873223
1783.  0.9858088
1784.  0.9842955
1785.  0.9827822
1786.  0.9812689
1787.  0.9797558
1788.  0.9782426
1789.  0.9767295
1790.  0.9752164
1791.  0.9737034
1792.  0.9721904
1793.  0.9706774
1794.  0.9691646
1795.  0.9676517
1796.  0.9661389
1797.  0.9646261
1798.  0.9631134
1799.  0.9616008
1800.  0.9600882
1801.  0.9585756
1802.  0.9570631
1803.  0.9555506
1804.  0.9540382
1805.  0.9525258
1806.  0.9510134
1807.  0.9495012
1808.  0.9479889
1809.  0.9464767
1810.  0.9449646
1811.  0.9434525
1812.  0.9419404
1813.  0.9404284
1814.  0.9389164
1815.  0.9374045
1816.  0.9358926
1817.  0.9343808
1818.  0.932869
1819.  0.9313573
1820.  0.9298456
1821.  0.9283339
1822.  0.9268223
1823.  0.9253108
1824.  0.9237993
1825.  0.9222878
1826.  0.9207764
1827.  0.919265
1828.  0.9177537
1829.  0.9162424
1830.  0.9147312
1831.  0.91322
1832.  0.9117089
1833.  0.9101978
1834.  0.9086868
1835.  0.9071757
1836.  0.9056648
1837.  0.9041539
1838.  0.902643
1839.  0.9011322
1840.  0.8996214
1841.  0.8981107
1842.  0.8966
1843.  0.8950894
1844.  0.8935788
1845.  0.8920683
1846.  0.8905578
1847.  0.8890473
1848.  0.8875369
1849.  0.8860266
1850.  0.8845162
1851.  0.883006
1852.  0.8814958
1853.  0.8799856
1854.  0.8784755
1855.  0.8769654
1856.  0.8754554
1857.  0.8739454
1858.  0.8724355
1859.  0.8709255
1860.  0.8694157
1861.  0.8679059
1862.  0.8663961
1863.  0.8648864
1864.  0.8633768
1865.  0.8618671
1866.  0.8603576
1867.  0.858848
1868.  0.8573385
1869.  0.8558291
1870.  0.8543198
1871.  0.8528104
1872.  0.8513011
1873.  0.8497919
1874.  0.8482827
1875.  0.8467735
1876.  0.8452644
1877.  0.8437554
1878.  0.8422463
1879.  0.8407373
1880.  0.8392284
1881.  0.8377196
1882.  0.8362107
1883.  0.8347019
1884.  0.8331932
1885.  0.8316845
1886.  0.8301758
1887.  0.8286672
1888.  0.8271587
1889.  0.8256502
1890.  0.8241417
1891.  0.8226333
1892.  0.8211249
1893.  0.8196166
1894.  0.8181083
1895.  0.8166001
1896.  0.8150918
1897.  0.8135837
1898.  0.8120756
1899.  0.8105676
1900.  0.8090596
1901.  0.8075516
1902.  0.8060437
1903.  0.8045359
1904.  0.803028
1905.  0.8015202
1906.  0.8000125
1907.  0.7985048
1908.  0.7969972
1909.  0.7954896
1910.  0.7939821
1911.  0.7924746
1912.  0.7909671
1913.  0.7894597
1914.  0.7879524
1915.  0.786445
1916.  0.7849378
1917.  0.7834306
1918.  0.7819234
1919.  0.7804163
1920.  0.7789091
1921.  0.7774022
1922.  0.7758952
1923.  0.7743882
1924.  0.7728813
1925.  0.7713745
1926.  0.7698677
1927.  0.7683609
1928.  0.7668542
1929.  0.7653475
1930.  0.7638409
1931.  0.7623343
1932.  0.7608278
1933.  0.7593213
1934.  0.7578149
1935.  0.7563085
1936.  0.7548021
1937.  0.7532958
1938.  0.7517896
1939.  0.7502834
1940.  0.7487772
1941.  0.7472711
1942.  0.745765
1943.  0.744259
1944.  0.742753
1945.  0.7412471
1946.  0.7397412
1947.  0.7382354
1948.  0.7367296
1949.  0.7352238
1950.  0.7337182
1951.  0.7322125
1952.  0.7307069
1953.  0.7292013
1954.  0.7276958
1955.  0.7261903
1956.  0.7246849
1957.  0.7231795
1958.  0.7216742
1959.  0.7201689
1960.  0.7186637
1961.  0.7171585
1962.  0.7156534
1963.  0.7141482
1964.  0.7126432
1965.  0.7111382
1966.  0.7096332
1967.  0.7081283
1968.  0.7066234
1969.  0.7051186
1970.  0.7036138
1971.  0.7021091
1972.  0.7006044
1973.  0.6990998
1974.  0.6975952
1975.  0.6960906
1976.  0.6945871
1977.  0.6930853
1978.  0.6915854
1979.  0.6900874
1980.  0.6885912
1981.  0.6870968
1982.  0.6856044
1983.  0.6841137
1984.  0.682625
1985.  0.681138
1986.  0.679653
1987.  0.6781698
1988.  0.6766884
1989.  0.6752089
1990.  0.6737313
1991.  0.6722555
1992.  0.6707815
1993.  0.6693094
1994.  0.6678392
1995.  0.6663707
1996.  0.6649042
1997.  0.6634396
1998.  0.6619767
1999.  0.6605157
2000.  0.6590566
2001.  0.6575993
2002.  0.6561439
2003.  0.6546904
2004.  0.6532387
2005.  0.6517888
2006.  0.6503408
2007.  0.6488946
2008.  0.6474503
2009.  0.6460079
2010.  0.6445673
2011.  0.6431285
2012.  0.6416916
2013.  0.6402566
2014.  0.6388234
2015.  0.6373921
2016.  0.6359626
2017.  0.634535
2018.  0.6331092
2019.  0.6316853
2020.  0.6302633
2021.  0.628843
2022.  0.6274247
2023.  0.6260082
2024.  0.6245935
2025.  0.6231807
2026.  0.6217698
2027.  0.6203607
2028.  0.6189535
2029.  0.617548
2030.  0.6161445
2031.  0.6147428
2032.  0.613343
2033.  0.611945
2034.  0.6105489
2035.  0.6091546
2036.  0.6077622
2037.  0.6063716
2038.  0.604983
2039.  0.6035961
2040.  0.6022111
2041.  0.6008279
2042.  0.5994467
2043.  0.5980672
2044.  0.5966896
2045.  0.5953138
2046.  0.59394
2047.  0.5925679
2048.  0.5911977
2049.  0.5898294
2050.  0.5884629
2051.  0.5870984
2052.  0.5857356
2053.  0.5843747
2054.  0.5830156
2055.  0.5816584
2056.  0.580303
2057.  0.5789495
2058.  0.5775979
2059.  0.576248
2060.  0.5749002
2061.  0.573554
2062.  0.5722098
2063.  0.5708674
2064.  0.5695269
2065.  0.5681882
2066.  0.5668514
2067.  0.5655164
2068.  0.5641833
2069.  0.562852
2070.  0.5615226
2071.  0.560195
2072.  0.5588693
2073.  0.5575455
2074.  0.5562235
2075.  0.5549033
2076.  0.553585
2077.  0.5522686
2078.  0.550954
2079.  0.5496413
2080.  0.5483304
2081.  0.5470213
2082.  0.5457141
2083.  0.5444089
2084.  0.5431054
2085.  0.5418037
2086.  0.540504
2087.  0.5392061
2088.  0.53791
2089.  0.5366158
2090.  0.5353234
2091.  0.5340329
2092.  0.5327443
2093.  0.5314575
2094.  0.5301725
2095.  0.5288895
2096.  0.5276082
2097.  0.5263289
2098.  0.5250513
2099.  0.5237756
2100.  0.5225018
2101.  0.5212299
2102.  0.5199597
2103.  0.5186915
2104.  0.5174251
2105.  0.5161605
2106.  0.5148978
2107.  0.5136369
2108.  0.5123779
2109.  0.5111208
2110.  0.5098655
2111.  0.508612
2112.  0.5073605
2113.  0.5061107
2114.  0.5048628
2115.  0.5036168
2116.  0.5023726
2117.  0.5011303
2118.  0.4998899
2119.  0.4986512
2120.  0.4974145
2121.  0.4961796
2122.  0.4949465
2123.  0.4937153
2124.  0.4924859
2125.  0.4912584
2126.  0.4900328
2127.  0.488809
2128.  0.4875871
2129.  0.486367
2130.  0.4851488
2131.  0.4839324
2132.  0.4827178
2133.  0.4815052
2134.  0.4802943
2135.  0.4790854
2136.  0.4778782
2137.  0.476673
2138.  0.4754696
2139.  0.474268
2140.  0.4730683
2141.  0.4718705
2142.  0.4706745
2143.  0.4694803
2144.  0.468288
2145.  0.4670976
2146.  0.465909
2147.  0.4647223
2148.  0.4635374
2149.  0.4623544
2150.  0.4611732
2151.  0.4599939
2152.  0.4588164
2153.  0.4576408
2154.  0.456467
2155.  0.4552951
2156.  0.4541251
2157.  0.4529569
2158.  0.4517905
2159.  0.450626
2160.  0.4494634
2161.  0.4483026
2162.  0.4471436
2163.  0.4459866
2164.  0.4448313
2165.  0.443678
2166.  0.4425264
2167.  0.4413768
2168.  0.4402289
2169.  0.439083
2170.  0.4379389
2171.  0.4367966
2172.  0.4356562
2173.  0.4345177
2174.  0.4333809
2175.  0.4322461
2176.  0.4311131
2177.  0.4299819
2178.  0.4288527
2179.  0.4277252
2180.  0.4265997
2181.  0.4254759
2182.  0.424354
2183.  0.423234
2184.  0.4221158
2185.  0.4209995
2186.  0.4198851
2187.  0.4187725
2188.  0.4176617
2189.  0.4165528
2190.  0.4154457
2191.  0.4143405
2192.  0.4132372
2193.  0.4121357
2194.  0.411036
2195.  0.4099382
2196.  0.4088423
2197.  0.4077483
2198.  0.406656
2199.  0.4055656
2200.  0.4044771
2201.  0.4033904
2202.  0.4023056
2203.  0.4012227
2204.  0.4001416
2205.  0.3990623
2206.  0.3979849
2207.  0.3969093
2208.  0.3958356
2209.  0.3947638
2210.  0.3936938
2211.  0.3926257
2212.  0.3915594
2213.  0.3904949
2214.  0.3894324
2215.  0.3883716
2216.  0.3873128
2217.  0.3862557
2218.  0.3852006
2219.  0.3841473
2220.  0.3830958
2221.  0.3820462
2222.  0.3809984
2223.  0.3799525
2224.  0.3789085
2225.  0.3778663
2226.  0.3768259
2227.  0.3757874
2228.  0.3747508
2229.  0.373716
2230.  0.3726831
2231.  0.371652
2232.  0.3706228
2233.  0.3695954
2234.  0.3685699
2235.  0.3675462
2236.  0.3665244
2237.  0.3655044
2238.  0.3644863
2239.  0.3634701
2240.  0.3624557
2241.  0.3614431
2242.  0.3604324
2243.  0.3594236
2244.  0.3584166
2245.  0.3574114
2246.  0.3564081
2247.  0.3554067
2248.  0.3544072
2249.  0.3534094
2250.  0.3524136
2251.  0.3514195
2252.  0.3504274
2253.  0.3494371
2254.  0.3484486
2255.  0.347462
2256.  0.3464772
2257.  0.3454943
2258.  0.3445133
2259.  0.3435341
2260.  0.3425567
2261.  0.3415813
2262.  0.3406076
2263.  0.3396358
2264.  0.3386659
2265.  0.3376978
2266.  0.3367316
2267.  0.3357672
2268.  0.3348047
2269.  0.333844
2270.  0.3328852
2271.  0.3319283
2272.  0.3309732
2273.  0.3300199
2274.  0.3290685
2275.  0.328119
2276.  0.3271713
2277.  0.3262254
2278.  0.3252814
2279.  0.3243393
2280.  0.323399
2281.  0.3224606
2282.  0.321524
2283.  0.3205893
2284.  0.3196564
2285.  0.3187254
2286.  0.3177963
2287.  0.3168689
2288.  0.3159435
2289.  0.3150199
2290.  0.3140981
2291.  0.3131782
2292.  0.3122602
2293.  0.311344
2294.  0.3104296
2295.  0.3095172
2296.  0.3086065
2297.  0.3076977
2298.  0.3067908
2299.  0.3058857
2300.  0.3049825
2301.  0.3040811
2302.  0.3031816
2303.  0.302284
2304.  0.3013882
