6.  0.3389589
7.  0.3400803
8.  0.341203
9.  0.3423271
10.  0.3434525
11.  0.3445793
12.  0.3457074
13.  0.346837
14.  0.3479679
15.  0.3491001
16.  0.3502337
17.  0.3513686
18.  0.3525049
19.  0.3536426
20.  0.3547816
21.  0.355922
22.  0.3570637
23.  0.3582068
24.  0.3593513
25.  0.3604971
26.  0.3616443
27.  0.3627928
28.  0.3639427
29.  0.365094
30.  0.3662466
31.  0.3674005
32.  0.3685559
33.  0.3697125
34.  0.3708706
35.  0.37203
36.  0.3731907
37.  0.3743528
38.  0.3755163
39.  0.3766811
40.  0.3778473
41.  0.3790149
42.  0.3801838
43.  0.3813541
44.  0.3825257
45.  0.3836987
46.  0.384873
47.  0.3860487
48.  0.3872258
49.  0.3884042
50.  0.389584
51.  0.3907651
52.  0.3919476
53.  0.3931314
54.  0.3943166
55.  0.3955032
56.  0.3966911
57.  0.3978804
58.  0.3990711
59.  0.4002631
60.  0.4014564
61.  0.4026511
62.  0.4038472
63.  0.4050446
64.  0.4062434
65.  0.4074436
66.  0.4086451
67.  0.4098479
68.  0.4110522
69.  0.4122578
70.  0.4134647
71.  0.414673
72.  0.4158826
73.  0.4170937
74.  0.4183061
75.  0.4195198
76.  0.4207349
77.  0.4219513
78.  0.4231691
79.  0.4243883
80.  0.4256088
81.  0.4268307
82.  0.4280539
83.  0.4292786
84.  0.4305045
85.  0.4317318
86.  0.4329605
87.  0.4341905
88.  0.4354219
89.  0.4366547
90.  0.4378888
91.  0.4391242
92.  0.4403611
93.  0.4415992
94.  0.4428388
95.  0.4440797
96.  0.4453219
97.  0.4465655
98.  0.4478105
99.  0.4490569
100.  0.4503045
101.  0.4515536
102.  0.452804
103.  0.4540558
104.  0.4553089
105.  0.4565634
106.  0.4578192
107.  0.4590764
108.  0.460335
109.  0.4615949
110.  0.4628562
111.  0.4641188
112.  0.4653828
113.  0.4666481
114.  0.4679148
115.  0.4691829
116.  0.4704523
117.  0.4717231
118.  0.4729953
119.  0.4742688
120.  0.4755436
121.  0.4768198
122.  0.4780974
123.  0.4793763
124.  0.4806566
125.  0.4819383
126.  0.4832213
127.  0.4845057
128.  0.4857914
129.  0.4870785
130.  0.4883669
131.  0.4896567
132.  0.4909478
133.  0.4922404
134.  0.4935342
135.  0.4948295
136.  0.4961261
137.  0.497424
138.  0.4987233
139.  0.500024
140.  0.501326
141.  0.5026294
142.  0.5039341
143.  0.5052402
144.  0.5065477
145.  0.5078565
146.  0.5091667
147.  0.5104782
148.  0.5117911
149.  0.5131053
150.  0.514421
151.  0.515738
152.  0.5170562
153.  0.5183759
154.  0.519697
155.  0.5210194
156.  0.5223431
157.  0.5236682
158.  0.5249947
159.  0.5263225
160.  0.5276517
161.  0.5289823
162.  0.5303142
163.  0.5316474
164.  0.5329821
165.  0.5343181
166.  0.5356554
167.  0.5369941
168.  0.5383342
169.  0.5396756
170.  0.5410184
171.  0.5423625
172.  0.543708
173.  0.5450549
174.  0.5464031
175.  0.5477526
176.  0.5491035
177.  0.5504558
178.  0.5518094
179.  0.5531644
180.  0.5545208
181.  0.5558785
182.  0.5572376
183.  0.558598
184.  0.5599598
185.  0.561323
186.  0.5626875
187.  0.5640534
188.  0.5654206
189.  0.5667892
190.  0.5681591
191.  0.5695304
192.  0.5709031
193.  0.5722771
194.  0.5736524
195.  0.5750291
196.  0.5764073
197.  0.5777867
198.  0.5791675
199.  0.5805497
200.  0.5819332
201.  0.5833181
202.  0.5847043
203.  0.5860919
204.  0.5874809
205.  0.5888712
206.  0.5902629
207.  0.5916559
208.  0.5930503
209.  0.5944461
210.  0.5958431
211.  0.5972416
212.  0.5986415
213.  0.6000426
214.  0.6014451
215.  0.6028491
216.  0.6042543
217.  0.6056609
218.  0.6070689
219.  0.6084782
220.  0.6098889
221.  0.611301
222.  0.6127144
223.  0.6141291
224.  0.6155453
225.  0.6169627
226.  0.6183816
227.  0.6198018
228.  0.6212233
229.  0.6226463
230.  0.6240705
231.  0.6254961
232.  0.6269231
233.  0.6283515
234.  0.6297812
235.  0.6312123
236.  0.6326447
237.  0.6340785
238.  0.6355137
239.  0.6369501
240.  0.638388
241.  0.6398272
242.  0.6412678
243.  0.6427097
244.  0.644153
245.  0.6455976
246.  0.6470436
247.  0.648491
248.  0.6499398
249.  0.6513898
250.  0.6528413
251.  0.6542941
252.  0.6557482
253.  0.6572037
254.  0.6586607
255.  0.6601189
256.  0.6615784
257.  0.6630394
258.  0.6645017
259.  0.6659654
260.  0.6674304
261.  0.6688968
262.  0.6703645
263.  0.6718336
264.  0.6733041
265.  0.6747759
266.  0.6762491
267.  0.6777236
268.  0.6791995
269.  0.6806768
270.  0.6821553
271.  0.6836353
272.  0.6851166
273.  0.6865993
274.  0.6880834
275.  0.6895688
276.  0.6910555
277.  0.6925436
278.  0.6940331
279.  0.6955239
280.  0.6970161
281.  0.6985097
282.  0.7000046
283.  0.7015008
284.  0.7029985
285.  0.7044975
286.  0.7059978
287.  0.7074995
288.  0.7090026
289.  0.710507
290.  0.7120127
291.  0.7135199
292.  0.7150283
293.  0.7165382
294.  0.7180494
295.  0.719562
296.  0.7210759
297.  0.7225912
298.  0.7241078
299.  0.7256258
300.  0.7271452
301.  0.7286659
302.  0.730188
303.  0.7317114
304.  0.7332362
305.  0.7347624
306.  0.7362899
307.  0.7378187
308.  0.7393489
309.  0.7408805
310.  0.7424135
311.  0.7439477
312.  0.7454834
313.  0.7470204
314.  0.7485588
315.  0.7500985
316.  0.7516396
317.  0.7531821
318.  0.7547259
319.  0.7562711
320.  0.7578176
321.  0.7593654
322.  0.7609147
323.  0.7624653
324.  0.7640173
325.  0.7655706
326.  0.7671252
327.  0.7686813
328.  0.7702387
329.  0.7717974
330.  0.7733575
331.  0.7749178
332.  0.7764769
333.  0.7780349
334.  0.7795918
335.  0.7811475
336.  0.7827023
337.  0.7842558
338.  0.7858083
339.  0.7873596
340.  0.7889099
341.  0.790459
342.  0.792007
343.  0.7935539
344.  0.7950997
345.  0.7966443
346.  0.7981879
347.  0.7997304
348.  0.8012717
349.  0.8028119
350.  0.804351
351.  0.8058891
352.  0.807426
353.  0.8089617
354.  0.8104964
355.  0.81203
356.  0.8135625
357.  0.8150938
358.  0.816624
359.  0.8181531
360.  0.8196812
361.  0.8212081
362.  0.8227338
363.  0.8242585
364.  0.8257821
365.  0.8273045
366.  0.8288259
367.  0.8303461
368.  0.8318653
369.  0.8333833
370.  0.8349001
371.  0.8364159
372.  0.8379306
373.  0.8394442
374.  0.8409566
375.  0.842468
376.  0.8439782
377.  0.8454874
378.  0.8469954
379.  0.8485022
380.  0.850008
381.  0.8515127
382.  0.8530163
383.  0.8545187
384.  0.8560201
385.  0.8575203
386.  0.8590195
387.  0.8605174
388.  0.8620144
389.  0.8635101
390.  0.8650048
391.  0.8664984
392.  0.8679909
393.  0.8694822
394.  0.8709724
395.  0.8724616
396.  0.8739495
397.  0.8754365
398.  0.8769222
399.  0.8784069
400.  0.8798905
401.  0.8813729
402.  0.8828543
403.  0.8843345
404.  0.8858137
405.  0.8872917
406.  0.8887686
407.  0.8902444
408.  0.891719
409.  0.8931926
410.  0.8946651
411.  0.8961364
412.  0.8976067
413.  0.8990757
414.  0.9005438
415.  0.9020107
416.  0.9034765
417.  0.9049411
418.  0.9064047
419.  0.9078672
420.  0.9093285
421.  0.9107888
422.  0.9122479
423.  0.9137059
424.  0.9151628
425.  0.9166186
426.  0.9180733
427.  0.9195269
428.  0.9209793
429.  0.9224306
430.  0.9238809
431.  0.92533
432.  0.926778
433.  0.9282249
434.  0.9296708
435.  0.9311154
436.  0.932559
437.  0.9340014
438.  0.9354428
439.  0.936883
440.  0.9383222
441.  0.9397601
442.  0.9411971
443.  0.9426329
444.  0.9440675
445.  0.9455011
446.  0.9469336
447.  0.9483649
448.  0.9497952
449.  0.9512243
450.  0.9526523
451.  0.9540792
452.  0.955505
453.  0.9569297
454.  0.9583533
455.  0.9597757
456.  0.9611971
457.  0.9626173
458.  0.9640365
459.  0.9654545
460.  0.9668714
461.  0.9682872
462.  0.9697018
463.  0.9711154
464.  0.9725279
465.  0.9739392
466.  0.9753495
467.  0.9767586
468.  0.9781666
469.  0.9795735
470.  0.9809793
471.  0.982384
472.  0.9837875
473.  0.98519
474.  0.9865913
475.  0.9879916
476.  0.9893907
477.  0.9907888
478.  0.9921857
479.  0.9935815
480.  0.9949762
481.  0.9963697
482.  0.9977621
483.  0.9991535
484.  1.000544
485.  1.001933
486.  1.003321
487.  1.004708
488.  1.006094
489.  1.007478
490.  1.008862
491.  1.010244
492.  1.011626
493.  1.013006
494.  1.014385
495.  1.015763
496.  1.01714
497.  1.018516
498.  1.01989
499.  1.021264
500.  1.022637
501.  1.024008
502.  1.025378
503.  1.026747
504.  1.028115
505.  1.029482
506.  1.030848
507.  1.032213
508.  1.033576
509.  1.034939
510.  1.0363
511.  1.03766
512.  1.039019
513.  1.040377
514.  1.041734
515.  1.04309
516.  1.044445
517.  1.045798
518.  1.047151
519.  1.048502
520.  1.049852
521.  1.051202
522.  1.05255
523.  1.053897
524.  1.055242
525.  1.056587
526.  1.057931
527.  1.059273
528.  1.060614
529.  1.061955
530.  1.063294
531.  1.064632
532.  1.065969
533.  1.067304
534.  1.068639
535.  1.069973
536.  1.071305
537.  1.072637
538.  1.073967
539.  1.075296
540.  1.076624
541.  1.077951
542.  1.079277
543.  1.080601
544.  1.081925
545.  1.083247
546.  1.084569
547.  1.085889
548.  1.087208
549.  1.088526
550.  1.089843
551.  1.091159
552.  1.092474
553.  1.093787
554.  1.0951
555.  1.096411
556.  1.097721
557.  1.09903
558.  1.100338
559.  1.101645
560.  1.102951
561.  1.104256
562.  1.105559
563.  1.106862
564.  1.108163
565.  1.109463
566.  1.110762
567.  1.112061
568.  1.113357
569.  1.114653
570.  1.115948
571.  1.117242
572.  1.118534
573.  1.119825
574.  1.121116
575.  1.122405
576.  1.123693
577.  1.12498
578.  1.126265
579.  1.12755
580.  1.128834
581.  1.130116
582.  1.131397
583.  1.132678
584.  1.133957
585.  1.135235
586.  1.136512
587.  1.137788
588.  1.139062
589.  1.140336
590.  1.141608
591.  1.14288
592.  1.14415
593.  1.145419
594.  1.146687
595.  1.147954
596.  1.14922
597.  1.150485
598.  1.151748
599.  1.153011
600.  1.154272
601.  1.155532
602.  1.156791
603.  1.158049
604.  1.159306
605.  1.160562
606.  1.161817
607.  1.16307
608.  1.164323
609.  1.165574
610.  1.166824
611.  1.168074
612.  1.169322
613.  1.170568
614.  1.171814
615.  1.173059
616.  1.174303
617.  1.175545
618.  1.176786
619.  1.178027
620.  1.179266
621.  1.180504
622.  1.181741
623.  1.182976
624.  1.184211
625.  1.185445
626.  1.186677
627.  1.187909
628.  1.189139
629.  1.190368
630.  1.191596
631.  1.192823
632.  1.194049
633.  1.195274
634.  1.196497
635.  1.19772
636.  1.198941
637.  1.200161
638.  1.20138
639.  1.202598
640.  1.203815
641.  1.205031
642.  1.206246
643.  1.207459
644.  1.208672
645.  1.209883
646.  1.211093
647.  1.212302
648.  1.213511
649.  1.214717
650.  1.215923
651.  1.217128
652.  1.218332
653.  1.219534
654.  1.220735
655.  1.221936
656.  1.223135
657.  1.224333
658.  1.22553
659.  1.226725
660.  1.227919
661.  1.22911
662.  1.230298
663.  1.231483
664.  1.232666
665.  1.233845
666.  1.235021
667.  1.236195
668.  1.237365
669.  1.238533
670.  1.239698
671.  1.24086
672.  1.242019
673.  1.243175
674.  1.244328
675.  1.245479
676.  1.246626
677.  1.24777
678.  1.248912
679.  1.250051
680.  1.251187
681.  1.25232
682.  1.25345
683.  1.254577
684.  1.255701
685.  1.256822
686.  1.257941
687.  1.259056
688.  1.260169
689.  1.261279
690.  1.262385
691.  1.263489
692.  1.264591
693.  1.265689
694.  1.266784
695.  1.267876
696.  1.268966
697.  1.270052
698.  1.271136
699.  1.272217
700.  1.273295
701.  1.274369
702.  1.275442
703.  1.276511
704.  1.277577
705.  1.27864
706.  1.279701
707.  1.280758
708.  1.281813
709.  1.282865
710.  1.283914
711.  1.28496
712.  1.286003
713.  1.287043
714.  1.28808
715.  1.289115
716.  1.290146
717.  1.291175
718.  1.2922
719.  1.293223
720.  1.294243
721.  1.29526
722.  1.296274
723.  1.297285
724.  1.298294
725.  1.299299
726.  1.300301
727.  1.301301
728.  1.302298
729.  1.303292
730.  1.304282
731.  1.30527
732.  1.306256
733.  1.307238
734.  1.308217
735.  1.309193
736.  1.310167
737.  1.311138
738.  1.312105
739.  1.31307
740.  1.314032
741.  1.314991
742.  1.315947
743.  1.3169
744.  1.317851
745.  1.318798
746.  1.319743
747.  1.320684
748.  1.321623
749.  1.322559
750.  1.323492
751.  1.324422
752.  1.325349
753.  1.326273
754.  1.327195
755.  1.328113
756.  1.329028
757.  1.329941
758.  1.330851
759.  1.331758
760.  1.332662
761.  1.333563
762.  1.334461
763.  1.335356
764.  1.336249
765.  1.337138
766.  1.338024
767.  1.338908
768.  1.339789
769.  1.340667
770.  1.341542
771.  1.342414
772.  1.343283
773.  1.344149
774.  1.345013
775.  1.345873
776.  1.346731
777.  1.347585
778.  1.348437
779.  1.349286
780.  1.350132
781.  1.350975
782.  1.351815
783.  1.352652
784.  1.353487
785.  1.354318
786.  1.355147
787.  1.355973
788.  1.356795
789.  1.357615
790.  1.358432
791.  1.359246
792.  1.360058
793.  1.360866
794.  1.361671
795.  1.362474
796.  1.363273
797.  1.36407
798.  1.364864
799.  1.365655
800.  1.366443
801.  1.367228
802.  1.36801
803.  1.368789
804.  1.369566
805.  1.370339
806.  1.37111
807.  1.371878
808.  1.372642
809.  1.373404
810.  1.374163
811.  1.37492
812.  1.375673
813.  1.376423
814.  1.37717
815.  1.377915
816.  1.378657
817.  1.379395
818.  1.380131
819.  1.380864
820.  1.381594
821.  1.382321
822.  1.383046
823.  1.383767
824.  1.384485
825.  1.385201
826.  1.385913
827.  1.386623
828.  1.38733
829.  1.388034
830.  1.388735
831.  1.389433
832.  1.390128
833.  1.390821
834.  1.39151
835.  1.392197
836.  1.39288
837.  1.393561
838.  1.394239
839.  1.394914
840.  1.395586
841.  1.396255
842.  1.396922
843.  1.397585
844.  1.398245
845.  1.398903
846.  1.399558
847.  1.400209
848.  1.400858
849.  1.401504
850.  1.402147
851.  1.402787
852.  1.403425
853.  1.404059
854.  1.404691
855.  1.405319
856.  1.405945
857.  1.406568
858.  1.407188
859.  1.407805
860.  1.408419
861.  1.40903
862.  1.409638
863.  1.410244
864.  1.410846
865.  1.411446
866.  1.412042
867.  1.412636
868.  1.413227
869.  1.413815
870.  1.4144
871.  1.414982
872.  1.415562
873.  1.416138
874.  1.416712
875.  1.417282
876.  1.41785
877.  1.418415
878.  1.418977
879.  1.419536
880.  1.420092
881.  1.420645
882.  1.421195
883.  1.421743
884.  1.422287
885.  1.422829
886.  1.423368
887.  1.423903
888.  1.424436
889.  1.424966
890.  1.425494
891.  1.426018
892.  1.426539
893.  1.427058
894.  1.427573
895.  1.428086
896.  1.428596
897.  1.429102
898.  1.429606
899.  1.430107
900.  1.430606
901.  1.431101
902.  1.431593
903.  1.432083
904.  1.432569
905.  1.433053
906.  1.433534
907.  1.434011
908.  1.434486
909.  1.434958
910.  1.435428
911.  1.435894
912.  1.436357
913.  1.436818
914.  1.437275
915.  1.43773
916.  1.438182
917.  1.438631
918.  1.439077
919.  1.43952
920.  1.43996
921.  1.440397
922.  1.440831
923.  1.441263
924.  1.441692
925.  1.442117
926.  1.44254
927.  1.44296
928.  1.443377
929.  1.443791
930.  1.444202
931.  1.44461
932.  1.445016
933.  1.445418
934.  1.445818
935.  1.446215
936.  1.446608
937.  1.446999
938.  1.447387
939.  1.447773
940.  1.448155
941.  1.448534
942.  1.44891
943.  1.449284
944.  1.449654
945.  1.450022
946.  1.450387
947.  1.450749
948.  1.451108
949.  1.451464
950.  1.451817
951.  1.452168
952.  1.452515
953.  1.45286
954.  1.453201
955.  1.45354
956.  1.453876
957.  1.454209
958.  1.454539
959.  1.454866
960.  1.45519
961.  1.455511
962.  1.45583
963.  1.456145
964.  1.456458
965.  1.456768
966.  1.457075
967.  1.457379
968.  1.45768
969.  1.457978
970.  1.458273
971.  1.458565
972.  1.458855
973.  1.459141
974.  1.459425
975.  1.459706
976.  1.459984
977.  1.460259
978.  1.460531
979.  1.4608
980.  1.461066
981.  1.46133
982.  1.46159
983.  1.461848
984.  1.462102
985.  1.462354
986.  1.462603
987.  1.462849
988.  1.463092
989.  1.463332
990.  1.46357
991.  1.463804
992.  1.464036
993.  1.464264
994.  1.46449
995.  1.464713
996.  1.464933
997.  1.46515
998.  1.465365
999.  1.465576
1000.  1.465785
1001.  1.465991
1002.  1.466194
1003.  1.466394
1004.  1.466591
1005.  1.466785
1006.  1.466977
1007.  1.467166
1008.  1.467351
1009.  1.467534
1010.  1.467714
1011.  1.467891
1012.  1.468066
1013.  1.468237
1014.  1.468405
1015.  1.468571
1016.  1.468734
1017.  1.468894
1018.  1.469051
1019.  1.469205
1020.  1.469357
1021.  1.469505
1022.  1.469651
1023.  1.469793
1024.  1.469933
1025.  1.47007
1026.  1.470204
1027.  1.470336
1028.  1.470464
1029.  1.47059
1030.  1.470712
1031.  1.470832
1032.  1.470949
1033.  1.471063
1034.  1.471174
1035.  1.471283
1036.  1.471388
1037.  1.471491
1038.  1.471591
1039.  1.471687
1040.  1.471781
1041.  1.471873
1042.  1.471961
1043.  1.472046
1044.  1.472129
1045.  1.472209
1046.  1.472285
1047.  1.472359
1048.  1.47243
1049.  1.472499
1050.  1.472564
1051.  1.472627
1052.  1.472686
1053.  1.472743
1054.  1.472797
1055.  1.472848
1056.  1.472896
1057.  1.472941
1058.  1.472984
1059.  1.473023
1060.  1.47306
1061.  1.473094
1062.  1.473125
1063.  1.473153
1064.  1.473178
1065.  1.4732
1066.  1.47322
1067.  1.473237
1068.  1.47325
1069.  1.473261
1070.  1.473269
1071.  1.473274
1072.  1.473277
1073.  1.473276
1074.  1.473273
1075.  1.473266
1076.  1.473257
1077.  1.473245
1078.  1.47323
1079.  1.473212
1080.  1.473192
1081.  1.473168
1082.  1.473142
1083.  1.473113
1084.  1.473081
1085.  1.473046
1086.  1.473008
1087.  1.472967
1088.  1.472924
1089.  1.472877
1090.  1.472828
1091.  1.472776
1092.  1.472721
1093.  1.472663
1094.  1.472602
1095.  1.472538
1096.  1.472472
1097.  1.472403
1098.  1.47233
1099.  1.472255
1100.  1.472177
1101.  1.472097
1102.  1.472013
1103.  1.471926
1104.  1.471837
1105.  1.471745
1106.  1.471649
1107.  1.471551
1108.  1.471451
1109.  1.471347
1110.  1.47124
1111.  1.471131
1112.  1.471018
1113.  1.470903
1114.  1.470785
1115.  1.470664
1116.  1.47054
1117.  1.470414
1118.  1.470284
1119.  1.470152
1120.  1.470016
1121.  1.469878
1122.  1.469737
1123.  1.469593
1124.  1.469447
1125.  1.469297
1126.  1.469144
1127.  1.468989
1128.  1.468831
1129.  1.46867
1130.  1.468506
1131.  1.468339
1132.  1.468169
1133.  1.467997
1134.  1.467821
1135.  1.467643
1136.  1.467462
1137.  1.467278
1138.  1.467091
1139.  1.466901
1140.  1.466709
1141.  1.466513
1142.  1.466315
1143.  1.466114
1144.  1.46591
1145.  1.465703
1146.  1.465493
1147.  1.46528
1148.  1.465065
1149.  1.464846
1150.  1.464625
1151.  1.464401
1152.  1.464174
1153.  1.463944
1154.  1.463711
1155.  1.463476
1156.  1.463237
1157.  1.462996
1158.  1.462752
1159.  1.462505
1160.  1.462255
1161.  1.462002
1162.  1.461746
1163.  1.461488
1164.  1.461226
1165.  1.460962
1166.  1.460695
1167.  1.460425
1168.  1.460152
1169.  1.459877
1170.  1.459598
1171.  1.459316
1172.  1.459032
1173.  1.458745
1174.  1.458455
1175.  1.458162
1176.  1.457866
1177.  1.457567
1178.  1.457266
1179.  1.456962
1180.  1.456654
1181.  1.456344
1182.  1.456031
1183.  1.455715
1184.  1.455397
1185.  1.455075
1186.  1.454751
1187.  1.454423
1188.  1.454093
1189.  1.45376
1190.  1.453424
1191.  1.453085
1192.  1.452744
1193.  1.452399
1194.  1.452052
1195.  1.451702
1196.  1.451348
1197.  1.450992
1198.  1.450634
1199.  1.450272
1200.  1.449907
1201.  1.44954
1202.  1.44917
1203.  1.448796
1204.  1.44842
1205.  1.448041
1206.  1.44766
1207.  1.447275
1208.  1.446888
1209.  1.446497
1210.  1.446104
1211.  1.445708
1212.  1.445309
1213.  1.444907
1214.  1.444502
1215.  1.444095
1216.  1.443684
1217.  1.443271
1218.  1.442855
1219.  1.442436
1220.  1.442014
1221.  1.441589
1222.  1.441162
1223.  1.440731
1224.  1.440298
1225.  1.439861
1226.  1.439422
1227.  1.43898
1228.  1.438535
1229.  1.438088
1230.  1.437637
1231.  1.437184
1232.  1.436728
1233.  1.436268
1234.  1.435806
1235.  1.435341
1236.  1.434874
1237.  1.434403
1238.  1.43393
1239.  1.433453
1240.  1.432974
1241.  1.432492
1242.  1.432007
1243.  1.431519
1244.  1.431028
1245.  1.430535
1246.  1.430038
1247.  1.429539
1248.  1.429037
1249.  1.428532
1250.  1.428024
1251.  1.427513
1252.  1.427
1253.  1.426483
1254.  1.425964
1255.  1.425442
1256.  1.424917
1257.  1.424389
1258.  1.423858
1259.  1.423324
1260.  1.422788
1261.  1.422248
1262.  1.421706
1263.  1.421161
1264.  1.420613
1265.  1.420062
1266.  1.419508
1267.  1.418951
1268.  1.418392
1269.  1.41783
1270.  1.417264
1271.  1.416696
1272.  1.416125
1273.  1.415552
1274.  1.414975
1275.  1.414395
1276.  1.413813
1277.  1.413228
1278.  1.412639
1279.  1.412048
1280.  1.411455
1281.  1.410858
1282.  1.410258
1283.  1.409656
1284.  1.40905
1285.  1.408442
1286.  1.407831
1287.  1.407217
1288.  1.4066
1289.  1.405981
1290.  1.405358
1291.  1.404733
1292.  1.404104
1293.  1.403473
1294.  1.402839
1295.  1.402202
1296.  1.401563
1297.  1.40092
1298.  1.400275
1299.  1.399626
1300.  1.398975
1301.  1.398321
1302.  1.397664
1303.  1.397004
1304.  1.396342
1305.  1.395676
1306.  1.395008
1307.  1.394336
1308.  1.393662
1309.  1.392985
1310.  1.392305
1311.  1.391623
1312.  1.390937
1313.  1.390249
1314.  1.389557
1315.  1.388863
1316.  1.388166
1317.  1.387466
1318.  1.386764
1319.  1.38606
1320.  1.385355
1321.  1.384649
1322.  1.383941
1323.  1.383231
1324.  1.38252
1325.  1.381808
1326.  1.381094
1327.  1.380378
1328.  1.379661
1329.  1.378942
1330.  1.378222
1331.  1.377501
1332.  1.376778
1333.  1.376053
1334.  1.375327
1335.  1.3746
1336.  1.373871
1337.  1.373141
1338.  1.372409
1339.  1.371675
1340.  1.37094
1341.  1.370204
1342.  1.369466
1343.  1.368727
1344.  1.367986
1345.  1.367243
1346.  1.366499
1347.  1.365754
1348.  1.365007
1349.  1.364259
1350.  1.363509
1351.  1.362758
1352.  1.362005
1353.  1.36125
1354.  1.360495
1355.  1.359737
1356.  1.358979
1357.  1.358218
1358.  1.357456
1359.  1.356693
1360.  1.355928
1361.  1.355162
1362.  1.354394
1363.  1.353625
1364.  1.352854
1365.  1.352082
1366.  1.351308
1367.  1.350533
1368.  1.349756
1369.  1.348978
1370.  1.348199
1371.  1.347417
1372.  1.346635
1373.  1.345851
1374.  1.345065
1375.  1.344278
1376.  1.343489
1377.  1.342699
1378.  1.341907
1379.  1.341114
1380.  1.34032
1381.  1.339524
1382.  1.338726
1383.  1.337927
1384.  1.337126
1385.  1.336324
1386.  1.335521
1387.  1.334716
1388.  1.333909
1389.  1.333101
1390.  1.332291
1391.  1.331481
1392.  1.330668
1393.  1.329854
1394.  1.329039
1395.  1.328222
1396.  1.327403
1397.  1.326583
1398.  1.325762
1399.  1.324939
1400.  1.324114
1401.  1.323288
1402.  1.322461
1403.  1.321632
1404.  1.320801
1405.  1.31997
1406.  1.319136
1407.  1.318301
1408.  1.317465
1409.  1.316627
1410.  1.315788
1411.  1.314947
1412.  1.314104
1413.  1.313261
1414.  1.312415
1415.  1.311568
1416.  1.31072
1417.  1.30987
1418.  1.309019
1419.  1.308166
1420.  1.307312
1421.  1.306456
1422.  1.305599
1423.  1.30474
1424.  1.30388
1425.  1.303018
1426.  1.302155
1427.  1.30129
1428.  1.300424
1429.  1.299556
1430.  1.298687
1431.  1.297816
1432.  1.296944
1433.  1.29607
1434.  1.295195
1435.  1.294318
1436.  1.29344
1437.  1.292561
1438.  1.29168
1439.  1.290797
1440.  1.289913
1441.  1.289027
1442.  1.28814
1443.  1.287251
1444.  1.286361
1445.  1.28547
1446.  1.284577
1447.  1.283682
1448.  1.282786
1449.  1.281888
1450.  1.280989
1451.  1.280089
1452.  1.279187
1453.  1.278283
1454.  1.277378
1455.  1.276472
1456.  1.275564
1457.  1.274654
1458.  1.273743
1459.  1.272831
1460.  1.271917
1461.  1.271001
1462.  1.270084
1463.  1.269166
1464.  1.268246
1465.  1.267325
1466.  1.266402
1467.  1.265477
1468.  1.264551
1469.  1.263624
1470.  1.262695
1471.  1.261765
1472.  1.260833
1473.  1.259899
1474.  1.258965
1475.  1.258028
1476.  1.25709
1477.  1.256151
1478.  1.25521
1479.  1.254268
1480.  1.253324
1481.  1.252379
1482.  1.251432
1483.  1.250484
1484.  1.249534
1485.  1.248583
1486.  1.24763
1487.  1.246676
1488.  1.24572
1489.  1.244763
1490.  1.243804
1491.  1.242844
1492.  1.241882
1493.  1.240919
1494.  1.239954
1495.  1.238988
1496.  1.23802
1497.  1.237051
1498.  1.23608
1499.  1.235108
1500.  1.234135
1501.  1.233159
1502.  1.232183
1503.  1.231205
1504.  1.230225
1505.  1.229244
1506.  1.228261
1507.  1.227277
1508.  1.226292
1509.  1.225305
1510.  1.224316
1511.  1.223326
1512.  1.222335
1513.  1.221341
1514.  1.220347
1515.  1.219351
1516.  1.218353
1517.  1.217354
1518.  1.216354
1519.  1.215352
1520.  1.214348
1521.  1.213343
1522.  1.212337
1523.  1.211329
1524.  1.210319
1525.  1.209309
1526.  1.208296
1527.  1.207282
1528.  1.206267
1529.  1.20525
1530.  1.204231
1531.  1.203211
1532.  1.20219
1533.  1.201167
1534.  1.200143
1535.  1.199117
1536.  1.19809
1537.  1.197061
1538.  1.19603
1539.  1.194999
1540.  1.193965
1541.  1.19293
1542.  1.191894
1543.  1.190856
1544.  1.189817
1545.  1.188776
1546.  1.187734
1547.  1.18669
1548.  1.185645
1549.  1.184598
1550.  1.18355
1551.  1.1825
1552.  1.181449
1553.  1.180396
1554.  1.179342
1555.  1.178286
1556.  1.177229
1557.  1.17617
1558.  1.17511
1559.  1.174048
1560.  1.172985
1561.  1.171921
1562.  1.170854
1563.  1.169787
1564.  1.168718
1565.  1.167647
1566.  1.166575
1567.  1.165501
1568.  1.164426
1569.  1.16335
1570.  1.162271
1571.  1.161192
1572.  1.160111
1573.  1.159028
1574.  1.157944
1575.  1.156859
1576.  1.155772
1577.  1.154683
1578.  1.153593
1579.  1.152502
1580.  1.151409
1581.  1.150314
1582.  1.149218
1583.  1.148121
1584.  1.147022
1585.  1.145921
1586.  1.144819
1587.  1.143716
1588.  1.142611
1589.  1.141504
1590.  1.140396
1591.  1.139287
1592.  1.138176
1593.  1.137064
1594.  1.13595
1595.  1.134834
1596.  1.133718
1597.  1.132599
1598.  1.131479
1599.  1.130358
1600.  1.129235
1601.  1.128111
1602.  1.126985
1603.  1.125858
1604.  1.124729
1605.  1.123598
1606.  1.122467
1607.  1.121333
1608.  1.120198
1609.  1.119062
1610.  1.117924
1611.  1.116785
1612.  1.115644
1613.  1.114502
1614.  1.113358
1615.  1.112213
1616.  1.111067
1617.  1.109918
1618.  1.108769
1619.  1.107617
1620.  1.106465
1621.  1.105311
1622.  1.104155
1623.  1.102998
1624.  1.101839
1625.  1.100679
1626.  1.099517
1627.  1.098354
1628.  1.09719
1629.  1.096023
1630.  1.094856
1631.  1.093687
1632.  1.092516
1633.  1.091344
1634.  1.09017
1635.  1.088995
1636.  1.087819
1637.  1.086641
1638.  1.085461
1639.  1.08428
1640.  1.083098
1641.  1.081914
1642.  1.080728
1643.  1.079541
1644.  1.078353
1645.  1.077163
1646.  1.075971
1647.  1.074779
1648.  1.073587
1649.  1.072394
1650.  1.071202
1651.  1.070009
1652.  1.068817
1653.  1.067624
1654.  1.066432
1655.  1.065239
1656.  1.064046
1657.  1.062853
1658.  1.061661
1659.  1.060468
1660.  1.059275
1661.  1.058082
1662.  1.056889
1663.  1.055696
1664.  1.054503
1665.  1.05331
1666.  1.052116
1667.  1.050923
1668.  1.04973
1669.  1.048536
1670.  1.047343
1671.  1.046149
1672.  1.044956
1673.  1.043762
1674.  1.042569
1675.  1.041375
1676.  1.040181
1677.  1.038988
1678.  1.037794
1679.  1.0366
1680.  1.035406
1681.  1.034212
1682.  1.033018
1683.  1.031824
1684.  1.03063
1685.  1.029435
1686.  1.028241
1687.  1.027047
1688.  1.025852
1689.  1.024658
1690.  1.023464
1691.  1.022269
1692.  1.021075
1693.  1.01988
1694.  1.018685
1695.  1.017491
1696.  1.016296
1697.  1.015101
1698.  1.013906
1699.  1.012711
1700.  1.011516
1701.  1.010321
1702.  1.009126
1703.  1.007931
1704.  1.006736
1705.  1.005541
1706.  1.004346
1707.  1.00315
1708.  1.001955
1709.  1.000759
1710.  0.9995639
1711.  0.9983684
1712.  0.9971728
1713.  0.9959772
1714.  0.9947815
1715.  0.9935858
1716.  0.99239
1717.  0.9911942
1718.  0.9899983
1719.  0.9888024
1720.  0.9876064
1721.  0.9864104
1722.  0.9852143
1723.  0.9840181
1724.  0.9828219
1725.  0.9816257
1726.  0.9804294
1727.  0.9792331
1728.  0.9780367
1729.  0.9768403
1730.  0.9756438
1731.  0.9744473
1732.  0.9732506
1733.  0.972054
1734.  0.9708573
1735.  0.9696605
1736.  0.9684637
1737.  0.9672669
1738.  0.96607
1739.  0.964873
1740.  0.963676
1741.  0.962479
1742.  0.9612819
1743.  0.9600847
1744.  0.9588875
1745.  0.9576902
1746.  0.956493
1747.  0.9552956
1748.  0.9540982
1749.  0.9529007
1750.  0.9517032
1751.  0.9505056
1752.  0.949308
1753.  0.9481103
1754.  0.9469126
1755.  0.9457148
1756.  0.944517
1757.  0.9433191
1758.  0.9421213
1759.  0.9409233
1760.  0.9397252
1761.  0.9385272
1762.  0.9373291
1763.  0.9361309
1764.  0.9349326
1765.  0.9337344
1766.  0.932536
1767.  0.9313377
1768.  0.9301392
1769.  0.9289407
1770.  0.9277422
1771.  0.9265436
1772.  0.9253449
1773.  0.9241463
1774.  0.9229475
1775.  0.9217488
1776.  0.9205499
1777.  0.919351
1778.  0.918152
1779.  0.9169531
1780.  0.915754
1781.  0.9145549
1782.  0.9133558
1783.  0.9121566
1784.  0.9109573
1785.  0.909758
1786.  0.9085587
1787.  0.9073592
1788.  0.9061598
1789.  0.9049603
1790.  0.9037607
1791.  0.9025611
1792.  0.9013615
1793.  0.9001617
1794.  0.898962
1795.  0.8977622
1796.  0.8965623
1797.  0.8953624
1798.  0.8941625
1799.  0.8929625
1800.  0.8917624
1801.  0.8905622
1802.  0.8893621
1803.  0.8881618
1804.  0.8869616
1805.  0.8857613
1806.  0.8845609
1807.  0.8833604
1808.  0.88216
1809.  0.8809595
1810.  0.8797589
1811.  0.8785583
1812.  0.8773576
1813.  0.8761569
1814.  0.8749561
1815.  0.8737552
1816.  0.8725544
1817.  0.8713534
1818.  0.8701524
1819.  0.8689514
1820.  0.8677503
1821.  0.8665491
1822.  0.865348
1823.  0.8641467
1824.  0.8629454
1825.  0.8617441
1826.  0.8605427
1827.  0.8593413
1828.  0.8581398
1829.  0.8569382
1830.  0.8557366
1831.  0.8545349
1832.  0.8533332
1833.  0.8521315
1834.  0.8509297
1835.  0.8497278
1836.  0.8485259
1837.  0.847324
1838.  0.846122
1839.  0.8449199
1840.  0.8437178
1841.  0.8425156
1842.  0.8413134
1843.  0.8401111
1844.  0.8389089
1845.  0.8377064
1846.  0.836504
1847.  0.8353016
1848.  0.8340991
1849.  0.8328965
1850.  0.8316939
1851.  0.8304912
1852.  0.8292885
1853.  0.8280857
1854.  0.8268828
1855.  0.82568
1856.  0.8244771
1857.  0.8232741
1858.  0.8220711
1859.  0.820868
1860.  0.8196648
1861.  0.8184617
1862.  0.8172584
1863.  0.8160551
1864.  0.8148518
1865.  0.8136484
1866.  0.812445
1867.  0.8112415
1868.  0.810038
1869.  0.8088344
1870.  0.8076307
1871.  0.806427
1872.  0.8052233
1873.  0.8040195
1874.  0.8028156
1875.  0.8016117
1876.  0.8004078
1877.  0.7992038
1878.  0.7979997
1879.  0.7967956
1880.  0.7955915
1881.  0.7943873
1882.  0.793183
1883.  0.7919787
1884.  0.7907743
1885.  0.7895699
1886.  0.7883655
1887.  0.787161
1888.  0.7859564
1889.  0.7847518
1890.  0.7835471
1891.  0.7823424
1892.  0.7811376
1893.  0.7799328
1894.  0.7787279
1895.  0.777523
1896.  0.7763181
1897.  0.775113
1898.  0.773908
1899.  0.7727029
1900.  0.7714977
1901.  0.7702925
1902.  0.7690872
1903.  0.7678819
1904.  0.7666765
1905.  0.765471
1906.  0.7642655
1907.  0.76306
1908.  0.7618544
1909.  0.7606488
1910.  0.7594431
1911.  0.7582374
1912.  0.7570316
1913.  0.7558258
1914.  0.7546198
1915.  0.7534139
1916.  0.7522079
1917.  0.7510019
1918.  0.7497958
1919.  0.7485896
1920.  0.7473834
1921.  0.7461772
1922.  0.7449709
1923.  0.7437645
1924.  0.7425581
1925.  0.7413517
1926.  0.7401452
1927.  0.7389386
1928.  0.7377321
1929.  0.7365254
1930.  0.7353187
1931.  0.7341119
1932.  0.7329051
1933.  0.7316982
1934.  0.7304913
1935.  0.7292843
1936.  0.7280774
1937.  0.7268703
1938.  0.7256632
1939.  0.724456
1940.  0.7232488
1941.  0.7220415
1942.  0.7208342
1943.  0.7196268
1944.  0.7184194
1945.  0.7172119
1946.  0.7160044
1947.  0.7147968
1948.  0.7135892
1949.  0.7123815
1950.  0.7111738
1951.  0.709966
1952.  0.7087582
1953.  0.7075503
1954.  0.7063424
1955.  0.7051344
1956.  0.7039263
1957.  0.7027183
1958.  0.7015101
1959.  0.7003019
1960.  0.6990937
1961.  0.6978854
1962.  0.6966771
1963.  0.6954687
1964.  0.6942602
1965.  0.6930518
1966.  0.6918432
1967.  0.6906346
1968.  0.6894259
1969.  0.6882172
1970.  0.6870085
1971.  0.6857997
1972.  0.6845908
1973.  0.6833819
1974.  0.682173
1975.  0.680964
1976.  0.6797556
1977.  0.6785484
1978.  0.6773425
1979.  0.6761378
1980.  0.6749344
1981.  0.6737322
1982.  0.6725312
1983.  0.6713316
1984.  0.6701331
1985.  0.6689359
1986.  0.6677399
1987.  0.6665452
1988.  0.6653517
1989.  0.6641595
1990.  0.6629685
1991.  0.6617788
1992.  0.6605903
1993.  0.6594031
1994.  0.6582171
1995.  0.6570323
1996.  0.6558488
1997.  0.6546665
1998.  0.6534855
1999.  0.6523057
2000.  0.6511272
2001.  0.6499499
2002.  0.6487738
2003.  0.647599
2004.  0.6464255
2005.  0.6452532
2006.  0.6440821
2007.  0.6429123
2008.  0.6417437
2009.  0.6405764
2010.  0.6394103
2011.  0.6382454
2012.  0.6370818
2013.  0.6359195
2014.  0.6347584
2015.  0.6335985
2016.  0.6324399
2017.  0.6312825
2018.  0.6301264
2019.  0.6289715
2020.  0.6278179
2021.  0.6266655
2022.  0.6255143
2023.  0.6243644
2024.  0.6232157
2025.  0.6220683
2026.  0.6209221
2027.  0.6197772
2028.  0.6186335
2029.  0.6174911
2030.  0.6163499
2031.  0.6152099
2032.  0.6140712
2033.  0.6129338
2034.  0.6117976
2035.  0.6106626
2036.  0.6095288
2037.  0.6083964
2038.  0.6072652
2039.  0.6061351
2040.  0.6050064
2041.  0.6038789
2042.  0.6027526
2043.  0.6016276
2044.  0.6005039
2045.  0.5993813
2046.  0.59826
2047.  0.59714
2048.  0.5960212
2049.  0.5949037
2050.  0.5937874
2051.  0.5926723
2052.  0.5915585
2053.  0.590446
2054.  0.5893347
2055.  0.5882246
2056.  0.5871158
2057.  0.5860081
2058.  0.5849018
2059.  0.5837967
2060.  0.5826929
2061.  0.5815902
2062.  0.5804889
2063.  0.5793888
2064.  0.5782899
2065.  0.5771922
2066.  0.5760959
2067.  0.5750008
2068.  0.5739068
2069.  0.5728142
2070.  0.5717228
2071.  0.5706326
2072.  0.5695437
2073.  0.5684561
2074.  0.5673696
2075.  0.5662844
2076.  0.5652005
2077.  0.5641178
2078.  0.5630364
2079.  0.5619562
2080.  0.5608772
2081.  0.5597995
2082.  0.558723
2083.  0.5576478
2084.  0.5565738
2085.  0.5555011
2086.  0.5544296
2087.  0.5533593
2088.  0.5522903
2089.  0.5512226
2090.  0.5501561
2091.  0.5490908
2092.  0.5480268
2093.  0.546964
2094.  0.5459025
2095.  0.5448422
2096.  0.5437831
2097.  0.5427253
2098.  0.5416688
2099.  0.5406135
2100.  0.5395594
2101.  0.5385066
2102.  0.537455
2103.  0.5364047
2104.  0.5353556
2105.  0.5343078
2106.  0.5332612
2107.  0.5322158
2108.  0.5311717
2109.  0.5301288
2110.  0.5290872
2111.  0.5280468
2112.  0.5270078
2113.  0.5259699
2114.  0.5249332
2115.  0.5238978
2116.  0.5228637
2117.  0.5218308
2118.  0.5207991
2119.  0.5197687
2120.  0.5187395
2121.  0.5177116
2122.  0.5166849
2123.  0.5156595
2124.  0.5146353
2125.  0.5136123
2126.  0.5125906
2127.  0.5115702
2128.  0.510551
2129.  0.509533
2130.  0.5085163
2131.  0.5075008
2132.  0.5064866
2133.  0.5054736
2134.  0.5044618
2135.  0.5034513
2136.  0.5024421
2137.  0.5014341
2138.  0.5004273
2139.  0.4994218
2140.  0.4984175
2141.  0.4974145
2142.  0.4964127
2143.  0.4954122
2144.  0.4944129
2145.  0.4934148
2146.  0.492418
2147.  0.4914224
2148.  0.4904281
2149.  0.489435
2150.  0.4884432
2151.  0.4874526
2152.  0.4864633
2153.  0.4854752
2154.  0.4844884
2155.  0.4835027
2156.  0.4825184
2157.  0.4815353
2158.  0.4805534
2159.  0.4795728
2160.  0.4785934
2161.  0.4776153
2162.  0.4766384
2163.  0.4756627
2164.  0.4746883
2165.  0.4737152
2166.  0.4727432
2167.  0.4717726
2168.  0.4708032
2169.  0.469835
2170.  0.468868
2171.  0.4679024
2172.  0.4669379
2173.  0.4659747
2174.  0.4650128
2175.  0.4640521
2176.  0.4630926
2177.  0.4621344
2178.  0.4611774
2179.  0.4602216
2180.  0.4592672
2181.  0.4583139
2182.  0.4573619
2183.  0.4564112
2184.  0.4554617
2185.  0.4545134
2186.  0.4535664
2187.  0.4526206
2188.  0.4516761
2189.  0.4507328
2190.  0.4497907
2191.  0.44885
2192.  0.4479104
2193.  0.4469721
2194.  0.4460351
2195.  0.4450992
2196.  0.4441647
2197.  0.4432313
2198.  0.4422992
2199.  0.4413684
2200.  0.4404388
2201.  0.4395105
2202.  0.4385834
2203.  0.4376575
2204.  0.4367329
2205.  0.4358095
2206.  0.4348874
2207.  0.4339665
2208.  0.4330469
2209.  0.4321285
2210.  0.4312114
2211.  0.4302954
2212.  0.4293808
2213.  0.4284674
2214.  0.4275552
2215.  0.4266443
2216.  0.4257346
2217.  0.4248262
2218.  0.423919
2219.  0.4230131
2220.  0.4221084
2221.  0.4212049
2222.  0.4203027
2223.  0.4194017
2224.  0.418502
2225.  0.4176035
2226.  0.4167063
2227.  0.4158103
2228.  0.4149156
2229.  0.4140221
2230.  0.4131298
2231.  0.4122388
2232.  0.4113491
2233.  0.4104606
2234.  0.4095733
2235.  0.4086873
2236.  0.4078025
2237.  0.4069189
2238.  0.4060366
2239.  0.4051556
2240.  0.4042758
2241.  0.4033972
2242.  0.4025199
2243.  0.4016438
2244.  0.400769
2245.  0.3998954
2246.  0.3990231
2247.  0.398152
2248.  0.3972822
2249.  0.3964136
2250.  0.3955462
2251.  0.3946801
2252.  0.3938152
2253.  0.3929516
2254.  0.3920892
2255.  0.3912281
2256.  0.3903682
2257.  0.3895096
2258.  0.3886521
2259.  0.387796
2260.  0.3869411
2261.  0.3860874
2262.  0.385235
2263.  0.3843838
2264.  0.3835339
2265.  0.3826852
2266.  0.3818378
2267.  0.3809916
2268.  0.3801466
2269.  0.3793029
2270.  0.3784605
2271.  0.3776192
2272.  0.3767793
2273.  0.3759405
2274.  0.3751031
2275.  0.3742668
2276.  0.3734318
2277.  0.3725981
2278.  0.3717656
2279.  0.3709343
2280.  0.3701043
2281.  0.3692755
2282.  0.368448
2283.  0.3676217
2284.  0.3667967
2285.  0.3659729
2286.  0.3651503
2287.  0.364329
2288.  0.363509
2289.  0.3626902
2290.  0.3618726
2291.  0.3610563
2292.  0.3602412
2293.  0.3594274
2294.  0.3586148
2295.  0.3578034
2296.  0.3569933
2297.  0.3561845
2298.  0.3553769
2299.  0.3545705
2300.  0.3537654
2301.  0.3529615
2302.  0.3521589
2303.  0.3513575
2304.  0.3505573
