6.  0.7255747
7.  0.7265147
8.  0.7274544
9.  0.7283937
10.  0.7293326
11.  0.7302712
12.  0.7312095
13.  0.7321474
14.  0.7330849
15.  0.7340221
16.  0.734959
17.  0.7358955
18.  0.7368317
19.  0.7377675
20.  0.7387029
21.  0.739638
22.  0.7405728
23.  0.7415072
24.  0.7424412
25.  0.7433749
26.  0.7443083
27.  0.7452413
28.  0.7461739
29.  0.7471063
30.  0.7480382
31.  0.7489698
32.  0.7499011
33.  0.750832
34.  0.7517625
35.  0.7526927
36.  0.7536226
37.  0.7545521
38.  0.7554812
39.  0.7564101
40.  0.7573385
41.  0.7582666
42.  0.7591944
43.  0.7601218
44.  0.7610489
45.  0.7619755
46.  0.7629019
47.  0.7638279
48.  0.7647535
49.  0.7656789
50.  0.7666038
51.  0.7675284
52.  0.7684526
53.  0.7693766
54.  0.7703001
55.  0.7712234
56.  0.7721462
57.  0.7730687
58.  0.7739909
59.  0.7749127
60.  0.7758341
61.  0.7767552
62.  0.777676
63.  0.7785964
64.  0.7795165
65.  0.7804362
66.  0.7813555
67.  0.7822745
68.  0.7831932
69.  0.7841115
70.  0.7850295
71.  0.785947
72.  0.7868643
73.  0.7877812
74.  0.7886978
75.  0.789614
76.  0.7905298
77.  0.7914453
78.  0.7923605
79.  0.7932753
80.  0.7941898
81.  0.7951038
82.  0.7960176
83.  0.796931
84.  0.7978441
85.  0.7987568
86.  0.7996691
87.  0.8005812
88.  0.8014928
89.  0.8024042
90.  0.8033151
91.  0.8042257
92.  0.805136
93.  0.8060459
94.  0.8069555
95.  0.8078646
96.  0.8087735
97.  0.809682
98.  0.8105901
99.  0.811498
100.  0.8124054
101.  0.8133125
102.  0.8142193
103.  0.8151257
104.  0.8160318
105.  0.8169374
106.  0.8178428
107.  0.8187478
108.  0.8196525
109.  0.8205568
110.  0.8214608
111.  0.8223644
112.  0.8232676
113.  0.8241705
114.  0.8250731
115.  0.8259753
116.  0.8268772
117.  0.8277787
118.  0.8286799
119.  0.8295807
120.  0.8304811
121.  0.8313812
122.  0.832281
123.  0.8331804
124.  0.8340794
125.  0.8349782
126.  0.8358765
127.  0.8367745
128.  0.8376722
129.  0.8385695
130.  0.8394665
131.  0.8403631
132.  0.8412593
133.  0.8421552
134.  0.8430508
135.  0.843946
136.  0.8448409
137.  0.8457354
138.  0.8466296
139.  0.8475233
140.  0.8484168
141.  0.8493099
142.  0.8502027
143.  0.8510951
144.  0.8519871
145.  0.8528789
146.  0.8537702
147.  0.8546612
148.  0.8555519
149.  0.8564422
150.  0.8573322
151.  0.8582218
152.  0.859111
153.  0.86
154.  0.8608885
155.  0.8617767
156.  0.8626646
157.  0.8635521
158.  0.8644392
159.  0.865326
160.  0.8662125
161.  0.8670986
162.  0.8679844
163.  0.8688698
164.  0.8697549
165.  0.8706396
166.  0.871524
167.  0.872408
168.  0.8732916
169.  0.874175
170.  0.8750579
171.  0.8759405
172.  0.8768228
173.  0.8777047
174.  0.8785862
175.  0.8794675
176.  0.8803483
177.  0.8812288
178.  0.882109
179.  0.8829888
180.  0.8838683
181.  0.8847474
182.  0.8856261
183.  0.8865045
184.  0.8873826
185.  0.8882603
186.  0.8891377
187.  0.8900147
188.  0.8908914
189.  0.8917677
190.  0.8926436
191.  0.8935193
192.  0.8943945
193.  0.8952695
194.  0.896144
195.  0.8970182
196.  0.8978921
197.  0.8987656
198.  0.8996388
199.  0.9005116
200.  0.9013841
201.  0.9022561
202.  0.9031279
203.  0.9039993
204.  0.9048704
205.  0.9057411
206.  0.9066114
207.  0.9074815
208.  0.9083511
209.  0.9092205
210.  0.9100894
211.  0.9109581
212.  0.9118263
213.  0.9126942
214.  0.9135618
215.  0.914429
216.  0.9152958
217.  0.9161624
218.  0.9170285
219.  0.9178944
220.  0.9187598
221.  0.9196249
222.  0.9204897
223.  0.9213541
224.  0.9222181
225.  0.9230819
226.  0.9239452
227.  0.9248083
228.  0.9256709
229.  0.9265332
230.  0.9273952
231.  0.9282568
232.  0.9291181
233.  0.929979
234.  0.9308395
235.  0.9316998
236.  0.9325597
237.  0.9334192
238.  0.9342783
239.  0.9351372
240.  0.9359956
241.  0.9368537
242.  0.9377115
243.  0.9385689
244.  0.9394259
245.  0.9402827
246.  0.941139
247.  0.9419951
248.  0.9428507
249.  0.943706
250.  0.944561
251.  0.9454156
252.  0.9462699
253.  0.9471238
254.  0.9479774
255.  0.9488306
256.  0.9496835
257.  0.950536
258.  0.9513881
259.  0.95224
260.  0.9530914
261.  0.9539425
262.  0.9547933
263.  0.9556437
264.  0.9564938
265.  0.9573435
266.  0.9581929
267.  0.9590419
268.  0.9598905
269.  0.9607389
270.  0.9615868
271.  0.9624345
272.  0.9632818
273.  0.9641287
274.  0.9649752
275.  0.9658214
276.  0.9666673
277.  0.9675128
278.  0.968358
279.  0.9692028
280.  0.9700473
281.  0.9708914
282.  0.9717352
283.  0.9725786
284.  0.9734216
285.  0.9742644
286.  0.9751067
287.  0.9759488
288.  0.9767904
289.  0.9776317
290.  0.9784727
291.  0.9793133
292.  0.9801536
293.  0.9809935
294.  0.981833
295.  0.9826723
296.  0.9835111
297.  0.9843497
298.  0.9851878
299.  0.9860256
300.  0.9868631
301.  0.9877002
302.  0.988537
303.  0.9893734
304.  0.9902095
305.  0.9910452
306.  0.9918806
307.  0.9927156
308.  0.9935503
309.  0.9943846
310.  0.9952186
311.  0.9960522
312.  0.9968854
313.  0.9977184
314.  0.998551
315.  0.9993832
316.  1.000215
317.  1.001047
318.  1.001878
319.  1.002709
320.  1.003539
321.  1.004369
322.  1.005199
323.  1.006028
324.  1.006857
325.  1.007686
326.  1.008515
327.  1.009342
328.  1.01017
329.  1.010998
330.  1.011824
331.  1.012651
332.  1.013476
333.  1.014299
334.  1.015122
335.  1.015943
336.  1.016764
337.  1.017582
338.  1.0184
339.  1.019217
340.  1.020032
341.  1.020846
342.  1.021659
343.  1.022471
344.  1.023281
345.  1.024091
346.  1.024899
347.  1.025706
348.  1.026511
349.  1.027316
350.  1.028119
351.  1.028921
352.  1.029722
353.  1.030522
354.  1.03132
355.  1.032117
356.  1.032914
357.  1.033708
358.  1.034502
359.  1.035294
360.  1.036086
361.  1.036876
362.  1.037665
363.  1.038452
364.  1.039239
365.  1.040024
366.  1.040808
367.  1.04159
368.  1.042372
369.  1.043152
370.  1.043932
371.  1.04471
372.  1.045486
373.  1.046262
374.  1.047036
375.  1.047809
376.  1.048581
377.  1.049352
378.  1.050122
379.  1.05089
380.  1.051657
381.  1.052423
382.  1.053188
383.  1.053951
384.  1.054713
385.  1.055474
386.  1.056234
387.  1.056993
388.  1.05775
389.  1.058507
390.  1.059262
391.  1.060016
392.  1.060768
393.  1.06152
394.  1.06227
395.  1.063019
396.  1.063767
397.  1.064513
398.  1.065259
399.  1.066003
400.  1.066746
401.  1.067488
402.  1.068228
403.  1.068968
404.  1.069706
405.  1.070443
406.  1.071179
407.  1.071913
408.  1.072646
409.  1.073379
410.  1.07411
411.  1.074839
412.  1.075568
413.  1.076295
414.  1.077021
415.  1.077746
416.  1.07847
417.  1.079192
418.  1.079914
419.  1.080634
420.  1.081353
421.  1.08207
422.  1.082787
423.  1.083502
424.  1.084216
425.  1.084929
426.  1.085641
427.  1.086351
428.  1.08706
429.  1.087768
430.  1.088475
431.  1.089181
432.  1.089885
433.  1.090588
434.  1.09129
435.  1.091991
436.  1.092691
437.  1.093389
438.  1.094086
439.  1.094782
440.  1.095477
441.  1.096171
442.  1.096863
443.  1.097554
444.  1.098244
445.  1.098933
446.  1.09962
447.  1.100307
448.  1.100992
449.  1.101676
450.  1.102358
451.  1.10304
452.  1.10372
453.  1.104399
454.  1.105077
455.  1.105754
456.  1.106429
457.  1.107103
458.  1.107777
459.  1.108448
460.  1.109119
461.  1.109788
462.  1.110457
463.  1.111124
464.  1.111789
465.  1.112454
466.  1.113118
467.  1.11378
468.  1.114441
469.  1.115101
470.  1.115759
471.  1.116416
472.  1.117073
473.  1.117728
474.  1.118381
475.  1.119034
476.  1.119685
477.  1.120335
478.  1.120984
479.  1.121632
480.  1.122279
481.  1.122924
482.  1.123568
483.  1.124211
484.  1.124853
485.  1.125493
486.  1.126133
487.  1.126771
488.  1.127408
489.  1.128043
490.  1.128678
491.  1.129311
492.  1.129943
493.  1.130574
494.  1.131204
495.  1.131832
496.  1.132459
497.  1.133085
498.  1.13371
499.  1.134334
500.  1.134956
501.  1.135577
502.  1.136197
503.  1.136816
504.  1.137434
505.  1.13805
506.  1.138665
507.  1.139279
508.  1.139892
509.  1.140504
510.  1.141114
511.  1.141723
512.  1.142331
513.  1.142938
514.  1.143543
515.  1.144148
516.  1.144751
517.  1.145353
518.  1.145953
519.  1.146553
520.  1.147151
521.  1.147748
522.  1.148344
523.  1.148939
524.  1.149532
525.  1.150125
526.  1.150716
527.  1.151306
528.  1.151894
529.  1.152482
530.  1.153068
531.  1.153653
532.  1.154237
533.  1.154819
534.  1.155401
535.  1.155981
536.  1.15656
537.  1.157138
538.  1.157714
539.  1.15829
540.  1.158864
541.  1.159437
542.  1.160009
543.  1.160579
544.  1.161149
545.  1.161717
546.  1.162284
547.  1.16285
548.  1.163414
549.  1.163977
550.  1.16454
551.  1.1651
552.  1.16566
553.  1.166219
554.  1.166776
555.  1.167332
556.  1.167887
557.  1.168441
558.  1.168993
559.  1.169544
560.  1.170094
561.  1.170643
562.  1.171191
563.  1.171737
564.  1.172283
565.  1.172827
566.  1.17337
567.  1.173911
568.  1.174452
569.  1.174991
570.  1.175529
571.  1.176066
572.  1.176601
573.  1.177136
574.  1.177669
575.  1.178201
576.  1.178732
577.  1.179261
578.  1.17979
579.  1.180317
580.  1.180843
581.  1.181367
582.  1.181891
583.  1.182413
584.  1.182934
585.  1.183454
586.  1.183973
587.  1.184491
588.  1.185007
589.  1.185522
590.  1.186036
591.  1.186549
592.  1.18706
593.  1.18757
594.  1.188079
595.  1.188587
596.  1.189094
597.  1.189599
598.  1.190104
599.  1.190607
600.  1.191109
601.  1.191609
602.  1.192109
603.  1.192607
604.  1.193104
605.  1.1936
606.  1.194094
607.  1.194588
608.  1.19508
609.  1.195571
610.  1.196061
611.  1.196549
612.  1.197037
613.  1.197523
614.  1.198008
615.  1.198491
616.  1.198974
617.  1.199455
618.  1.199935
619.  1.200414
620.  1.200892
621.  1.201369
622.  1.201844
623.  1.202318
624.  1.202791
625.  1.203263
626.  1.203733
627.  1.204202
628.  1.20467
629.  1.205137
630.  1.205603
631.  1.206067
632.  1.206531
633.  1.206993
634.  1.207454
635.  1.207913
636.  1.208372
637.  1.208829
638.  1.209285
639.  1.20974
640.  1.210193
641.  1.210646
642.  1.211097
643.  1.211547
644.  1.211996
645.  1.212443
646.  1.21289
647.  1.213335
648.  1.213779
649.  1.214222
650.  1.214663
651.  1.215103
652.  1.215543
653.  1.215981
654.  1.216417
655.  1.216853
656.  1.217287
657.  1.21772
658.  1.218152
659.  1.218583
660.  1.219012
661.  1.21944
662.  1.219866
663.  1.22029
664.  1.220713
665.  1.221134
666.  1.221553
667.  1.221971
668.  1.222387
669.  1.222801
670.  1.223214
671.  1.223625
672.  1.224034
673.  1.224442
674.  1.224848
675.  1.225252
676.  1.225655
677.  1.226056
678.  1.226456
679.  1.226853
680.  1.22725
681.  1.227644
682.  1.228037
683.  1.228428
684.  1.228818
685.  1.229206
686.  1.229592
687.  1.229976
688.  1.230359
689.  1.230741
690.  1.23112
691.  1.231498
692.  1.231874
693.  1.232249
694.  1.232622
695.  1.232993
696.  1.233363
697.  1.233731
698.  1.234097
699.  1.234462
700.  1.234825
701.  1.235186
702.  1.235546
703.  1.235904
704.  1.236261
705.  1.236615
706.  1.236968
707.  1.23732
708.  1.23767
709.  1.238018
710.  1.238364
711.  1.238709
712.  1.239052
713.  1.239394
714.  1.239734
715.  1.240072
716.  1.240408
717.  1.240743
718.  1.241076
719.  1.241408
720.  1.241738
721.  1.242066
722.  1.242393
723.  1.242718
724.  1.243041
725.  1.243363
726.  1.243683
727.  1.244001
728.  1.244318
729.  1.244633
730.  1.244946
731.  1.245258
732.  1.245568
733.  1.245876
734.  1.246183
735.  1.246488
736.  1.246791
737.  1.247093
738.  1.247393
739.  1.247692
740.  1.247989
741.  1.248284
742.  1.248577
743.  1.248869
744.  1.249159
745.  1.249448
746.  1.249735
747.  1.25002
748.  1.250304
749.  1.250585
750.  1.250866
751.  1.251144
752.  1.251421
753.  1.251696
754.  1.25197
755.  1.252242
756.  1.252512
757.  1.252781
758.  1.253048
759.  1.253313
760.  1.253577
761.  1.253839
762.  1.254099
763.  1.254358
764.  1.254615
765.  1.254871
766.  1.255124
767.  1.255376
768.  1.255627
769.  1.255876
770.  1.256123
771.  1.256368
772.  1.256612
773.  1.256854
774.  1.257095
775.  1.257334
776.  1.257571
777.  1.257806
778.  1.25804
779.  1.258272
780.  1.258503
781.  1.258732
782.  1.258959
783.  1.259185
784.  1.259409
785.  1.259631
786.  1.259852
787.  1.260071
788.  1.260288
789.  1.260504
790.  1.260718
791.  1.26093
792.  1.261141
793.  1.26135
794.  1.261557
795.  1.261763
796.  1.261967
797.  1.262169
798.  1.26237
799.  1.262569
800.  1.262767
801.  1.262963
802.  1.263157
803.  1.263349
804.  1.26354
805.  1.263729
806.  1.263917
807.  1.264103
808.  1.264287
809.  1.264469
810.  1.26465
811.  1.26483
812.  1.265007
813.  1.265183
814.  1.265357
815.  1.26553
816.  1.265701
817.  1.26587
818.  1.266038
819.  1.266204
820.  1.266368
821.  1.266531
822.  1.266692
823.  1.266851
824.  1.267009
825.  1.267165
826.  1.267319
827.  1.267472
828.  1.267623
829.  1.267773
830.  1.26792
831.  1.268067
832.  1.268211
833.  1.268354
834.  1.268495
835.  1.268635
836.  1.268772
837.  1.268909
838.  1.269043
839.  1.269176
840.  1.269307
841.  1.269437
842.  1.269565
843.  1.269691
844.  1.269816
845.  1.269939
846.  1.27006
847.  1.27018
848.  1.270297
849.  1.270414
850.  1.270528
851.  1.270641
852.  1.270753
853.  1.270862
854.  1.270971
855.  1.271077
856.  1.271182
857.  1.271285
858.  1.271386
859.  1.271486
860.  1.271584
861.  1.27168
862.  1.271775
863.  1.271868
864.  1.27196
865.  1.27205
866.  1.272138
867.  1.272224
868.  1.272309
869.  1.272393
870.  1.272474
871.  1.272554
872.  1.272632
873.  1.272709
874.  1.272784
875.  1.272857
876.  1.272929
877.  1.272999
878.  1.273067
879.  1.273134
880.  1.273198
881.  1.273262
882.  1.273324
883.  1.273383
884.  1.273442
885.  1.273499
886.  1.273554
887.  1.273607
888.  1.273659
889.  1.273709
890.  1.273757
891.  1.273804
892.  1.273849
893.  1.273893
894.  1.273935
895.  1.273975
896.  1.274013
897.  1.27405
898.  1.274085
899.  1.274119
900.  1.274151
901.  1.274181
902.  1.274209
903.  1.274236
904.  1.274262
905.  1.274285
906.  1.274307
907.  1.274327
908.  1.274346
909.  1.274363
910.  1.274378
911.  1.274392
912.  1.274404
913.  1.274414
914.  1.274423
915.  1.27443
916.  1.274436
917.  1.274439
918.  1.274441
919.  1.274442
920.  1.274441
921.  1.274438
922.  1.274433
923.  1.274427
924.  1.274419
925.  1.274409
926.  1.274398
927.  1.274385
928.  1.274371
929.  1.274355
930.  1.274337
931.  1.274318
932.  1.274297
933.  1.274274
934.  1.274249
935.  1.274223
936.  1.274195
937.  1.274166
938.  1.274135
939.  1.274102
940.  1.274068
941.  1.274032
942.  1.273994
943.  1.273955
944.  1.273914
945.  1.273871
946.  1.273827
947.  1.273781
948.  1.273734
949.  1.273684
950.  1.273633
951.  1.273581
952.  1.273527
953.  1.273471
954.  1.273413
955.  1.273354
956.  1.273293
957.  1.273231
958.  1.273167
959.  1.273101
960.  1.273033
961.  1.272964
962.  1.272893
963.  1.272821
964.  1.272747
965.  1.272671
966.  1.272594
967.  1.272515
968.  1.272434
969.  1.272352
970.  1.272267
971.  1.272182
972.  1.272094
973.  1.272005
974.  1.271915
975.  1.271822
976.  1.271729
977.  1.271633
978.  1.271536
979.  1.271437
980.  1.271336
981.  1.271234
982.  1.27113
983.  1.271024
984.  1.270917
985.  1.270808
986.  1.270698
987.  1.270586
988.  1.270472
989.  1.270357
990.  1.27024
991.  1.270123
992.  1.270004
993.  1.269884
994.  1.269763
995.  1.269641
996.  1.269518
997.  1.269394
998.  1.269268
999.  1.269142
1000.  1.269014
1001.  1.268885
1002.  1.268755
1003.  1.268624
1004.  1.268491
1005.  1.268358
1006.  1.268223
1007.  1.268087
1008.  1.26795
1009.  1.267812
1010.  1.267673
1011.  1.267533
1012.  1.267391
1013.  1.267249
1014.  1.267105
1015.  1.26696
1016.  1.266814
1017.  1.266667
1018.  1.266519
1019.  1.266369
1020.  1.266219
1021.  1.266067
1022.  1.265914
1023.  1.26576
1024.  1.265605
1025.  1.265449
1026.  1.265291
1027.  1.265133
1028.  1.264973
1029.  1.264812
1030.  1.26465
1031.  1.264487
1032.  1.264323
1033.  1.264157
1034.  1.263991
1035.  1.263823
1036.  1.263654
1037.  1.263484
1038.  1.263313
1039.  1.263141
1040.  1.262967
1041.  1.262793
1042.  1.262617
1043.  1.26244
1044.  1.262262
1045.  1.262083
1046.  1.261903
1047.  1.261721
1048.  1.261539
1049.  1.261355
1050.  1.26117
1051.  1.260984
1052.  1.260797
1053.  1.260609
1054.  1.26042
1055.  1.260229
1056.  1.260037
1057.  1.259845
1058.  1.259651
1059.  1.259456
1060.  1.259259
1061.  1.259062
1062.  1.258864
1063.  1.258664
1064.  1.258463
1065.  1.258261
1066.  1.258058
1067.  1.257854
1068.  1.257648
1069.  1.257442
1070.  1.257234
1071.  1.257026
1072.  1.256816
1073.  1.256605
1074.  1.256392
1075.  1.256179
1076.  1.255965
1077.  1.255749
1078.  1.255532
1079.  1.255314
1080.  1.255095
1081.  1.254875
1082.  1.254654
1083.  1.254431
1084.  1.254208
1085.  1.253983
1086.  1.253757
1087.  1.25353
1088.  1.253302
1089.  1.253073
1090.  1.252842
1091.  1.252611
1092.  1.252378
1093.  1.252144
1094.  1.251909
1095.  1.251673
1096.  1.251436
1097.  1.251197
1098.  1.250957
1099.  1.250717
1100.  1.250475
1101.  1.250232
1102.  1.249988
1103.  1.249743
1104.  1.249496
1105.  1.249249
1106.  1.249
1107.  1.24875
1108.  1.248499
1109.  1.248247
1110.  1.247994
1111.  1.247739
1112.  1.247484
1113.  1.247227
1114.  1.246969
1115.  1.24671
1116.  1.24645
1117.  1.246189
1118.  1.245926
1119.  1.245663
1120.  1.245398
1121.  1.245132
1122.  1.244866
1123.  1.244597
1124.  1.244328
1125.  1.244058
1126.  1.243786
1127.  1.243514
1128.  1.24324
1129.  1.242965
1130.  1.242689
1131.  1.242412
1132.  1.242133
1133.  1.241854
1134.  1.241573
1135.  1.241291
1136.  1.241008
1137.  1.240724
1138.  1.240439
1139.  1.240153
1140.  1.239865
1141.  1.239577
1142.  1.239287
1143.  1.238996
1144.  1.238704
1145.  1.238411
1146.  1.238116
1147.  1.237821
1148.  1.237524
1149.  1.237226
1150.  1.236928
1151.  1.236628
1152.  1.236326
1153.  1.236024
1154.  1.235721
1155.  1.235416
1156.  1.23511
1157.  1.234803
1158.  1.234495
1159.  1.234186
1160.  1.233876
1161.  1.233564
1162.  1.233252
1163.  1.232938
1164.  1.232623
1165.  1.232307
1166.  1.23199
1167.  1.231672
1168.  1.231352
1169.  1.231032
1170.  1.23071
1171.  1.230387
1172.  1.230063
1173.  1.229738
1174.  1.229412
1175.  1.229084
1176.  1.228756
1177.  1.228426
1178.  1.228095
1179.  1.227763
1180.  1.22743
1181.  1.227096
1182.  1.226761
1183.  1.226424
1184.  1.226086
1185.  1.225748
1186.  1.225408
1187.  1.225067
1188.  1.224724
1189.  1.224381
1190.  1.224036
1191.  1.223691
1192.  1.223344
1193.  1.222996
1194.  1.222647
1195.  1.222297
1196.  1.221945
1197.  1.221593
1198.  1.221239
1199.  1.220884
1200.  1.220528
1201.  1.220171
1202.  1.219813
1203.  1.219454
1204.  1.219093
1205.  1.218732
1206.  1.218369
1207.  1.218005
1208.  1.21764
1209.  1.217274
1210.  1.216906
1211.  1.216538
1212.  1.216168
1213.  1.215797
1214.  1.215425
1215.  1.215052
1216.  1.214678
1217.  1.214303
1218.  1.213927
1219.  1.213549
1220.  1.21317
1221.  1.21279
1222.  1.212409
1223.  1.212027
1224.  1.211644
1225.  1.211259
1226.  1.210874
1227.  1.210487
1228.  1.210099
1229.  1.20971
1230.  1.20932
1231.  1.208929
1232.  1.208536
1233.  1.208143
1234.  1.207748
1235.  1.207352
1236.  1.206955
1237.  1.206557
1238.  1.206158
1239.  1.205757
1240.  1.205356
1241.  1.204953
1242.  1.204549
1243.  1.204144
1244.  1.203738
1245.  1.203331
1246.  1.202922
1247.  1.202513
1248.  1.202102
1249.  1.20169
1250.  1.201277
1251.  1.200863
1252.  1.200448
1253.  1.200032
1254.  1.199614
1255.  1.199195
1256.  1.198775
1257.  1.198354
1258.  1.197932
1259.  1.197509
1260.  1.197085
1261.  1.196659
1262.  1.196233
1263.  1.195805
1264.  1.195376
1265.  1.194946
1266.  1.194515
1267.  1.194082
1268.  1.193649
1269.  1.193214
1270.  1.192778
1271.  1.192341
1272.  1.191903
1273.  1.191464
1274.  1.191024
1275.  1.190582
1276.  1.19014
1277.  1.189696
1278.  1.189251
1279.  1.188805
1280.  1.188358
1281.  1.187909
1282.  1.18746
1283.  1.187009
1284.  1.186557
1285.  1.186105
1286.  1.18565
1287.  1.185195
1288.  1.184739
1289.  1.184281
1290.  1.183823
1291.  1.183363
1292.  1.182902
1293.  1.18244
1294.  1.181977
1295.  1.181513
1296.  1.181047
1297.  1.180581
1298.  1.180113
1299.  1.179644
1300.  1.179174
1301.  1.178703
1302.  1.178231
1303.  1.177757
1304.  1.177283
1305.  1.176807
1306.  1.17633
1307.  1.175852
1308.  1.175373
1309.  1.174893
1310.  1.174411
1311.  1.173929
1312.  1.173445
1313.  1.17296
1314.  1.172474
1315.  1.171987
1316.  1.171499
1317.  1.171009
1318.  1.170519
1319.  1.170028
1320.  1.169536
1321.  1.169043
1322.  1.16855
1323.  1.168055
1324.  1.16756
1325.  1.167064
1326.  1.166567
1327.  1.16607
1328.  1.165572
1329.  1.165072
1330.  1.164573
1331.  1.164072
1332.  1.16357
1333.  1.163068
1334.  1.162565
1335.  1.162061
1336.  1.161556
1337.  1.161051
1338.  1.160545
1339.  1.160038
1340.  1.15953
1341.  1.159021
1342.  1.158512
1343.  1.158002
1344.  1.15749
1345.  1.156979
1346.  1.156466
1347.  1.155953
1348.  1.155438
1349.  1.154923
1350.  1.154408
1351.  1.153891
1352.  1.153374
1353.  1.152856
1354.  1.152337
1355.  1.151817
1356.  1.151296
1357.  1.150775
1358.  1.150253
1359.  1.14973
1360.  1.149206
1361.  1.148682
1362.  1.148156
1363.  1.14763
1364.  1.147103
1365.  1.146575
1366.  1.146047
1367.  1.145518
1368.  1.144988
1369.  1.144457
1370.  1.143925
1371.  1.143393
1372.  1.142859
1373.  1.142325
1374.  1.14179
1375.  1.141255
1376.  1.140718
1377.  1.140181
1378.  1.139643
1379.  1.139104
1380.  1.138565
1381.  1.138024
1382.  1.137483
1383.  1.136941
1384.  1.136398
1385.  1.135854
1386.  1.13531
1387.  1.134765
1388.  1.134219
1389.  1.133672
1390.  1.133125
1391.  1.132576
1392.  1.132027
1393.  1.131477
1394.  1.130926
1395.  1.130375
1396.  1.129822
1397.  1.129269
1398.  1.128716
1399.  1.128161
1400.  1.127605
1401.  1.127049
1402.  1.126492
1403.  1.125934
1404.  1.125375
1405.  1.124816
1406.  1.124256
1407.  1.123694
1408.  1.123133
1409.  1.12257
1410.  1.122006
1411.  1.121442
1412.  1.120877
1413.  1.120311
1414.  1.119745
1415.  1.119177
1416.  1.118609
1417.  1.11804
1418.  1.11747
1419.  1.1169
1420.  1.116328
1421.  1.115756
1422.  1.115183
1423.  1.114609
1424.  1.114035
1425.  1.113459
1426.  1.112883
1427.  1.112306
1428.  1.111728
1429.  1.11115
1430.  1.110571
1431.  1.10999
1432.  1.109409
1433.  1.108828
1434.  1.108245
1435.  1.107662
1436.  1.107078
1437.  1.106493
1438.  1.105907
1439.  1.105321
1440.  1.104733
1441.  1.104145
1442.  1.103557
1443.  1.102967
1444.  1.102376
1445.  1.101785
1446.  1.101193
1447.  1.1006
1448.  1.100007
1449.  1.099412
1450.  1.098817
1451.  1.098221
1452.  1.097624
1453.  1.097026
1454.  1.096428
1455.  1.095829
1456.  1.095229
1457.  1.094628
1458.  1.094026
1459.  1.093424
1460.  1.092821
1461.  1.092217
1462.  1.091612
1463.  1.091007
1464.  1.0904
1465.  1.089793
1466.  1.089185
1467.  1.088576
1468.  1.087967
1469.  1.087357
1470.  1.086746
1471.  1.086134
1472.  1.085521
1473.  1.084907
1474.  1.084293
1475.  1.083678
1476.  1.083062
1477.  1.082446
1478.  1.081828
1479.  1.08121
1480.  1.080591
1481.  1.079971
1482.  1.07935
1483.  1.078729
1484.  1.078107
1485.  1.077483
1486.  1.07686
1487.  1.076235
1488.  1.07561
1489.  1.074983
1490.  1.074356
1491.  1.073729
1492.  1.0731
1493.  1.072471
1494.  1.07184
1495.  1.071209
1496.  1.070578
1497.  1.069945
1498.  1.069312
1499.  1.068678
1500.  1.068043
1501.  1.067407
1502.  1.06677
1503.  1.066133
1504.  1.065495
1505.  1.064856
1506.  1.064216
1507.  1.063576
1508.  1.062935
1509.  1.062292
1510.  1.061649
1511.  1.061006
1512.  1.060361
1513.  1.059716
1514.  1.05907
1515.  1.058423
1516.  1.057775
1517.  1.057127
1518.  1.056478
1519.  1.055828
1520.  1.055177
1521.  1.054525
1522.  1.053873
1523.  1.05322
1524.  1.052566
1525.  1.051911
1526.  1.051255
1527.  1.050599
1528.  1.049942
1529.  1.049284
1530.  1.048625
1531.  1.047965
1532.  1.047305
1533.  1.046644
1534.  1.045982
1535.  1.045319
1536.  1.044655
1537.  1.043991
1538.  1.043326
1539.  1.04266
1540.  1.041993
1541.  1.041326
1542.  1.040658
1543.  1.039988
1544.  1.039319
1545.  1.038648
1546.  1.037976
1547.  1.037304
1548.  1.036631
1549.  1.035957
1550.  1.035282
1551.  1.034607
1552.  1.033931
1553.  1.033254
1554.  1.032576
1555.  1.031897
1556.  1.031218
1557.  1.030537
1558.  1.029857
1559.  1.029175
1560.  1.028492
1561.  1.027809
1562.  1.027125
1563.  1.02644
1564.  1.025754
1565.  1.025067
1566.  1.02438
1567.  1.023692
1568.  1.023003
1569.  1.022313
1570.  1.021622
1571.  1.020931
1572.  1.020239
1573.  1.019546
1574.  1.018852
1575.  1.018158
1576.  1.017462
1577.  1.016766
1578.  1.016069
1579.  1.015372
1580.  1.014673
1581.  1.013974
1582.  1.013274
1583.  1.012573
1584.  1.011871
1585.  1.011169
1586.  1.010465
1587.  1.009761
1588.  1.009056
1589.  1.008351
1590.  1.007644
1591.  1.006937
1592.  1.006229
1593.  1.00552
1594.  1.004811
1595.  1.0041
1596.  1.003389
1597.  1.002677
1598.  1.001964
1599.  1.001251
1600.  1.000536
1601.  0.9998211
1602.  0.9991052
1603.  0.9983884
1604.  0.9976708
1605.  0.9969525
1606.  0.9962333
1607.  0.9955134
1608.  0.9947926
1609.  0.9940711
1610.  0.9933488
1611.  0.9926257
1612.  0.9919018
1613.  0.991177
1614.  0.9904515
1615.  0.9897252
1616.  0.9889981
1617.  0.9882702
1618.  0.9875416
1619.  0.9868121
1620.  0.9860818
1621.  0.9853507
1622.  0.9846189
1623.  0.9838862
1624.  0.9831527
1625.  0.9824185
1626.  0.9816835
1627.  0.9809477
1628.  0.980211
1629.  0.9794736
1630.  0.9787354
1631.  0.9779964
1632.  0.9772566
1633.  0.976516
1634.  0.9757746
1635.  0.9750324
1636.  0.9742894
1637.  0.9735456
1638.  0.9728011
1639.  0.9720557
1640.  0.9713095
1641.  0.9705626
1642.  0.9698148
1643.  0.9690663
1644.  0.968317
1645.  0.9675668
1646.  0.9668159
1647.  0.9660646
1648.  0.9653131
1649.  0.9645617
1650.  0.9638102
1651.  0.9630587
1652.  0.9623071
1653.  0.9615555
1654.  0.9608038
1655.  0.9600521
1656.  0.9593003
1657.  0.9585485
1658.  0.9577966
1659.  0.9570447
1660.  0.9562927
1661.  0.9555407
1662.  0.9547886
1663.  0.9540365
1664.  0.9532844
1665.  0.9525322
1666.  0.9517799
1667.  0.9510276
1668.  0.9502752
1669.  0.9495229
1670.  0.9487704
1671.  0.9480179
1672.  0.9472654
1673.  0.9465128
1674.  0.9457601
1675.  0.9450074
1676.  0.9442548
1677.  0.9435019
1678.  0.9427491
1679.  0.9419963
1680.  0.9412434
1681.  0.9404904
1682.  0.9397373
1683.  0.9389843
1684.  0.9382312
1685.  0.937478
1686.  0.9367248
1687.  0.9359716
1688.  0.9352182
1689.  0.9344649
1690.  0.9337115
1691.  0.932958
1692.  0.9322045
1693.  0.931451
1694.  0.9306974
1695.  0.9299437
1696.  0.9291901
1697.  0.9284363
1698.  0.9276826
1699.  0.9269287
1700.  0.9261748
1701.  0.9254209
1702.  0.9246669
1703.  0.9239129
1704.  0.9231589
1705.  0.9224048
1706.  0.9216506
1707.  0.9208964
1708.  0.9201421
1709.  0.9193878
1710.  0.9186335
1711.  0.917879
1712.  0.9171246
1713.  0.9163701
1714.  0.9156156
1715.  0.914861
1716.  0.9141063
1717.  0.9133517
1718.  0.9125969
1719.  0.9118421
1720.  0.9110873
1721.  0.9103324
1722.  0.9095775
1723.  0.9088225
1724.  0.9080675
1725.  0.9073124
1726.  0.9065573
1727.  0.9058021
1728.  0.9050469
1729.  0.9042916
1730.  0.9035363
1731.  0.902781
1732.  0.9020256
1733.  0.9012701
1734.  0.9005146
1735.  0.8997591
1736.  0.8990034
1737.  0.8982478
1738.  0.8974921
1739.  0.8967364
1740.  0.8959806
1741.  0.8952248
1742.  0.8944689
1743.  0.8937129
1744.  0.892957
1745.  0.8922009
1746.  0.8914449
1747.  0.8906888
1748.  0.8899326
1749.  0.8891764
1750.  0.8884201
1751.  0.8876638
1752.  0.8869074
1753.  0.886151
1754.  0.8853946
1755.  0.8846381
1756.  0.8838815
1757.  0.8831249
1758.  0.8823683
1759.  0.8816116
1760.  0.8808548
1761.  0.880098
1762.  0.8793412
1763.  0.8785843
1764.  0.8778274
1765.  0.8770704
1766.  0.8763134
1767.  0.8755563
1768.  0.8747992
1769.  0.874042
1770.  0.8732848
1771.  0.8725275
1772.  0.8717702
1773.  0.8710128
1774.  0.8702554
1775.  0.869498
1776.  0.8687404
1777.  0.8679829
1778.  0.8672253
1779.  0.8664677
1780.  0.86571
1781.  0.8649522
1782.  0.8641944
1783.  0.8634366
1784.  0.8626787
1785.  0.8619208
1786.  0.8611628
1787.  0.8604047
1788.  0.8596467
1789.  0.8588885
1790.  0.8581303
1791.  0.8573721
1792.  0.8566139
1793.  0.8558555
1794.  0.8550972
1795.  0.8543388
1796.  0.8535803
1797.  0.8528218
1798.  0.8520632
1799.  0.8513047
1800.  0.850546
1801.  0.8497873
1802.  0.8490285
1803.  0.8482698
1804.  0.8475109
1805.  0.846752
1806.  0.845993
1807.  0.8452341
1808.  0.844475
1809.  0.843716
1810.  0.8429568
1811.  0.8421977
1812.  0.8414384
1813.  0.8406792
1814.  0.8399199
1815.  0.8391605
1816.  0.8384011
1817.  0.8376416
1818.  0.8368821
1819.  0.8361225
1820.  0.8353629
1821.  0.8346033
1822.  0.8338436
1823.  0.8330838
1824.  0.832324
1825.  0.8315642
1826.  0.8308043
1827.  0.8300443
1828.  0.8292844
1829.  0.8285243
1830.  0.8277642
1831.  0.8270041
1832.  0.8262439
1833.  0.8254837
1834.  0.8247234
1835.  0.8239631
1836.  0.8232027
1837.  0.8224423
1838.  0.8216818
1839.  0.8209213
1840.  0.8201607
1841.  0.8194001
1842.  0.8186395
1843.  0.8178788
1844.  0.817118
1845.  0.8163572
1846.  0.8155964
1847.  0.8148355
1848.  0.8140745
1849.  0.8133135
1850.  0.8125525
1851.  0.8117914
1852.  0.8110303
1853.  0.8102691
1854.  0.8095078
1855.  0.8087466
1856.  0.8079852
1857.  0.8072239
1858.  0.8064625
1859.  0.805701
1860.  0.8049395
1861.  0.8041779
1862.  0.8034163
1863.  0.8026546
1864.  0.8018929
1865.  0.8011312
1866.  0.8003694
1867.  0.7996075
1868.  0.7988456
1869.  0.7980837
1870.  0.7973217
1871.  0.7965596
1872.  0.7957976
1873.  0.7950354
1874.  0.7942733
1875.  0.793511
1876.  0.7927487
1877.  0.7919864
1878.  0.791224
1879.  0.7904616
1880.  0.7896991
1881.  0.7889366
1882.  0.788174
1883.  0.7874114
1884.  0.7866488
1885.  0.785886
1886.  0.7851233
1887.  0.7843605
1888.  0.7835976
1889.  0.7828347
1890.  0.7820718
1891.  0.7813088
1892.  0.7805457
1893.  0.7797827
1894.  0.7790195
1895.  0.7782563
1896.  0.7774931
1897.  0.7767298
1898.  0.7759665
1899.  0.7752031
1900.  0.7744396
1901.  0.7736762
1902.  0.7729127
1903.  0.7721491
1904.  0.7713855
1905.  0.7706218
1906.  0.7698581
1907.  0.7690943
1908.  0.7683305
1909.  0.7675667
1910.  0.7668028
1911.  0.7660388
1912.  0.7652748
1913.  0.7645108
1914.  0.7637467
1915.  0.7629825
1916.  0.7622184
1917.  0.7614541
1918.  0.7606898
1919.  0.7599255
1920.  0.7591611
1921.  0.7583967
1922.  0.7576322
1923.  0.7568676
1924.  0.7561031
1925.  0.7553385
1926.  0.7545738
1927.  0.7538091
1928.  0.7530443
1929.  0.7522795
1930.  0.7515147
1931.  0.7507498
1932.  0.7499848
1933.  0.7492198
1934.  0.7484547
1935.  0.7476897
1936.  0.7469245
1937.  0.7461593
1938.  0.7453941
1939.  0.7446288
1940.  0.7438635
1941.  0.7430981
1942.  0.7423326
1943.  0.7415671
1944.  0.7408016
1945.  0.740036
1946.  0.7392704
1947.  0.7385048
1948.  0.737739
1949.  0.7369733
1950.  0.7362074
1951.  0.7354416
1952.  0.7346756
1953.  0.7339097
1954.  0.7331437
1955.  0.7323776
1956.  0.7316115
1957.  0.7308454
1958.  0.7300792
1959.  0.729313
1960.  0.7285467
1961.  0.7277803
1962.  0.7270139
1963.  0.7262475
1964.  0.725481
1965.  0.7247145
1966.  0.7239479
1967.  0.7231813
1968.  0.7224146
1969.  0.7216479
1970.  0.7208812
1971.  0.7201143
1972.  0.7193475
1973.  0.7185805
1974.  0.7178136
1975.  0.7170466
1976.  0.7162797
1977.  0.7155132
1978.  0.714747
1979.  0.713981
1980.  0.7132155
1981.  0.7124502
1982.  0.7116852
1983.  0.7109206
1984.  0.7101564
1985.  0.7093924
1986.  0.7086288
1987.  0.7078654
1988.  0.7071025
1989.  0.7063398
1990.  0.7055774
1991.  0.7048154
1992.  0.7040537
1993.  0.7032923
1994.  0.7025313
1995.  0.7017705
1996.  0.7010101
1997.  0.70025
1998.  0.6994902
1999.  0.6987308
2000.  0.6979717
2001.  0.6972129
2002.  0.6964544
2003.  0.6956963
2004.  0.6949384
2005.  0.694181
2006.  0.6934237
2007.  0.6926669
2008.  0.6919104
2009.  0.6911541
2010.  0.6903983
2011.  0.6896427
2012.  0.6888874
2013.  0.6881325
2014.  0.6873779
2015.  0.6866236
2016.  0.6858697
2017.  0.6851161
2018.  0.6843628
2019.  0.6836098
2020.  0.6828571
2021.  0.6821048
2022.  0.6813527
2023.  0.6806011
2024.  0.6798497
2025.  0.6790987
2026.  0.6783479
2027.  0.6775975
2028.  0.6768475
2029.  0.6760977
2030.  0.6753482
2031.  0.6745991
2032.  0.6738504
2033.  0.6731019
2034.  0.6723537
2035.  0.6716059
2036.  0.6708584
2037.  0.6701112
2038.  0.6693644
2039.  0.6686179
2040.  0.6678717
2041.  0.6671258
2042.  0.6663802
2043.  0.665635
2044.  0.6648901
2045.  0.6641455
2046.  0.6634012
2047.  0.6626573
2048.  0.6619137
2049.  0.6611704
2050.  0.6604274
2051.  0.6596848
2052.  0.6589424
2053.  0.6582004
2054.  0.6574587
2055.  0.6567174
2056.  0.6559764
2057.  0.6552356
2058.  0.6544952
2059.  0.6537552
2060.  0.6530154
2061.  0.652276
2062.  0.6515369
2063.  0.6507981
2064.  0.6500596
2065.  0.6493216
2066.  0.6485837
2067.  0.6478462
2068.  0.6471091
2069.  0.6463723
2070.  0.6456357
2071.  0.6448995
2072.  0.6441637
2073.  0.6434281
2074.  0.6426929
2075.  0.641958
2076.  0.6412234
2077.  0.6404892
2078.  0.6397552
2079.  0.6390216
2080.  0.6382883
2081.  0.6375554
2082.  0.6368227
2083.  0.6360904
2084.  0.6353584
2085.  0.6346267
2086.  0.6338954
2087.  0.6331643
2088.  0.6324337
2089.  0.6317033
2090.  0.6309732
2091.  0.6302435
2092.  0.629514
2093.  0.628785
2094.  0.6280562
2095.  0.6273277
2096.  0.6265997
2097.  0.6258718
2098.  0.6251444
2099.  0.6244172
2100.  0.6236904
2101.  0.6229639
2102.  0.6222377
2103.  0.6215118
2104.  0.6207863
2105.  0.6200611
2106.  0.6193362
2107.  0.6186116
2108.  0.6178874
2109.  0.6171635
2110.  0.6164399
2111.  0.6157166
2112.  0.6149936
2113.  0.614271
2114.  0.6135487
2115.  0.6128267
2116.  0.6121051
2117.  0.6113837
2118.  0.6106627
2119.  0.609942
2120.  0.6092216
2121.  0.6085016
2122.  0.6077818
2123.  0.6070625
2124.  0.6063434
2125.  0.6056246
2126.  0.6049062
2127.  0.6041881
2128.  0.6034703
2129.  0.6027528
2130.  0.6020357
2131.  0.6013188
2132.  0.6006024
2133.  0.5998862
2134.  0.5991703
2135.  0.5984548
2136.  0.5977396
2137.  0.5970247
2138.  0.5963102
2139.  0.595596
2140.  0.594882
2141.  0.5941684
2142.  0.5934552
2143.  0.5927422
2144.  0.5920296
2145.  0.5913173
2146.  0.5906053
2147.  0.5898937
2148.  0.5891824
2149.  0.5884714
2150.  0.5877607
2151.  0.5870503
2152.  0.5863402
2153.  0.5856305
2154.  0.5849212
2155.  0.5842121
2156.  0.5835034
2157.  0.5827949
2158.  0.5820868
2159.  0.5813791
2160.  0.5806716
2161.  0.5799645
2162.  0.5792577
2163.  0.5785512
2164.  0.577845
2165.  0.5771391
2166.  0.5764337
2167.  0.5757285
2168.  0.5750236
2169.  0.5743191
2170.  0.5736148
2171.  0.5729109
2172.  0.5722073
2173.  0.5715041
2174.  0.5708011
2175.  0.5700985
2176.  0.5693963
2177.  0.5686943
2178.  0.5679926
2179.  0.5672913
2180.  0.5665903
2181.  0.5658897
2182.  0.5651893
2183.  0.5644892
2184.  0.5637895
2185.  0.5630902
2186.  0.5623911
2187.  0.5616924
2188.  0.560994
2189.  0.5602959
2190.  0.5595981
2191.  0.5589007
2192.  0.5582036
2193.  0.5575067
2194.  0.5568103
2195.  0.5561141
2196.  0.5554183
2197.  0.5547228
2198.  0.5540276
2199.  0.5533327
2200.  0.5526382
2201.  0.551944
2202.  0.5512501
2203.  0.5505565
2204.  0.5498633
2205.  0.5491704
2206.  0.5484778
2207.  0.5477855
2208.  0.5470936
2209.  0.5464019
2210.  0.5457106
2211.  0.5450196
2212.  0.5443289
2213.  0.5436386
2214.  0.5429486
2215.  0.5422589
2216.  0.5415695
2217.  0.5408805
2218.  0.5401918
2219.  0.5395033
2220.  0.5388153
2221.  0.5381275
2222.  0.5374401
2223.  0.536753
2224.  0.5360662
2225.  0.5353797
2226.  0.5346936
2227.  0.5340078
2228.  0.5333223
2229.  0.5326371
2230.  0.5319523
2231.  0.5312677
2232.  0.5305835
2233.  0.5298997
2234.  0.5292161
2235.  0.5285329
2236.  0.5278499
2237.  0.5271673
2238.  0.5264851
2239.  0.5258031
2240.  0.5251215
2241.  0.5244402
2242.  0.5237592
2243.  0.5230786
2244.  0.5223982
2245.  0.5217183
2246.  0.5210386
2247.  0.5203592
2248.  0.5196801
2249.  0.5190014
2250.  0.5183231
2251.  0.517645
2252.  0.5169672
2253.  0.5162898
2254.  0.5156127
2255.  0.514936
2256.  0.5142595
2257.  0.5135834
2258.  0.5129076
2259.  0.5122321
2260.  0.5115569
2261.  0.5108821
2262.  0.5102075
2263.  0.5095333
2264.  0.5088595
2265.  0.5081859
2266.  0.5075127
2267.  0.5068398
2268.  0.5061672
2269.  0.505495
2270.  0.504823
2271.  0.5041514
2272.  0.5034801
2273.  0.5028092
2274.  0.5021386
2275.  0.5014682
2276.  0.5007982
2277.  0.5001286
2278.  0.4994592
2279.  0.4987902
2280.  0.4981215
2281.  0.4974531
2282.  0.496785
2283.  0.4961173
2284.  0.4954499
2285.  0.4947828
2286.  0.494116
2287.  0.4934496
2288.  0.4927835
2289.  0.4921176
2290.  0.4914522
2291.  0.490787
2292.  0.4901222
2293.  0.4894577
2294.  0.4887935
2295.  0.4881296
2296.  0.4874661
2297.  0.4868029
2298.  0.48614
2299.  0.4854774
2300.  0.4848152
2301.  0.4841533
2302.  0.4834917
2303.  0.4828304
2304.  0.4821694
