6.  0.7800232
7.  0.7809578
8.  0.7818912
9.  0.7828237
10.  0.783755
11.  0.7846853
12.  0.7856145
13.  0.7865426
14.  0.7874697
15.  0.7883957
16.  0.7893206
17.  0.7902445
18.  0.7911673
19.  0.7920889
20.  0.7930096
21.  0.7939292
22.  0.7948477
23.  0.7957651
24.  0.7966815
25.  0.7975968
26.  0.798511
27.  0.7994241
28.  0.8003362
29.  0.8012472
30.  0.8021571
31.  0.803066
32.  0.8039737
33.  0.8048805
34.  0.8057861
35.  0.8066907
36.  0.8075942
37.  0.8084967
38.  0.8093981
39.  0.8102983
40.  0.8111976
41.  0.8120957
42.  0.8129928
43.  0.8138888
44.  0.8147838
45.  0.8156776
46.  0.8165705
47.  0.8174622
48.  0.8183528
49.  0.8192424
50.  0.8201309
51.  0.8210184
52.  0.8219048
53.  0.8227901
54.  0.8236743
55.  0.8245575
56.  0.8254396
57.  0.8263206
58.  0.8272006
59.  0.8280795
60.  0.8289573
61.  0.829834
62.  0.8307097
63.  0.8315843
64.  0.8324578
65.  0.8333303
66.  0.8342017
67.  0.835072
68.  0.8359413
69.  0.8368095
70.  0.8376766
71.  0.8385426
72.  0.8394076
73.  0.8402715
74.  0.8411343
75.  0.8419961
76.  0.8428568
77.  0.8437164
78.  0.8445749
79.  0.8454324
80.  0.8462888
81.  0.8471441
82.  0.8479984
83.  0.8488516
84.  0.8497037
85.  0.8505548
86.  0.8514047
87.  0.8522536
88.  0.8531015
89.  0.8539482
90.  0.854794
91.  0.8556386
92.  0.8564821
93.  0.8573246
94.  0.858166
95.  0.8590064
96.  0.8598456
97.  0.8606839
98.  0.861521
99.  0.8623571
100.  0.863192
101.  0.864026
102.  0.8648588
103.  0.8656906
104.  0.8665213
105.  0.8673509
106.  0.8681795
107.  0.869007
108.  0.8698334
109.  0.8706588
110.  0.8714831
111.  0.8723063
112.  0.8731284
113.  0.8739495
114.  0.8747695
115.  0.8755885
116.  0.8764063
117.  0.8772231
118.  0.8780388
119.  0.8788535
120.  0.879667
121.  0.8804796
122.  0.881291
123.  0.8821014
124.  0.8829107
125.  0.8837189
126.  0.8845261
127.  0.8853321
128.  0.8861371
129.  0.8869411
130.  0.8877439
131.  0.8885458
132.  0.8893465
133.  0.8901462
134.  0.8909448
135.  0.8917423
136.  0.8925387
137.  0.8933341
138.  0.8941284
139.  0.8949217
140.  0.8957138
141.  0.8965049
142.  0.8972949
143.  0.8980839
144.  0.8988718
145.  0.8996586
146.  0.9004443
147.  0.901229
148.  0.9020126
149.  0.9027951
150.  0.9035766
151.  0.904357
152.  0.9051363
153.  0.9059146
154.  0.9066918
155.  0.9074678
156.  0.9082429
157.  0.9090168
158.  0.9097898
159.  0.9105616
160.  0.9113324
161.  0.912102
162.  0.9128706
163.  0.9136382
164.  0.9144047
165.  0.9151701
166.  0.9159344
167.  0.9166977
168.  0.9174598
169.  0.918221
170.  0.918981
171.  0.91974
172.  0.9204979
173.  0.9212548
174.  0.9220105
175.  0.9227652
176.  0.9235188
177.  0.9242714
178.  0.9250229
179.  0.9257733
180.  0.9265226
181.  0.9272709
182.  0.9280181
183.  0.9287642
184.  0.9295093
185.  0.9302533
186.  0.9309962
187.  0.9317381
188.  0.9324788
189.  0.9332185
190.  0.9339572
191.  0.9346948
192.  0.9354312
193.  0.9361667
194.  0.936901
195.  0.9376343
196.  0.9383665
197.  0.9390977
198.  0.9398277
199.  0.9405568
200.  0.9412847
201.  0.9420115
202.  0.9427373
203.  0.9434621
204.  0.9441857
205.  0.9449083
206.  0.9456298
207.  0.9463502
208.  0.9470696
209.  0.9477879
210.  0.9485051
211.  0.9492213
212.  0.9499364
213.  0.9506504
214.  0.9513633
215.  0.9520752
216.  0.952786
217.  0.9534957
218.  0.9542044
219.  0.9549119
220.  0.9556185
221.  0.9563239
222.  0.9570283
223.  0.9577316
224.  0.9584339
225.  0.9591351
226.  0.9598351
227.  0.9605342
228.  0.9612321
229.  0.961929
230.  0.9626248
231.  0.9633195
232.  0.9640132
233.  0.9647058
234.  0.9653974
235.  0.9660878
236.  0.9667772
237.  0.9674655
238.  0.9681528
239.  0.9688389
240.  0.9695241
241.  0.9702081
242.  0.9708911
243.  0.9715729
244.  0.9722538
245.  0.9729335
246.  0.9736122
247.  0.9742898
248.  0.9749663
249.  0.9756418
250.  0.9763163
251.  0.9769896
252.  0.9776618
253.  0.9783331
254.  0.9790031
255.  0.9796722
256.  0.9803402
257.  0.9810071
258.  0.9816729
259.  0.9823377
260.  0.9830014
261.  0.983664
262.  0.9843256
263.  0.9849861
264.  0.9856455
265.  0.9863038
266.  0.9869611
267.  0.9876173
268.  0.9882724
269.  0.9889265
270.  0.9895794
271.  0.9902314
272.  0.9908822
273.  0.991532
274.  0.9921807
275.  0.9928283
276.  0.9934749
277.  0.9941204
278.  0.9947648
279.  0.9954082
280.  0.9960505
281.  0.9966916
282.  0.9973318
283.  0.9979709
284.  0.9986089
285.  0.9992458
286.  0.9998817
287.  1.000516
288.  1.00115
289.  1.001783
290.  1.002414
291.  1.003045
292.  1.003674
293.  1.004303
294.  1.00493
295.  1.005556
296.  1.006181
297.  1.006805
298.  1.007429
299.  1.00805
300.  1.008671
301.  1.009291
302.  1.00991
303.  1.010527
304.  1.011144
305.  1.01176
306.  1.012374
307.  1.012987
308.  1.0136
309.  1.014211
310.  1.014821
311.  1.01543
312.  1.016038
313.  1.016645
314.  1.017251
315.  1.017856
316.  1.01846
317.  1.019062
318.  1.019664
319.  1.020264
320.  1.020864
321.  1.021462
322.  1.02206
323.  1.022656
324.  1.023251
325.  1.023845
326.  1.024438
327.  1.02503
328.  1.025621
329.  1.026211
330.  1.0268
331.  1.027387
332.  1.027974
333.  1.028559
334.  1.029144
335.  1.029727
336.  1.03031
337.  1.030891
338.  1.031471
339.  1.03205
340.  1.032628
341.  1.033205
342.  1.033781
343.  1.034356
344.  1.03493
345.  1.035502
346.  1.036074
347.  1.036645
348.  1.037214
349.  1.037783
350.  1.03835
351.  1.038916
352.  1.039481
353.  1.040045
354.  1.040609
355.  1.04117
356.  1.041731
357.  1.042291
358.  1.04285
359.  1.043408
360.  1.043964
361.  1.04452
362.  1.045074
363.  1.045628
364.  1.04618
365.  1.046731
366.  1.047282
367.  1.047831
368.  1.048379
369.  1.048926
370.  1.049472
371.  1.050017
372.  1.05056
373.  1.051103
374.  1.051645
375.  1.052185
376.  1.052725
377.  1.053263
378.  1.053801
379.  1.054337
380.  1.054872
381.  1.055406
382.  1.055939
383.  1.056471
384.  1.057002
385.  1.057532
386.  1.058061
387.  1.058589
388.  1.059116
389.  1.059641
390.  1.060166
391.  1.060689
392.  1.061211
393.  1.061733
394.  1.062253
395.  1.062772
396.  1.06329
397.  1.063807
398.  1.064323
399.  1.064838
400.  1.065352
401.  1.065865
402.  1.066376
403.  1.066887
404.  1.067396
405.  1.067905
406.  1.068412
407.  1.068919
408.  1.069424
409.  1.069928
410.  1.070431
411.  1.070933
412.  1.071434
413.  1.071934
414.  1.072433
415.  1.072931
416.  1.073427
417.  1.073923
418.  1.074417
419.  1.074911
420.  1.075403
421.  1.075895
422.  1.076385
423.  1.076874
424.  1.077362
425.  1.077849
426.  1.078335
427.  1.07882
428.  1.079304
429.  1.079787
430.  1.080268
431.  1.080749
432.  1.081228
433.  1.081707
434.  1.082184
435.  1.082661
436.  1.083136
437.  1.08361
438.  1.084083
439.  1.084555
440.  1.085026
441.  1.085496
442.  1.085965
443.  1.086433
444.  1.0869
445.  1.087365
446.  1.08783
447.  1.088293
448.  1.088756
449.  1.089217
450.  1.089677
451.  1.090137
452.  1.090595
453.  1.091052
454.  1.091508
455.  1.091963
456.  1.092417
457.  1.092869
458.  1.093321
459.  1.093772
460.  1.094221
461.  1.09467
462.  1.095117
463.  1.095564
464.  1.096009
465.  1.096453
466.  1.096896
467.  1.097338
468.  1.097779
469.  1.098219
470.  1.098658
471.  1.099096
472.  1.099533
473.  1.099968
474.  1.100403
475.  1.100837
476.  1.101269
477.  1.1017
478.  1.102131
479.  1.10256
480.  1.102988
481.  1.103415
482.  1.103841
483.  1.104266
484.  1.10469
485.  1.105113
486.  1.105535
487.  1.105955
488.  1.106375
489.  1.106793
490.  1.107211
491.  1.107627
492.  1.108042
493.  1.108457
494.  1.10887
495.  1.109282
496.  1.109693
497.  1.110103
498.  1.110512
499.  1.11092
500.  1.111326
501.  1.111732
502.  1.112137
503.  1.11254
504.  1.112943
505.  1.113344
506.  1.113744
507.  1.114144
508.  1.114542
509.  1.114939
510.  1.115335
511.  1.11573
512.  1.116124
513.  1.116517
514.  1.116909
515.  1.117299
516.  1.117689
517.  1.118077
518.  1.118465
519.  1.118851
520.  1.119237
521.  1.119621
522.  1.120004
523.  1.120386
524.  1.120767
525.  1.121147
526.  1.121526
527.  1.121904
528.  1.122281
529.  1.122656
530.  1.123031
531.  1.123405
532.  1.123777
533.  1.124149
534.  1.124519
535.  1.124888
536.  1.125256
537.  1.125624
538.  1.12599
539.  1.126355
540.  1.126719
541.  1.127081
542.  1.127443
543.  1.127804
544.  1.128164
545.  1.128522
546.  1.12888
547.  1.129236
548.  1.129591
549.  1.129946
550.  1.130299
551.  1.130651
552.  1.131002
553.  1.131352
554.  1.131701
555.  1.132049
556.  1.132396
557.  1.132741
558.  1.133086
559.  1.13343
560.  1.133772
561.  1.134114
562.  1.134454
563.  1.134793
564.  1.135132
565.  1.135469
566.  1.135805
567.  1.13614
568.  1.136474
569.  1.136807
570.  1.137138
571.  1.137469
572.  1.137799
573.  1.138128
574.  1.138455
575.  1.138782
576.  1.139107
577.  1.139431
578.  1.139754
579.  1.140077
580.  1.140398
581.  1.140718
582.  1.141037
583.  1.141355
584.  1.141671
585.  1.141987
586.  1.142302
587.  1.142615
588.  1.142928
589.  1.143239
590.  1.14355
591.  1.143859
592.  1.144167
593.  1.144475
594.  1.144781
595.  1.145086
596.  1.14539
597.  1.145693
598.  1.145995
599.  1.146295
600.  1.146595
601.  1.146894
602.  1.147191
603.  1.147488
604.  1.147783
605.  1.148077
606.  1.148371
607.  1.148663
608.  1.148954
609.  1.149244
610.  1.149533
611.  1.149821
612.  1.150108
613.  1.150393
614.  1.150678
615.  1.150962
616.  1.151244
617.  1.151526
618.  1.151806
619.  1.152086
620.  1.152364
621.  1.152641
622.  1.152917
623.  1.153192
624.  1.153466
625.  1.153739
626.  1.154011
627.  1.154282
628.  1.154552
629.  1.15482
630.  1.155088
631.  1.155354
632.  1.15562
633.  1.155884
634.  1.156147
635.  1.15641
636.  1.156671
637.  1.156931
638.  1.15719
639.  1.157448
640.  1.157705
641.  1.15796
642.  1.158215
643.  1.158469
644.  1.158721
645.  1.158973
646.  1.159223
647.  1.159473
648.  1.159721
649.  1.159968
650.  1.160214
651.  1.16046
652.  1.160704
653.  1.160946
654.  1.161188
655.  1.161429
656.  1.161669
657.  1.161908
658.  1.162145
659.  1.162382
660.  1.162617
661.  1.162852
662.  1.163085
663.  1.163317
664.  1.163548
665.  1.163778
666.  1.164007
667.  1.164235
668.  1.164462
669.  1.164688
670.  1.164913
671.  1.165136
672.  1.165359
673.  1.165581
674.  1.165801
675.  1.166021
676.  1.166239
677.  1.166456
678.  1.166672
679.  1.166887
680.  1.167101
681.  1.167314
682.  1.167526
683.  1.167737
684.  1.167947
685.  1.168156
686.  1.168363
687.  1.16857
688.  1.168775
689.  1.16898
690.  1.169183
691.  1.169385
692.  1.169586
693.  1.169787
694.  1.169986
695.  1.170184
696.  1.17038
697.  1.170576
698.  1.170771
699.  1.170965
700.  1.171157
701.  1.171349
702.  1.171539
703.  1.171729
704.  1.171917
705.  1.172104
706.  1.172291
707.  1.172476
708.  1.17266
709.  1.172843
710.  1.173025
711.  1.173206
712.  1.173386
713.  1.173564
714.  1.173742
715.  1.173918
716.  1.174094
717.  1.174268
718.  1.174442
719.  1.174614
720.  1.174785
721.  1.174955
722.  1.175124
723.  1.175292
724.  1.175459
725.  1.175625
726.  1.17579
727.  1.175954
728.  1.176116
729.  1.176278
730.  1.176438
731.  1.176598
732.  1.176756
733.  1.176914
734.  1.17707
735.  1.177225
736.  1.177379
737.  1.177532
738.  1.177684
739.  1.177835
740.  1.177985
741.  1.178133
742.  1.178281
743.  1.178428
744.  1.178573
745.  1.178718
746.  1.178861
747.  1.179003
748.  1.179145
749.  1.179285
750.  1.179424
751.  1.179562
752.  1.179699
753.  1.179835
754.  1.17997
755.  1.180103
756.  1.180236
757.  1.180368
758.  1.180498
759.  1.180628
760.  1.180756
761.  1.180883
762.  1.18101
763.  1.181135
764.  1.181259
765.  1.181382
766.  1.181504
767.  1.181625
768.  1.181745
769.  1.181863
770.  1.181981
771.  1.182098
772.  1.182213
773.  1.182328
774.  1.182441
775.  1.182553
776.  1.182665
777.  1.182775
778.  1.182884
779.  1.182992
780.  1.183099
781.  1.183205
782.  1.18331
783.  1.183414
784.  1.183516
785.  1.183618
786.  1.183718
787.  1.183818
788.  1.183916
789.  1.184014
790.  1.18411
791.  1.184205
792.  1.184299
793.  1.184392
794.  1.184484
795.  1.184575
796.  1.184665
797.  1.184754
798.  1.184842
799.  1.184928
800.  1.185014
801.  1.185098
802.  1.185182
803.  1.185264
804.  1.185345
805.  1.185426
806.  1.185505
807.  1.185583
808.  1.18566
809.  1.185736
810.  1.185811
811.  1.185884
812.  1.185957
813.  1.186029
814.  1.186099
815.  1.186169
816.  1.186237
817.  1.186305
818.  1.186371
819.  1.186436
820.  1.1865
821.  1.186563
822.  1.186626
823.  1.186687
824.  1.186746
825.  1.186805
826.  1.186863
827.  1.18692
828.  1.186975
829.  1.18703
830.  1.187083
831.  1.187136
832.  1.187187
833.  1.187237
834.  1.187286
835.  1.187334
836.  1.187381
837.  1.187427
838.  1.187472
839.  1.187516
840.  1.187559
841.  1.1876
842.  1.187641
843.  1.187681
844.  1.187719
845.  1.187756
846.  1.187793
847.  1.187828
848.  1.187862
849.  1.187895
850.  1.187927
851.  1.187958
852.  1.187988
853.  1.188017
854.  1.188045
855.  1.188071
856.  1.188097
857.  1.188122
858.  1.188145
859.  1.188168
860.  1.188189
861.  1.188209
862.  1.188228
863.  1.188246
864.  1.188264
865.  1.18828
866.  1.188294
867.  1.188308
868.  1.188321
869.  1.188333
870.  1.188343
871.  1.188353
872.  1.188361
873.  1.188369
874.  1.188375
875.  1.18838
876.  1.188385
877.  1.188388
878.  1.18839
879.  1.188391
880.  1.188391
881.  1.18839
882.  1.188387
883.  1.188384
884.  1.18838
885.  1.188374
886.  1.188368
887.  1.18836
888.  1.188352
889.  1.188342
890.  1.188331
891.  1.188319
892.  1.188306
893.  1.188292
894.  1.188277
895.  1.188261
896.  1.188244
897.  1.188226
898.  1.188206
899.  1.188186
900.  1.188164
901.  1.188142
902.  1.188118
903.  1.188093
904.  1.188068
905.  1.188041
906.  1.188013
907.  1.187984
908.  1.187954
909.  1.187923
910.  1.187891
911.  1.187857
912.  1.187823
913.  1.187788
914.  1.187751
915.  1.187714
916.  1.187675
917.  1.187635
918.  1.187594
919.  1.187553
920.  1.18751
921.  1.187466
922.  1.187421
923.  1.187374
924.  1.187327
925.  1.187279
926.  1.18723
927.  1.187179
928.  1.187128
929.  1.187075
930.  1.187022
931.  1.186967
932.  1.186911
933.  1.186854
934.  1.186797
935.  1.186738
936.  1.186678
937.  1.186617
938.  1.186554
939.  1.186491
940.  1.186427
941.  1.186361
942.  1.186295
943.  1.186227
944.  1.186159
945.  1.186089
946.  1.186018
947.  1.185947
948.  1.185874
949.  1.1858
950.  1.185725
951.  1.185649
952.  1.185572
953.  1.185493
954.  1.185414
955.  1.185334
956.  1.185252
957.  1.18517
958.  1.185086
959.  1.185001
960.  1.184916
961.  1.184829
962.  1.184741
963.  1.184652
964.  1.184562
965.  1.184471
966.  1.184379
967.  1.184286
968.  1.184191
969.  1.184096
970.  1.184
971.  1.183902
972.  1.183803
973.  1.183704
974.  1.183603
975.  1.183501
976.  1.183398
977.  1.183295
978.  1.18319
979.  1.183083
980.  1.182976
981.  1.182868
982.  1.182759
983.  1.182648
984.  1.182537
985.  1.182425
986.  1.182311
987.  1.182196
988.  1.182081
989.  1.181964
990.  1.181846
991.  1.181727
992.  1.181607
993.  1.181486
994.  1.181364
995.  1.181241
996.  1.181116
997.  1.180991
998.  1.180865
999.  1.180737
1000.  1.180609
1001.  1.180479
1002.  1.180348
1003.  1.180217
1004.  1.180084
1005.  1.17995
1006.  1.179815
1007.  1.179679
1008.  1.179542
1009.  1.179404
1010.  1.179264
1011.  1.179124
1012.  1.178983
1013.  1.17884
1014.  1.178697
1015.  1.178552
1016.  1.178406
1017.  1.178259
1018.  1.178112
1019.  1.177963
1020.  1.177813
1021.  1.177662
1022.  1.17751
1023.  1.177356
1024.  1.177202
1025.  1.177047
1026.  1.176891
1027.  1.176733
1028.  1.176575
1029.  1.176415
1030.  1.176254
1031.  1.176093
1032.  1.17593
1033.  1.175766
1034.  1.175601
1035.  1.175435
1036.  1.175268
1037.  1.1751
1038.  1.17493
1039.  1.17476
1040.  1.174589
1041.  1.174416
1042.  1.174243
1043.  1.174068
1044.  1.173892
1045.  1.173716
1046.  1.173538
1047.  1.173359
1048.  1.173179
1049.  1.172998
1050.  1.172816
1051.  1.172633
1052.  1.172449
1053.  1.172264
1054.  1.172077
1055.  1.17189
1056.  1.171701
1057.  1.171512
1058.  1.171321
1059.  1.171129
1060.  1.170936
1061.  1.170743
1062.  1.170548
1063.  1.170352
1064.  1.170155
1065.  1.169956
1066.  1.169757
1067.  1.169557
1068.  1.169356
1069.  1.169153
1070.  1.16895
1071.  1.168745
1072.  1.16854
1073.  1.168333
1074.  1.168125
1075.  1.167916
1076.  1.167706
1077.  1.167495
1078.  1.167283
1079.  1.16707
1080.  1.166856
1081.  1.166641
1082.  1.166424
1083.  1.166207
1084.  1.165988
1085.  1.165769
1086.  1.165548
1087.  1.165326
1088.  1.165104
1089.  1.16488
1090.  1.164655
1091.  1.164429
1092.  1.164202
1093.  1.163974
1094.  1.163745
1095.  1.163514
1096.  1.163283
1097.  1.163051
1098.  1.162817
1099.  1.162583
1100.  1.162347
1101.  1.16211
1102.  1.161873
1103.  1.161634
1104.  1.161394
1105.  1.161153
1106.  1.160911
1107.  1.160668
1108.  1.160424
1109.  1.160178
1110.  1.159932
1111.  1.159685
1112.  1.159436
1113.  1.159187
1114.  1.158936
1115.  1.158684
1116.  1.158432
1117.  1.158178
1118.  1.157923
1119.  1.157667
1120.  1.15741
1121.  1.157152
1122.  1.156893
1123.  1.156633
1124.  1.156371
1125.  1.156109
1126.  1.155845
1127.  1.155581
1128.  1.155315
1129.  1.155049
1130.  1.154781
1131.  1.154512
1132.  1.154242
1133.  1.153971
1134.  1.153699
1135.  1.153426
1136.  1.153152
1137.  1.152877
1138.  1.152601
1139.  1.152323
1140.  1.152045
1141.  1.151765
1142.  1.151485
1143.  1.151203
1144.  1.15092
1145.  1.150636
1146.  1.150352
1147.  1.150066
1148.  1.149779
1149.  1.149491
1150.  1.149202
1151.  1.148911
1152.  1.14862
1153.  1.148328
1154.  1.148035
1155.  1.147742
1156.  1.147449
1157.  1.147156
1158.  1.146862
1159.  1.146568
1160.  1.146274
1161.  1.145979
1162.  1.145684
1163.  1.145389
1164.  1.145094
1165.  1.144798
1166.  1.144502
1167.  1.144206
1168.  1.14391
1169.  1.143613
1170.  1.143316
1171.  1.143019
1172.  1.142721
1173.  1.142424
1174.  1.142125
1175.  1.141827
1176.  1.141528
1177.  1.14123
1178.  1.140931
1179.  1.140631
1180.  1.140331
1181.  1.140031
1182.  1.139731
1183.  1.139431
1184.  1.13913
1185.  1.138829
1186.  1.138528
1187.  1.138226
1188.  1.137924
1189.  1.137622
1190.  1.137319
1191.  1.137017
1192.  1.136714
1193.  1.136411
1194.  1.136107
1195.  1.135803
1196.  1.135499
1197.  1.135195
1198.  1.13489
1199.  1.134585
1200.  1.13428
1201.  1.133975
1202.  1.133669
1203.  1.133363
1204.  1.133057
1205.  1.132751
1206.  1.132444
1207.  1.132137
1208.  1.13183
1209.  1.131522
1210.  1.131214
1211.  1.130906
1212.  1.130598
1213.  1.130289
1214.  1.12998
1215.  1.129671
1216.  1.129361
1217.  1.129051
1218.  1.128742
1219.  1.128431
1220.  1.128121
1221.  1.12781
1222.  1.127499
1223.  1.127187
1224.  1.126876
1225.  1.126564
1226.  1.126251
1227.  1.125939
1228.  1.125626
1229.  1.125313
1230.  1.125
1231.  1.124686
1232.  1.124372
1233.  1.124058
1234.  1.123744
1235.  1.123429
1236.  1.123114
1237.  1.122799
1238.  1.122484
1239.  1.122168
1240.  1.121852
1241.  1.121536
1242.  1.121219
1243.  1.120902
1244.  1.120585
1245.  1.120268
1246.  1.11995
1247.  1.119632
1248.  1.119314
1249.  1.118996
1250.  1.118677
1251.  1.118358
1252.  1.118039
1253.  1.117719
1254.  1.117399
1255.  1.117079
1256.  1.116759
1257.  1.116438
1258.  1.116117
1259.  1.115796
1260.  1.115475
1261.  1.115153
1262.  1.114831
1263.  1.114509
1264.  1.114186
1265.  1.113863
1266.  1.11354
1267.  1.113217
1268.  1.112893
1269.  1.112569
1270.  1.112245
1271.  1.111921
1272.  1.111596
1273.  1.111271
1274.  1.110946
1275.  1.11062
1276.  1.110294
1277.  1.109968
1278.  1.109642
1279.  1.109315
1280.  1.108989
1281.  1.108661
1282.  1.108334
1283.  1.108006
1284.  1.107678
1285.  1.10735
1286.  1.107022
1287.  1.106693
1288.  1.106364
1289.  1.106034
1290.  1.105705
1291.  1.105375
1292.  1.105045
1293.  1.104714
1294.  1.104384
1295.  1.104053
1296.  1.103721
1297.  1.10339
1298.  1.103058
1299.  1.102726
1300.  1.102394
1301.  1.102061
1302.  1.101728
1303.  1.101395
1304.  1.101062
1305.  1.100728
1306.  1.100394
1307.  1.10006
1308.  1.099725
1309.  1.099391
1310.  1.099055
1311.  1.09872
1312.  1.098384
1313.  1.098049
1314.  1.097713
1315.  1.097376
1316.  1.097039
1317.  1.096702
1318.  1.096365
1319.  1.096028
1320.  1.09569
1321.  1.095352
1322.  1.095014
1323.  1.094675
1324.  1.094336
1325.  1.093997
1326.  1.093658
1327.  1.093318
1328.  1.092978
1329.  1.092638
1330.  1.092297
1331.  1.091957
1332.  1.091616
1333.  1.091274
1334.  1.090933
1335.  1.090591
1336.  1.090249
1337.  1.089906
1338.  1.089564
1339.  1.089221
1340.  1.088878
1341.  1.088534
1342.  1.08819
1343.  1.087846
1344.  1.087502
1345.  1.087157
1346.  1.086813
1347.  1.086468
1348.  1.086122
1349.  1.085776
1350.  1.085431
1351.  1.085084
1352.  1.084738
1353.  1.084391
1354.  1.084044
1355.  1.083697
1356.  1.083349
1357.  1.083001
1358.  1.082653
1359.  1.082305
1360.  1.081956
1361.  1.081607
1362.  1.081258
1363.  1.080909
1364.  1.080559
1365.  1.080209
1366.  1.079859
1367.  1.079508
1368.  1.079157
1369.  1.078806
1370.  1.078455
1371.  1.078103
1372.  1.077751
1373.  1.077399
1374.  1.077047
1375.  1.076694
1376.  1.076341
1377.  1.075988
1378.  1.075634
1379.  1.07528
1380.  1.074926
1381.  1.074572
1382.  1.074217
1383.  1.073863
1384.  1.073507
1385.  1.073152
1386.  1.072796
1387.  1.07244
1388.  1.072084
1389.  1.071727
1390.  1.071371
1391.  1.071014
1392.  1.070656
1393.  1.070299
1394.  1.069941
1395.  1.069583
1396.  1.069224
1397.  1.068865
1398.  1.068506
1399.  1.068147
1400.  1.067788
1401.  1.067428
1402.  1.067068
1403.  1.066707
1404.  1.066347
1405.  1.065986
1406.  1.065625
1407.  1.065263
1408.  1.064902
1409.  1.06454
1410.  1.064178
1411.  1.063815
1412.  1.063452
1413.  1.063089
1414.  1.062726
1415.  1.062362
1416.  1.061998
1417.  1.061634
1418.  1.06127
1419.  1.060905
1420.  1.06054
1421.  1.060175
1422.  1.059809
1423.  1.059444
1424.  1.059078
1425.  1.058711
1426.  1.058345
1427.  1.057978
1428.  1.057611
1429.  1.057243
1430.  1.056876
1431.  1.056508
1432.  1.056139
1433.  1.055771
1434.  1.055402
1435.  1.055033
1436.  1.054664
1437.  1.054294
1438.  1.053924
1439.  1.053554
1440.  1.053184
1441.  1.052813
1442.  1.052442
1443.  1.052071
1444.  1.0517
1445.  1.051328
1446.  1.050956
1447.  1.050583
1448.  1.050211
1449.  1.049838
1450.  1.049465
1451.  1.049091
1452.  1.048718
1453.  1.048344
1454.  1.04797
1455.  1.047595
1456.  1.04722
1457.  1.046845
1458.  1.04647
1459.  1.046095
1460.  1.045719
1461.  1.045343
1462.  1.044966
1463.  1.04459
1464.  1.044213
1465.  1.043836
1466.  1.043458
1467.  1.04308
1468.  1.042702
1469.  1.042324
1470.  1.041945
1471.  1.041567
1472.  1.041188
1473.  1.040808
1474.  1.040428
1475.  1.040049
1476.  1.039668
1477.  1.039288
1478.  1.038907
1479.  1.038526
1480.  1.038145
1481.  1.037763
1482.  1.037382
1483.  1.036999
1484.  1.036617
1485.  1.036234
1486.  1.035851
1487.  1.035468
1488.  1.035085
1489.  1.034701
1490.  1.034317
1491.  1.033933
1492.  1.033548
1493.  1.033164
1494.  1.032779
1495.  1.032393
1496.  1.032007
1497.  1.031622
1498.  1.031235
1499.  1.030849
1500.  1.030462
1501.  1.030075
1502.  1.029688
1503.  1.0293
1504.  1.028913
1505.  1.028525
1506.  1.028136
1507.  1.027748
1508.  1.027359
1509.  1.02697
1510.  1.02658
1511.  1.02619
1512.  1.0258
1513.  1.02541
1514.  1.02502
1515.  1.024629
1516.  1.024238
1517.  1.023847
1518.  1.023455
1519.  1.023063
1520.  1.022671
1521.  1.022278
1522.  1.021886
1523.  1.021493
1524.  1.0211
1525.  1.020706
1526.  1.020312
1527.  1.019918
1528.  1.019524
1529.  1.019129
1530.  1.018734
1531.  1.018339
1532.  1.017944
1533.  1.017548
1534.  1.017152
1535.  1.016756
1536.  1.016359
1537.  1.015963
1538.  1.015566
1539.  1.015168
1540.  1.014771
1541.  1.014373
1542.  1.013975
1543.  1.013576
1544.  1.013178
1545.  1.012779
1546.  1.012379
1547.  1.01198
1548.  1.01158
1549.  1.01118
1550.  1.01078
1551.  1.010379
1552.  1.009978
1553.  1.009577
1554.  1.009176
1555.  1.008774
1556.  1.008372
1557.  1.00797
1558.  1.007568
1559.  1.007165
1560.  1.006762
1561.  1.006358
1562.  1.005955
1563.  1.005551
1564.  1.005147
1565.  1.004743
1566.  1.004338
1567.  1.003933
1568.  1.003528
1569.  1.003122
1570.  1.002716
1571.  1.00231
1572.  1.001904
1573.  1.001498
1574.  1.001091
1575.  1.000684
1576.  1.000276
1577.  0.9998686
1578.  0.9994607
1579.  0.9990525
1580.  0.998644
1581.  0.9982353
1582.  0.9978263
1583.  0.997417
1584.  0.9970074
1585.  0.9965976
1586.  0.9961875
1587.  0.9957771
1588.  0.9953665
1589.  0.9949555
1590.  0.9945444
1591.  0.9941329
1592.  0.9937212
1593.  0.9933092
1594.  0.9928969
1595.  0.9924843
1596.  0.9920715
1597.  0.9916584
1598.  0.9912451
1599.  0.9908314
1600.  0.9904175
1601.  0.9900033
1602.  0.9895889
1603.  0.9891742
1604.  0.9887592
1605.  0.9883439
1606.  0.9879284
1607.  0.9875125
1608.  0.9870965
1609.  0.9866801
1610.  0.9862635
1611.  0.9858466
1612.  0.9854294
1613.  0.985012
1614.  0.9845943
1615.  0.9841763
1616.  0.983758
1617.  0.9833395
1618.  0.9829207
1619.  0.9825016
1620.  0.9820822
1621.  0.9816626
1622.  0.9812428
1623.  0.9808226
1624.  0.9804022
1625.  0.9799814
1626.  0.9795605
1627.  0.9791392
1628.  0.9787177
1629.  0.9782959
1630.  0.9778738
1631.  0.9774515
1632.  0.9770289
1633.  0.976606
1634.  0.9761828
1635.  0.9757594
1636.  0.9753357
1637.  0.9749117
1638.  0.9744875
1639.  0.974063
1640.  0.9736382
1641.  0.9732131
1642.  0.9727879
1643.  0.9723622
1644.  0.9719363
1645.  0.9715102
1646.  0.9710838
1647.  0.9706571
1648.  0.9702302
1649.  0.9698029
1650.  0.9693754
1651.  0.9689476
1652.  0.9685196
1653.  0.9680912
1654.  0.9676627
1655.  0.9672338
1656.  0.9668047
1657.  0.9663752
1658.  0.9659456
1659.  0.9655156
1660.  0.9650854
1661.  0.9646549
1662.  0.9642242
1663.  0.9637931
1664.  0.9633618
1665.  0.9629302
1666.  0.9624984
1667.  0.9620662
1668.  0.9616338
1669.  0.9612011
1670.  0.9607682
1671.  0.960335
1672.  0.9599015
1673.  0.9594677
1674.  0.9590337
1675.  0.9585994
1676.  0.9581648
1677.  0.95773
1678.  0.9572949
1679.  0.9568595
1680.  0.9564238
1681.  0.9559879
1682.  0.9555517
1683.  0.9551152
1684.  0.9546784
1685.  0.9542414
1686.  0.9538041
1687.  0.9533666
1688.  0.9529287
1689.  0.9524906
1690.  0.9520522
1691.  0.9516135
1692.  0.9511746
1693.  0.9507354
1694.  0.950296
1695.  0.9498562
1696.  0.9494162
1697.  0.9489759
1698.  0.9485354
1699.  0.9480945
1700.  0.9476535
1701.  0.9472121
1702.  0.9467704
1703.  0.9463285
1704.  0.9458863
1705.  0.9454439
1706.  0.9450011
1707.  0.9445581
1708.  0.9441149
1709.  0.9436713
1710.  0.9432275
1711.  0.9427834
1712.  0.942339
1713.  0.9418944
1714.  0.9414495
1715.  0.9410043
1716.  0.9405589
1717.  0.9401131
1718.  0.9396671
1719.  0.9392208
1720.  0.9387743
1721.  0.9383275
1722.  0.9378804
1723.  0.9374331
1724.  0.9369854
1725.  0.9365375
1726.  0.9360893
1727.  0.9356409
1728.  0.9351922
1729.  0.9347432
1730.  0.9342939
1731.  0.9338444
1732.  0.9333946
1733.  0.9329445
1734.  0.9324942
1735.  0.9320436
1736.  0.9315927
1737.  0.9311415
1738.  0.9306901
1739.  0.9302384
1740.  0.9297864
1741.  0.9293342
1742.  0.9288816
1743.  0.9284288
1744.  0.9279758
1745.  0.9275224
1746.  0.9270688
1747.  0.9266149
1748.  0.9261608
1749.  0.9257063
1750.  0.9252517
1751.  0.9247967
1752.  0.9243414
1753.  0.9238859
1754.  0.9234301
1755.  0.9229741
1756.  0.9225178
1757.  0.9220611
1758.  0.9216043
1759.  0.9211471
1760.  0.9206897
1761.  0.920232
1762.  0.9197741
1763.  0.9193158
1764.  0.9188573
1765.  0.9183986
1766.  0.9179395
1767.  0.9174802
1768.  0.9170206
1769.  0.9165607
1770.  0.9161006
1771.  0.9156402
1772.  0.9151795
1773.  0.9147185
1774.  0.9142573
1775.  0.9137958
1776.  0.9133341
1777.  0.912872
1778.  0.9124097
1779.  0.9119471
1780.  0.9114842
1781.  0.9110211
1782.  0.9105577
1783.  0.910094
1784.  0.9096301
1785.  0.9091659
1786.  0.9087014
1787.  0.9082366
1788.  0.9077716
1789.  0.9073063
1790.  0.9068407
1791.  0.9063749
1792.  0.9059088
1793.  0.9054424
1794.  0.9049757
1795.  0.9045088
1796.  0.9040416
1797.  0.9035741
1798.  0.9031063
1799.  0.9026383
1800.  0.90217
1801.  0.9017015
1802.  0.9012326
1803.  0.9007635
1804.  0.9002941
1805.  0.8998244
1806.  0.8993545
1807.  0.8988844
1808.  0.8984139
1809.  0.8979431
1810.  0.8974721
1811.  0.8970008
1812.  0.8965293
1813.  0.8960574
1814.  0.8955854
1815.  0.895113
1816.  0.8946403
1817.  0.8941674
1818.  0.8936942
1819.  0.8932207
1820.  0.892747
1821.  0.892273
1822.  0.8917987
1823.  0.8913242
1824.  0.8908494
1825.  0.8903742
1826.  0.8898989
1827.  0.8894233
1828.  0.8889474
1829.  0.8884712
1830.  0.8879947
1831.  0.887518
1832.  0.887041
1833.  0.8865637
1834.  0.8860862
1835.  0.8856084
1836.  0.8851303
1837.  0.884652
1838.  0.8841733
1839.  0.8836944
1840.  0.8832152
1841.  0.8827358
1842.  0.8822561
1843.  0.8817761
1844.  0.8812958
1845.  0.8808153
1846.  0.8803345
1847.  0.8798534
1848.  0.8793721
1849.  0.8788905
1850.  0.8784086
1851.  0.8779264
1852.  0.877444
1853.  0.8769612
1854.  0.8764783
1855.  0.875995
1856.  0.8755115
1857.  0.8750277
1858.  0.8745436
1859.  0.8740593
1860.  0.8735747
1861.  0.8730898
1862.  0.8726047
1863.  0.8721192
1864.  0.8716335
1865.  0.8711476
1866.  0.8706613
1867.  0.8701748
1868.  0.869688
1869.  0.8692009
1870.  0.8687136
1871.  0.868226
1872.  0.8677381
1873.  0.86725
1874.  0.8667616
1875.  0.8662729
1876.  0.8657839
1877.  0.8652947
1878.  0.8648052
1879.  0.8643154
1880.  0.8638253
1881.  0.863335
1882.  0.8628444
1883.  0.8623536
1884.  0.8618624
1885.  0.861371
1886.  0.8608794
1887.  0.8603874
1888.  0.8598952
1889.  0.8594027
1890.  0.8589099
1891.  0.8584169
1892.  0.8579236
1893.  0.85743
1894.  0.8569361
1895.  0.856442
1896.  0.8559476
1897.  0.8554529
1898.  0.8549579
1899.  0.8544627
1900.  0.8539672
1901.  0.8534715
1902.  0.8529754
1903.  0.8524792
1904.  0.8519826
1905.  0.8514857
1906.  0.8509886
1907.  0.8504912
1908.  0.8499935
1909.  0.8494956
1910.  0.8489974
1911.  0.8484989
1912.  0.8480002
1913.  0.8475012
1914.  0.8470019
1915.  0.8465023
1916.  0.8460025
1917.  0.8455023
1918.  0.8450019
1919.  0.8445013
1920.  0.8440004
1921.  0.8434992
1922.  0.8429977
1923.  0.842496
1924.  0.8419939
1925.  0.8414916
1926.  0.8409891
1927.  0.8404863
1928.  0.8399832
1929.  0.8394798
1930.  0.8389761
1931.  0.8384722
1932.  0.8379681
1933.  0.8374636
1934.  0.8369588
1935.  0.8364539
1936.  0.8359485
1937.  0.835443
1938.  0.8349372
1939.  0.8344311
1940.  0.8339247
1941.  0.8334181
1942.  0.8329112
1943.  0.832404
1944.  0.8318965
1945.  0.8313888
1946.  0.8308808
1947.  0.8303726
1948.  0.829864
1949.  0.8293552
1950.  0.8288461
1951.  0.8283368
1952.  0.8278271
1953.  0.8273172
1954.  0.826807
1955.  0.8262966
1956.  0.8257859
1957.  0.8252749
1958.  0.8247637
1959.  0.8242521
1960.  0.8237403
1961.  0.8232282
1962.  0.8227159
1963.  0.8222033
1964.  0.8216904
1965.  0.8211772
1966.  0.8206638
1967.  0.8201501
1968.  0.819636
1969.  0.8191218
1970.  0.8186073
1971.  0.8180925
1972.  0.8175774
1973.  0.8170621
1974.  0.8165465
1975.  0.8160306
1976.  0.8155144
1977.  0.814998
1978.  0.8144813
1979.  0.8139644
1980.  0.8134471
1981.  0.8129296
1982.  0.8124118
1983.  0.8118938
1984.  0.8113754
1985.  0.8108568
1986.  0.8103379
1987.  0.8098188
1988.  0.8092993
1989.  0.8087797
1990.  0.8082597
1991.  0.8077395
1992.  0.807219
1993.  0.8066982
1994.  0.8061771
1995.  0.8056558
1996.  0.8051342
1997.  0.8046123
1998.  0.8040902
1999.  0.8035678
2000.  0.8030452
2001.  0.8025222
2002.  0.801999
2003.  0.8014755
2004.  0.8009517
2005.  0.8004276
2006.  0.7999033
2007.  0.7993788
2008.  0.7988539
2009.  0.7983288
2010.  0.7978033
2011.  0.7972777
2012.  0.7967517
2013.  0.7962255
2014.  0.795699
2015.  0.7951723
2016.  0.7946452
2017.  0.7941179
2018.  0.7935904
2019.  0.7930625
2020.  0.7925344
2021.  0.792006
2022.  0.7914773
2023.  0.7909484
2024.  0.7904192
2025.  0.7898897
2026.  0.7893599
2027.  0.7888299
2028.  0.7882996
2029.  0.7877691
2030.  0.7872382
2031.  0.7867071
2032.  0.7861757
2033.  0.7856441
2034.  0.7851121
2035.  0.7845799
2036.  0.7840475
2037.  0.7835147
2038.  0.7829817
2039.  0.7824484
2040.  0.7819149
2041.  0.781381
2042.  0.780847
2043.  0.7803125
2044.  0.7797779
2045.  0.779243
2046.  0.7787078
2047.  0.7781723
2048.  0.7776366
2049.  0.7771006
2050.  0.7765643
2051.  0.7760277
2052.  0.7754909
2053.  0.7749538
2054.  0.7744165
2055.  0.7738788
2056.  0.7733409
2057.  0.7728028
2058.  0.7722643
2059.  0.7717256
2060.  0.7711866
2061.  0.7706473
2062.  0.7701077
2063.  0.769568
2064.  0.7690278
2065.  0.7684875
2066.  0.7679469
2067.  0.767406
2068.  0.7668648
2069.  0.7663233
2070.  0.7657816
2071.  0.7652397
2072.  0.7646974
2073.  0.7641549
2074.  0.763612
2075.  0.763069
2076.  0.7625256
2077.  0.761982
2078.  0.7614381
2079.  0.7608939
2080.  0.7603495
2081.  0.7598048
2082.  0.7592598
2083.  0.7587146
2084.  0.7581691
2085.  0.7576233
2086.  0.7570772
2087.  0.7565308
2088.  0.7559842
2089.  0.7554373
2090.  0.7548902
2091.  0.7543427
2092.  0.753795
2093.  0.7532471
2094.  0.7526988
2095.  0.7521503
2096.  0.7516015
2097.  0.7510525
2098.  0.7505031
2099.  0.7499535
2100.  0.7494037
2101.  0.7488535
2102.  0.7483031
2103.  0.7477524
2104.  0.7472014
2105.  0.7466502
2106.  0.7460987
2107.  0.7455469
2108.  0.7449949
2109.  0.7444425
2110.  0.7438899
2111.  0.7433371
2112.  0.742784
2113.  0.7422305
2114.  0.7416769
2115.  0.7411229
2116.  0.7405687
2117.  0.7400142
2118.  0.7394594
2119.  0.7389044
2120.  0.738349
2121.  0.7377934
2122.  0.7372376
2123.  0.7366815
2124.  0.7361251
2125.  0.7355684
2126.  0.7350115
2127.  0.7344542
2128.  0.7338967
2129.  0.733339
2130.  0.7327809
2131.  0.7322226
2132.  0.7316641
2133.  0.7311052
2134.  0.7305461
2135.  0.7299867
2136.  0.729427
2137.  0.7288671
2138.  0.7283069
2139.  0.7277464
2140.  0.7271857
2141.  0.7266246
2142.  0.7260633
2143.  0.7255018
2144.  0.7249399
2145.  0.7243778
2146.  0.7238154
2147.  0.7232528
2148.  0.7226899
2149.  0.7221267
2150.  0.7215632
2151.  0.7209994
2152.  0.7204354
2153.  0.7198711
2154.  0.7193066
2155.  0.7187417
2156.  0.7181766
2157.  0.7176113
2158.  0.7170456
2159.  0.7164797
2160.  0.7159135
2161.  0.7153471
2162.  0.7147803
2163.  0.7142133
2164.  0.713646
2165.  0.7130784
2166.  0.7125106
2167.  0.7119426
2168.  0.7113742
2169.  0.7108055
2170.  0.7102366
2171.  0.7096674
2172.  0.709098
2173.  0.7085283
2174.  0.7079583
2175.  0.707388
2176.  0.7068174
2177.  0.7062466
2178.  0.7056755
2179.  0.7051042
2180.  0.7045326
2181.  0.7039607
2182.  0.7033885
2183.  0.702816
2184.  0.7022433
2185.  0.7016703
2186.  0.7010971
2187.  0.7005236
2188.  0.6999497
2189.  0.6993756
2190.  0.6988013
2191.  0.6982267
2192.  0.6976518
2193.  0.6970766
2194.  0.6965012
2195.  0.6959255
2196.  0.6953495
2197.  0.6947733
2198.  0.6941967
2199.  0.6936199
2200.  0.6930429
2201.  0.6924655
2202.  0.6918879
2203.  0.69131
2204.  0.6907318
2205.  0.6901534
2206.  0.6895747
2207.  0.6889958
2208.  0.6884165
2209.  0.687837
2210.  0.6872572
2211.  0.6866772
2212.  0.6860968
2213.  0.6855162
2214.  0.6849353
2215.  0.6843542
2216.  0.6837727
2217.  0.6831911
2218.  0.6826091
2219.  0.6820269
2220.  0.6814443
2221.  0.6808616
2222.  0.6802785
2223.  0.6796952
2224.  0.6791116
2225.  0.6785278
2226.  0.6779436
2227.  0.6773592
2228.  0.6767745
2229.  0.6761895
2230.  0.6756043
2231.  0.6750188
2232.  0.6744331
2233.  0.673847
2234.  0.6732607
2235.  0.6726741
2236.  0.6720873
2237.  0.6715001
2238.  0.6709127
2239.  0.670325
2240.  0.6697371
2241.  0.6691489
2242.  0.6685604
2243.  0.6679716
2244.  0.6673826
2245.  0.6667933
2246.  0.6662037
2247.  0.6656139
2248.  0.6650237
2249.  0.6644334
2250.  0.6638427
2251.  0.6632518
2252.  0.6626605
2253.  0.6620691
2254.  0.6614773
2255.  0.6608853
2256.  0.660293
2257.  0.6597004
2258.  0.6591076
2259.  0.6585144
2260.  0.6579211
2261.  0.6573274
2262.  0.6567335
2263.  0.6561393
2264.  0.6555448
2265.  0.6549501
2266.  0.654355
2267.  0.6537598
2268.  0.6531642
2269.  0.6525684
2270.  0.6519723
2271.  0.6513759
2272.  0.6507792
2273.  0.6501823
2274.  0.6495851
2275.  0.6489877
2276.  0.6483899
2277.  0.6477919
2278.  0.6471937
2279.  0.6465951
2280.  0.6459963
2281.  0.6453972
2282.  0.6447978
2283.  0.6441982
2284.  0.6435983
2285.  0.642998
2286.  0.6423976
2287.  0.6417969
2288.  0.6411959
2289.  0.6405946
2290.  0.6399931
2291.  0.6393912
2292.  0.6387892
2293.  0.6381868
2294.  0.6375842
2295.  0.6369813
2296.  0.6363781
2297.  0.6357747
2298.  0.6351709
2299.  0.634567
2300.  0.6339627
2301.  0.6333582
2302.  0.6327534
2303.  0.6321483
2304.  0.6315429
