T logg
2300 0.0
2300 0.5
2300 1.0
2300 1.5
2300 2.0
2300 2.5
2300 3.0
2300 3.5
2300 4.0
2300 4.5
2300 5.0
2300 5.5
2300 6.0
2400 0.0
2400 0.5
2400 1.0
2400 1.5
2400 2.0
2400 2.5
2400 3.0
2400 3.5
2400 4.0
2400 4.5
2400 5.0
2400 5.5
2400 6.0
2500 0.0
2500 0.5
2500 1.0
2500 1.5
2500 2.0
2500 2.5
2500 3.0
2500 3.5
2500 4.0
2500 4.5
2500 5.0
2500 5.5
2500 6.0
2600 0.0
2600 0.5
2600 1.0
2600 1.5
2600 2.0
2600 2.5
2600 3.0
2600 3.5
2600 4.0
2600 4.5
2600 5.0
2600 5.5
2600 6.0
2700 0.0
2700 0.5
2700 1.0
2700 1.5
2700 2.0
2700 2.5
2700 3.0
2700 3.5
2700 4.0
2700 4.5
2700 5.0
2700 5.5
2700 6.0
2800 0.0
2800 0.5
2800 1.0
2800 1.5
2800 2.0
2800 2.5
2800 3.0
2800 3.5
2800 4.0
2800 4.5
2800 5.0
2800 5.5
2800 6.0
2900 0.0
2900 0.5
2900 1.0
2900 1.5
2900 2.0
2900 2.5
2900 3.0
2900 3.5
2900 4.0
2900 4.5
2900 5.0
2900 5.5
2900 6.0
3000 0.0
3000 0.5
3000 1.0
3000 1.5
3000 2.0
3000 2.5
3000 3.0
3000 3.5
3000 4.0
3000 4.5
3000 5.0
3000 5.5
3000 6.0
3100 0.0
3100 0.5
3100 1.0
3100 1.5
3100 2.0
3100 2.5
3100 3.0
3100 3.5
3100 4.0
3100 4.5
3100 5.0
3100 5.5
3100 6.0
3200 0.0
3200 0.5
3200 1.0
3200 1.5
3200 2.0
3200 2.5
3200 3.0
3200 3.5
3200 4.0
3200 4.5
3200 5.0
3200 5.5
3200 6.0
3300 0.0
3300 0.5
3300 1.0
3300 1.5
3300 2.0
3300 2.5
3300 3.0
3300 3.5
3300 4.0
3300 4.5
3300 5.0
3300 5.5
3300 6.0
3400 0.0
3400 0.5
3400 1.0
3400 1.5
3400 2.0
3400 2.5
3400 3.0
3400 3.5
3400 4.0
3400 4.5
3400 5.0
3400 5.5
3400 6.0
3500 0.0
3500 0.5
3500 1.0
3500 1.5
3500 2.0
3500 2.5
3500 3.0
3500 3.5
3500 4.0
3500 4.5
3500 5.0
3500 5.5
3500 6.0
3600 0.0
3600 0.5
3600 1.0
3600 1.5
3600 2.0
3600 2.5
3600 3.0
3600 3.5
3600 4.0
3600 4.5
3600 5.0
3600 5.5
3600 6.0
3700 0.0
3700 0.5
3700 1.0
3700 1.5
3700 2.0
3700 2.5
3700 3.0
3700 3.5
3700 4.0
3700 4.5
3700 5.0
3700 5.5
3700 6.0
3800 0.0
3800 0.5
3800 1.0
3800 1.5
3800 2.0
3800 2.5
3800 3.0
3800 3.5
3800 4.0
3800 4.5
3800 5.0
3800 5.5
3800 6.0
3900 0.0
3900 0.5
3900 1.0
3900 1.5
3900 2.0
3900 2.5
3900 3.0
3900 3.5
3900 4.0
3900 4.5
3900 5.0
3900 5.5
3900 6.0
4000 0.0
4000 0.5
4000 1.0
4000 1.5
4000 2.0
4000 2.5
4000 3.0
4000 3.5
4000 4.0
4000 4.5
4000 5.0
4000 5.5
4000 6.0
4100 0.0
4100 0.5
4100 1.0
4100 1.5
4100 2.0
4100 2.5
4100 3.0
4100 3.5
4100 4.0
4100 4.5
4100 5.0
4100 5.5
4100 6.0
4200 0.0
4200 0.5
4200 1.0
4200 1.5
4200 2.0
4200 2.5
4200 3.0
4200 3.5
4200 4.0
4200 4.5
4200 5.0
4200 5.5
4200 6.0
4300 0.0
4300 0.5
4300 1.0
4300 1.5
4300 2.0
4300 2.5
4300 3.0
4300 3.5
4300 4.0
4300 4.5
4300 5.0
4300 5.5
4300 6.0
4400 0.0
4400 0.5
4400 1.0
4400 1.5
4400 2.0
4400 2.5
4400 3.0
4400 3.5
4400 4.0
4400 4.5
4400 5.0
4400 5.5
4400 6.0
4500 0.0
4500 0.5
4500 1.0
4500 1.5
4500 2.0
4500 2.5
4500 3.0
4500 3.5
4500 4.0
4500 4.5
4500 5.0
4500 5.5
4500 6.0
4600 0.0
4600 0.5
4600 1.0
4600 1.5
4600 2.0
4600 2.5
4600 3.0
4600 3.5
4600 4.0
4600 4.5
4600 5.0
4600 5.5
4600 6.0
4700 0.0
4700 0.5
4700 1.0
4700 1.5
4700 2.0
4700 2.5
4700 3.0
4700 3.5
4700 4.0
4700 4.5
4700 5.0
4700 5.5
4700 6.0
4800 0.0
4800 0.5
4800 1.0
4800 1.5
4800 2.0
4800 2.5
4800 3.0
4800 3.5
4800 4.0
4800 4.5
4800 5.0
4800 5.5
4800 6.0
4900 0.0
4900 0.5
4900 1.0
4900 1.5
4900 2.0
4900 2.5
4900 3.0
4900 3.5
4900 4.0
4900 4.5
4900 5.0
4900 5.5
4900 6.0
5000 0.0
5000 0.5
5000 1.0
5000 1.5
5000 2.0
5000 2.5
5000 3.0
5000 3.5
5000 4.0
5000 4.5
5000 5.0
5000 5.5
5000 6.0
5100 0.0
5100 0.5
5100 1.0
5100 1.5
5100 2.0
5100 2.5
5100 3.0
5100 3.5
5100 4.0
5100 4.5
5100 5.0
5100 5.5
5100 6.0
5200 0.0
5200 0.5
5200 1.0
5200 1.5
5200 2.0
5200 2.5
5200 3.0
5200 3.5
5200 4.0
5200 4.5
5200 5.0
5200 5.5
5200 6.0
5300 0.0
5300 0.5
5300 1.0
5300 1.5
5300 2.0
5300 2.5
5300 3.0
5300 3.5
5300 4.0
5300 4.5
5300 5.0
5300 5.5
5300 6.0
5400 0.0
5400 0.5
5400 1.0
5400 1.5
5400 2.0
5400 2.5
5400 3.0
5400 3.5
5400 4.0
5400 4.5
5400 5.0
5400 5.5
5400 6.0
5500 0.0
5500 0.5
5500 1.0
5500 1.5
5500 2.0
5500 2.5
5500 3.0
5500 3.5
5500 4.0
5500 4.5
5500 5.0
5500 5.5
5500 6.0
5600 0.0
5600 0.5
5600 1.0
5600 1.5
5600 2.0
5600 2.5
5600 3.0
5600 3.5
5600 4.0
5600 4.5
5600 5.0
5600 5.5
5600 6.0
5700 0.5
5700 1.0
5700 1.5
5700 2.0
5700 2.5
5700 3.0
5700 3.5
5700 4.0
5700 4.5
5700 5.0
5700 5.5
5700 6.0
5800 0.5
5800 1.0
5800 1.5
5800 2.0
5800 2.5
5800 3.0
5800 3.5
5800 4.0
5800 4.5
5800 5.0
5800 5.5
5800 6.0
5900 0.5
5900 1.0
5900 1.5
5900 2.0
5900 2.5
5900 3.0
5900 3.5
5900 4.0
5900 4.5
5900 5.0
5900 5.5
5900 6.0
6000 1.0
6000 1.5
6000 2.0
6000 2.5
6000 3.0
6000 3.5
6000 4.0
6000 4.5
6000 5.0
6000 5.5
6000 6.0
6100 1.0
6100 1.5
6100 2.0
6100 2.5
6100 3.0
6100 3.5
6100 4.0
6100 4.5
6100 5.0
6100 5.5
6100 6.0
6200 1.0
6200 1.5
6200 2.0
6200 2.5
6200 3.0
6200 3.5
6200 4.0
6200 4.5
6200 5.0
6200 5.5
6200 6.0
6300 1.0
6300 1.5
6300 2.0
6300 2.5
6300 3.0
6300 3.5
6300 4.0
6300 4.5
6300 5.0
6300 5.5
6300 6.0
6400 1.0
6400 1.5
6400 2.0
6400 2.5
6400 3.0
6400 3.5
6400 4.0
6400 4.5
6400 5.0
6400 5.5
6400 6.0
6500 1.0
6500 1.5
6500 2.0
6500 2.5
6500 3.0
6500 3.5
6500 4.0
6500 4.5
6500 5.0
6500 5.5
6500 6.0
6600 1.0
6600 1.5
6600 2.0
6600 2.5
6600 3.0
6600 3.5
6600 4.0
6600 4.5
6600 5.0
6600 5.5
6600 6.0
6700 1.0
6700 1.5
6700 2.0
6700 2.5
6700 3.0
6700 3.5
6700 4.0
6700 4.5
6700 5.0
6700 5.5
6700 6.0
6800 1.0
6800 1.5
6800 2.0
6800 2.5
6800 3.0
6800 3.5
6800 4.0
6800 4.5
6800 5.0
6800 5.5
6800 6.0
6900 1.0
6900 1.5
6900 2.0
6900 2.5
6900 3.0
6900 3.5
6900 4.0
6900 4.5
6900 5.0
6900 5.5
6900 6.0
7000 1.0
7000 1.5
7000 2.0
7000 2.5
7000 3.0
7000 3.5
7000 4.0
7000 4.5
7000 5.0
7000 5.5
7000 6.0
7200 1.0
7200 1.5
7200 2.0
7200 2.5
7200 3.0
7200 3.5
7200 4.0
7200 4.5
7200 5.0
7200 5.5
7200 6.0
7400 1.0
7400 1.5
7400 2.0
7400 2.5
7400 3.0
7400 3.5
7400 4.0
7400 4.5
7400 5.0
7400 5.5
7400 6.0
7600 1.0
7600 1.5
7600 2.0
7600 2.5
7600 3.0
7600 3.5
7600 4.0
7600 4.5
7600 5.0
7600 5.5
7600 6.0
7800 1.0
7800 1.5
7800 2.0
7800 2.5
7800 3.0
7800 3.5
7800 4.0
7800 4.5
7800 5.0
7800 5.5
7800 6.0
8000 1.0
8000 1.5
8000 2.0
8000 2.5
8000 3.0
8000 3.5
8000 4.0
8000 4.5
8000 5.0
8000 5.5
8000 6.0
8200 1.0
8200 1.5
8200 2.0
8200 2.5
8200 3.0
8200 3.5
8200 4.0
8200 4.5
8200 5.0
8200 5.5
8200 6.0
8400 1.5
8400 2.0
8400 2.5
8400 3.0
8400 3.5
8400 4.0
8400 4.5
8400 5.0
8400 5.5
8400 6.0
8600 1.5
8600 2.0
8600 2.5
8600 3.0
8600 3.5
8600 4.0
8600 4.5
8600 5.0
8600 5.5
8600 6.0
8800 1.5
8800 2.0
8800 2.5
8800 3.0
8800 3.5
8800 4.0
8800 4.5
8800 5.0
8800 5.5
8800 6.0
9000 1.5
9000 2.0
9000 2.5
9000 3.0
9000 3.5
9000 4.0
9000 4.5
9000 5.0
9000 5.5
9000 6.0
9200 1.5
9200 2.0
9200 2.5
9200 3.0
9200 3.5
9200 4.0
9200 4.5
9200 5.0
9200 5.5
9200 6.0
9400 2.0
9400 2.5
9400 3.0
9400 3.5
9400 4.0
9400 4.5
9400 5.0
9400 5.5
9400 6.0
9600 2.0
9600 2.5
9600 3.0
9600 3.5
9600 4.0
9600 4.5
9600 5.0
9600 5.5
9600 6.0
9800 2.0
9800 2.5
9800 3.0
9800 3.5
9800 4.0
9800 4.5
9800 5.0
9800 5.5
9800 6.0
10000 2.0
10000 2.5
10000 3.0
10000 3.5
10000 4.0
10000 4.5
10000 5.0
10000 5.5
10000 6.0
10200 2.0
10200 2.5
10200 3.0
10200 3.5
10200 4.0
10200 4.5
10200 5.0
10200 5.5
10200 6.0
10400 2.0
10400 2.5
10400 3.0
10400 3.5
10400 4.0
10400 4.5
10400 5.0
10400 5.5
10400 6.0
10600 2.0
10600 2.5
10600 3.0
10600 3.5
10600 4.0
10600 4.5
10600 5.0
10600 5.5
10600 6.0
10800 2.0
10800 2.5
10800 3.0
10800 3.5
10800 4.0
10800 4.5
10800 5.0
10800 5.5
10800 6.0
11000 2.0
11000 2.5
11000 3.0
11000 3.5
11000 4.0
11000 4.5
11000 5.0
11000 5.5
11000 6.0
11200 2.0
11200 2.5
11200 3.0
11200 3.5
11200 4.0
11200 4.5
11200 5.0
11200 5.5
11200 6.0
11400 2.0
11400 2.5
11400 3.0
11400 3.5
11400 4.0
11400 4.5
11400 5.0
11400 5.5
11400 6.0
11600 2.0
11600 2.5
11600 3.0
11600 3.5
11600 4.0
11600 4.5
11600 5.0
11600 5.5
11600 6.0
11800 2.0
11800 2.5
11800 3.0
11800 3.5
11800 4.0
11800 4.5
11800 5.0
11800 5.5
11800 6.0
12000 2.0
12000 2.5
12000 3.0
12000 3.5
12000 4.0
12000 4.5
12000 5.0
12000 5.5
12000 6.0
