3894.71532945625  2.684125
3894.75135804745  4.610835
3894.78738442847  0.
3894.82340859902  11.92674
3894.85943055883  3.26266
3894.89545030762  2.500869
3894.9314678451  2.982012
3894.96748317099  1.73299
3895.00349628502  7.600389
3895.0395071869  4.516966
3895.07551587635  7.919074
3895.1115223531  14.68948
3895.14752661685  5.831439
3895.18352866734  1.492617
3895.21952850428  6.936866
3895.2555261274  12.11049
3895.29152153641  2.692746
3895.32751473103  0.6081716
3895.36350571098  2.490786
3895.39949447599  3.613986
3895.43548102578  3.595645
3895.47146536007  6.385969
3895.50744747857  7.386558
3895.54342738101  1.250321
3895.57940506711  15.24758
3895.61538053659  5.136256
3895.65135378918  0.5428586
3895.68732482459  6.39549
3895.72329364255  3.928513
3895.75926024277  6.411879
3895.79522462499  0.617146
3895.83118678892  3.046379
3895.86714673428  4.826104
3895.9031044608  4.735942
3895.9390599682  0.4975945
3895.9750132562  4.30122
3896.01096432452  1.485598
3896.04691317289  3.099781
3896.08285980104  5.165568
3896.11880420867  1.495318
3896.15474639552  0.143913
3896.19068636131  1.97085
3896.22662410577  0.322702
3896.2625596286  1.033807
3896.29849292955  2.536763
3896.33442400833  0.4235393
3896.37035286467  0.483399
3896.40627949829  0.651154
3896.44220390891  2.10401
3896.47812609626  4.661548
3896.51404606007  3.097951
3896.54996380005  0.4052427
3896.58587931593  2.597943
3896.62179260744  3.065478
3896.6577036743  2.73035
3896.69361251623  2.886312
3896.72951913297  3.380666
3896.76542352423  0.07335339
3896.80132568974  2.692322
3896.83722562923  2.967251
3896.87312334242  2.258616
3896.90901882903  3.228331
3896.9449120888  1.100625
3896.98080312144  3.314891
3897.01669192669  1.240794
3897.05257850426  2.5519
3897.08846285389  2.374033
3897.1243449753  2.572337
3897.16022486822  0.8336365
3897.19610253238  2.258486
3897.23197796749  1.253512
3897.26785117329  1.994994
3897.3037221495  0.2589385
3897.33959089586  1.509521
3897.37545741207  2.650591
3897.41132169789  1.480898
3897.44718375303  2.678377
3897.48304357721  1.384061
3897.51890117017  1.401775
3897.55475653163  1.861653
3897.59060966132  2.110994
3897.62646055897  0.7831256
3897.66230922431  3.674757
3897.69815565706  3.052787
3897.73399985696  0.871191
3897.76984182372  0.223655
3897.80568155708  0.7584216
3897.84151905677  0.5010315
3897.87735432251  0.1313476
3897.91318735404  0.9076098
3897.94901815108  0.5895965
3897.98484671336  0.9850232
3898.02067304061  1.291071
3898.05649713255  1.254174
3898.09231898893  0.1361262
3898.12813860947  1.60413
3898.16395599389  1.098174
3898.19977114192  0.4827518
3898.23558405331  2.432561
3898.27139472776  1.360651
3898.30720316503  1.677933
3898.34300936482  1.849054
3898.37881332689  0.2395803
3898.41461505095  0.143059
3898.45041453673  0.7762187
3898.48621178397  3.594294
3898.52200679239  0.6341322
3898.55779956174  0.7383796
3898.59359009173  0.4237629
3898.62937838209  2.833565
3898.66516443257  1.57275
3898.70094824289  2.140322
3898.73672981278  1.898357
3898.77250914197  1.546178
3898.80828623019  0.4677708
3898.84406107719  1.351977
3898.87983368267  1.607406
3898.91560404639  1.705492
3898.95137216807  0.9731777
3898.98713804744  0.2860913
3899.02290168423  0.5408407
3899.05866307818  1.440518
3899.09442222902  2.495731
3899.13017913648  2.52531
3899.1659338003  0.3166527
3899.2016862202  0.9937614
3899.23743639592  1.703297
3899.27318432719  0.3151449
3899.30893001374  0.3858459
3899.34467345532  1.178381
3899.38041465164  0.8243073
3899.41615360245  1.443518
3899.45189030748  0.3916234
3899.48762476646  0.8800839
3899.52335697912  0.4248033
3899.5590869452  0.3734722
3899.59481466443  2.225402
3899.63054013655  0.9985003
3899.66626336129  1.435164
3899.70198433839  0.1035723
3899.73770306757  2.087421
3899.77341954857  1.757706
3899.80913378114  1.531257
3899.84484576499  1.231044
3899.88055549987  0.7862293
3899.91626298551  1.482624
3899.95196822165  1.251481
3899.98767120803  0.09941792
3900.02337194436  1.504705
3900.0590704304  0.9841075
3900.09476666588  1.154731
3900.13046065053  0.5725635
3900.16615238409  0.5296153
3900.20184186629  0.811024
3900.23752909688  1.075768
3900.27321407558  0.6904739
3900.30889680213  1.516989
3900.34457727627  0.383315
3900.38025549773  1.164671
3900.41593146626  1.516859
3900.45160518158  0.7803671
3900.48727664344  0.5789337
3900.52294585157  1.253183
3900.5586128057  0.618653
3900.59427750559  1.55461
3900.62993995095  2.341523
3900.66560014153  0.9066907
3900.70125807707  0.7050871
3900.7369137573  0.8309922
3900.77256718196  0.6460606
3900.80821835079  0.2923971
3900.84386726353  0.6050497
3900.87951391991  0.6718754
3900.91515831968  0.905069
3900.95080046256  0.4085245
3900.98644034831  0.1528004
3901.02207797665  0.6932252
3901.05771334732  2.199749
3901.09334646007  0.3002659
3901.12897731463  1.945572
3901.16460591075  1.02436
3901.20023224815  1.276237
3901.23585632658  1.006916
3901.27147814579  0.6133861
3901.30709770549  0.5232694
3901.34271500545  0.4408978
3901.37833004539  1.199414
3901.41394282506  0.4257604
3901.44955334419  0.801573
3901.48516160253  0.3122967
3901.52076759981  1.129887
3901.55637133578  1.506081
3901.59197281017  0.6730427
3901.62757202273  0.6903048
3901.66316897319  1.932309
3901.6987636613  0.9867665
3901.7343560868  1.487869
3901.76994624942  0.8825251
3901.80553414891  0.4252315
3901.84111978501  0.8395274
3901.87670315746  0.8520345
3901.912284266  0.5838398
3901.94786311037  0.8316981
3901.98343969032  1.418591
3902.01901400558  1.620283
3902.05458605589  1.217486
3902.09015584101  1.292947
3902.12572336066  0.313561
3902.1612886146  0.6347911
3902.19685160256  1.252963
3902.23241232429  0.7676174
3902.26797077952  0.7712029
3902.30352696801  0.6352402
3902.33908088949  1.02902
3902.3746325437  1.359042
3902.41018193039  2.556899
3902.44572904931  1.140483
3902.48127390018  2.007063
3902.51681648277  1.459646
3902.5523567968  1.945006
3902.58789484203  0.3250824
3902.62343061819  0.6697795
3902.65896412503  0.9369457
3902.6944953623  0.5919927
3902.73002432973  1.033848
3902.76555102707  0.4051099
3902.80107545408  0.003402979
3902.83659761047  0.5741065
3902.87211749602  0.8216676
3902.90763511044  1.283098
3902.94315045351  0.5535343
3902.97866352494  0.2044708
3903.0141743245  0.6818173
3903.04968285192  0.1121257
3903.08518910695  0.9022089
3903.12069308934  1.829012
3903.15619479883  0.7026927
3903.19169423516  0.301823
3903.22719139809  0.2872815
3903.26268628735  1.231712
3903.29817890269  1.391078
3903.33366924386  0.2117254
3903.3691573106  0.2967094
3903.40464310266  0.8743933
3903.44012661978  0.1989597
3903.47560786171  0.5669433
3903.5110868282  0.8557088
3903.546563519  0.5754499
3903.58203793384  0.2382229
3903.61751007248  0.1615995
3903.65297993466  0.3710267
3903.68844752013  0.7801638
3903.72391282863  0.4313402
3903.75937585992  0.6221191
3903.79483661373  0.5409768
3903.83029508983  0.6250328
3903.86575128795  0.4344054
3903.90120520783  0.4565116
3903.93665684924  0.6394628
3903.97210621192  0.7132971
3904.00755329561  1.155732
3904.04299810006  1.582823
3904.07844062502  0.374018
3904.11388087024  0.3039379
3904.14931883546  0.4215933
3904.18475452044  1.181045
3904.22018792493  1.782869
3904.25561904866  0.403794
3904.2910478914  1.226258
3904.32647445288  1.694682
3904.36189873286  0.9155638
3904.39732073109  0.9953721
3904.43274044731  0.8968377
3904.46815788128  0.6810334
3904.50357303274  0.6132995
3904.53898590145  1.125269
3904.57439648714  0.6277824
3904.60980478959  1.094942
3904.64521080852  0.1982569
3904.68061454369  1.198725
3904.71601599486  1.173935
3904.75141516177  1.840115
3904.78681204417  0.6082488
3904.82220664181  1.889612
3904.85759895445  0.9209076
3904.89298898183  0.7531061
3904.92837672371  1.184557
3904.96376217983  0.6408604
3904.99914534994  0.7315861
3905.0345262338  0.7452552
3905.06990483116  1.038668
3905.10528114177  0.3696282
3905.14065516538  0.8094276
3905.17602690174  0.800764
3905.21139635061  1.131769
3905.24676351172  0.822651
3905.28212838485  0.4162705
3905.31749096973  0.494615
3905.35285126613  0.9605577
3905.38820927378  0.5144691
3905.42356499245  1.595585
3905.45891842189  0.5446134
3905.49426956185  1.528932
3905.52961841208  0.3967951
3905.56496497233  0.3423619
3905.60030924236  1.018652
3905.63565122192  0.8260574
3905.67099091077  0.6485133
3905.70632830865  0.2193919
3905.74166341531  1.913116
3905.77699623053  2.048385
3905.81232675403  0.665474
3905.84765498559  1.211215
3905.88298092495  0.4741479
3905.91830457187  1.000389
3905.9536259261  0.651809
3905.9889449874  1.360619
3906.02426175551  0.554244
3906.0595762302  0.4514357
3906.09488841121  0.6717935
3906.13019829831  0.7957532
3906.16550589124  0.04311512
3906.20081118976  0.5487468
3906.23611419363  0.5624372
3906.27141490261  0.6720051
3906.30671331643  0.1307143
3906.34200943487  0.8727869
3906.37730325767  0.5138096
3906.4125947846  0.3178203
3906.4478840154  1.365479
3906.48317094983  0.2654266
3906.51845558766  1.364578
3906.55373792862  0.5639837
3906.58901797249  0.642209
3906.62429571901  0.4032635
3906.65957116795  0.9569131
3906.69484431905  0.7837133
3906.73011517208  0.926093
3906.76538372679  0.7834992
3906.80064998293  0.01525389
3906.83591394027  0.622903
3906.87117559856  1.275509
3906.90643495756  1.342634
3906.94169201702  1.12898
3906.97694677671  0.5404058
3907.01219923637  1.220783
3907.04744939578  1.318414
3907.08269725467  0.3542151
3907.11794281282  1.120019
3907.15318606997  1.07504
3907.1884270259  0.5866888
3907.22366568035  0.5138505
3907.25890203308  0.6742789
3907.29413608385  0.1676972
3907.32936783242  0.4643377
3907.36459727855  0.1828475
3907.39982442199  0.2652141
3907.43504926252  1.430737
3907.47027179987  1.253035
3907.50549203382  1.03997
3907.54070996411  0.6762382
3907.57592559052  1.316497
3907.6111389128  1.160742
3907.6463499307  1.226566
3907.681558644  0.7309859
3907.71676505244  0.03681859
3907.75196915578  0.3360937
3907.7871709538  0.9861744
3907.82237044624  0.5347651
3907.85756763287  0.6592656
3907.89276251344  1.009775
3907.92795508772  1.329431
3907.96314535547  1.12203
3907.99833331644  0.5148947
3908.03351897041  0.3886784
3908.06870231712  0.8030865
3908.10388335634  0.6412908
3908.13906208783  0.5110159
3908.17423851135  0.681295
3908.20941262666  0.8057256
3908.24458443352  0.5223644
3908.2797539317  0.3697824
3908.31492112096  0.6745101
3908.35008600105  2.531299
3908.38524857174  0.2373821
3908.42040883279  1.182088
3908.45556678396  0.8834545
3908.49072242502  0.672387
3908.52587575573  1.24278
3908.56102677584  1.052748
3908.59617548512  0.6643832
3908.63132188334  1.047002
3908.66646597025  0.4453917
3908.70160774562  0.2554838
3908.73674720921  0.6165299
3908.77188436078  0.2839129
3908.8070192001  0.7424947
3908.84215172693  1.129584
3908.87728194104  0.4745681
3908.91240984217  0.7832067
3908.94753543011  1.105598
3908.98265870462  0.6716427
3909.01777966545  0.8511577
3909.05289831236  0.6476986
3909.08801464514  0.7948564
3909.12312866353  0.5044913
3909.1582403673  0.9503612
3909.19334975622  1.044613
3909.22845683005  0.972706
3909.26356158856  1.452402
3909.29866403151  0.5707096
3909.33376415866  0.9941436
3909.36886196978  0.5634675
3909.40395746463  1.0676
3909.43905064298  0.20052
3909.4741415046  0.3931842
3909.50923004924  1.346611
3909.54431627668  0.4536425
3909.57940018668  0.5524677
3909.614481779  1.026132
3909.64956105342  0.2162687
3909.68463800969  0.6765475
3909.71971264758  0.4811432
3909.75478496687  0.867291
3909.78985496731  1.255384
3909.82492264866  0.402851
3909.85998801071  1.150279
3909.89505105321  1.433536
3909.93011177593  0.952589
3909.96517017864  1.524244
3910.00022626109  0.5709811
3910.03528002307  0.5419765
3910.07033146434  1.673027
3910.10538058466  0.6919422
3910.14042738381  1.147502
3910.17547186154  0.9936728
3910.21051401763  1.775983
3910.24555385184  0.4542332
3910.28059136394  0.7646722
3910.31562655371  0.8126184
3910.35065942089  0.5149833
3910.38568996528  0.9594716
3910.42071818663  1.32335
3910.45574408471  0.9833854
3910.49076765929  1.365059
3910.52578891014  0.842892
3910.56080783702  1.373109
3910.59582443971  1.304308
3910.63083871798  1.328168
3910.66585067158  0.9950619
3910.7008603003  0.4250071
3910.7358676039  1.379991
3910.77087258215  0.7983676
3910.80587523482  0.9485101
3910.84087556168  1.586029
3910.8758735625  0.4785033
3910.91086923705  0.9627692
3910.9458625851  0.3875708
3910.98085360641  0.564921
3911.01584230076  1.262272
3911.05082866792  0.5020801
3911.08581270766  0.3814766
3911.12079441974  1.507083
3911.15577380395  0.5929327
3911.19075086005  0.1330021
3911.2257255878  0.9712094
3911.26069798699  0.9165073
3911.29566805738  0.9494953
3911.33063579874  0.8758028
3911.36560121085  0.9054072
3911.40056429347  0.6307884
3911.43552504638  0.6287446
3911.47048346934  0.7482266
3911.50543956214  0.6911417
3911.54039332454  1.278863
3911.57534475631  0.759005
3911.61029385723  1.51179
3911.64524062706  0.6708125
3911.68018506559  0.5907418
3911.71512717257  0.3559041
3911.75006694779  0.70605
3911.78500439102  0.7899101
3911.81993950202  0.2026809
3911.85487228058  1.206563
3911.88980272646  1.408594
3911.92473083944  1.252648
3911.95965661929  1.654985
3911.99458006578  0.968105
3912.02950117869  1.038553
3912.06441995779  1.001295
3912.09933640286  0.5913655
3912.13425051366  0.9921519
3912.16916228997  2.062335
3912.20407173156  0.5640402
3912.23897883822  0.8713496
3912.27388360971  1.382643
3912.3087860458  1.321721
3912.34368614628  1.188612
3912.37858391091  1.015768
3912.41347933947  0.89863
3912.44837243174  1.948345
3912.48326318748  1.326464
3912.51815160648  1.552837
3912.55303768851  1.268441
3912.58792143334  0.4877129
3912.62280284076  0.9000185
3912.65768191052  1.302541
3912.69255864242  1.218425
3912.72743303622  1.600642
3912.7623050917  1.199279
3912.79717480864  1.003281
3912.83204218682  0.8911622
3912.866907226  0.4524018
3912.90176992596  0.8671736
3912.93663028649  0.6719408
3912.97148830735  1.120854
3913.00634398833  0.7265297
3913.04119732919  1.090706
3913.07604832972  1.211071
3913.1108969897  1.578119
3913.1457433089  1.674369
3913.18058728709  1.443081
3913.21542892406  0.9658701
3913.25026821957  1.067056
3913.28510517342  1.567909
3913.31993978537  1.266593
3913.35477205521  1.941511
3913.3896019827  0.86092
3913.42442956764  0.610544
3913.45925480979  0.8375559
3913.49407770894  1.335
3913.52889826486  1.233061
3913.56371647733  0.3387173
3913.59853234613  0.9105413
3913.63334587103  1.380638
3913.66815705183  0.9267458
3913.70296588828  1.472364
3913.73777238018  1.377815
3913.77257652731  0.7807875
3913.80737832943  0.8228087
3913.84217778633  0.9375246
3913.8769748978  0.5992459
3913.9117696636  0.6832015
3913.94656208352  0.6829696
3913.98135215734  1.11817
3914.01613988483  0.484966
3914.05092526579  0.5522321
3914.08570829998  1.276473
3914.12048898718  0.6286234
3914.15526732719  0.5456696
3914.19004331977  0.9484009
3914.22481696471  1.298595
3914.25958826178  1.091588
3914.29435721078  1.008183
3914.32912381147  1.207204
3914.36388806364  0.7634641
3914.39864996708  0.4556867
3914.43340952155  0.9832017
3914.46816672685  0.9753211
3914.50292158275  0.986726
3914.53767408904  0.9860222
3914.57242424549  1.113348
3914.6071720519  0.9524924
3914.64191750803  1.46714
3914.67666061367  1.309563
3914.71140136861  1.47139
3914.74613977263  1.020771
3914.7808758255  1.498801
3914.81560952701  1.174288
3914.85034087694  0.4115562
3914.88506987508  0.5574628
3914.9197965212  1.43488
3914.9545208151  1.002941
3914.98924275654  0.7654279
3915.02396234533  0.5134026
3915.05867958123  0.5161567
3915.09339446403  0.92351
3915.12810699352  0.1293934
3915.16281716947  1.042565
3915.19752499168  0.9429017
3915.23223045992  0.7112768
3915.26693357398  1.344796
3915.30163433365  1.078688
3915.3363327387  0.7831427
3915.37102878892  0.4896611
3915.40572248409  1.261883
3915.44041382401  1.419293
3915.47510280845  1.514418
3915.50978943719  1.22293
3915.54447371003  1.386305
3915.57915562674  1.265458
3915.61383518712  1.343085
3915.64851239094  1.36385
3915.68318723799  1.805541
3915.71785972806  1.556249
3915.75252986093  1.023656
3915.78719763639  1.34561
3915.82186305423  1.159246
3915.85652611422  1.745112
3915.89118681615  1.20855
3915.92584515981  1.261521
3915.960501145  1.335765
3915.99515477148  1.163655
3916.02980603905  0.3094235
3916.06445494749  0.5304179
3916.09910149659  0.8156554
3916.13374568614  0.8426334
3916.16838751593  0.8225726
3916.20302698573  1.102137
3916.23766409534  0.4999848
3916.27229884455  1.27269
3916.30693123314  1.040326
3916.34156126089  0.8620242
3916.3761889276  0.9087667
3916.41081423305  0.9830182
3916.44543717703  1.267059
3916.48005775933  1.228482
3916.51467597974  1.029016
3916.54929183804  0.4023464
3916.58390533402  0.7639831
3916.61851646747  1.050762
3916.65312523818  0.805041
3916.68773164593  1.057005
3916.72233569051  1.450537
3916.75693737172  1.110134
3916.79153668934  1.22484
3916.82613364316  0.5507363
3916.86072823297  1.377089
3916.89532045856  0.8820981
3916.92991031971  0.8317783
3916.96449781622  0.2812686
3916.99908294787  0.8175807
3917.03366571446  0.3691105
3917.06824611577  1.071122
3917.10282415159  1.131171
3917.13739982172  0.8336923
3917.17197312594  0.6008455
3917.20654406405  0.8427621
3917.24111263583  0.8597178
3917.27567884107  0.9641723
3917.31024267956  1.114466
3917.3448041511  1.02478
3917.37936325547  0.1995104
3917.41391999247  0.9332739
3917.44847436188  1.085335
3917.4830263635  0.9947402
3917.51757599711  0.5479319
3917.55212326252  0.7161126
3917.58666815951  0.722073
3917.62121068786  1.032419
3917.65575084738  0.9013728
3917.69028863785  0.6024334
3917.72482405907  1.259783
3917.75935711083  0.9786109
3917.79388779291  1.101836
3917.82841610511  0.9028872
3917.86294204723  1.12472
3917.89746561906  1.474571
3917.93198682038  1.2417
3917.96650565099  1.317654
3918.00102211068  1.788579
3918.03553619925  0.7381876
3918.07004791649  0.7255493
3918.10455726219  0.5990428
3918.13906423614  0.7667193
3918.17356883814  1.40631
3918.20807106798  0.9294231
3918.24257092545  1.295111
3918.27706841035  1.152639
3918.31156352246  1.152144
3918.3460562616  1.404627
3918.38054662754  1.179882
3918.41503462008  1.483807
3918.44952023901  1.333454
3918.48400348414  1.499456
3918.51848435525  0.9196348
3918.55296285214  1.51362
3918.5874389746  1.637047
3918.62191272243  0.9256545
3918.65638409542  1.570521
3918.69085309336  1.315243
3918.72531971606  1.724533
3918.7597839633  1.173162
3918.79424583489  1.722299
3918.82870533061  1.300637
3918.86316245026  0.6888637
3918.89761719364  1.217678
3918.93206956054  1.140986
3918.96651955077  1.471301
3919.0009671641  1.045091
3919.03541240035  0.7528688
3919.0698552593  1.325187
3919.10429574075  0.6426837
3919.1387338445  0.8967868
3919.17316957035  0.7814227
3919.20760291809  1.206988
3919.24203388752  0.8541579
3919.27646247843  0.7870204
3919.31088869062  0.781615
3919.34531252389  0.7669785
3919.37973397803  0.8964952
3919.41415305285  0.7563859
3919.44856974814  1.241766
3919.48298406369  0.6085627
3919.51739599931  0.6196888
3919.55180555479  0.8099999
3919.58621272993  1.067928
3919.62061752452  0.813586
3919.65501993837  0.8743638
3919.68941997128  0.2705629
3919.72381762303  0.9594654
3919.75821289344  1.119122
3919.79260578229  0.9051512
3919.82699628939  1.008028
3919.86138441453  0.7462564
3919.89577015752  0.5727893
3919.93015351814  0.6781028
3919.96453449622  1.059223
3919.99891309153  0.7253242
3920.03328930388  1.281544
3920.06766313306  1.314919
3920.10203457889  1.065502
3920.13640364115  1.349581
3920.17077031965  1.157175
3920.20513461419  1.339343
3920.23949652456  1.415969
3920.27385605057  1.105817
3920.30821319202  1.354588
3920.3425679487  0.3571383
3920.37692032042  1.339441
3920.41127030698  1.602645
3920.44561790817  1.436647
3920.4799631238  1.347678
3920.51430595367  0.9263117
3920.54864639758  0.8647146
3920.58298445533  1.070609
3920.61732012672  1.155177
3920.65165341156  0.9882455
3920.68598430964  1.072144
3920.72031282076  0.7590489
3920.75463894474  0.52483
3920.78896268135  0.996952
3920.82328403042  0.9385446
3920.85760299174  0.8917063
3920.89191956512  1.127734
3920.92623375035  0.6633884
3920.96054554724  0.2350812
3920.99485495559  0.7459215
3921.0291619752  0.7595183
3921.06346660588  0.960052
3921.09776884743  0.5798562
3921.13206869964  1.066105
3921.16636616233  0.9990807
3921.2006612353  0.9228203
3921.23495391834  1.232484
3921.26924421127  0.7954267
3921.30353211388  0.7074699
3921.33781762598  1.046227
3921.37210074737  0.7113984
3921.40638147786  0.8243448
3921.44065981725  0.7629725
3921.47493576535  0.928822
3921.50920932195  0.8981009
3921.54348048686  1.128543
3921.57774925989  1.296364
3921.61201564084  0.584975
3921.64627962951  0.7079027
3921.68054122572  1.279976
3921.71480042926  1.08748
3921.74905723993  0.5561628
3921.78331165755  0.6919938
3921.81756368191  0.9901683
3921.85181331283  0.8698361
3921.88606055011  1.007901
3921.92030539355  0.8813335
3921.95454784296  1.164601
3921.98878789815  1.006868
3922.02302555892  0.9846821
3922.05726082507  1.382273
3922.09149369641  1.554043
3922.12572417275  0.7718309
3922.1599522539  0.7049344
3922.19417793965  1.230626
3922.22840122982  1.315468
3922.26262212422  0.5219962
3922.29684062264  1.353233
3922.3310567249  1.116274
3922.3652704308  0.6463715
3922.39948174015  1.006784
3922.43369065276  1.219372
3922.46789716843  0.9742165
3922.50210128697  1.118675
3922.53630300819  1.405709
3922.5705023319  0.7226648
3922.6046992579  1.008879
3922.638893786  1.57963
3922.673085916  1.290958
3922.70727564773  1.539488
3922.74146298098  1.283576
3922.77564791556  0.6386731
3922.80983045128  1.342706
3922.84401058795  1.544939
3922.87818832537  0.9381317
3922.91236366336  1.390132
3922.94653660173  1.023529
3922.98070714028  1.856809
3923.01487527882  0.9974456
3923.04904101716  1.813987
3923.08320435512  0.8777775
3923.11736529249  0.7639018
3923.15152382909  1.273497
3923.18567996473  0.7678969
3923.21983369922  1.520166
3923.25398503236  1.171324
3923.28813396397  2.068016
3923.32228049386  0.8957866
3923.35642462183  1.300911
3923.3905663477  1.191807
3923.42470567128  0.9055369
3923.45884259238  0.891664
3923.4929771108  0.8682556
3923.52710922636  0.9072855
3923.56123893887  1.055133
3923.59536624815  1.08132
3923.62949115399  1.533399
3923.66361365621  1.051801
3923.69773375463  0.57275
3923.73185144905  1.181128
3923.76596673929  0.9618649
3923.80007962515  1.164505
3923.83419010646  1.558558
3923.86829818301  1.25708
3923.90240385462  1.021017
3923.93650712111  1.297938
3923.97060798229  1.449492
3924.00470643796  0.7415456
3924.03880248794  1.366714
3924.07289613204  1.517447
3924.10698737009  1.292255
3924.14107620187  1.228043
3924.17516262722  1.087916
3924.20924664594  1.518736
3924.24332825785  1.798303
3924.27740746275  1.832019
3924.31148426047  1.50549
3924.34555865082  1.277995
3924.3796306336  1.735412
3924.41370020863  1.486902
3924.44776737573  1.447016
3924.48183213471  1.431429
3924.51589448538  1.159346
3924.54995442756  1.441924
3924.58401196106  2.436224
3924.6180670857  1.42235
3924.65211980129  2.189739
3924.68617010764  1.409878
3924.72021800456  1.436629
3924.75426349188  1.110487
3924.78830656941  1.326698
3924.82234723696  1.411571
3924.85638549435  1.558418
3924.89042134139  1.431979
3924.9244547779  1.51597
3924.95848580369  0.9450141
3924.99251441858  1.55954
3925.02654062238  1.477533
3925.06056441492  1.670164
3925.09458579599  2.119459
3925.12860476543  1.284168
3925.16262132304  0.9280478
3925.19663546865  0.9361795
3925.23064720207  1.20855
3925.26465652311  1.653911
3925.29866343159  1.314253
3925.33266792733  1.725613
3925.36667001015  1.722324
3925.40066967985  1.029654
3925.43466693627  0.9788489
3925.46866177921  0.7493933
3925.50265420849  0.9330265
3925.53664422393  1.143997
3925.57063182535  0.9576815
3925.60461701256  1.709521
3925.63859978538  0.5412785
3925.67258014364  1.027187
3925.70655808713  1.009028
3925.7405336157  1.332825
3925.77450672914  1.169841
3925.80847742729  1.9638
3925.84244570996  1.299087
3925.87641157696  1.250346
3925.91037502812  1.45327
3925.94433606325  1.393153
3925.97829468217  1.143488
3926.01225088471  1.281127
3926.04620467067  0.9299417
3926.08015603989  1.373971
3926.11410499217  0.78118
3926.14805152734  1.084188
3926.18199564522  0.8063958
3926.21593734562  1.000641
3926.24987662837  0.8122326
3926.28381349328  1.749741
3926.31774794018  1.099938
3926.35167996888  1.551017
3926.38560957921  1.340834
3926.41953677098  0.9200112
3926.45346154402  1.036337
3926.48738389814  1.300736
3926.52130383317  0.7723328
3926.55522134892  0.8484176
3926.58913644523  0.9273531
3926.62304912189  0.716445
3926.65695937875  0.9854621
3926.69086721562  0.8016666
3926.72477263231  0.6979179
3926.75867562866  1.334027
3926.79257620448  0.9796127
3926.8264743596  1.173493
3926.86037009383  0.3588199
3926.894263407  1.550875
3926.92815429893  0.8138102
3926.96204276944  1.034606
3926.99592881835  0.7449272
3927.02981244549  0.7055102
3927.06369365067  1.111589
3927.09757243373  0.9062594
3927.13144879447  0.871698
3927.16532273273  1.001438
3927.19919424833  0.5708852
3927.23306334109  0.4950539
3927.26693001083  1.403906
3927.30079425738  1.311693
3927.33465608056  1.672313
3927.36851548019  1.128479
3927.40237245609  1.202903
3927.4362270081  1.456012
3927.47007913602  1.412178
3927.50392883969  1.349726
3927.53777611894  1.134313
3927.57162097357  1.411019
3927.60546340343  1.455346
3927.63930340832  1.039532
3927.67314098808  0.6961995
3927.70697614254  1.568462
3927.74080887151  0.7837006
3927.77463917481  1.703426
3927.80846705228  1.400021
3927.84229250374  1.143469
3927.87611552902  0.9057912
3927.90993612793  1.091798
3927.94375430031  0.8890566
3927.97757004597  1.079696
3928.01138336475  0.8812899
3928.04519425647  0.8454154
3928.07900272096  1.091922
3928.11280875803  0.8795142
3928.14661236753  1.037707
3928.18041354926  1.535157
3928.21421230307  0.7739699
3928.24800862877  0.9663354
3928.28180252619  0.5820383
3928.31559399516  1.249717
3928.3493830355  0.8680979
3928.38316964705  0.7632428
3928.41695382962  0.8682289
3928.45073558304  0.4467395
3928.48451490715  0.9891725
3928.51829180176  0.5568448
3928.55206626671  0.778623
3928.58583830182  0.9477339
3928.61960790692  0.7985623
3928.65337508184  1.023735
3928.6871398264  1.009205
3928.72090214044  0.7253616
3928.75466202377  0.5360171
3928.78841947624  0.6220254
3928.82217449766  1.076004
3928.85592708786  1.036244
3928.88967724668  0.8759165
3928.92342497393  0.898035
3928.95717026946  0.5631365
3928.99091313308  0.2080362
3929.02465356463  1.076667
3929.05839156394  0.5369713
3929.09212713083  0.9123924
3929.12586026514  0.5858022
3929.15959096668  1.349941
3929.1933192353  1.45756
3929.22704507082  0.7884374
3929.26076847307  1.142218
3929.29448944189  1.636585
3929.32820797709  0.8775732
3929.36192407851  1.043637
3929.39563774598  0.6495884
3929.42934897933  0.7359574
3929.46305777839  0.8450082
3929.49676414299  1.029755
3929.53046807296  1.357544
3929.56416956813  1.157467
3929.59786862834  0.6233361
3929.6315652534  1.090271
3929.66525944316  1.010852
3929.69895119744  0.2827445
3929.73264051608  0.675177
3929.76632739891  0.4608559
3929.80001184575  1.014978
3929.83369385644  0.614052
3929.86737343081  0.803582
3929.90105056869  0.6508284
3929.93472526992  0.6510218
3929.96839753433  0.5368338
3930.00206736174  0.8419204
3930.03573475199  0.6036613
3930.06939970491  0.9202105
3930.10306222034  0.6763712
3930.1367222981  0.8331895
3930.17037993803  0.5409263
3930.20403513996  1.152121
3930.23768790373  0.4049085
3930.27133822917  0.6992462
3930.3049861161  0.4042959
3930.33863156437  0.6250755
3930.37227457381  1.022214
3930.40591514424  0.7977942
3930.43955327551  1.040539
3930.47318896744  0.8059503
3930.50682221988  0.275373
3930.54045303264  0.4010715
3930.57408140558  0.1891991
3930.60770733852  0.3340536
3930.64133083129  0.7969362
3930.67495188373  0.4203188
3930.70857049568  0.1113744
3930.74218666697  0.7179241
3930.77580039743  0.8436136
3930.8094116869  0.4011868
3930.84302053521  0.7524065
3930.87662694219  0.9498366
3930.91023090769  0.5800951
3930.94383243154  0.9408952
3930.97743151357  0.7138974
3931.01102815362  0.8761334
3931.04462235152  0.3587031
3931.07821410711  0.3601756
3931.11180342023  0.701174
3931.14539029071  0.5132375
3931.17897471838  0.4654332
3931.21255670308  0.9167988
3931.24613624465  0.8548732
3931.27971334293  0.9458076
3931.31328799775  1.30068
3931.34686020895  0.8462542
3931.38042997635  0.4077981
3931.41399729981  0.6581803
3931.44756217916  0.2768444
3931.48112461423  0.8130061
3931.51468460486  0.4697717
3931.54824215089  1.054077
3931.58179725216  0.9821696
3931.6153499085  0.6875596
3931.64890011974  1.059931
3931.68244788574  0.6172953
3931.71599320632  1.083055
3931.74953608133  0.939458
3931.78307651059  0.6341557
3931.81661449395  0.6057503
3931.85015003126  1.103746
3931.88368312233  0.928139
3931.91721376702  1.128114
3931.95074196516  0.984003
3931.9842677166  0.5757151
3932.01779102116  0.6775556
3932.05131187869  0.3417559
3932.08483028903  0.7418816
3932.11834625201  1.002533
3932.15185976748  1.369833
3932.18537083527  1.013893
3932.21887945523  1.305833
3932.25238562718  0.4342095
3932.28588935099  1.298093
3932.31939062647  1.251177
3932.35288945348  1.521903
3932.38638583184  0.6964046
3932.41987976141  1.462236
3932.45337124203  0.7748349
3932.48686027352  0.8091496
3932.52034685574  1.201315
3932.55383098852  1.441696
3932.5873126717  1.420959
3932.62079190513  1.220991
3932.65426868865  0.9520957
3932.68774302209  1.556098
3932.72121490529  0.6109221
3932.75468433811  0.9114488
3932.78815132037  0.8894007
3932.82161585193  1.523689
3932.85507793262  1.300944
3932.88853756228  1.808566
3932.92199474076  1.456185
3932.95544946789  1.810988
3932.98890174353  1.45134
3933.0223515675  1.194933
3933.05579893966  1.890388
3933.08924385985  1.332551
3933.1226863279  1.575858
3933.15612634366  1.696249
3933.18956390698  0.9557253
3933.22299901769  1.080361
3933.25643167564  1.820395
3933.28986188067  1.751745
3933.32328963263  1.512384
3933.35671493136  1.56474
3933.39013777669  1.575158
3933.42355816848  1.428207
3933.45697610657  1.257298
3933.4903915908  1.344859
3933.52380462102  2.098122
3933.55721519706  1.799316
3933.59062331878  1.865657
3933.62402898601  1.558162
3933.65743219861  2.023531
3933.69083295641  1.78975
3933.72423125926  2.274568
3933.757627107  2.012814
3933.79102049949  2.237529
3933.82441143655  2.732833
3933.85779991805  3.198874
3933.89118594382  2.933755
3933.92456951371  3.065461
3933.95795062756  2.626019
3933.99132928522  3.287437
3934.02470548653  2.89755
3934.05807923134  2.908746
3934.0914505195  2.729095
3934.12481935085  2.802834
3934.15818572524  2.895566
3934.19154964251  2.941697
3934.22491110251  2.334316
3934.25827010508  2.406278
3934.29162665007  2.287654
3934.32498073734  1.991333
3934.35833236671  2.461334
3934.39168153805  2.890817
3934.4250282512  4.120844
3934.458372506  3.974241
3934.4917143023  3.814452
3934.52505363995  3.989032
3934.55839051879  3.106117
3934.59172493868  3.791123
3934.62505689946  3.771562
3934.65838640097  3.244677
3934.69171344308  4.058118
3934.72503802561  3.091836
3934.75836014843  3.364533
3934.79167981137  3.450276
3934.82499701429  3.2588
3934.85831175704  3.186214
3934.89162403946  3.372286
3934.92493386141  3.556765
3934.95824122272  3.248102
3934.99154612325  3.042667
3935.02484856285  3.221087
3935.05814854137  2.978159
3935.09144605865  2.786754
3935.12474111455  2.844595
3935.15803370891  3.183015
3935.19132384159  2.620201
3935.22461151243  3.160773
3935.25789672127  2.966302
3935.29117946799  2.649168
3935.32445975241  2.965691
3935.3577375744  2.247762
3935.39101293379  2.489715
3935.42428583045  3.106821
3935.45755626422  2.290154
3935.49082423495  2.346394
3935.5240897425  2.014218
3935.55735278671  2.609076
3935.59061336743  1.845409
3935.62387148451  2.106416
3935.65712713782  2.050761
3935.69038032718  2.345333
3935.72363105247  2.225472
3935.75687931352  2.05552
3935.7901251102  1.998281
3935.82336844234  2.530087
3935.85660930981  1.700152
3935.88984771246  2.254098
3935.92308365012  2.033091
3935.95631712267  2.719615
3935.98954812995  2.452013
3936.02277667181  2.004403
3936.05600274811  2.466471
3936.08922635869  1.706399
3936.12244750341  1.485128
3936.15566618212  1.513517
3936.18888239468  2.632953
3936.22209614094  1.643927
3936.25530742074  1.28039
3936.28851623395  1.433524
3936.32172258042  1.605033
3936.35492645999  2.006556
3936.38812787253  2.215122
3936.42132681788  1.210845
3936.45452329591  1.888481
3936.48771730646  1.348272
3936.52090884938  1.167527
3936.55409792454  1.237464
3936.58728453178  1.333267
3936.62046867096  1.092766
3936.65365034194  1.629056
3936.68682954456  1.281314
3936.72000627869  1.056328
3936.75318054417  1.149905
3936.78635234087  1.406052
3936.81952166863  1.089554
3936.85268852731  1.028499
3936.88585291677  1.175531
3936.91901483686  1.3605
3936.95217428744  1.404551
3936.98533126836  0.9113503
3937.01848577948  1.041711
3937.05163782065  1.190311
3937.08478739173  1.56235
3937.11793449257  0.8250697
3937.15107912304  0.973074
3937.18422128298  1.298848
3937.21736097225  1.062722
3937.25049819072  1.00911
3937.28363293823  1.093228
3937.31676521464  0.8227441
3937.34989501981  1.319881
3937.3830223536  1.299493
3937.41614721585  0.5737799
3937.44926960644  0.7481871
3937.48238952521  0.8834205
3937.51550697203  0.6999505
3937.54862194674  0.8014057
3937.58173444922  1.13965
3937.61484447931  0.9473014
3937.64795203687  0.5259615
3937.68105712176  0.4168752
3937.71415973384  0.8734716
3937.74725987297  1.38298
3937.780357539  1.230945
3937.8134527318  1.199736
3937.84654545121  0.7964624
3937.87963569711  0.6244847
3937.91272346934  1.081909
3937.94580876777  1.060745
3937.97889159225  0.9224177
3938.01197194265  0.9977149
3938.04504981882  0.5906207
3938.07812522062  0.9806973
3938.11119814791  0.6643843
3938.14426860055  0.5495667
3938.1773365784  0.8032932
3938.21040208133  0.6436505
3938.24346510918  0.7185489
3938.27652566182  0.2899957
3938.3095837391  0.8142041
3938.3426393409  0.577251
3938.37569246706  1.094076
3938.40874311745  1.027257
3938.44179129193  0.6469421
3938.47483699036  1.491664
3938.5078802126  0.9325906
3938.54092095851  1.108475
3938.57395922796  1.089167
3938.60699502079  1.066501
3938.64002833688  0.7544352
3938.67305917608  0.9376652
3938.70608753825  0.5122145
3938.73911342326  1.154448
3938.77213683097  0.4130316
3938.80515776124  0.2215748
3938.83817621393  0.8645664
3938.8711921889  0.5277627
3938.90420568602  0.698649
3938.93721670514  0.3497126
3938.97022524613  0.741155
3939.00323130885  0.9895951
3939.03623489317  0.9280207
3939.06923599894  0.9000136
3939.10223462603  0.8487351
3939.13523077429  1.16705
3939.16822444361  0.9102753
3939.20121563383  0.6470315
3939.23420434481  0.321865
3939.26719057643  1.040757
3939.30017432855  1.688404
3939.33315560103  1.072665
3939.36613439372  1.272889
3939.3991107065  0.9814172
3939.43208453924  1.473951
3939.46505589178  0.6620408
3939.498024764  0.6990831
3939.53099115577  0.7120703
3939.56395506693  1.456239
3939.59691649737  1.273823
3939.62987544694  1.010421
3939.66283191551  0.8412583
3939.69578590294  1.03516
3939.7287374091  1.091894
3939.76168643385  0.9411483
3939.79463297706  1.657017
3939.82757703859  1.010639
3939.86051861831  1.151519
3939.89345771608  1.073235
3939.92639433176  1.370197
3939.95932846523  1.081898
3939.99226011635  0.6090405
3940.02518928498  0.8217863
3940.05811597099  1.330132
3940.09104017425  0.9980108
3940.12396189462  1.172926
3940.15688113197  0.97031
3940.18979788616  1.289408
3940.22271215706  1.251863
3940.25562394454  1.275929
3940.28853324846  1.291984
3940.32144006869  1.055891
3940.3543444051  1.081306
3940.38724625756  1.761987
3940.42014562592  0.7483832
3940.45304251006  1.03676
3940.48593690985  0.7144267
3940.51882882515  1.047182
3940.55171825583  0.3406482
3940.58460520175  1.08838
3940.6174896628  0.8910679
3940.65037163882  1.039414
3940.6832511297  0.8472728
3940.71612813529  1.276195
3940.74900265547  1.076974
3940.78187469011  0.787689
3940.81474423907  1.242556
3940.84761130223  1.455555
3940.88047587944  1.029497
3940.91333797058  1.383659
3940.94619757552  1.305292
3940.97905469413  1.892482
3941.01190932627  1.125622
3941.04476147182  1.346351
3941.07761113065  1.446218
3941.11045830261  1.106719
3941.14330298759  1.112616
3941.17614518546  1.3025
3941.20898489607  1.100599
3941.24182211931  1.307537
3941.27465685504  1.277475
3941.30748910314  1.268737
3941.34031886346  1.281245
3941.37314613589  0.730567
3941.40597092029  1.569817
3941.43879321654  1.221294
3941.47161302449  0.880806
3941.50443034404  1.799721
3941.53724517504  1.167125
3941.57005751736  1.020224
3941.60286737089  0.806926
3941.63567473548  1.276775
3941.66847961101  0.8553402
3941.70128199735  1.008584
3941.73408189438  0.5609848
3941.76687930196  1.073111
3941.79967421997  0.9774041
3941.83246664827  0.9387485
3941.86525658675  0.4358793
3941.89804403526  0.8618531
3941.93082899369  0.7187945
3941.96361146191  0.9643681
3941.99639143979  0.4881984
3942.02916892719  0.193326
3942.06194392401  0.8478274
3942.09471643009  1.085653
3942.12748644533  1.131868
3942.16025396959  1.123557
3942.19301900275  0.750438
3942.22578154467  1.125536
3942.25854159523  0.9516435
3942.29129915432  1.151241
3942.32405422178  1.041025
3942.35680679752  0.6942762
3942.38955688138  0.8550587
3942.42230447326  1.017954
3942.45504957302  1.422907
3942.48779218054  1.361943
3942.52053229569  0.7016046
3942.55326991835  0.9327979
3942.58600504839  0.640411
3942.61873768569  0.8688581
3942.65146783011  0.9187486
3942.68419548154  1.399014
3942.71692063985  1.433449
3942.74964330491  1.374673
3942.7823634766  1.083063
3942.8150811548  1.249707
3942.84779633938  1.529869
3942.88050903021  0.657132
3942.91321922717  1.588402
3942.94592693014  1.016127
3942.97863213899  1.127524
3943.0113348536  1.238711
3943.04403507385  0.7952269
3943.0767327996  1.184825
3943.10942803074  0.7988452
3943.14212076715  1.548586
3943.17481100869  1.162761
3943.20749875525  0.6710812
3943.2401840067  1.057799
3943.27286676292  0.9433624
3943.30554702378  0.9992734
3943.33822478917  0.5504234
3943.37090005896  1.294453
3943.40357283303  1.993649
3943.43624311125  1.087591
3943.4689108935  1.257981
3943.50157617966  0.5650691
3943.53423896961  1.461681
3943.56689926322  1.112001
3943.59955706038  0.2858518
3943.63221236095  1.598284
3943.66486516483  1.044054
3943.69751547188  0.8622879
3943.73016328199  1.267765
3943.76280859503  1.367354
3943.79545141088  1.264772
3943.82809172943  1.308672
3943.86072955054  1.370738
3943.89336487411  0.8802981
3943.9259977  1.51341
3943.95862802809  1.595966
3943.99125585828  0.8622031
3944.02388119042  1.232042
3944.05650402442  1.281721
3944.08912436013  1.542419
3944.12174219745  0.6887857
3944.15435753626  0.5835881
3944.18697037643  1.120083
3944.21958071784  1.776362
3944.25218856037  1.574506
3944.28479390391  0.8171834
3944.31739674833  0.4956846
3944.34999709352  0.589392
3944.38259493935  0.8945128
3944.41519028571  0.6583379
3944.44778313248  0.4324112
3944.48037347953  1.223761
3944.51296132675  0.5617172
3944.54554667402  0.9996127
3944.57812952122  0.661442
3944.61070986824  0.6712499
3944.64328771494  0.7408749
3944.67586306123  1.745009
3944.70843590697  0.8793939
3944.74100625204  1.201607
3944.77357409634  0.9604589
3944.80613943974  1.124592
3944.83870228213  0.8737171
3944.87126262338  1.153631
3944.90382046339  1.184738
3944.93637580202  0.8181584
3944.96892863917  0.581578
3945.00147897471  0.9441417
3945.03402680854  0.6630428
3945.06657214053  1.236967
3945.09911497056  1.211973
3945.13165529853  1.127567
3945.1641931243  1.347249
3945.19672844777  1.439488
3945.22926126882  1.152174
3945.26179158733  1.106768
3945.29431940319  1.187172
3945.32684471628  1.201764
3945.35936752648  0.3715827
3945.39188783368  0.9878298
3945.42440563777  1.361501
3945.45692093862  1.376819
3945.48943373612  1.860019
3945.52194403015  1.489337
3945.55445182061  0.7764772
3945.58695710737  1.311297
3945.61945989032  1.44721
3945.65196016934  1.026995
3945.68445794432  0.9398345
3945.71695321515  1.036592
3945.74944598171  1.089984
3945.78193624388  0.5396037
3945.81442400155  0.6330981
3945.84690925461  0.9204367
3945.87939200295  1.254984
3945.91187224643  0.8021699
3945.94434998497  0.6942571
3945.97682521843  1.078209
3946.00929794671  1.05065
3946.04176816969  1.185499
3946.07423588726  1.457191
3946.1067010993  1.182682
3946.13916380571  1.393519
3946.17162400636  1.509071
3946.20408170115  0.9559311
3946.23653688996  1.429192
3946.26898957268  1.78108
3946.3014397492  1.367875
3946.3338874194  1.289863
3946.36633258317  1.677277
3946.3987752404  1.22726
3946.43121539098  1.578439
3946.46365303479  1.397364
3946.49608817172  1.403606
3946.52852080166  1.310331
3946.5609509245  1.519988
3946.59337854013  1.443174
3946.62580364843  2.019789
3946.65822624929  1.879742
3946.6906463426  2.036052
3946.72306392825  1.489754
3946.75547900614  1.203366
3946.78789157613  1.006515
3946.82030163814  1.668788
3946.85270919204  1.50641
3946.88511423773  1.172543
3946.91751677508  1.90103
3946.94991680401  1.431876
3946.98231432438  1.331924
3947.0147093361  1.355409
3947.04710183905  1.626899
3947.07949183312  1.112234
3947.1118793182  1.552338
3947.14426429419  1.655099
3947.17664676096  1.172699
3947.20902671843  2.190504
3947.24140416646  1.419094
3947.27377910496  2.211847
3947.30615153381  1.874234
3947.3385214529  2.458849
3947.37088886213  1.112627
3947.40325376139  0.9976938
3947.43561615057  0.8154927
3947.46797602955  1.447708
3947.50033339824  1.452802
3947.53268825651  1.534151
3947.56504060427  2.180848
3947.59739044141  1.248827
3947.62973776781  0.659826
3947.66208258337  0.9428022
3947.69442488798  1.064714
3947.72676468153  1.424719
3947.75910196392  0.9237754
3947.79143673504  2.039102
3947.82376899477  1.29427
3947.85609874302  1.67854
3947.88842597967  0.6069355
3947.92075070462  1.339343
3947.95307291776  1.510958
3947.98539261898  0.9985098
3948.01770980818  1.14777
3948.05002448525  1.09393
3948.08233665008  1.24995
3948.11464630257  1.763185
3948.14695344261  0.6986496
3948.17925807009  0.08345369
3948.21156018491  1.42032
3948.24385978696  1.300579
3948.27615687614  1.480645
3948.30845145234  1.041156
3948.34074351545  1.591642
3948.37303306536  1.302058
3948.40532010198  1.106272
3948.4376046252  0.954447
3948.46988663491  1.007789
3948.50216613101  0.9724385
3948.53444311339  1.284165
3948.56671758194  1.037949
3948.59898953656  1.261727
3948.63125897716  0.9955392
3948.66352590361  1.386463
3948.69579031582  1.32426
3948.72805221369  0.738304
3948.7603115971  0.6013753
3948.79256846596  1.554588
3948.82482282016  1.191531
3948.85707465959  1.210424
3948.88932398416  1.196442
3948.92157079376  1.903035
3948.95381508828  1.377844
3948.98605686762  1.108398
3949.01829613169  1.474493
3949.05053288036  1.004046
3949.08276711355  0.9353108
3949.11499883115  0.8016802
3949.14722803305  1.356598
3949.17945471916  1.18013
3949.21167888936  0.9609812
3949.24390054357  1.346802
3949.27611968167  0.4905113
3949.30833630356  0.7396861
3949.34055040914  0.692096
3949.37276199831  1.297965
3949.40497107097  0.8532348
3949.437177627  1.846958
3949.46938166633  1.203548
3949.50158318883  0.8871398
3949.53378219441  1.305625
3949.56597868297  1.520184
3949.5981726544  1.466496
3949.63036410861  1.086814
3949.66255304549  1.162023
3949.69473946494  1.378713
3949.72692336687  1.622306
3949.75910475116  0.3700613
3949.79128361773  0.8375088
3949.82345996646  1.307297
3949.85563379727  1.510067
3949.88780511004  1.123039
3949.91997390468  1.728189
3949.95214018108  1.291677
3949.98430393916  1.049592
3950.0164651788  0.6458238
3950.04862389991  1.125324
3950.08078010239  1.556871
3950.11293378613  0.853756
3950.14508495105  0.9346303
3950.17723359703  1.65877
3950.20937972399  1.239276
3950.24152333182  1.648542
3950.27366442042  1.349847
3950.30580298969  1.086909
3950.33793903953  1.458942
3950.37007256986  1.317788
3950.40220358055  1.782376
3950.43433207153  2.237115
3950.46645804269  1.131152
3950.49858149393  1.595022
3950.53070242515  1.254549
3950.56282083626  1.891486
3950.59493672716  1.637951
3950.62705009775  1.066761
3950.65916094792  1.562791
3950.6912692776  1.519833
3950.72337508667  1.972721
3950.75547837504  1.609896
3950.78757914261  1.75227
3950.81967738929  1.292643
3950.85177311498  0.7844698
3950.88386631957  1.91994
3950.91595700299  1.478707
3950.94804516512  0.6853008
3950.98013080587  0.554728
3951.01221392514  1.665335
3951.04429452285  1.149855
3951.07637259888  1.02688
3951.10844815316  0.6339692
3951.14052118557  0.9305196
3951.17259169603  1.101176
3951.20465968443  1.085521
3951.23672515069  1.220388
3951.2687880947  2.377371
3951.30084851638  0.9281954
3951.33290641562  2.195406
3951.36496179234  0.888396
3951.39701464642  1.289122
3951.42906497779  1.964994
3951.46111278635  1.252781
3951.49315807199  2.139883
3951.52520083464  1.32886
3951.55724107418  1.218083
3951.58927879053  1.087619
3951.6213139836  1.244766
3951.65334665328  1.279864
3951.68537679949  2.012788
3951.71740442213  1.963617
3951.7494295211  1.527357
3951.78145209632  1.294386
3951.81347214769  2.049622
3951.84548967511  1.509673
3951.8775046785  1.029513
3951.90951715775  1.875246
3951.94152711278  1.351428
3951.97353454349  1.603724
3952.00553944979  0.4889612
3952.03754183159  1.434049
3952.06954168879  1.779924
3952.1015390213  0.9003326
3952.13353382904  1.079248
3952.16552611189  1.2053
3952.19751586979  1.160213
3952.22950310262  1.454893
3952.2614878103  1.577408
3952.29346999274  1.066059
3952.32544964985  0.477122
3952.35742678152  1.397904
3952.38940138768  0.8684274
3952.42137346824  1.321024
3952.45334302309  1.228576
3952.48531005215  1.258649
3952.51727455532  1.614911
3952.54923653252  1.683939
3952.58119598366  0.7801665
3952.61315290864  0.809691
3952.64510730737  1.292392
3952.67705917976  1.548969
3952.70900852573  1.328475
3952.74095534518  0.9433621
3952.77289963801  1.389944
3952.80484140415  0.9853711
3952.8367806435  1.067691
3952.86871735597  0.5064811
3952.90065154147  0.9286866
3952.93258319991  1.044963
3952.96451233121  1.343495
3952.99643893526  1.197341
3953.02836301199  1.002772
3953.0602845613  0.9212911
3953.0922035831  1.218005
3953.12412007731  1.126629
3953.15603404384  1.243633
3953.18794548259  0.6114503
3953.21985439348  0.3994969
3953.25176077642  0.5358441
3953.28366463132  1.835924
3953.31556595809  0.9417663
3953.34746475665  0.8244556
3953.3793610269  1.210135
3953.41125476876  0.5958307
3953.44314598215  1.257361
3953.47503466696  0.8129513
3953.50692082312  1.428751
3953.53880445053  0.9275208
3953.57068554912  0.5350208
3953.60256411879  0.796307
3953.63444015945  0.935325
3953.66631367102  1.027232
3953.6981846534  0.6637859
3953.73005310653  1.365159
3953.7619190303  1.500378
3953.79378242463  0.6861495
3953.82564328943  0.9816642
3953.85750162462  0.4602498
3953.88935743011  0.9132421
3953.92121070581  0.7800289
3953.95306145164  1.185359
3953.98490966751  0.625159
3954.01675535334  0.6492644
3954.04859850904  1.245877
3954.08043913453  0.9588605
3954.11227722971  0.6390566
3954.1441127945  0.9665018
3954.17594582883  0.7508509
3954.20777633259  0.4883789
3954.23960430571  0.2706769
3954.27142974811  0.839556
3954.30325265969  0.7203179
3954.33507304038  0.9986133
3954.36689089008  1.440391
3954.39870620872  1.218238
3954.4305189962  0.8530483
3954.46232925245  1.104448
3954.49413697738  0.7039387
3954.5259421709  1.032881
3954.55774483294  0.863647
3954.5895449634  1.562985
3954.62134256221  1.649318
3954.65313762928  1.14886
3954.68493016453  1.088459
3954.71672016787  1.904434
3954.74850763922  0.5619004
3954.78029257849  1.659696
3954.81207498561  0.3486229
3954.84385486049  1.45467
3954.87563220305  0.8146709
3954.9074070132  1.017261
3954.93917929087  1.259057
3954.97094903596  1.033308
3955.0027162484  1.196037
3955.0344809281  0.747112
3955.06624307499  1.567788
3955.09800268898  1.361538
3955.12975976999  0.9730803
3955.16151431793  0.4346589
3955.19326633272  1.151058
3955.22501581429  1.184657
3955.25676276255  1.165919
3955.28850717742  1.623022
3955.32024905882  1.694738
3955.35198840667  0.9123321
3955.38372522088  1.056924
3955.41545950138  1.050866
3955.44719124808  1.552411
3955.4789204609  1.117791
3955.51064713977  0.62007
3955.5423712846  0.9876348
3955.57409289531  0.5138615
3955.60581197182  1.020448
3955.63752851405  1.307302
3955.66924252192  1.342909
3955.70095399536  0.7175076
3955.73266293427  1.605741
3955.76436933859  0.8162956
3955.79607320822  0.9759889
3955.8277745431  0.5331746
3955.85947334314  1.356025
3955.89116960827  0.7956989
3955.9228633384  1.196028
3955.95455453345  0.8589067
3955.98624319335  1.037582
3956.01792931801  1.261458
3956.04961290737  1.490381
3956.08129396133  0.9767677
3956.11297247982  0.2743461
3956.14464846277  0.5944558
3956.17632191009  1.045134
3956.2079928217  0.8091033
3956.23966119754  1.274017
3956.27132703751  0.4245811
3956.30299034155  0.776399
3956.33465110957  1.480709
3956.36630934149  0.8823097
3956.39796503725  0.869562
3956.42961819675  0.6746322
3956.46126881993  1.432682
3956.49291690671  0.6502
3956.52456245701  0.4416954
3956.55620547074  0.6046822
3956.58784594785  0.4262232
3956.61948388824  0.4910307
3956.65111929185  0.6574404
3956.68275215859  0.7119091
3956.7143824884  1.039805
3956.74601028118  0.5628958
3956.77763553687  0.4683097
3956.8092582554  0.7480856
3956.84087843667  1.049735
3956.87249608063  0.9966167
3956.90411118719  0.2646399
3956.93572375628  0.4171129
3956.96733378782  1.008412
3956.99894128174  0.8603089
3957.03054623796  0.3887175
3957.0621486564  0.6117627
3957.093748537  1.213988
3957.12534587967  0.7897609
3957.15694068434  0.9450926
3957.18853295094  0.6961533
3957.22012267939  0.9133814
3957.25170986962  0.4258604
3957.28329452155  0.6044214
3957.31487663511  0.101824
3957.34645621023  0.6510158
3957.37803324682  0.534569
3957.40960774483  0.06677324
3957.44117970416  1.154597
3957.47274912475  0.4573944
3957.50431600653  0.5081602
3957.53588034942  0.2919395
3957.56744215335  0.7528803
3957.59900141824  0.5433003
3957.63055814403  0.6947412
3957.66211233063  1.133734
3957.69366397798  1.028779
3957.725213086  1.031072
3957.75675965462  0.8390754
3957.78830368377  1.172659
3957.81984517338  1.227283
3957.85138412337  1.488088
3957.88292053366  0.9513032
3957.9144544042  0.3493859
3957.9459857349  0.818298
3957.9775145257  0.5612818
3958.00904077652  0.5789071
3958.04056448729  0.8348798
3958.07208565794  1.582361
3958.10360428839  0.3332226
3958.13512037859  0.5791462
3958.16663392844  1.171906
3958.19814493789  0.8202996
3958.22965340687  0.4427599
3958.26115933529  1.10865
3958.2926627231  0.8276959
3958.32416357022  1.6993
3958.35566187657  1.485491
3958.3871576421  0.8449825
3958.41865086672  1.004368
3958.45014155037  0.7350929
3958.48162969298  1.013462
3958.51311529448  0.7302742
3958.5445983548  1.606969
3958.57607887386  1.53698
3958.60755685161  0.5984343
3958.63903228796  1.88431
3958.67050518285  0.5831877
3958.70197553621  1.870454
3958.73344334798  0.896718
3958.76490861807  0.3114192
3958.79637134643  1.268179
3958.82783153299  0.816596
3958.85928917766  0.9533086
3958.8907442804  1.546562
3958.92219684112  0.8886011
3958.95364685976  0.6194918
3958.98509433625  1.111391
3959.01653927053  0.07020235
3959.04798166252  1.27098
3959.07942151215  0.4604839
3959.11085881937  0.7109332
3959.1422935841  1.093261
3959.17372580626  1.1295
3959.20515548581  0.5852309
3959.23658262266  0.6801448
3959.26800721675  1.839379
3959.29942926802  2.139374
3959.3308487764  1.166794
3959.36226574181  0.3898057
3959.39368016419  1.400328
3959.42509204348  2.193973
3959.45650137961  0.9393852
3959.48790817252  1.601381
3959.51931242212  0.7996331
3959.55071412837  0.8927389
3959.58211329119  1.90139
3959.61350991052  0.916642
3959.64490398629  1.59957
3959.67629551843  1.192688
3959.70768450689  2.3226
3959.73907095159  0.7074096
3959.77045485246  1.719433
3959.80183620945  1.187349
3959.83321502249  1.551524
3959.86459129151  0.4496656
3959.89596501644  1.521551
3959.92733619723  1.511851
3959.95870483381  0.7963999
3959.9900709261  1.299635
3960.02143447406  1.290682
3960.05279547761  1.452075
3960.08415393669  0.9835112
3960.11550985123  1.627834
3960.14686322117  1.461135
3960.17821404645  0.6542234
3960.209562327  1.387033
3960.24090806276  0.2525484
3960.27225125366  1.376127
3960.30359189965  1.149502
3960.33493000065  0.9758706
3960.3662655566  0.8469163
3960.39759856745  0.6092148
3960.42892903312  0.7473435
3960.46025695356  0.9303139
3960.4915823287  1.635391
3960.52290515848  1.008527
3960.55422544283  0.9292042
3960.5855431817  0.3959112
3960.61685837501  0.9218575
3960.64817102272  1.469676
3960.67948112475  0.2072399
3960.71078868104  0.9803306
3960.74209369153  1.19515
3960.77339615617  0.8590118
3960.80469607488  0.6768253
3960.83599344761  1.627743
3960.86728827429  1.508263
3960.89858055486  1.020186
3960.92987028927  0.9515601
3960.96115747744  0.8889062
3960.99244211933  1.075172
3961.02372421486  0.8931074
3961.05500376397  0.7636315
3961.08628076662  1.289587
3961.11755522273  1.63052
3961.14882713224  1.436329
3961.1800964951  0.5505295
3961.21136331124  1.262511
3961.2426275806  0.5089926
3961.27388930313  1.469423
3961.30514847876  1.023211
3961.33640510743  0.5584325
3961.36765918908  0.9181677
3961.39891072366  0.6864049
3961.4301597111  0.7200265
3961.46140615135  0.7681056
3961.49265004434  0.6525719
3961.52389139002  0.04178307
3961.55513018832  1.02141
3961.58636643919  0.8136893
3961.61760014257  0.9488034
3961.6488312984  0.6262081
3961.68005990661  0.337801
3961.71128596716  0.4164253
3961.74250947999  0.7018939
3961.77373044503  0.8623053
3961.80494886222  1.154461
3961.83616473152  0.1496616
3961.86737805285  0.7369374
3961.89858882617  0.9405918
3961.92979705142  0.2668428
3961.96100272853  0.704268
3961.99220585745  0.55035
3962.02340643812  0.7989074
3962.05460447049  0.7210677
3962.08579995449  0.2696274
3962.11699289007  0.7766675
3962.14818327718  1.010373
3962.17937111575  0.4942912
3962.21055640574  0.9819841
3962.24173914707  0.5319754
3962.27291933971  1.045775
3962.30409698358  0.6996641
3962.33527207863  0.3725135
3962.36644462481  0.5842474
3962.39761462207  0.7727927
3962.42878207033  2.192289
3962.45994696956  0.958218
3962.49110931969  1.257383
3962.52226912066  1.069085
3962.55342637243  1.269151
3962.58458107494  0.4367007
3962.61573322812  0.4267506
3962.64688283193  0.2322989
3962.67802988631  1.143869
3962.70917439121  0.4253559
3962.74031634657  0.1032346
3962.77145575233  0.4558505
3962.80259260844  1.583163
3962.83372691485  0.7243142
3962.86485867151  0.5776246
3962.89598787835  0.5854149
3962.92711453532  0.2784297
3962.95823864237  1.233099
3962.98936019945  0.857436
3963.0204792065  1.745451
3963.05159566346  0.4387257
3963.08270957029  0.6346624
3963.11382092693  0.9505177
3963.14492973333  0.6404306
3963.17603598943  1.389285
3963.20713969518  0.8820189
3963.23824085053  1.077171
3963.26933945542  0.3921556
3963.3004355098  0.3459507
3963.33152901362  1.525105
3963.36261996682  0.7561246
3963.39370836936  0.5466045
3963.42479422118  0.9029909
3963.45587752223  0.4630385
3963.48695827245  1.516156
3963.5180364718  0.1034721
3963.54911212022  0.680239
3963.58018521766  0.6887677
3963.61125576406  0.8862717
3963.64232375939  0.4794379
3963.67338920358  0.9834912
3963.70445209658  0.1314178
3963.73551243834  0.630421
3963.76657022882  0.3930883
3963.79762546795  0.9550873
3963.82867815569  1.023947
3963.85972829199  0.6738537
3963.8907758768  1.245344
3963.92182091007  1.21269
3963.95286339174  0.7052767
3963.98390332176  1.000779
3964.0149407001  0.8642508
3964.04597552668  2.060216
3964.07700780147  2.183423
3964.10803752442  0.8038697
3964.13906469547  1.06782
3964.17008931457  1.296434
3964.20111138168  0.729069
3964.23213089675  0.5765696
3964.26314785973  1.235045
3964.29416227056  0.9386917
3964.32517412919  1.142674
3964.35618343559  0.3692702
3964.3871901897  0.9585643
3964.41819439147  1.212889
3964.44919604085  1.370518
3964.48019513779  0.6904841
3964.51119168225  0.640473
3964.54218567418  0.5921338
3964.57317711352  0.7724279
3964.60416600024  1.055266
3964.63515233427  0.8315486
3964.66613611558  0.6276217
3964.69711734412  0.02468706
3964.72809601983  0.4456998
3964.75907214268  0.5941986
3964.79004571261  0.5298551
3964.82101672957  0.3931628
3964.85198519353  0.2793395
3964.88295110442  0.877423
3964.91391446221  0.2740029
3964.94487526685  0.4415376
3964.97583351828  0.5353252
3965.00678921647  0.5953405
3965.03774236137  0.1830009
3965.06869295293  0.6170379
3965.0996409911  0.7877745
3965.13058647584  0.4423406
3965.1615294071  0.5731954
3965.19246978484  1.584559
3965.223407609  0.3020203
3965.25434287956  1.057265
3965.28527559644  0.03356854
3965.31620575962  0.3720399
3965.34713336905  1.135308
3965.37805842468  1.459156
3965.40898092646  1.120896
3965.43990087436  1.672781
3965.47081826832  1.126394
3965.50173310831  1.228347
3965.53264539427  1.580049
3965.56355512616  0.4153281
3965.59446230393  1.274916
3965.62536692755  0.4487169
3965.65626899697  1.171863
3965.68716851214  0.4775165
3965.71806547302  0.4735996
3965.74895987957  0.1775581
3965.77985173173  0.26755
3965.81074102948  0.5010913
3965.84162777276  0.7062883
3965.87251196153  0.5774688
3965.90339359574  0.4570837
3965.93427267536  0.8290173
3965.96514920034  0.3541863
3965.99602317064  0.1996454
3966.02689458621  0.778513
3966.05776344701  1.190006
3966.088629753  0.978357
3966.11949350413  1.091064
3966.15035470037  0.8850201
3966.18121334167  1.241584
3966.21206942799  0.4648477
3966.24292295928  0.7679243
3966.2737739355  0.4937745
3966.30462235662  0.5841666
3966.33546822259  0.001813233
3966.36631153336  0.7358245
3966.3971522889  0.2385906
3966.42799048916  0.1548193
3966.45882613411  1.449094
3966.4896592237  1.563801
3966.52048975789  0.7622445
3966.55131773664  0.3709377
3966.5821431599  0.3195143
3966.61296602765  1.365942
3966.64378633983  1.88098
3966.67460409641  1.168534
3966.70541929734  0.2129915
3966.73623194258  0.3708383
3966.7670420321  0.6804169
3966.79784956586  0.8486003
3966.8286545438  0.6318579
3966.85945696591  1.054115
3966.89025683212  1.446076
3966.92105414241  0.8138269
3966.95184889674  1.260009
3966.98264109506  0.2527115
3967.01343073733  0.742065
3967.04421782352  0.202183
3967.07500235359  0.4271368
3967.1057843275  0.7148936
3967.1365637452  0.5083395
3967.16734060667  0.5029212
3967.19811491185  0.6851641
3967.22888666072  0.1324244
3967.25965585323  2.173111
3967.29042248935  0.2056961
3967.32118656903  1.143861
3967.35194809225  1.706038
3967.38270705895  0.781408
3967.4134634691  1.014781
3967.44421732267  0.368729
3967.47496861962  1.422688
3967.50571735991  0.2462528
3967.5364635435  0.9024555
3967.56720717035  2.51618
3967.59794824043  1.708015
3967.6286867537  1.718787
3967.65942271012  0.5700841
3967.69015610966  0.7627608
3967.72088695227  1.23792
3967.75161523793  2.641205
3967.78234096659  0.8970155
3967.81306413823  0.9581974
3967.84378475279  0.9222615
3967.87450281025  0.101028
3967.90521831057  0.2355141
3967.93593125371  1.449043
3967.96664163965  2.615925
3967.99734946833  2.135196
3968.02805473973  1.022602
3968.05875745381  0.2602144
3968.08945761053  1.614723
3968.12015520986  1.07979
3968.15085025177  0.7195807
3968.18154273621  1.207475
3968.21223266316  1.42991
3968.24292003258  2.194679
3968.27360484443  1.617653
3968.30428709869  1.299154
3968.3349667953  1.39177
3968.36564393425  2.24293
3968.39631851549  0.8959993
3968.42699053899  1.449617
3968.45766000472  1.842365
3968.48832691264  3.021967
3968.51899126272  2.517291
3968.54965305493  2.594975
3968.58031228922  3.978759
3968.61096896558  2.482895
3968.64162308396  1.507315
3968.67227464433  0.5000539
3968.70292364665  1.104332
3968.7335700909  1.257837
3968.76421397704  0.8625354
3968.79485530504  1.741855
3968.82549407487  0.6987687
3968.85613028649  3.636694
3968.88676393987  2.086816
3968.91739503497  2.618441
3968.94802357177  3.482237
3968.97864955023  1.601439
3969.00927297033  4.674029
3969.03989383202  1.586966
3969.07051213528  1.720383
3969.10112788007  1.106001
3969.13174106637  1.698747
3969.16235169413  2.403017
3969.19295976334  2.631292
3969.22356527396  4.035295
3969.25416822595  4.663663
3969.28476861929  2.02903
3969.31536645394  2.151442
3969.34596172988  3.132116
3969.37655444706  2.237727
3969.40714460548  5.20931
3969.43773220508  3.036223
3969.46831724585  4.431883
3969.49889972774  2.072927
3969.52947965074  4.129042
3969.5600570148  1.939469
3969.59063181991  4.41951
3969.62120406603  2.079085
3969.65177375313  1.43694
3969.68234088117  6.456018
3969.71290545014  4.005712
3969.74346746  2.524392
3969.77402691073  1.760139
3969.80458380228  1.089491
3969.83513813464  2.102679
3969.86568990778  4.058385
3969.89623912166  1.040014
3969.92678577626  2.868739
3969.95732987155  0.9708855
3969.98787140749  1.564955
3970.01841038407  0.278023
3970.04894680125  3.059552
3970.079480659  4.033284
3970.11001195731  1.312385
3970.14054069613  2.444003
3970.17106687544  3.425868
3970.20159049521  0.005918514
3970.23211155542  0.3759447
3970.26263005603  0.7077466
3970.29314599703  1.579987
3970.32365937838  1.609306
3970.35417020005  2.608354
3970.38467846202  4.505023
3970.41518416426  0.7920295
3970.44568730675  2.21857
3970.47618788945  2.846599
3970.50668591235  2.121858
3970.5371813754  2.275995
3970.5676742786  1.016597
3970.59816462191  0.9398409
3970.6286524053  2.854048
3970.65913762875  1.68225
3970.68962029224  1.684814
3970.72010039573  5.649893
3970.7505779392  1.258895
3970.78105292263  2.900616
3970.81152534599  0.1955386
3970.84199520925  2.923656
3970.87246251239  3.768469
3970.90292725538  2.520224
3970.93338943821  1.685027
3970.96384906084  1.353953
3970.99430612324  1.857152
3971.0247606254  2.230265
3971.05521256729  2.429925
3971.08566194888  2.66367
3971.11610877016  2.702192
3971.14655303109  3.727012
3971.17699473165  2.651772
3971.20743387182  5.670456
3971.23787045157  2.704685
