3986.50581396575  0.04457111
3986.5426984242  0.6433674
3986.57958059945  1.325183
3986.61646049125  0.5516568
3986.65333809934  0.6206922
3986.69021342346  1.012665
3986.72708646335  1.281569
3986.76395721877  0.3771361
3986.80082568945  1.109229
3986.83769187514  0.7337124
3986.87455577558  2.598742
3986.91141739052  0.003255573
3986.9482767197  0.9555197
3986.98513376286  0.4043065
3987.02198851975  0.5352
3987.05884099011  0.7284891
3987.09569117369  0.4211268
3987.13253907023  0.7937679
3987.16938467948  0.5049486
3987.20622800119  1.612469
3987.24306903508  1.050369
3987.27990778093  0.7913838
3987.31674423845  0.972905
3987.35357840741  1.853034
3987.39041028755  1.163328
3987.42723987861  1.377819
3987.46406718034  1.311605
3987.50089219248  0.7455792
3987.53771491478  0.8915202
3987.57453534699  1.908506
3987.61135348885  1.165456
3987.6481693401  0.03858471
3987.6849829005  1.652233
3987.72179416979  0.5935881
3987.75860314771  0.6342822
3987.79540983401  1.832072
3987.83221422845  0.3377468
3987.86901633075  2.969218
3987.90581614068  1.745521
3987.94261365798  0.7836739
3987.97940888238  0.7801189
3988.01620181366  1.746576
3988.05299245154  1.669213
3988.08978079577  1.31321
3988.12656684611  1.135423
3988.1633506023  1.211312
3988.20013206408  0.3957133
3988.23691123121  0.1325582
3988.27368810344  0.9538513
3988.3104626805  0.5679559
3988.34723496215  2.6946
3988.38400494813  0.8462935
3988.4207726382  1.41965
3988.4575380321  0.8039943
3988.49430112957  0.760236
3988.53106193038  1.297958
3988.56782043426  1.358435
3988.60457664097  1.72247
3988.64133055024  1.811665
3988.67808216184  1.309623
3988.71483147551  0.6393584
3988.75157849099  4.460043
3988.78832320805  0.1674157
3988.82506562641  1.209359
3988.86180574585  4.536482
3988.8985435661  0.7046493
3988.93527908691  0.3155065
3988.97201230803  0.6517627
3989.00874322922  0.5748522
3989.04547185022  1.195871
3989.08219817078  0.7498537
3989.11892219064  1.292385
3989.15564390957  0.3830602
3989.19236332731  1.987227
3989.22908044361  1.390354
3989.26579525822  1.47712
3989.3025077709  1.092237
3989.33921798138  0.5689856
3989.37592588942  1.34543
3989.41263149477  2.086232
3989.44933479719  1.904173
3989.48603579642  2.284127
3989.52273449221  0.6906981
3989.55943088431  0.4146269
3989.59612497248  0.9026735
3989.63281675647  1.092763
3989.66950623602  0.7741945
3989.70619341089  1.720446
3989.74287828083  1.307403
3989.77956084558  0.4760676
3989.81624110492  1.502558
3989.85291905857  0.8471224
3989.8895947063  0.6055475
3989.92626804786  1.57242
3989.96293908299  1.017953
3989.99960781145  1.844772
3990.036274233  1.560158
3990.07293834738  0.9840794
3990.10960015435  1.159863
3990.14625965366  1.413242
3990.18291684506  0.7210018
3990.2195717283  0.2424337
3990.25622430314  0.4380333
3990.29287456932  0.628016
3990.32952252661  1.561214
3990.36616817475  1.890199
3990.4028115135  1.280635
3990.43945254261  0.4902659
3990.47609126184  1.715928
3990.51272767093  0.4070539
3990.54936176964  0.6178379
3990.58599355772  1.442249
3990.62262303493  1.983802
3990.65925020102  0.9976069
3990.69587505575  0.02947626
3990.73249759886  0.9439585
3990.76911783011  1.435168
3990.80573574926  1.599135
3990.84235135606  1.18047
3990.87896465026  1.03211
3990.91557563162  1.231156
3990.9521842999  0.4314011
3990.98879065483  0.6139933
3991.02539469619  1.149057
3991.06199642373  0.496282
3991.09859583719  0.01127708
3991.13519293634  0.6720296
3991.17178772093  2.821239
3991.20838019072  2.121242
3991.24497034546  0.8584409
3991.2815581849  0.7346169
3991.3181437088  1.816551
3991.35472691691  0.1350628
3991.391307809  1.463998
3991.42788638482  1.713128
3991.46446264411  1.719353
3991.50103658665  2.427176
3991.53760821218  1.600049
3991.57417752045  1.560015
3991.61074451124  0.9595177
3991.64730918428  0.8029925
3991.68387153935  1.134166
3991.72043157618  1.24185
3991.75698929455  1.839055
3991.79354469421  0.3905538
3991.8300977749  0.8200219
3991.8666485364  1.005846
3991.90319697846  2.010558
3991.93974310082  1.083768
3991.97628690326  0.8631191
3992.01282838553  0.8058492
3992.04936754738  0.2943733
3992.08590438857  0.9727418
3992.12243890887  0.3017871
3992.15897110802  1.10079
3992.19550098578  0.4889536
3992.23202854191  2.179039
3992.26855377618  0.6542905
3992.30507668833  1.299924
3992.34159727812  1.253181
3992.37811554532  0.9738389
3992.41463148968  1.87361
3992.45114511096  1.109632
3992.48765640891  0.9055004
3992.5241653833  0.7794499
3992.56067203389  1.107359
3992.59717636042  3.105576
3992.63367836267  1.517586
3992.67017804039  1.695486
3992.70667539333  1.70035
3992.74317042127  1.084087
3992.77966312394  1.449346
3992.81615350113  0.7592298
3992.85264155258  2.564869
3992.88912727805  0.1648527
3992.9256106773  0.8070363
3992.9620917501  1.267376
3992.9985704962  0.342286
3993.03504691536  1.134685
3993.07152100734  1.537515
3993.10799277191  1.999312
3993.14446220881  1.02598
3993.18092931781  1.246444
3993.21739409868  1.29696
3993.25385655117  1.394986
3993.29031667503  0.7484015
3993.32677447005  0.8903452
3993.36322993596  1.500683
3993.39968307253  1.28094
3993.43613387953  0.9405068
3993.47258235671  0.8740391
3993.50902850384  0.8672855
3993.54547232067  1.164455
3993.58191380698  2.053154
3993.6183529625  1.619635
3993.65478978702  0.5840902
3993.69122428029  1.424029
3993.72765644207  0.7544382
3993.76408627212  0.4342407
3993.80051377021  0.714635
3993.83693893609  1.83514
3993.87336176953  1.211029
3993.9097822703  1.733489
3993.94620043814  1.934024
3993.98261627283  0.3599487
3994.01902977413  1.88383
3994.05544094179  1.503033
3994.09184977558  0.7444052
3994.12825627527  1.233935
3994.16466044061  2.4325
3994.20106227137  2.431696
3994.23746176732  1.613291
3994.2738589282  2.286291
3994.31025375379  1.459422
3994.34664624385  1.770072
3994.38303639815  1.074344
3994.41942421644  1.769736
3994.45580969849  0.8976688
3994.49219284406  0.1782098
3994.52857365292  0.8713147
3994.56495212482  0.8947698
3994.60132825954  1.11713
3994.63770205684  0.4359956
3994.67407351647  1.657265
3994.71044263821  1.087351
3994.74680942182  0.5198371
3994.78317386706  1.986275
3994.8195359737  0.9903604
3994.8558957415  1.932235
3994.89225317022  0.9638932
3994.92860825963  0.5760034
3994.9649610095  0.2789321
3995.00131141958  0.1934533
3995.03765948965  0.7733404
3995.07400521947  0.8193065
3995.1103486088  0.9960213
3995.1466896574  0.2990102
3995.18302836506  0.5276081
3995.21936473152  1.050026
3995.25569875655  0.6721931
3995.29203043992  0.1012594
3995.3283597814  1.467741
3995.36468678075  1.270342
3995.40101143773  0.8349752
3995.43733375211  1.948009
3995.47365372367  1.261672
3995.50997135215  0.5601391
3995.54628663734  0.7001141
3995.58259957899  1.624007
3995.61891017687  0.5925651
3995.65521843075  0.9112918
3995.6915243404  1.535955
3995.72782790557  0.3038922
3995.76412912605  1.001713
3995.80042800158  1.352827
3995.83672453195  0.9856421
3995.87301871692  1.102635
3995.90931055625  1.570515
3995.94560004971  1.690441
3995.98188719707  1.319087
3996.0181719981  1.336348
3996.05445445256  0.5157031
3996.09073456023  0.6509583
3996.12701232086  1.120893
3996.16328773423  0.375376
3996.1995608001  0.7342623
3996.23583151824  0.8270416
3996.27209988842  1.310317
3996.30836591042  0.4284362
3996.34462958398  0.7942763
3996.38089090889  0.7829406
3996.41714988491  0.7911843
3996.45340651182  0.9275511
3996.48966078937  0.7758856
3996.52591271734  0.519013
3996.56216229549  1.394338
3996.5984095236  0.4241866
3996.63465440143  0.8061332
3996.67089692876  1.320277
3996.70713710535  0.7842038
3996.74337493096  0.899796
3996.77961040538  0.6913587
3996.81584352837  1.258186
3996.85207429969  0.5604357
3996.88830271913  1.571323
3996.92452878644  1.062769
3996.9607525014  1.243575
3996.99697386377  0.8155125
3997.03319287333  1.308479
3997.06940952985  1.58755
3997.1056238331  1.158901
3997.14183578284  1.436644
3997.17804537885  1.579362
3997.21425262089  0.8484816
3997.25045750875  1.030261
3997.28666004218  0.5390668
3997.32286022096  0.9470711
3997.35905804486  1.476041
3997.39525351365  1.126656
3997.43144662711  0.5709937
3997.46763738499  1.503687
3997.50382578708  0.3485514
3997.54001183314  0.6880187
3997.57619552295  0.4389124
3997.61237685628  0.6151295
3997.64855583289  1.547285
3997.68473245256  1.027167
3997.72090671507  0.5675274
3997.75707862018  0.976124
3997.79324816766  1.159146
3997.82941535729  0.8011011
3997.86558018884  1.944865
3997.90174266208  0.6050307
3997.93790277678  0.7736528
3997.97406053272  0.3378748
3998.01021592967  1.309326
3998.04636896739  0.1373844
3998.08251964567  0.9328362
3998.11866796428  0.8992922
3998.15481392298  0.6649668
3998.19095752155  0.9873455
3998.22709875977  1.137252
3998.26323763741  1.153345
3998.29937415423  0.5051339
3998.33550831002  0.3215834
3998.37164010454  0.3300671
3998.40776953758  1.169215
3998.4438966089  0.05677157
3998.48002131827  1.077879
3998.51614366547  0.7041927
3998.55226365028  1.193223
3998.58838127247  0.8966347
3998.62449653181  0.7121862
3998.66060942808  0.485868
3998.69671996104  0.6970614
3998.73282813048  0.6200309
3998.76893393617  1.396703
3998.80503737789  0.1154845
3998.84113845539  0.5497509
3998.87723716848  0.7868509
3998.91333351691  0.7305511
3998.94942750046  0.5461085
3998.98551911891  1.181358
3999.02160837203  1.472398
3999.05769525959  0.8857216
3999.09377978138  0.5058973
3999.12986193716  0.5676224
3999.16594172672  0.6360134
3999.20201914983  0.8294331
3999.23809420625  0.535837
3999.27416689578  0.6797929
3999.31023721818  1.519433
3999.34630517324  1.130303
3999.38237076071  1.745604
3999.41843398039  0.8752358
3999.45449483205  0.9867143
3999.49055331547  0.5643803
3999.52660943041  0.5326155
3999.56266317666  0.7492844
3999.598714554  1.463873
3999.63476356219  1.429567
3999.67081020103  0.7828558
3999.70685447027  0.9243416
3999.74289636971  0.3139365
3999.77893589911  0.8581004
3999.81497305826  1.110054
3999.85100784693  1.321679
3999.8870402649  1.594013
3999.92307031194  1.252425
3999.95909798784  1.546921
3999.99512329237  1.129318
4000.0311462253  1.919766
4000.06716678642  0.9175807
4000.10318497551  0.9097323
4000.13920079234  1.001513
4000.17521423668  1.419181
4000.21122530833  0.7832416
4000.24723400705  0.8799309
4000.28324033262  1.327245
4000.31924428483  1.774603
4000.35524586344  1.317635
4000.39124506825  1.556336
4000.42724189902  1.194262
4000.46323635554  0.755613
4000.49922843759  1.76449
4000.53521814494  1.282015
4000.57120547737  1.269428
4000.60719043466  0.7893003
4000.6431730166  1.171717
4000.67915322295  0.9684947
4000.71513105351  0.7409891
4000.75110650804  0.6545191
4000.78707958634  1.0118
4000.82305028817  0.9323038
4000.85901861332  1.123382
4000.89498456156  1.171462
4000.93094813269  0.5887939
4000.96690932647  0.8200587
4001.00286814269  1.433839
4001.03882458113  0.6780279
4001.07477864157  1.35628
4001.11073032378  1.07762
4001.14667962756  1.384317
4001.18262655267  0.952325
4001.21857109891  1.135014
4001.25451326604  0.8878379
4001.29045305386  1.054662
4001.32639046214  0.5487909
4001.36232549066  1.242931
4001.39825813921  1.329341
4001.43418840756  0.9690388
4001.47011629551  0.9087602
4001.50604180282  1.135557
4001.54196492928  1.243788
4001.57788567467  1.403392
4001.61380403877  0.7264564
4001.64972002137  1.087095
4001.68563362225  1.513053
4001.72154484119  1.069116
4001.75745367797  1.099425
4001.79336013237  0.7027066
4001.82926420417  0.7423508
4001.86516589317  0.4305423
4001.90106519913  1.616659
4001.93696212185  0.6845203
4001.9728566611  0.9041933
4002.00874881667  1.006711
4002.04463858834  1.508638
4002.08052597589  1.22301
4002.11641097911  1.359064
4002.15229359778  0.7528129
4002.18817383168  1.27758
4002.2240516806  1.148732
4002.25992714431  1.421637
4002.29580022261  0.5130033
4002.33167091528  0.9945201
4002.36753922209  0.6912796
4002.40340514284  1.047316
4002.43926867731  0.7970507
4002.47512982528  0.6938704
4002.51098858653  0.5894431
4002.54684496085  0.8465775
4002.58269894802  1.024326
4002.61855054784  1.194181
4002.65439976007  0.9129475
4002.69024658451  1.132135
4002.72609102094  1.091736
4002.76193306915  1.170741
4002.79777272892  1.216461
4002.83361000003  1.214417
4002.86944488228  1.081876
4002.90527737544  1.267246
4002.9411074793  1.147197
4002.97693519364  1.330937
4003.01276051826  0.9721056
4003.04858345293  0.8364846
4003.08440399744  0.9474488
4003.12022215158  0.7339958
4003.15603791513  0.998132
4003.19185128789  1.069347
4003.22766226962  0.7175053
4003.26347086013  0.8332407
4003.29927705919  1.398347
4003.3350808666  1.702926
4003.37088228213  1.282504
4003.40668130558  0.9501804
4003.44247793673  0.9635577
4003.47827217537  0.9505959
4003.51406402128  1.299455
4003.54985347426  0.9375692
4003.58564053408  0.8930276
4003.62142520054  1.539646
4003.65720747342  1.357082
4003.6929873525  0.7916058
4003.72876483759  0.7217143
4003.76453992845  1.164751
4003.80031262489  0.9872845
4003.83608292669  0.7106759
4003.87185083363  1.452808
4003.90761634551  1.413024
4003.9433794621  1.271326
4003.97914018321  1.233217
4004.01489850861  1.044283
4004.0506544381  0.8921876
4004.08640797145  0.9904268
4004.12215910847  1.383558
4004.15790784894  1.432526
4004.19365419265  1.329651
4004.22939813938  1.130457
4004.26513968893  0.463762
4004.30087884108  0.80788
4004.33661559562  1.087198
4004.37234995234  1.099752
4004.40808191104  1.296362
4004.44381147149  1.401161
4004.47953863349  0.6856069
4004.51526339682  1.354408
4004.55098576128  0.9846012
4004.58670572666  0.9856981
4004.62242329274  0.9867467
4004.65813845932  1.015517
4004.69385122618  1.061552
4004.72956159312  1.193495
4004.76526955992  1.39497
4004.80097512637  0.4777572
4004.83667829227  0.6873826
4004.8723790574  1.848631
4004.90807742155  0.9889861
4004.94377338452  1.631271
4004.9794669461  1.151546
4005.01515810607  1.436361
4005.05084686422  1.100172
4005.08653322036  1.062415
4005.12221717426  1.069222
4005.15789872572  1.039836
4005.19357787452  1.088968
4005.22925462047  1.012652
4005.26492896335  0.5885932
4005.30060090296  1.26157
4005.33627043908  0.9818465
4005.3719375715  0.6336375
4005.40760230002  1.092463
4005.44326462443  0.8035443
4005.47892454451  1.381833
4005.51458206008  0.7922753
4005.5502371709  0.3219633
4005.58588987678  0.1830739
4005.62154017751  0.3797246
4005.65718807288  0.5461062
4005.69283356269  0.7640572
4005.72847664671  0.7757877
4005.76411732476  0.8750374
4005.79975559661  0.4803017
4005.83539146207  0.4791057
4005.87102492093  0.2027413
4005.90665597297  0.7263758
4005.94228461799  0.4275517
4005.97791085579  0.5710636
4006.01353468615  0.4033144
4006.04915610888  0.7579644
4006.08477512375  0.3932228
4006.12039173058  0.4871041
4006.15600592914  0.4923365
4006.19161771924  0.5190879
4006.22722710067  0.1953935
4006.26283407322  0.8297557
4006.29843863669  0.9179236
4006.33404079086  0.410597
4006.36964053554  0.9033858
4006.40523787051  0.7825696
4006.44083279558  0.9795449
4006.47642531053  1.09894
4006.51201541516  0.9579143
4006.54760310927  0.7918322
4006.58318839265  0.8687529
4006.61877126509  0.787757
4006.65435172639  1.092452
4006.68992977635  0.9139082
4006.72550541475  0.8743154
4006.7610786414  0.67902
4006.79664945609  0.6973083
4006.83221785861  1.100031
4006.86778384876  0.817886
4006.90334742633  0.9212812
4006.93890859113  1.197955
4006.97446734294  0.6801239
4007.01002368157  0.7960634
4007.0455776068  0.8734142
4007.08112911844  0.865267
4007.11667821627  0.6928738
4007.1522249001  0.788464
4007.18776916973  0.5469218
4007.22331102494  0.6385145
4007.25885046553  0.8535824
4007.29438749131  0.6726171
4007.32992210207  0.788977
4007.3654542976  1.028795
4007.40098407769  0.5624972
4007.43651144216  0.7677843
4007.47203639079  0.9758083
4007.50755892339  0.9135525
4007.54307903974  1.044113
4007.57859673965  0.4499842
4007.61411202291  0.9326279
4007.64962488932  0.7973874
4007.68513533868  0.8678088
4007.72064337079  0.9940643
4007.75614898544  0.6391854
4007.79165218243  0.772751
4007.82715296156  0.9362404
4007.86265132262  1.048252
4007.89814726542  0.5441937
4007.93364078976  1.063961
4007.96913189542  1.132864
4008.00462058222  0.9089181
4008.04010684994  0.5695086
4008.07559069839  0.8001854
4008.11107212736  0.8288999
4008.14655113666  1.19188
4008.18202772608  0.8866639
4008.21750189542  0.988219
4008.25297364449  0.6941031
4008.28844297307  1.09083
4008.32390988097  1.026442
4008.35937436799  1.09099
4008.39483643392  1.160207
4008.43029607858  1.153
4008.46575330175  0.8818461
4008.50120810323  0.8655069
4008.53666048283  1.171207
4008.57211044034  0.6969817
4008.60755797557  1.064255
4008.64300308832  0.910586
4008.67844577838  0.5941011
4008.71388604556  0.6863948
4008.74932388965  0.6382713
4008.78475931046  1.270995
4008.82019230778  0.9036737
4008.85562288142  1.227576
4008.89105103118  1.281791
4008.92647675686  1.381726
4008.96190005826  1.072489
4008.99732093517  1.022854
4009.03273938741  0.9910178
4009.06815541477  1.149218
4009.10356901706  0.9345902
4009.13898019406  1.001156
4009.1743889456  0.865322
4009.20979527146  1.079813
4009.24519917145  1.085766
4009.28060064538  1.013956
4009.31599969303  0.8980601
4009.35139631422  1.070634
4009.38679050875  0.8694113
4009.42218227641  0.7928106
4009.45757161702  0.898445
4009.49295853037  0.9416389
4009.52834301626  0.8756588
4009.5637250745  1.071542
4009.59910470489  0.9517218
4009.63448190723  0.8866531
4009.66985668133  0.7671427
4009.70522902699  0.8813829
4009.74059894401  1.176553
4009.77596643219  0.9603873
4009.81133149134  0.5824992
4009.84669412126  0.800662
4009.88205432175  0.760649
4009.91741209262  0.7642914
4009.95276743367  1.012009
4009.9881203447  1.152576
4010.02347082553  0.4939126
4010.05881887594  0.6780964
4010.09416449574  0.8676028
4010.12950768475  0.7300898
4010.16484844276  0.851782
4010.20018676957  0.740306
4010.235522665  0.1735426
4010.27085612884  1.377077
4010.3061871609  1.044715
4010.34151576098  0.7054714
4010.3768419289  0.8965134
4010.41216566444  0.7277147
4010.44748696743  0.6571478
4010.48280583766  0.5774851
4010.51812227493  0.7919793
4010.55343627906  0.9022421
4010.58874784984  0.7352759
4010.62405698709  0.7065992
4010.65936369061  1.056741
4010.6946679602  0.5215517
4010.72996979567  0.7412686
4010.76526919683  0.8934165
4010.80056616347  1.017105
4010.83586069541  0.9953403
4010.87115279246  0.8229638
4010.90644245441  0.808341
4010.94172968108  0.8704978
4010.97701447226  1.097014
4011.01229682777  0.7514265
4011.04757674742  1.023975
4011.082854231  0.9366474
4011.11812927833  1.054559
4011.15340188922  0.874799
4011.18867206346  0.8647662
4011.22393980086  1.074359
4011.25920510124  0.7329887
4011.2944679644  0.7149081
4011.32972839015  0.75522
4011.36498637829  1.049736
4011.40024192863  0.6687102
4011.43549504097  0.4992399
4011.47074571514  0.8382257
4011.50599395093  0.7186446
4011.54123974815  0.8228689
4011.5764831066  0.8404469
4011.61172402611  0.6789198
4011.64696250647  0.97309
4011.68219854749  0.8240584
4011.71743214898  0.6751642
4011.75266331075  0.748828
4011.7878920326  0.6353308
4011.82311831435  0.6428754
4011.85834215581  0.8313691
4011.89356355678  0.7759022
4011.92878251706  1.005611
4011.96399903648  1.084591
4011.99921311484  0.9267846
4012.03442475194  0.9757278
4012.0696339476  1.076218
4012.10484070163  0.8678949
4012.14004501383  1.071833
4012.17524688401  0.743494
4012.21044631199  0.913056
4012.24564329757  1.086594
4012.28083784056  1.132995
4012.31602994078  0.9757351
4012.35121959802  0.8187196
4012.38640681211  0.8069187
4012.42159158285  0.9922654
4012.45677391005  1.050061
4012.49195379352  0.6342502
4012.52713123308  0.6338436
4012.56230622853  0.730705
4012.59747877968  0.7714208
4012.63264888634  1.158195
4012.66781654833  0.7921991
4012.70298176545  0.7030677
4012.73814453752  0.9034827
4012.77330486434  0.784858
4012.80846274573  0.5997834
4012.8436181815  0.9048018
4012.87877117146  0.7261904
4012.91392171542  0.5620528
4012.94906981319  0.5812318
4012.98421546458  0.8257857
4013.01935866941  0.9028738
4013.05449942749  0.8084525
4013.08963773862  0.8720683
4013.12477360262  0.7881959
4013.15990701931  0.7585653
4013.19503798849  0.72355
4013.23016650997  0.8382132
4013.26529258358  0.8269786
4013.30041620911  0.74641
4013.33553738639  0.8897873
4013.37065611522  0.9931327
4013.40577239542  0.8517796
4013.4408862268  1.247483
4013.47599760918  1.190153
4013.51110654236  0.9014245
4013.54621302616  0.6269951
4013.58131706039  1.096251
4013.61641864486  1.072215
4013.6515177794  0.9527747
4013.6866144638  1.049623
4013.7217086979  1.067023
4013.75680048148  1.444023
4013.79188981439  1.134792
4013.82697669641  1.290147
4013.86206112738  1.321286
4013.8971431071  1.198317
4013.93222263539  1.142935
4013.96729971206  1.424955
4014.00237433692  1.173744
4014.03744650979  1.21054
4014.07251623049  1.123851
4014.10758349883  1.042405
4014.14264831462  0.9102392
4014.17771067767  1.38808
4014.21277058781  1.277637
4014.24782804484  0.9059376
4014.28288304859  1.040816
4014.31793559887  1.066027
4014.35298569548  0.9788995
4014.38803333825  1.119127
4014.423078527  1.258427
4014.45812126153  0.9038907
4014.49316154167  0.8372773
4014.52819936722  1.036546
4014.56323473801  1.233228
4014.59826765385  0.8263165
4014.63329811455  1.119019
4014.66832611994  0.8466943
4014.70335166982  0.8625325
4014.73837476402  0.9503979
4014.77339540234  0.859548
4014.80841358462  0.8530312
4014.84342931065  0.7318019
4014.87844258026  0.7402064
4014.91345339327  0.755222
4014.9484617495  1.067377
4014.98346764875  0.6989691
4015.01847109084  1.035545
4015.0534720756  1.073011
4015.08847060284  0.9844499
4015.12346667237  0.6471787
4015.15846028402  1.001365
4015.1934514376  0.9045143
4015.22844013293  1.028233
4015.26342636983  1.275749
4015.29841014811  0.745111
4015.33339146759  0.8004106
4015.36837032809  1.083093
4015.40334672942  1.234307
4015.43832067141  0.907644
4015.47329215388  0.9756234
4015.50826117663  1.238807
4015.5432277395  1.031623
4015.57819184229  0.9883356
4015.61315348483  1.191732
4015.64811266693  0.9120526
4015.68306938841  0.9541244
4015.7180236491  1.041668
4015.75297544881  1.417752
4015.78792478736  0.8225216
4015.82287166456  1.34738
4015.85781608025  1.049773
4015.89275803423  1.27821
4015.92769752632  1.135701
4015.96263455635  1.170839
4015.99756912414  1.070299
4016.0325012295  1.32382
4016.06743087226  1.163781
4016.10235805222  0.7828516
4016.13728276922  1.300287
4016.17220502308  1.055315
4016.20712481361  1.173436
4016.24204214063  1.103349
4016.27695700396  1.592558
4016.31186940343  1.086077
4016.34677933885  1.133022
4016.38168681005  0.8758354
4016.41659181684  1.034723
4016.45149435905  0.8161972
4016.48639443649  1.206837
4016.52129204899  1.008713
4016.55618719637  1.047591
4016.59107987845  1.152422
4016.62597009505  0.9578783
4016.66085784599  1.309152
4016.6957431311  1.253167
4016.73062595019  1.133677
4016.76550630308  1.586736
4016.8003841896  1.090148
4016.83525960957  1.21727
4016.87013256281  1.060007
4016.90500304915  1.348948
4016.9398710684  1.268775
4016.97473662038  1.091071
4017.00959970493  1.25418
4017.04446032185  1.493507
4017.07931847098  1.269759
4017.11417415213  1.216732
4017.14902736514  1.221164
4017.18387810981  1.31252
4017.21872638597  1.209704
4017.25357219346  1.412216
4017.28841553208  1.236707
4017.32325640166  0.941518
4017.35809480203  0.8877561
4017.39293073301  0.9582266
4017.42776419442  1.061973
4017.46259518608  0.786959
4017.49742370782  0.7515849
4017.53224975947  1.156698
4017.56707334084  0.8836293
4017.60189445176  0.9133051
4017.63671309205  0.9502541
4017.67152926154  1.039968
4017.70634296005  1.119509
4017.74115418741  0.8821588
4017.77596294343  1.069728
4017.81076922795  0.8433014
4017.84557304078  0.9226576
4017.88037438176  0.8069719
4017.9151732507  1.087216
4017.94996964744  0.7742845
4017.98476357179  0.8105283
4018.01955502359  0.6579106
4018.05434400265  0.771021
4018.0891305088  0.7853414
4018.12391454186  0.8578014
4018.15869610167  0.8931921
4018.19347518805  1.08792
4018.22825180081  0.8750614
4018.2630259398  1.256674
4018.29779760482  0.9757401
4018.33256679572  0.8873136
4018.36733351231  1.181196
4018.40209775442  0.8940057
4018.43685952188  1.304343
4018.47161881451  0.9150656
4018.50637563213  0.799824
4018.54112997459  1.134834
4018.57588184169  0.880711
4018.61063123327  0.9782594
4018.64537814915  1.003591
4018.68012258917  0.9725665
4018.71486455314  0.9378721
4018.7496040409  0.9993935
4018.78434105227  1.084814
4018.81907558707  0.8350379
4018.85380764514  1.079311
4018.8885372263  0.7479905
4018.92326433038  0.9460315
4018.95798895721  0.9557107
4018.99271110661  0.9554743
4019.02743077842  0.8957402
4019.06214797245  1.034256
4019.09686268854  0.9986289
4019.13157492651  0.9484809
4019.1662846862  1.136225
4019.20099196743  0.8690414
4019.23569677003  1.016387
4019.27039909382  0.9514388
4019.30509893864  1.085298
4019.33979630431  1.120812
4019.37449119066  1.139237
4019.40918359753  1.354907
4019.44387352473  0.9093985
4019.47856097211  1.182964
4019.51324593948  1.563786
4019.54792842667  1.418566
4019.58260843352  1.362215
4019.61728595985  1.394968
4019.6519610055  1.266003
4019.68663357029  0.9961215
4019.72130365405  0.9841092
4019.75597125661  1.137495
4019.7906363778  1.439115
4019.82529901745  1.477091
4019.8599591754  1.121758
4019.89461685146  1.156308
4019.92927204547  1.121151
4019.96392475726  1.106193
4019.99857498667  1.515696
4020.03322273351  1.395547
4020.06786799763  1.253875
4020.10251077884  1.079425
4020.13715107699  1.499387
4020.1717888919  1.398414
4020.2064242234  1.217233
4020.24105707132  1.415455
4020.27568743551  1.099789
4020.31031531577  1.432124
4020.34494071195  1.197927
4020.37956362388  1.191287
4020.41418405139  1.261263
4020.44880199431  1.246476
4020.48341745248  1.318738
4020.51803042571  1.511254
4020.55264091385  1.232466
4020.58724891673  1.186619
4020.62185443417  1.276937
4020.65645746602  1.284672
4020.6910580121  1.278263
4020.72565607224  1.032652
4020.76025164628  0.7182888
4020.79484473405  1.118463
4020.82943533538  0.9412807
4020.8640234501  0.9986489
4020.89860907805  0.883515
4020.93319221906  1.171514
4020.96777287296  0.9308721
4021.00235103958  0.9867523
4021.03692671876  0.9942275
4021.07149991034  1.00124
4021.10607061413  0.8273858
4021.14063882999  1.203939
4021.17520455773  0.5165168
4021.2097677972  1.288168
4021.24432854822  0.9064883
4021.27888681063  0.8096986
4021.31344258427  0.9535673
4021.34799586897  1.129748
4021.38254666456  1.118757
4021.41709497087  1.040336
4021.45164078774  0.9249475
4021.48618411501  0.9579955
4021.52072495251  1.408078
4021.55526330006  1.10211
4021.58979915752  1.009681
4021.6243325247  1.13782
4021.65886340146  1.128274
4021.69339178761  1.155747
4021.727917683  1.209594
4021.76244108746  1.161126
4021.79696200082  1.086505
4021.83148042293  1.060856
4021.86599635361  1.104127
4021.9005097927  1.015185
4021.93502074004  0.7545229
4021.96952919545  1.149487
4022.00403515879  1.149767
4022.03853862988  1.004135
4022.07303960856  1.057642
4022.10753809466  0.9340292
4022.14203408802  1.008455
4022.17652758848  1.370517
4022.21101859587  1.114744
4022.24550711002  0.9543583
4022.27999313079  1.147521
4022.31447665799  1.208357
4022.34895769147  0.8771179
4022.38343623107  1.126059
4022.41791227662  1.046918
4022.45238582795  0.8663534
4022.48685688491  1.087175
4022.52132544733  0.9581454
4022.55579151505  0.835317
4022.5902550879  0.8835801
4022.62471616572  0.7922174
4022.65917474836  1.107627
4022.69363083564  0.6206399
4022.72808442741  0.6015756
4022.7625355235  1.228208
4022.79698412375  0.9186774
4022.831430228  0.8630329
4022.86587383608  1.172014
4022.90031494783  1.006183
4022.9347535631  0.9979216
4022.96918968172  1.185391
4023.00362330353  1.01326
4023.03805442836  0.6907813
4023.07248305606  1.43036
4023.10690918646  1.054699
4023.1413328194  1.306519
4023.17575395472  1.220228
4023.21017259226  1.089592
4023.24458873186  1.173998
4023.27900237336  1.157079
4023.31341351659  1.156909
4023.3478221614  1.127811
4023.38222830762  1.185467
4023.4166319551  1.284411
4023.45103310367  1.187618
4023.48543175317  1.286118
4023.51982790345  1.179758
4023.55422155433  1.314523
4023.58861270567  1.161989
4023.62300135731  1.0529
4023.65738750907  0.9519743
4023.69177116081  1.184592
4023.72615231235  1.105439
4023.76053096355  1.065353
4023.79490711425  1.245935
4023.82928076427  1.050019
4023.86365191347  1.288438
4023.89802056169  1.085199
4023.93238670876  0.9177767
4023.96675035453  1.276963
4024.00111149883  1.056844
4024.03547014151  1.045954
4024.06982628241  1.109134
4024.10417992137  1.071659
4024.13853105823  0.9112997
4024.17287969284  1.195404
4024.20722582503  1.257773
4024.24156945465  0.9306794
4024.27591058153  0.8506029
4024.31024920552  1.165119
4024.34458532647  1.168355
4024.37891894421  1.078732
4024.41325005858  1.143746
4024.44757866943  1.12104
4024.4819047766  0.9925565
4024.51622837994  1.266948
4024.55054947927  1.455319
4024.58486807446  0.9780369
4024.61918416533  1.001029
4024.65349775174  1.209759
4024.68780883352  1.217841
4024.72211741052  1.140446
4024.75642348258  1.036402
4024.79072704955  1.386718
4024.82502811126  1.477951
4024.85932666756  0.9135218
4024.89362271829  0.9996025
4024.92791626331  0.9964519
4024.96220730244  0.6518787
4024.99649583554  0.9194418
4025.03078186245  1.122436
4025.065065383  1.011016
4025.09934639706  0.8250456
4025.13362490445  1.054989
4025.16790090503  1.173324
4025.20217439863  0.6824623
4025.23644538511  0.9807395
4025.2707138643  0.8907098
4025.30497983606  1.065408
4025.33924330022  1.018775
4025.37350425663  0.8422023
4025.40776270514  0.8931986
4025.44201864558  0.9367509
4025.47627207782  1.10143
4025.51052300168  0.9642263
4025.54477141701  0.9257698
4025.57901732367  0.9234712
4025.61326072149  0.7832162
4025.64750161032  0.8447734
4025.68173999001  0.8984233
4025.7159758604  0.8064845
4025.75020922134  0.9298456
4025.78444007267  0.9045824
4025.81866841424  0.5109766
4025.8528942459  0.8706291
4025.88711756749  0.908402
4025.92133837885  0.9135382
4025.95555667984  1.16667
4025.9897724703  0.7215808
4026.02398575007  1.098004
4026.05819651901  0.9773461
4026.09240477696  1.121329
4026.12661052376  0.8837091
4026.16081375927  1.200156
4026.19501448332  0.9975024
4026.22921269578  1.216902
4026.26340839647  1.128541
4026.29760158526  1.170809
4026.33179226198  1.127657
4026.3659804265  1.004904
4026.40016607864  0.9164743
4026.43434921827  1.141943
4026.46852984522  1.052555
4026.50270795935  1.039425
4026.5368835605  1.165088
4026.57105664852  1.311899
4026.60522722327  1.240769
4026.63939528458  1.10913
4026.67356083231  1.450523
4026.7077238663  1.311498
4026.7418843864  0.9440478
4026.77604239247  1.289966
4026.81019788434  1.188784
4026.84435086187  1.191124
4026.87850132491  1.115772
4026.91264927331  1.185388
4026.94679470691  0.9742231
4026.98093762556  1.113067
4027.01507802912  1.064394
4027.04921591743  1.382538
4027.08335129034  1.056111
4027.1174841477  1.208003
4027.15161448936  1.16141
4027.18574231517  1.232842
4027.21986762498  1.040417
4027.25399041864  1.126338
4027.288110696  1.357646
4027.3222284569  1.262655
4027.35634370121  1.305662
4027.39045642876  1.2713
4027.42456663942  1.427602
4027.45867433302  1.243971
4027.49277950943  1.323365
4027.52688216849  1.119497
4027.56098231004  1.282013
4027.59507993395  1.056176
4027.62917504006  1.225595
4027.66326762823  0.9866549
4027.6973576983  1.149779
4027.73144525012  1.186885
4027.76553028356  1.071868
4027.79961279845  1.366475
4027.83369279465  1.245025
4027.86777027201  1.434212
4027.90184523038  1.258844
4027.93591766962  1.076613
4027.96998758957  1.276313
4028.00405499009  0.8972362
4028.03811987103  1.353361
4028.07218223224  1.162111
4028.10624207358  1.219759
4028.14029939489  1.213668
4028.17435419603  1.170922
4028.20840647685  0.9001267
4028.2424562372  1.29333
4028.27650347694  1.079574
4028.31054819591  1.053766
4028.34459039398  1.008418
4028.37863007099  1.229879
4028.4126672268  1.327854
4028.44670186125  1.376013
4028.48073397421  1.473894
4028.51476356553  1.187335
4028.54879063505  1.281519
4028.58281518264  1.176131
4028.61683720814  1.266505
4028.65085671141  1.0709
4028.68487369231  1.273033
4028.71888815068  1.105291
4028.75290008639  1.280094
4028.78690949927  0.9872128
4028.8209163892  1.348681
4028.85492075602  1.075726
4028.88892259959  1.218061
4028.92292191976  1.253848
4028.95691871638  1.302734
4028.99091298932  1.497941
4029.02490473842  1.274735
4029.05889396355  1.359463
4029.09288066454  0.9408099
4029.12686484127  1.195056
4029.16084649358  1.21558
4029.19482562133  1.008724
4029.22880222437  1.184314
4029.26277630256  1.175268
4029.29674785576  1.166603
4029.33071688382  1.087626
4029.3646833866  0.9977418
4029.39864736395  1.328966
4029.43260881573  0.9558566
4029.46656774179  1.221591
4029.50052414198  1.200647
4029.53447801618  1.039
4029.56842936423  1.087873
4029.60237818598  1.318117
4029.6363244813  1.264636
4029.67026825004  1.250348
4029.70420949205  1.568355
4029.7381482072  1.14693
4029.77208439533  1.195244
4029.80601805632  1.317445
4029.83994919001  1.246885
4029.87387779626  1.299145
4029.90780387492  1.114337
4029.94172742586  1.292837
4029.97564844893  1.252009
4030.00956694399  1.485434
4030.0434829109  0.9782448
4030.07739634951  1.058049
4030.11130725969  1.297234
4030.14521564128  1.585535
4030.17912149415  0.9043203
4030.21302481816  1.299744
4030.24692561315  1.144999
4030.280823879  1.234995
4030.31471961556  0.8428884
4030.34861282268  1.03142
4030.38250350023  1.128127
4030.41639164807  1.447148
4030.45027726604  1.035499
4030.48416035402  1.070892
4030.51804091186  1.201159
4030.55191893941  1.217573
4030.58579443655  0.9938022
4030.61966740311  1.172796
4030.65353783898  1.01757
4030.687405744  1.060909
4030.72127111803  1.054138
4030.75513396094  0.8585346
4030.78899427258  1.18682
4030.82285205281  1.007306
4030.8567073015  0.683811
4030.89056001849  1.006592
4030.92441020366  1.100132
4030.95825785686  0.9840347
4030.99210297794  1.173165
4031.02594556679  0.8195429
4031.05978562324  1.088064
4031.09362314716  0.7732427
4031.12745813842  0.9570609
4031.16129059687  0.701584
4031.19512052237  0.749685
4031.22894791478  0.811763
4031.26277277397  0.7615913
4031.2965950998  0.8084591
4031.33041489212  0.6686535
4031.3642321508  0.6205181
4031.3980468757  0.5369323
4031.43185906668  0.8992682
4031.4656687236  0.7706248
4031.49947584632  0.7543096
4031.5332804347  0.5398923
4031.56708248862  0.9055133
4031.60088200791  0.6713253
4031.63467899246  0.6679507
4031.66847344212  0.7697384
4031.70226535675  0.6779994
4031.73605473621  0.7670248
4031.76984158037  0.5847002
4031.8036258891  0.8394233
4031.83740766224  0.5184961
4031.87118689967  0.7995468
4031.90496360124  1.146332
4031.93873776682  0.9807083
4031.97250939627  0.7644123
4032.00627848946  0.8026485
4032.04004504625  0.9946824
4032.07380906649  1.0309
4032.10757055006  0.9938716
4032.14132949682  1.06561
4032.17508590663  0.8708272
4032.20883977935  1.118978
4032.24259111484  1.071467
4032.27633991298  1.203121
4032.31008617362  0.9261971
4032.34382989662  1.080886
4032.37757108186  1.33694
4032.41130972919  1.090228
4032.44504583849  1.126062
4032.4787794096  0.6263993
4032.51251044241  1.34589
4032.54623893676  0.9285501
4032.57996489253  0.7628794
4032.61368830959  1.025313
4032.64740918778  0.8737441
4032.68112752699  1.248227
4032.71484332707  1.071818
4032.74855658789  1.090201
4032.78226730932  0.8408558
4032.81597549121  1.012436
4032.84968113344  0.9799383
4032.88338423587  0.8075976
4032.91708479837  0.9291225
4032.95078282079  1.08455
4032.98447830301  0.7755817
4033.01817124489  1.012966
4033.0518616463  0.8030102
4033.0855495071  1.157203
4033.11923482716  0.7567446
4033.15291760635  0.7081811
4033.18659784452  0.8018358
4033.22027554155  0.9682245
4033.25395069731  0.9419566
4033.28762331166  0.7232638
4033.32129338446  1.034039
4033.35496091558  0.7626143
4033.38862590489  0.8229661
4033.42228835226  0.8099758
4033.45594825755  0.532121
4033.48960562063  0.8442459
4033.52326044137  1.005561
4033.55691271963  0.3457789
4033.59056245528  0.5566106
4033.62420964818  0.6740049
4033.65785429822  0.6642084
4033.69149640524  0.8568286
4033.72513596913  0.7059906
4033.75877298974  0.6532726
4033.79240746695  0.6334824
4033.82603940062  0.7039583
4033.85966879062  0.8452284
4033.89329563683  0.6969481
4033.9269199391  0.5438228
4033.9605416973  0.8658283
4033.99416091131  0.8364798
4034.02777758099  0.7357174
4034.06139170621  0.872025
4034.09500328684  0.882642
4034.12861232275  0.8659189
4034.16221881381  0.8752422
4034.19582275988  0.7226564
4034.22942416083  0.9839335
4034.26302301654  0.8532331
4034.29661932687  0.9806314
4034.33021309169  1.13204
4034.36380431088  1.060427
4034.39739298429  1.023036
4034.43097911181  1.085742
4034.46456269329  0.8721884
4034.49814372861  1.04528
4034.53172221764  1.320833
4034.56529816025  0.8191816
4034.59887155631  1.155584
4034.63244240568  1.066192
4034.66601070825  1.096427
4034.69957646387  1.190177
4034.73313967243  0.7483114
4034.76670033378  0.9028303
4034.80025844781  0.8483934
4034.83381401437  0.9729133
4034.86736703335  1.223593
4034.90091750461  0.8885583
4034.93446542802  0.718968
4034.96801080346  0.9983465
4035.00155363079  0.9927365
4035.03509390989  0.8049644
4035.06863164062  0.916872
4035.10216682287  0.7759895
4035.1356994565  0.8962624
4035.16922954138  1.060646
4035.20275707738  0.6675332
4035.23628206438  0.7131882
4035.26980450224  0.9615704
4035.30332439085  0.8789049
4035.33684173006  0.7830306
4035.37035651976  1.039533
4035.40386875981  0.7349041
4035.43737845009  1.065784
4035.47088559048  0.6230946
4035.50439018083  0.9275449
4035.53789222103  1.01303
4035.57139171095  1.098635
4035.60488865046  1.0029
4035.63838303943  0.8097603
4035.67187487774  1.029623
4035.70536416525  0.8098811
4035.73885090185  1.344073
4035.77233508741  0.8323959
4035.80581672179  1.125567
4035.83929580487  0.8347442
4035.87277233654  1.444964
4035.90624631665  1.459956
4035.93971774508  0.9654886
4035.97318662172  1.013116
4036.00665294642  1.020315
4036.04011671906  0.8474883
4036.07357793953  0.9335988
4036.10703660769  0.9446003
4036.14049272341  0.8071894
4036.17394628658  0.9612454
4036.20739729706  0.8981587
4036.24084575474  0.9317256
4036.27429165948  0.7367522
4036.30773501115  0.94062
4036.34117580964  1.013153
4036.37461405483  1.071264
4036.40804974657  0.9118177
4036.44148288476  1.023439
4036.47491346926  0.740825
4036.50834149995  0.8403369
4036.5417669767  0.8496593
4036.5751898994  0.9606444
4036.60861026791  0.7248048
4036.64202808211  0.9939846
4036.67544334188  0.9219177
4036.7088560471  0.9710909
4036.74226619763  0.8133159
4036.77567379336  1.312673
4036.80907883416  0.8175764
4036.8424813199  1.105343
4036.87588125047  1.195235
4036.90927862575  1.204497
4036.94267344559  1.144491
4036.97606570989  1.178364
4037.00945541852  1.25661
4037.04284257136  1.303497
4037.07622716828  0.951874
4037.10960920916  1.042099
4037.14298869388  0.9655097
4037.17636562231  1.112262
4037.20973999434  1.199459
4037.24311180983  1.508398
4037.27648106867  1.16867
4037.30984777073  1.469889
4037.3432119159  1.062119
4037.37657350404  0.8314756
4037.40993253504  1.306704
4037.44328900878  1.184566
4037.47664292513  1.093257
4037.50999428397  1.308869
4037.54334308517  1.43333
4037.57668932863  0.9173021
4037.61003301421  1.345755
4037.64337414179  1.280176
4037.67671271126  1.418499
4037.71004872249  1.299102
4037.74338217536  1.234946
4037.77671306974  1.070482
4037.81004140553  1.123195
4037.84336718258  1.186956
4037.8766904008  1.280534
4037.91001106005  1.250385
4037.94332916021  1.224882
4037.97664470117  1.292133
4038.0099576828  1.266971
4038.04326810498  1.269254
4038.07657596759  1.319683
4038.10988127052  1.270375
4038.14318401363  1.177456
4038.17648419682  1.152548
4038.20978181996  0.9714167
4038.24307688293  1.166532
4038.27636938561  1.38923
4038.30965932788  1.17791
4038.34294670963  1.150202
4038.37623153073  1.396419
4038.40951379106  1.124815
4038.44279349051  1.051691
4038.47607062894  1.337057
4038.50934520626  1.335592
4038.54261722233  1.32726
4038.57588667704  1.251001
4038.60915357027  1.105787
4038.64241790189  1.582068
4038.6756796718  1.250016
4038.70893887987  1.309995
4038.74219552599  1.407884
4038.77544961003  0.9099824
4038.80870113187  1.367396
4038.84195009141  1.288523
4038.87519648852  1.544962
4038.90844032308  1.070605
4038.94168159497  1.097437
4038.97492030408  1.193264
4039.00815645029  1.6417
4039.04139003348  1.186904
4039.07462105354  1.184281
4039.10784951034  1.17875
4039.14107540377  1.071581
4039.17429873372  1.392295
4039.20751950006  1.110564
4039.24073770267  0.9885923
4039.27395334145  1.174677
4039.30716641627  1.209572
4039.34037692701  1.320653
4039.37358487357  1.274473
4039.40679025582  1.205157
4039.43999307364  1.347847
4039.47319332693  1.416641
4039.50639101556  0.9587744
4039.53958613941  1.155771
4039.57277869838  1.457596
4039.60596869235  1.297213
4039.63915612119  0.7277925
4039.6723409848  1.386607
4039.70552328305  0.7275196
4039.73870301584  1.484418
4039.77188018304  0.8933217
4039.80505478454  1.280279
4039.83822682023  1.323597
4039.87139628999  1.071991
4039.9045631937  1.130195
4039.93772753125  1.138687
4039.97088930253  1.055712
4040.00404850742  1.160528
4040.0372051458  1.186124
4040.07035921756  1.194806
4040.10351072258  1.502031
4040.13665966076  0.831374
4040.16980603197  1.346167
4040.20294983611  1.318373
4040.23609107305  0.8493734
4040.26922974268  1.067858
4040.30236584489  1.354974
4040.33549937957  1.28975
4040.3686303466  1.380892
4040.40175874587  1.222589
4040.43488457726  1.202011
4040.46800784065  1.030064
4040.50112853595  0.9910192
4040.53424666302  0.8863403
4040.56736222177  1.597363
4040.60047521207  0.5797499
4040.63358563382  0.9620041
4040.66669348689  1.182524
4040.69979877118  1.036417
4040.73290148658  1.35777
4040.76600163296  0.9689584
4040.79909921022  0.8201849
4040.83219421825  0.9861853
4040.86528665693  0.8954243
4040.89837652616  1.324082
4040.9314638258  1.229087
4040.96454855577  1.11532
4040.99763071594  0.9343944
4041.0307103062  0.9705332
4041.06378732644  1.054425
4041.09686177654  0.9663352
4041.12993365641  1.218753
4041.16300296591  0.7912108
4041.19606970495  1.075168
4041.22913387341  0.9662551
4041.26219547118  0.96743
4041.29525449815  0.8560016
4041.3283109542  1.052766
4041.36136483923  1.212923
4041.39441615312  0.9600865
4041.42746489577  0.893788
4041.46051106706  0.9794136
4041.49355466688  0.8619683
4041.52659569513  1.18003
4041.55963415168  1.110765
4041.59267003643  0.8536838
4041.62570334928  1.108893
4041.6587340901  0.8707927
4041.69176225879  0.7280881
4041.72478785524  1.025607
4041.75781087934  1.242087
4041.79083133098  1.088867
4041.82384921005  1.416529
4041.85686451644  0.8870096
4041.88987725003  1.101701
4041.92288741073  1.014615
4041.95589499842  1.070943
4041.98890001299  1.277495
4042.02190245433  1.043362
4042.05490232233  0.7603582
4042.08789961689  0.961763
4042.12089433789  1.09443
4042.15388648523  0.9716509
4042.18687605879  1.038209
4042.21986305848  1.101653
4042.25284748417  0.8985855
4042.28582933576  0.8664494
4042.31880861315  1.180865
4042.35178531622  1.309437
4042.38475944486  1.133951
4042.41773099897  1.064523
4042.45069997845  1.028183
4042.48366638317  1.169141
4042.51663021304  1.171686
4042.54959146794  0.8219593
4042.58255014777  1.272592
4042.61550625242  0.9279343
4042.64845978179  1.173416
4042.68141073576  1.431365
4042.71435911423  1.181421
4042.74730491709  1.21787
4042.78024814423  1.238038
4042.81318879555  1.395211
4042.84612687094  0.8857809
4042.87906237029  1.43772
4042.9119952935  1.719171
4042.94492564046  1.002004
4042.97785341106  1.524107
4043.01077860519  1.226029
4043.04370122276  1.360203
4043.07662126365  1.178388
4043.10953872776  1.297638
4043.14245361497  1.130887
4043.1753659252  1.191523
4043.20827565832  0.9676839
4043.24118281424  1.323699
4043.27408739284  1.078615
4043.30698939402  1.208532
4043.33988881768  1.247359
4043.37278566372  1.253802
4043.40567993201  1.457651
4043.43857162247  1.282729
4043.47146073498  1.073933
4043.50434726944  1.046896
4043.53723122575  1.476703
4043.5701126038  1.30795
4043.60299140348  1.988107
4043.63586762469  1.138556
4043.66874126733  1.008405
4043.70161233128  1.195808
4043.73448081646  1.555223
4043.76734672275  1.271156
4043.80021005004  1.087625
4043.83307079824  1.025789
4043.86592896724  1.570276
4043.89878455693  1.343575
4043.93163756722  1.172638
4043.96448799799  0.9062294
4043.99733584915  0.8557593
4044.03018112059  1.370294
4044.0630238122  1.392257
4044.09586392389  1.250979
4044.12870145555  1.448676
4044.16153640708  1.133786
4044.19436877837  1.411606
4044.22719856932  1.04775
4044.26002577983  0.56402
4044.29285040979  1.201981
4044.32567245911  0.849227
4044.35849192767  1.075925
4044.39130881539  1.006011
4044.42412312214  0.955886
4044.45693484784  0.9477606
4044.48974399238  0.9817056
4044.52255055566  0.8135908
4044.55535453757  0.9419336
4044.58815593801  0.7092538
4044.62095475689  0.2362639
4044.65375099409  0.8494084
4044.68654464953  0.6513289
4044.71933572309  1.19845
4044.75212421467  0.7297848
4044.78491012417  0.8364239
4044.8176934515  1.021152
4044.85047419655  0.7186166
4044.88325235922  0.9005057
4044.9160279394  0.9589811
4044.948800937  0.975715
4044.98157135192  1.080682
4045.01433918405  0.7746768
4045.0471044333  0.7178432
4045.07986709956  0.845785
4045.11262718274  0.7898906
4045.14538468272  1.053827
4045.17813959942  0.6683595
4045.21089193273  0.5368499
4045.24364168256  0.8719829
4045.27638884879  1.318633
4045.30913343134  0.6561207
4045.3418754301  0.8193626
4045.37461484497  1.065827
4045.40735167585  0.9964889
4045.44008592265  0.8914602
4045.47281758526  0.7977225
4045.50554666358  0.8345412
4045.53827315752  0.8383978
4045.57099706697  0.5830996
4045.60371839184  0.4776199
4045.63643713202  0.8293093
4045.66915328743  1.01406
4045.70186685795  0.7360218
4045.73457784349  0.7082191
4045.76728624396  1.136253
4045.79999205925  0.8756973
4045.83269528926  1.064095
4045.8653959339  0.5644324
4045.89809399306  1.056733
4045.93078946666  0.7836716
4045.96348235459  0.4657027
4045.99617265675  0.686233
4046.02886037304  0.6402112
4046.06154550338  0.5131266
4046.09422804765  0.5505208
4046.12690800577  0.5772495
4046.15958537763  0.5868132
4046.19226016314  0.4533048
4046.22493236219  0.6088917
4046.2576019747  0.55512
4046.29026900057  0.6145825
4046.32293343969  0.4746265
4046.35559529197  0.6262327
4046.38825455732  0.6626439
4046.42091123564  0.2075529
4046.45356532683  0.4895164
4046.48621683078  0.3012801
4046.51886574742  0.5299166
4046.55151207664  0.3824583
4046.58415581834  0.4097769
4046.61679697243  0.2594904
4046.64943553882  0.497252
4046.6820715174  0.6719807
4046.71470490808  0.2781942
4046.74733571076  0.3210083
4046.77996392535  0.8390126
4046.81258955176  0.3711497
4046.84521258988  0.3898634
4046.87783303962  0.6704089
4046.91045090089  0.3173626
4046.94306617359  0.4812132
4046.97567885762  0.6413569
4047.0082889529  0.5177403
4047.04089645932  0.5700464
4047.07350137679  0.8156944
4047.10610370522  0.7968833
4047.1387034445  0.8475285
4047.17130059455  0.8279633
4047.20389515528  0.6554725
4047.23648712658  1.237923
4047.26907650836  1.137593
4047.30166330053  1.03512
4047.33424750299  0.9338593
4047.36682911566  0.799092
4047.39940813843  1.074968
4047.43198457121  1.079988
4047.46455841391  1.087297
4047.49712966643  1.256389
4047.52969832868  0.9266549
4047.56226440058  1.182659
4047.59482788201  0.9359358
4047.62738877289  1.073346
4047.65994707313  0.8781233
4047.69250278264  0.847238
4047.72505590131  1.053508
4047.75760642906  0.9403042
4047.7901543658  0.7665125
4047.82269971142  1.018862
4047.85524246585  0.9584664
4047.88778262898  1.163666
4047.92032020073  1.28656
4047.95285518099  1.002401
4047.98538756969  0.9328558
4048.01791736672  1.267732
4048.050444572  1.012871
4048.08296918543  0.9162428
4048.11549120692  1.143274
4048.14801063637  0.7600324
4048.18052747371  0.9729598
4048.21304171882  1.115032
4048.24555337164  1.021764
4048.27806243205  0.6972253
4048.31056889997  1.241898
4048.34307277532  0.4496212
4048.37557405799  1.337043
4048.40807274789  0.7704674
4048.44056884494  1.008079
4048.47306234905  1.127928
4048.50555326012  0.8846021
4048.53804157806  1.034359
4048.57052730279  0.9585148
4048.6030104342  0.6702093
4048.63549097222  1.134048
4048.66796891675  1.049082
4048.7004442677  1.025168
4048.73291702497  1.228282
4048.76538718849  1.22717
4048.79785475816  1.227948
4048.83031973389  0.608034
4048.86278211559  1.336671
4048.89524190316  0.7610581
4048.92769909653  1.159159
4048.9601536956  0.6086015
4048.99260570028  1.051958
4049.02505511049  1.39231
4049.05750192612  1.194925
4049.0899461471  1.280301
4049.12238777334  0.8290886
4049.15482680474  0.572059
4049.18726324121  0.4244743
4049.21969708267  0.5575548
4049.25212832904  1.224618
4049.28455698021  1.376284
4049.31698303611  0.7279816
4049.34940649664  0.677588
4049.38182736171  0.7246498
4049.41424563124  0.7832435
4049.44666130514  1.199013
4049.47907438332  0.753104
4049.51148486569  0.6473964
4049.54389275217  0.9411686
4049.57629804266  0.5369347
4049.60870073709  0.646005
4049.64110083535  1.15607
4049.67349833737  0.8864542
4049.70589324305  0.90158
4049.73828555231  0.5675747
4049.77067526507  0.45905
4049.80306238123  1.048987
4049.83544690071  0.73638
4049.86782882342  0.7556365
4049.90020814927  1.015674
4049.93258487818  0.6813629
4049.96495901006  0.6031772
4049.99733054482  0.6144293
4050.02969948238  0.8994816
4050.06206582265  0.970871
4050.09442956555  1.036088
4050.12679071098  0.6909142
4050.15914925887  0.8828741
4050.19150520912  0.9472409
4050.22385856165  0.8774965
4050.25620931638  1.169244
4050.28855747321  1.064829
4050.32090303207  0.8122504
4050.35324599287  1.163585
4050.38558635551  0.7159075
4050.41792411993  1.064468
4050.45025928602  1.00174
4050.48259185371  0.5690715
4050.51492182291  1.339571
4050.54724919354  0.6749808
4050.57957396551  0.8063036
4050.61189613873  1.57255
4050.64421571313  1.240924
4050.67653268861  1.182656
4050.7088470651  1.118822
4050.7411588425  1.282144
4050.77346802073  0.7711822
4050.80577459972  1.538738
4050.83807857937  1.539194
4050.8703799596  0.9245729
4050.90267874032  0.8390818
4050.93497492146  1.159402
4050.96726850293  1.188945
4050.99955948464  1.170748
4051.03184786652  0.7453629
4051.06413364847  1.09278
4051.09641683042  1.436616
4051.12869741228  0.8884439
4051.16097539397  1.090086
4051.1932507754  1.109662
4051.22552355649  0.6650032
4051.25779373717  0.9573481
4051.29006131734  0.3661204
4051.32232629692  1.326189
4051.35458867583  0.9986999
4051.386848454  1.094968
4051.41910563132  0.8465979
4051.45136020773  1.071686
4051.48361218314  1.513684
4051.51586155747  1.324812
4051.54810833064  1.23638
4051.58035250256  0.9935617
4051.61259407315  1.317862
4051.64483304234  1.357583
4051.67706941003  1.024834
4051.70930317615  1.211599
4051.74153434061  0.9206787
4051.77376290334  1.232494
4051.80598886425  1.37422
4051.83821222327  1.406324
4051.8704329803  0.9184348
4051.90265113527  1.768608
4051.9348666881  0.7865623
4051.96707963871  0.9852626
4051.99928998701  1.202612
4052.03149773293  1.790993
4052.06370287639  1.198805
4052.0959054173  0.6761935
4052.12810535558  0.7401925
4052.16030269115  1.238538
4052.19249742394  1.083333
4052.22468955387  1.264564
4052.25687908084  0.6202821
4052.28906600479  0.8196611
4052.32125032563  1.219288
4052.35343204329  1.292025
4052.38561115768  0.6958476
4052.41778766872  0.9365628
4052.44996157634  1.054462
4052.48213288045  1.21683
4052.51430158098  1.254452
4052.54646767784  1.305245
4052.57863117096  1.704904
4052.61079206026  1.061739
4052.64295034566  1.452795
4052.67510602708  1.122124
4052.70725910444  1.280627
4052.73940957767  1.05295
4052.77155744668  0.8088388
4052.80370271139  0.6144025
4052.83584537173  1.161207
4052.86798542762  0.6286519
4052.90012287899  0.7756689
4052.93225772574  0.9813729
4052.96438996781  0.6123214
4052.99651960511  0.620846
4053.02864663758  1.021336
4053.06077106512  1.25408
4053.09289288767  1.341582
4053.12501210515  1.035299
4053.15712871747  0.7252069
4053.18924272456  0.5490814
4053.22135412635  0.910005
4053.25346292276  0.7674637
4053.2855691137  1.084708
4053.31767269911  1.103978
4053.3497736789  0.9067981
4053.381872053  0.2918756
4053.41396782133  0.6796097
4053.44606098382  1.112983
4053.47815154039  1.306218
4053.51023949096  0.633301
4053.54232483545  1.416518
4053.57440757379  1.296174
4053.60648770591  0.914854
4053.63856523173  0.6313876
4053.67064015116  0.5600625
4053.70271246415  1.437281
4053.7347821706  0.8698852
4053.76684927044  1.319834
4053.79891376361  0.888476
4053.83097565001  1.064945
4053.86303492959  0.9367975
4053.89509160225  1.19235
4053.92714566793  0.9364972
4053.95919712656  1.20474
4053.99124597805  0.6369995
4054.02329222233  0.9694403
4054.05533585933  1.272118
4054.08737688897  0.9865679
4054.11941531118  1.100665
4054.15145112588  1.747328
4054.183484333  0.7282768
4054.21551493246  1.417957
4054.24754292419  0.8780381
4054.27956830812  0.7274401
4054.31159108417  1.091161
4054.34361125226  0.8763686
4054.37562881233  1.389991
4054.4076437643  0.766445
4054.43965610809  1.289522
4054.47166584364  0.632217
4054.50367297086  0.96363
4054.53567748969  1.084427
4054.56767940005  0.8658118
4054.59967870186  1.033779
4054.63167539507  1.287025
4054.66366947958  1.32627
4054.69566095533  1.55325
4054.72764982225  0.7066947
4054.75963608026  0.8430009
4054.79161972929  1.048197
4054.82360076927  1.056303
4054.85557920013  0.807924
4054.88755502178  0.5434777
4054.91952823417  0.699688
4054.95149883721  1.200875
4054.98346683084  0.7849931
4055.01543221499  1.591618
4055.04739498958  1.526337
4055.07935515453  0.9501524
4055.11131270979  0.9823409
4055.14326765526  0.8457532
4055.1752199909  0.7717083
4055.20716971662  0.9005263
4055.23911683235  0.8792657
4055.27106133802  1.299826
4055.30300323356  0.9719387
4055.33494251889  0.4061629
4055.36687919396  1.123951
4055.39881325868  1.259744
4055.43074471298  1.035625
4055.4626735568  0.6565285
4055.49459979006  0.7874228
4055.5265234127  0.588903
4055.55844442464  0.3966756
4055.59036282581  1.077279
4055.62227861614  0.8910683
4055.65419179556  0.4512571
4055.68610236401  1.07448
4055.7180103214  0.4945794
4055.74991566768  0.9020394
4055.78181840277  0.4980562
4055.8137185266  0.771985
4055.84561603911  0.7196906
4055.87751094021  1.123638
4055.90940322985  0.6259678
4055.94129290795  1.071436
4055.97317997445  0.504346
4056.00506442927  1.326924
4056.03694627235  1.017262
4056.06882550362  0.7131473
4056.100702123  0.7102029
4056.13257613043  1.108504
4056.16444752585  2.013971
4056.19631630917  1.394702
4056.22818248034  0.7101764
4056.26004603928  0.7001624
4056.29190698593  0.6377461
4056.32376532022  1.132678
4056.35562104208  1.185482
4056.38747415144  1.083991
4056.41932464824  1.005322
4056.4511725324  1.093639
4056.48301780386  0.5011325
4056.51486046255  1.196534
4056.5467005084  0.9418693
4056.57853794135  1.471681
4056.61037276133  1.095779
4056.64220496826  1.160394
4056.6740345621  0.645117
4056.70586154275  1.097616
4056.73768591017  1.431473
4056.76950766428  0.9787649
4056.80132680501  1.464016
4056.83314333231  1.123238
4056.86495724609  1.051788
4056.8967685463  0.8933116
4056.92857723287  1.099898
4056.96038330573  1.205223
4056.99218676482  1.813238
4057.02398761007  1.215509
4057.05578584141  1.082059
4057.08758145878  0.4717479
4057.11937446211  1.441977
4057.15116485134  0.3285159
4057.18295262639  1.053581
4057.21473778721  0.9676889
4057.24652033374  1.688862
4057.27830026589  0.8403786
4057.31007758361  1.140277
4057.34185228684  1.404417
4057.3736243755  1.15547
4057.40539384953  1.550847
4057.43716070888  1.202742
4057.46892495346  0.5188308
4057.50068658322  1.047507
4057.5324455981  0.9469007
4057.56420199802  0.9791055
4057.59595578293  1.067129
4057.62770695276  0.9834954
4057.65945550744  1.154653
4057.69120144691  1.076018
4057.72294477111  1.15069
4057.75468547998  0.6361804
4057.78642357344  0.8583592
4057.81815905143  1.415138
4057.8498919139  1.072579
4057.88162216077  0.6687326
4057.91334979199  1.379771
4057.94507480748  0.3814447
4057.97679720719  0.3727396
4058.00851699106  1.246493
4058.04023415902  0.4271683
4058.071948711  1.101863
4058.10366064694  0.7006884
4058.13536996679  0.8269004
4058.16707667048  0.3795819
4058.19878075794  0.8050025
4058.23048222911  0.6815159
4058.26218108393  0.9281794
4058.29387732234  1.234344
4058.32557094427  0.2911347
4058.35726194967  0.9811616
4058.38895033846  0.4437253
4058.4206361106  1.391624
4058.45231926601  1.391266
4058.48399980463  0.3631991
4058.51567772641  0.6985407
4058.54735303128  1.03491
4058.57902571918  0.3128329
4058.61069579004  0.6802328
4058.64236324381  1.455344
4058.67402808043  0.973804
4058.70569029983  1.545898
4058.73734990194  0.6425285
4058.76900688673  0.8444951
4058.80066125411  1.231172
4058.83231300403  0.8372785
4058.86396213643  0.6376033
4058.89560865124  1.024785
4058.92725254841  1.003066
4058.95889382788  1.055719
4058.99053248958  1.133101
4059.02216853346  1.040235
4059.05380195946  1.176198
4059.08543276751  0.6856852
4059.11706095755  0.2773692
4059.14868652953  1.172082
4059.18030948339  0.9550625
4059.21192981905  1.231469
4059.24354753648  0.8734435
4059.2751626356  0.126441
4059.30677511636  0.6205522
4059.33838497869  0.3051002
4059.36999222254  0.6442353
4059.40159684785  1.001329
4059.43319885456  1.439306
4059.46479824261  1.164266
4059.49639501194  0.6842934
4059.52798916249  0.6835934
4059.55958069421  1.007492
4059.59116960703  1.450954
4059.6227559009  0.1256241
4059.65433957575  0.5591868
4059.68592063154  0.3658456
4059.71749906819  0.5389755
4059.74907488566  1.823791
4059.78064808388  1.077802
4059.8122186628  0.534628
4059.84378662236  0.8035071
4059.87535196249  0.9812927
4059.90691468316  0.9954331
4059.93847478428  1.267281
4059.97003226582  1.12294
4060.0015871277  0.2161124
4060.03313936988  1.69033
4060.06468899229  0.9914771
4060.09623599488  1.557485
4060.1277803776  1.282664
4060.15932214037  0.5029802
4060.19086128316  1.280535
4060.22239780589  0.6826221
4060.25393170852  1.698452
4060.28546299099  0.9623579
4060.31699165324  0.9090449
4060.34851769521  1.472426
4060.38004111685  1.338505
4060.4115619181  0.9387738
4060.4430800989  1.263771
4060.47459565921  1.416232
4060.50610859896  1.580691
4060.53761891809  0.615967
4060.56912661656  1.198349
4060.6006316943  0.2673959
4060.63213415127  1.375562
4060.6636339874  2.0312
4060.69513120263  0.7671087
4060.72662579693  1.481933
4060.75811777022  1.555185
4060.78960712245  2.360199
4060.82109385357  0.9006308
4060.85257796353  0.9800075
4060.88405945227  1.700253
4060.91553831973  1.951608
4060.94701456585  0.7038975
4060.9784881906  1.658383
4061.0099591939  0.6658387
4061.04142757571  2.000405
4061.07289333597  0.8007881
4061.10435647463  1.436405
4061.13581699163  1.105494
4061.16727488692  0.8184129
4061.19873016044  1.90845
4061.23018281215  2.179086
4061.26163284198  1.462283
4061.29308024989  1.284668
4061.32452503582  0.8965114
4061.35596719971  1.926604
4061.38740674152  1.890887
4061.41884366119  0.8391142
4061.45027795866  1.078319
4061.48170963389  1.771625
4061.51313868682  0.6307621
4061.5445651174  1.329865
4061.57598892557  1.290695
4061.60741011128  1.059953
4061.63882867449  1.645516
4061.67024461513  0.7338354
4061.70165793315  1.765607
4061.73306862851  0.9294993
4061.76447670115  1.885614
4061.79588215102  1.142036
4061.82728497806  1.141045
4061.85868518222  1.323759
4061.89008276346  1.415961
4061.92147772172  1.835948
4061.95287005694  0.69499
4061.98425976909  1.989609
4062.01564685809  1.88463
4062.04703132392  1.567043
4062.0784131665  1.389356
4062.1097923858  1.934883
4062.14116898175  1.776257
4062.17254295432  1.026483
4062.20391430344  1.407061
4062.23528302907  1.477427
4062.26664913116  1.353685
4062.29801260965  1.864655
4062.32937346449  1.835007
4062.36073169565  1.352641
4062.39208730305  0.9257328
4062.42344028666  1.52976
4062.45479064643  1.24575
4062.48613838229  1.97056
4062.51748349421  1.873909
4062.54882598214  1.410496
4062.58016584601  1.243059
4062.6115030858  2.026544
4062.64283770143  1.072152
4062.67416969287  0.4911846
4062.70549906007  1.829369
4062.73682580297  1.672667
4062.76814992153  1.428955
4062.7994714157  0.5895463
4062.83079028542  1.402583
4062.86210653065  0.8035246
4062.89342015135  0.06239661
4062.92473114745  0.5100965
4062.95603951892  0.6620308
4062.9873452657  0.1420917
4063.01864838775  1.330802
4063.04994888502  0.6351738
4063.08124675745  1.194895
4063.11254200501  1.218166
4063.14383462763  0.3248132
4063.17512462528  0.5357076
4063.20641199791  0.8970843
4063.23769674547  1.466567
4063.2689788679  1.165384
4063.30025836517  0.8039418
4063.33153523723  1.942079
4063.36280948402  0.6724979
4063.3940811055  0.6754535
4063.42535010163  0.3003684
4063.45661647235  1.214712
4063.48788021762  0.6152975
4063.51914133739  1.170765
4063.55039983162  0.2700048
4063.58165570025  0.8597109
4063.61290894324  1.467582
4063.64415956055  0.9545077
4063.67540755213  0.9969691
4063.70665291792  0.951761
4063.7378956579  1.743151
4063.769135772  0.01491468
4063.80037326018  1.2071
4063.8316081224  1.424738
4063.86284035861  0.6955803
4063.89406996876  0.5840337
4063.92529695281  0.4801954
4063.95652131072  0.6445636
4063.98774304243  0.2259588
4064.0189621479  0.6097735
4064.05017862709  0.3191216
4064.08139247994  1.5112
4064.11260370643  0.7944669
4064.14381230649  0.7251981
4064.17501828009  0.70902
4064.20622162717  0.3900859
4064.23742234771  0.07922727
4064.26862044164  0.3180745
4064.29981590893  0.79639
4064.33100874952  1.403961
4064.36219896339  0.5741093
4064.39338655047  0.2489549
4064.42457151074  1.19834
4064.45575384413  0.2344817
4064.48693355062  1.398668
4064.51811063015  1.5124
4064.54928508268  1.560883
4064.58045690817  0.3874174
4064.61162610657  0.8176067
4064.64279267784  1.007186
4064.67395662193  1.689653
4064.70511793881  0.8019255
4064.73627662843  1.030542
4064.76743269074  1.011892
4064.79858612571  1.275387
4064.82973693328  0.6432961
