4773.63075450865  0.9079077
4773.67493257968  0.8153145
4773.71910784246  0.8222135
4773.76328029679  0.7882184
4773.80744994247  0.7625489
4773.85161677931  0.5455368
4773.89578080709  0.8277177
4773.93994202562  1.030036
4773.9841004347  0.9790787
4774.02825603412  0.8846454
4774.07240882368  0.8692873
4774.11655880319  1.020922
4774.16070597245  0.8950958
4774.20485033124  0.9488965
4774.24899187938  0.9143472
4774.29313061666  0.868018
4774.33726654287  0.9550064
4774.38139965783  0.9415299
4774.42552996133  0.8733426
4774.46965745316  0.8007885
4774.51378213314  0.8648846
4774.55790400105  0.9041359
4774.60202305669  1.211945
4774.64613929988  1.057625
4774.6902527304  0.9789388
4774.73436334806  0.7708312
4774.77847115265  1.032275
4774.82257614398  0.981914
4774.86667832184  1.121566
4774.91077768604  0.9954305
4774.95487423638  0.8429247
4774.99896797265  0.9821882
4775.04305889465  0.8451768
4775.08714700219  1.042058
4775.13123229507  0.9980722
4775.17531477308  0.9663507
4775.21939443603  0.8947032
4775.26347128372  1.028415
4775.30754531594  1.10128
4775.3516165325  1.133803
4775.39568493319  1.165444
4775.43975051783  1.127692
4775.4838132862  1.052164
4775.52787323811  1.176191
4775.57193037336  0.9336174
4775.61598469175  0.9429166
4775.66003619308  1.135439
4775.70408487715  0.9133206
4775.74813074376  1.216683
4775.79217379272  1.18005
4775.83621402381  1.022996
4775.88025143686  1.153866
4775.92428603164  1.020603
4775.96831780798  1.024073
4776.01234676566  1.028201
4776.05637290449  1.032886
4776.10039622426  1.083254
4776.14441672479  0.9623409
4776.18843440587  1.002991
4776.2324492673  1.01065
4776.27646130889  1.007425
4776.32047053043  0.9186878
4776.36447693172  1.233912
4776.40848051258  0.9004557
4776.45248127279  0.9024783
4776.49647921216  0.9352615
4776.5404743305  1.04771
4776.5844666276  1.161297
4776.62845610326  0.9645485
4776.67244275729  1.075372
4776.71642658949  1.117706
4776.76040759966  0.856618
4776.8043857876  0.8589123
4776.84836115312  0.9631367
4776.89233369601  0.9048822
4776.93630341607  0.9141224
4776.98027031312  0.9525459
4777.02423438695  0.9101216
4777.06819563736  0.8445603
4777.11215406416  0.8908881
4777.15610966714  1.08361
4777.20006244612  1.048865
4777.24401240088  0.8277069
4777.28795953124  0.841742
4777.33190383699  0.8119652
4777.37584531795  0.8147566
4777.4197839739  0.7372521
4777.46371980466  0.9638049
4777.50765281002  0.8951939
4777.5515829898  1.013109
4777.59551034378  0.9259617
4777.63943487177  0.9879497
4777.68335657358  1.043207
4777.72727544901  0.9568024
4777.77119149786  0.9066496
4777.81510471994  0.9777825
4777.85901511504  1.032824
4777.90292268297  0.9465807
4777.94682742353  0.9583418
4777.99072933653  0.9393097
4778.03462842177  0.9187884
4778.07852467905  0.9955794
4778.12241810817  0.9664615
4778.16630870894  0.9515295
4778.21019648116  1.057962
4778.25408142463  1.028531
4778.29796353916  1.110007
4778.34184282455  1.020159
4778.3857192806  1.11692
4778.42959290713  0.9542158
4778.47346370392  1.12525
4778.51733167078  1.106124
4778.56119680752  1.193332
4778.60505911394  0.9568929
4778.64891858985  1.07143
4778.69277523504  1.031745
4778.73662904932  1.124584
4778.7804800325  1.161211
4778.82432818438  1.072384
4778.86817350476  1.005647
4778.91201599345  0.977756
4778.95585565024  1.063492
4778.99969247496  1.134276
4779.04352646738  1.192269
4779.08735762733  0.9589767
4779.13118595461  1.088115
4779.17501144902  1.252079
4779.21883411036  1.012177
4779.26265393844  0.9613454
4779.30647093306  0.9523013
4779.35028509403  0.9369271
4779.39409642114  1.008973
4779.43790491422  0.9550248
4779.48171057305  0.9456899
4779.52551339745  0.9876102
4779.56931338722  1.078631
4779.61311054216  0.9484366
4779.65690486208  0.9889395
4779.70069634677  1.187347
4779.74448499606  0.9921359
4779.78827080974  1.133151
4779.83205378761  0.9647984
4779.87583392949  1.103201
4779.91961123517  1.139647
4779.96338570446  0.9518567
4780.00715733717  1.044702
4780.05092613309  1.052562
4780.09469209205  1.062032
4780.13845521383  0.9724792
4780.18221549825  0.9645362
4780.22597294511  0.9279032
4780.26972755421  0.9738464
4780.31347932537  0.9694442
4780.35722825838  1.024598
4780.40097435305  0.8418598
4780.44471760919  0.8452919
4780.4884580266  1.002961
4780.53219560509  1.004789
4780.57593034446  0.9451336
4780.61966224452  0.9556667
4780.66339130508  0.9480865
4780.70711752593  0.8327382
4780.75084090689  0.9296154
4780.79456144776  0.80108
4780.83827914834  0.9168478
4780.88199400845  0.9645401
4780.92570602789  0.9130554
4780.96941520645  1.102896
4781.01312154397  0.9367114
4781.05682504022  1.11562
4781.10052569503  1.015265
4781.14422350819  0.7489281
4781.18791847952  1.029305
4781.23161060881  0.9816939
4781.27529989589  0.9114107
4781.31898634054  1.167733
4781.36266994259  1.129517
4781.40635070182  1.019148
4781.45002861806  1.03104
4781.49370369111  1.027921
4781.53737592076  1.228478
4781.58104530684  1.048311
4781.62471184915  1.046576
4781.66837554749  0.9967327
4781.71203640166  1.160151
4781.75569441149  1.116966
4781.79934957677  1.20988
4781.8430018973  0.8837719
4781.8866513729  1.080547
4781.93029800338  1.143754
4781.97394178853  1.178333
4782.01758272817  0.981815
4782.06122082211  0.9716988
4782.10485607014  0.9276504
4782.14848847209  0.9545394
4782.19211802774  0.9562427
4782.23574473692  0.9847317
4782.27936859943  0.9598941
4782.32298961507  1.023971
4782.36660778366  0.9403911
4782.41022310499  1.035152
4782.45383557889  1.076606
4782.49744520515  1.059834
4782.54105198358  0.9552674
4782.58465591399  0.9577154
4782.62825699619  1.03521
4782.67185522998  0.9409526
4782.71545061518  0.9949585
4782.75904315158  0.9279454
4782.802632839  1.118899
4782.84621967725  0.8474109
4782.88980366613  0.9932119
4782.93338480545  1.029334
4782.97696309502  1.183685
4783.02053853464  1.078713
4783.06411112413  0.9726033
4783.1076808633  1.062968
4783.15124775194  0.9874318
4783.19481178987  1.000966
4783.23837297689  1.082424
4783.28193131282  0.9610167
4783.32548679747  1.075972
4783.36903943063  0.9614874
4783.41258921212  1.017077
4783.45613614175  1.042319
4783.49968021933  0.932179
4783.54322144466  1.054258
4783.58675981755  0.9459457
4783.63029533781  0.8684818
4783.67382800525  0.890029
4783.71735781968  0.9884399
4783.7608847809  0.90701
4783.80440888873  1.013401
4783.84793014297  0.8768967
4783.89144854344  0.9620878
4783.93496408993  0.9538643
4783.97847678227  0.9125534
4784.02198662026  0.8684773
4784.0654936037  0.7922862
4784.1089977324  0.9445999
4784.15249900619  0.8418048
4784.19599742486  0.9111118
4784.23949298822  0.8705667
4784.28298569609  0.8385965
4784.32647554826  0.7416323
4784.36996254456  0.8391479
4784.41344668479  0.9300328
4784.45692796875  0.8449198
4784.50040639627  0.8736671
4784.54388196714  0.8094062
4784.58735468118  0.9627486
4784.6308245382  0.9907899
4784.67429153801  0.8155887
4784.71775568041  0.9635339
4784.76121696521  0.9210196
4784.80467539223  0.9957358
4784.84813096128  0.9180058
4784.89158367216  0.8263311
4784.93503352468  0.9303751
4784.97848051866  1.009796
4785.0219246539  0.9805998
4785.06536593022  0.8827522
4785.10880434742  1.051188
4785.15223990531  1.009099
4785.19567260371  1.077062
4785.23910244242  0.9787709
4785.28252942125  0.946411
4785.32595354002  1.159437
4785.36937479853  1.118621
4785.41279319659  1.053019
4785.45620873402  1.052144
4785.49962141063  0.907264
4785.54303122622  1.019962
4785.5864381806  0.9986664
4785.62984227359  1.007775
4785.673243505  1.017685
4785.71664187463  0.9953212
4785.76003738231  0.9712228
4785.80343002782  1.064873
4785.846819811  1.006023
4785.89020673165  1.04678
4785.93359078958  1.149292
4785.9769719846  1.019259
4786.02035031652  1.054038
4786.06372578515  1.119704
4786.10709839031  1.128271
4786.1504681318  1.085529
4786.19383500943  1.104325
4786.23719902302  1.114384
4786.28056017238  0.8915229
4786.32391845732  1.153389
4786.36727387765  1.017533
4786.41062643318  1.065766
4786.45397612372  0.9424927
4786.49732294908  0.9439015
4786.54066690908  0.9647668
4786.58400800353  1.099739
4786.62734623223  0.9838214
4786.670681595  0.9271224
4786.71401409165  1.043222
4786.757343722  0.9635702
4786.80067048585  0.9675189
4786.84399438301  1.008041
4786.8873154133  0.872516
4786.93063357653  0.8006437
4786.97394887251  0.9457178
4787.01726130105  0.7906182
4787.06057086196  0.7902648
4787.10387755507  0.8876874
4787.14718138017  0.7096991
4787.19048233707  0.8178859
4787.23378042561  0.8534769
4787.27707564557  0.7611475
4787.32036799678  0.7037392
4787.36365747905  0.8077079
4787.40694409219  0.7266704
4787.45022783602  0.8709603
4787.49350871033  0.9118012
4787.53678671496  0.8880699
4787.5800618497  0.7117388
4787.62333411438  0.7819636
4787.6666035088  0.8933347
4787.70987003278  0.8108673
4787.75313368613  0.8197721
4787.79639446866  0.8466969
4787.83965238018  0.8627949
4787.88290742051  1.053149
4787.92615958946  0.8875171
4787.96940888685  0.9542068
4788.01265531248  1.011013
4788.05589886616  0.9962599
4788.09913954772  0.9092691
4788.14237735697  1.021485
4788.18561229371  1.038748
4788.22884435776  1.097663
4788.27207354893  1.061698
4788.31529986704  1.078178
4788.3585233119  0.9328983
4788.40174388333  1.026454
4788.44496158113  1.041687
4788.48817640511  0.9529524
4788.5313883551  0.9534815
4788.57459743091  0.9965737
4788.61780363234  1.128924
4788.66100695922  1.033868
4788.70420741136  0.9852326
4788.74740498856  0.9244328
4788.79059969065  1.07409
4788.83379151743  1.103168
4788.87698046872  0.9958462
4788.92016654434  1.054506
4788.96334974409  0.9028833
4789.0065300678  0.9683256
4789.04970751527  0.9157109
4789.09288208633  0.9325748
4789.13605378077  0.9899899
4789.17922259842  0.8240442
4789.2223885391  0.9325016
4789.26555160261  0.8949879
4789.30871178877  1.014916
4789.35186909739  0.8499975
4789.39502352829  0.9606034
4789.43817508128  1.049442
4789.48132375617  0.9820474
4789.52446955279  1.031313
4789.56761247094  0.9092658
4789.61075251044  1.033373
4789.65388967111  1.011218
4789.69702395275  1.110385
4789.74015535519  0.9113191
4789.78328387823  0.8841878
4789.82640952169  0.8868807
4789.86953228539  0.8730884
4789.91265216914  0.8222765
4789.95576917276  0.8822793
4789.99888329606  0.8836051
4790.04199453885  0.9829999
4790.08510290095  0.8539951
4790.12820838218  0.8565052
4790.17131098234  0.8797839
4790.21441070127  0.9014992
4790.25750753876  0.8709454
4790.30060149464  0.903219
4790.34369256871  0.8768451
4790.3867807608  0.9332018
4790.42986607073  0.8939371
4790.4729484983  0.9480175
4790.51602804333  0.8486189
4790.55910470563  0.9281384
4790.60217848503  0.8463212
4790.64524938133  0.9981092
4790.68831739436  0.9128448
4790.73138252393  1.006377
4790.77444476985  0.9386516
4790.81750413193  0.9560544
4790.86056061001  0.9787562
4790.90361420388  0.8632755
4790.94666491337  1.078872
4790.98971273829  0.934705
4791.03275767846  1.136614
4791.07579973369  1.037467
4791.11883890381  0.9357362
4791.16187518861  0.963299
4791.20490858793  1.02635
4791.24793910158  0.9848618
4791.29096672937  1.00884
4791.33399147112  1.093796
4791.37701332664  0.9859696
4791.42003229576  1.043566
4791.46304837828  1.006493
4791.50606157403  0.9957685
4791.54907188283  0.9076777
4791.59207930447  0.9535843
4791.63508383879  1.072539
4791.6780854856  0.9640903
4791.72108424472  0.9676774
4791.76408011596  0.9203581
4791.80707309914  0.9819435
4791.85006319408  1.030212
4791.89305040058  0.894979
4791.93603471848  0.920967
4791.97901614759  0.9330654
4792.02199468771  1.001637
4792.06497033868  0.9414782
4792.1079431003  1.118502
4792.1509129724  1.037797
4792.19387995479  1.057029
4792.23684404729  0.9735748
4792.2798052497  1.050419
4792.32276356187  0.9527889
4792.36571898359  0.9692972
4792.40867151468  0.973111
4792.45162115497  0.9998074
4792.49456790427  1.013086
4792.5375117624  1.075364
4792.58045272917  0.9864916
4792.62339080441  1.044381
4792.66632598793  0.9829233
4792.70925827954  0.9576847
4792.75218767907  1.037046
4792.79511418633  1.035538
4792.83803780114  1.107321
4792.88095852332  0.9231328
4792.92387635268  0.9984306
4792.96679128905  0.9321834
4793.00970333224  0.9499295
4793.05261248206  0.9625718
4793.09551873835  0.8848451
4793.13842210091  0.9667333
4793.18132256956  0.9559289
4793.22422014412  0.8775324
4793.26711482441  0.8663155
4793.31000661025  0.9231561
4793.35289550144  0.9777561
4793.39578149783  0.805729
4793.43866459921  0.8461645
4793.48154480542  0.9267679
4793.52442211626  0.8620163
4793.56729653156  0.9285741
4793.61016805113  0.9368007
4793.6530366748  0.9440989
4793.69590240237  0.9168581
4793.73876523368  0.9287183
4793.78162516853  1.056839
4793.82448220675  0.8877401
4793.86733634816  1.053956
4793.91018759257  0.9678971
4793.95303593981  0.970304
4793.99588138968  1.090328
4794.03872394202  1.041637
4794.08156359663  1.124504
4794.12440035335  1.057582
4794.16723421198  1.01831
4794.21006517235  1.083489
4794.25289323427  0.9971403
4794.29571839757  0.9596877
4794.33854066206  1.068316
4794.38136002756  1.045633
4794.42417649389  1.250285
4794.46699006088  1.039929
4794.50980072833  1.131076
4794.55260849608  0.9534363
4794.59541336393  0.9986358
4794.63821533171  1.062873
4794.68101439924  1.124251
4794.72381056634  1.099606
4794.76660383282  1.038483
4794.80939419851  1.117275
4794.85218166323  0.9975499
4794.89496622679  1.102664
4794.93774788902  1.046768
4794.98052664973  1.053261
4795.02330250875  1.051054
4795.06607546589  1.039155
4795.10884552098  1.118773
4795.15161267383  1.015335
4795.19437692426  1.047669
4795.23713827211  0.9764282
4795.27989671717  1.102412
4795.32265225928  1.058892
4795.36540489825  1.089357
4795.40815463391  1.157209
4795.45090146608  1.040076
4795.49364539457  1.063702
4795.53638641921  1.10667
4795.57912453981  1.031711
4795.62185975619  1.124421
4795.66459206819  1.089474
4795.70732147561  0.9513395
4795.75004797829  1.021778
4795.79277157603  1.17105
4795.83549226866  1.029261
4795.87821005599  1.06587
4795.92092493786  0.9848845
4795.96363691409  1.07392
4796.00634598448  1.074699
4796.04905214886  1.02167
4796.09175540706  1.07665
4796.1344557589  1.028955
4796.17715320419  1.105851
4796.21984774276  1.063731
4796.26253937442  1.089237
4796.305228099  0.9834153
4796.34791391633  1.109001
4796.39059682621  1.097191
4796.43327682848  1.041058
4796.47595392295  1.044713
4796.51862810944  1.061734
4796.56129938778  1.124591
4796.60396775779  1.051795
4796.64663321929  1.079475
4796.6892957721  1.027107
4796.73195541604  0.9746181
4796.77461215093  1.032727
4796.8172659766  0.9935982
4796.85991689287  1.035849
4796.90256489955  1.076093
4796.94520999648  0.9508463
4796.98785218346  1.047372
4797.03049146033  0.9110495
4797.07312782691  1.060869
4797.11576128301  1.063766
4797.15839182846  1.105308
4797.20101946309  1.040008
4797.24364418671  0.9321167
4797.28626599914  0.9753277
4797.32888490021  1.086185
4797.37150088974  0.9647418
4797.41411396756  1.045046
4797.45672413347  0.9956594
4797.49933138732  0.9855372
4797.54193572891  1.013311
4797.58453715807  1.134312
4797.62713567463  1.085114
4797.66973127841  1.02311
4797.71232396922  0.9498293
4797.7549137469  1.024044
4797.79750061125  1.123244
4797.84008456212  1.144733
4797.88266559931  1.031682
4797.92524372266  1.085377
4797.96781893198  0.9958529
4798.01039122709  1.069509
4798.05296060783  1.104961
4798.09552707401  1.05244
4798.13809062546  1.088795
4798.180651262  1.067399
4798.22320898344  0.98554
4798.26576378963  1.010994
4798.30831568037  1.028682
4798.35086465549  1.061192
4798.39341071482  1.051974
4798.43595385818  0.8913598
4798.47849408538  1.028584
4798.52103139626  0.9841177
4798.56356579064  1.150543
4798.60609726834  0.9859324
4798.64862582919  1.127844
4798.691151473  0.9882499
4798.7336741996  0.9489018
4798.77619400882  1.065969
4798.81871090048  0.9690304
4798.8612248744  0.9490968
4798.90373593041  0.979475
4798.94624406833  0.943089
4798.98874928798  0.9501752
4799.03125158919  0.9091591
4799.07375097178  0.9128793
4799.11624743557  0.9518967
4799.1587409804  0.9623918
4799.20123160608  0.960832
4799.24371931243  0.8376843
4799.28620409929  0.8788647
4799.32868596647  0.8874472
4799.3711649138  0.8663454
4799.41364094111  0.8876804
4799.45611404822  0.8764945
4799.49858423494  0.8842652
4799.54105150112  0.9411336
4799.58351584656  0.8699021
4799.6259772711  0.9300092
4799.66843577457  0.9491541
4799.71089135677  0.8484271
4799.75334401755  0.9952377
4799.79579375672  0.8615741
4799.83824057411  0.833168
4799.88068446954  0.8916843
4799.92312544284  0.9311587
4799.96556349383  0.8993986
4800.00799862235  1.015694
4800.0504308282  0.9056637
4800.09286011122  0.9118891
4800.13528647123  0.8742335
4800.17770990806  1.047444
4800.22013042154  0.8662013
4800.26254801148  0.8777341
4800.30496267771  0.9541007
4800.34737442006  0.9958693
4800.38978323836  0.9600857
4800.43218913242  0.9367625
4800.47459210207  0.9229312
4800.51699214715  0.9492092
4800.55938926747  0.9340658
4800.60178346286  0.9447334
4800.64417473314  0.8679973
4800.68656307815  0.8891237
4800.7289484977  0.9263319
4800.77133099162  0.9569271
4800.81371055974  0.9308974
4800.85608720188  0.9168268
4800.89846091788  0.8532223
4800.94083170754  0.9454868
4800.98319957071  1.071403
4801.0255645072  0.9094157
4801.06792651685  0.9244777
4801.11028559948  0.8454552
4801.1526417549  0.8742059
4801.19499498296  0.9302453
4801.23734528348  0.8856176
4801.27969265627  0.9581062
4801.32203710118  0.855904
4801.36437861802  0.9092685
4801.40671720662  0.9610453
4801.44905286681  0.9504555
4801.49138559841  0.9840343
4801.53371540125  0.8900511
4801.57604227516  0.9152521
4801.61836621997  0.9188715
4801.66068723549  0.9214549
4801.70300532155  0.8629769
4801.74532047799  0.8718635
4801.78763270463  0.8548429
4801.82994200129  0.843437
4801.87224836781  0.9540809
4801.91455180401  0.8192159
4801.95685230971  0.9728063
4801.99914988474  0.9407826
4802.04144452893  0.8986205
4802.08373624211  0.8860644
4802.12602502411  1.111926
4802.16831087474  0.9684105
4802.21059379385  0.9778653
4802.25287378125  0.9703125
4802.29515083677  1.008221
4802.33742496023  0.9855794
4802.37969615148  1.00252
4802.42196441033  1.065188
4802.46422973661  1.001909
4802.50649213015  1.09531
4802.54875159077  1.058467
4802.59100811831  1.033573
4802.63326171258  1.035676
4802.67551237343  1.136336
4802.71776010067  1.045541
4802.76000489414  1.057422
4802.80224675365  0.9968035
4802.84448567905  1.07217
4802.88672167015  1.08606
4802.92895472678  1.051028
4802.97118484878  1.064716
4803.01341203597  1.02811
4803.05563628818  1.039266
4803.09785760523  0.9642177
4803.14007598695  0.9971592
4803.18229143318  0.9896212
4803.22450394374  1.005767
4803.26671351845  0.9581623
4803.30892015715  1.000078
4803.35112385967  0.9916953
4803.39332462583  1.016623
4803.43552245546  0.9170636
4803.47771734839  0.9879987
4803.51990930444  0.9128276
4803.56209832346  0.994801
4803.60428440526  0.9561314
4803.64646754967  0.9117739
4803.68864775652  0.9378178
4803.73082502565  1.035172
4803.77299935687  1.047845
4803.81517075002  1.016318
4803.85733920493  1.058642
4803.89950472142  1.011205
4803.94166729933  1.074109
4803.98382693848  1.021791
4804.0259836387  0.9473765
4804.06813739982  0.9049103
4804.11028822167  1.030073
4804.15243610408  0.9433892
4804.19458104688  1.001989
4804.2367230499  1.016498
4804.27886211296  0.9721609
4804.3209982359  1.006225
4804.36313141854  1.112257
4804.40526166072  1.017486
4804.44738896226  1.000493
4804.48951332299  1.061099
4804.53163474274  1.031771
4804.57375322135  1.064082
4804.61586875864  1.123174
4804.65798135443  1.013768
4804.70009100857  1.066342
4804.74219772088  1.076452
4804.78430149119  1.072461
4804.82640231932  1.00781
4804.86850020512  1.017928
4804.9105951484  1.018729
4804.95268714901  1.087861
4804.99477620676  0.9877143
4805.03686232149  0.9990086
4805.07894549302  1.044868
4805.1210257212  1.017081
4805.16310300585  0.9920902
4805.20517734679  0.9917442
4805.24724874387  0.9592588
4805.2893171969  1.024341
4805.33138270572  1.007298
4805.37344527016  0.9090411
4805.41550489005  0.9652312
4805.45756156522  0.9269994
4805.4996152955  1.023014
4805.54166608073  0.9348726
4805.58371392072  0.9729851
4805.62575881532  0.8844627
4805.66780076435  0.8894885
4805.70983976764  0.849701
4805.75187582503  0.8454401
4805.79390893634  0.8641365
4805.8359391014  0.8769327
4805.87796632006  0.8691274
4805.91999059213  0.789411
4805.96201191745  0.865535
4806.00403029584  0.908129
4806.04604572715  0.8545837
4806.0880582112  0.8815843
4806.13006774782  0.911457
4806.17207433684  0.8891705
4806.2140779781  0.8876359
4806.25607867142  0.8777484
4806.29807641664  0.916739
4806.34007121359  0.8334309
4806.3820630621  0.9744844
4806.42405196199  0.8935992
4806.46603791311  0.9968556
4806.50802091528  0.9468597
4806.55000096834  0.8947018
4806.59197807211  0.9953749
4806.63395222644  0.9920043
4806.67592343114  0.9882599
4806.71789168605  1.033025
4806.759856991  0.9424928
4806.80181934583  0.892813
4806.84377875037  1.039878
4806.88573520444  1.067258
4806.92768870789  0.9746447
4806.96963926054  1.05828
4807.01158686222  1.040176
4807.05353151276  1.039142
4807.09547321201  1.043549
4807.13741195978  1.085412
4807.17934775592  1.067825
4807.22128060025  1.06606
4807.26321049261  0.976999
4807.30513743283  1.020208
4807.34706142074  0.9682881
4807.38898245617  1.069291
4807.43090053896  1.043066
4807.47281566894  0.8624908
4807.51472784593  1.036151
4807.55663706978  0.9088194
4807.59854334032  1.006033
4807.64044665738  0.9103035
4807.68234702078  0.9907971
4807.72424443037  0.9859714
4807.76613888598  0.9055066
4807.80803038744  1.047983
4807.84991893458  0.9488161
4807.89180452723  0.9566385
4807.93368716523  0.9242082
4807.97556684842  0.9575469
4808.01744357661  0.9459943
4808.05931734966  0.957411
4808.10118816738  0.9465577
4808.14305602962  0.901705
4808.1849209362  0.9002236
4808.22678288696  0.8547382
4808.26864188174  0.878032
4808.31049792036  0.9908959
4808.35235100266  1.018444
4808.39420112847  1.008173
4808.43604829763  0.9679994
4808.47789250997  0.8675285
4808.51973376532  1.001897
4808.56157206352  0.9798762
4808.6034074044  1.013623
4808.64523978779  0.9284121
4808.68706921353  0.9414666
4808.72889568146  0.9420599
4808.77071919139  0.9412336
4808.81253974318  0.9981506
4808.85435733665  0.9059777
4808.89617197163  0.9824724
4808.93798364797  1.032311
4808.97979236549  0.9125157
4809.02159812402  0.9595347
4809.06340092342  0.9157693
4809.10520076349  0.9093487
4809.14699764409  0.8819203
4809.18879156505  0.8971506
4809.23058252619  0.9259487
4809.27237052735  0.9682925
4809.31415556838  0.843291
4809.35593764909  0.9733744
4809.39771676934  0.9015786
4809.43949292894  0.9215786
4809.48126612774  0.9062713
4809.52303636557  0.937004
4809.56480364226  0.9699524
4809.60656795766  0.9336481
4809.64832931159  0.9853371
4809.69008770388  0.925067
4809.73184313438  0.9344135
4809.77359560292  0.9783635
4809.81534510933  0.9280879
4809.85709165345  0.9834001
4809.89883523511  0.9606141
4809.94057585415  0.9233037
4809.9823135104  1.026761
4810.0240482037  0.9304104
4810.06577993389  0.9154925
4810.10750870079  1.03074
4810.14923450424  1.02599
4810.19095734409  0.993034
4810.23267722015  0.9649072
4810.27439413228  1.087755
4810.3161080803  1.053566
4810.35781906405  1.007865
4810.39952708337  0.9973891
4810.44123213808  1.01067
4810.48293422804  1.037077
4810.52463335306  1.053121
4810.56632951299  0.9849516
4810.60802270767  0.977077
4810.64971293692  1.084036
4810.69140020059  1.070374
4810.73308449851  1.018639
4810.77476583051  1.047872
4810.81644419644  1.074221
4810.85811959612  1.006635
4810.8997920294  0.9751998
4810.94146149611  0.9890302
4810.98312799609  1.015993
4811.02479152916  0.9524086
4811.06645209518  0.9320914
4811.10810969397  0.9734753
4811.14976432536  1.020394
4811.19141598921  0.9868858
4811.23306468534  0.9441468
4811.27471041359  0.9622855
4811.31635317379  1.014794
4811.35799296579  0.978794
4811.39962978941  0.9903995
4811.4412636445  1.010989
4811.48289453089  0.9026521
4811.52452244842  1.008381
4811.56614739693  0.9631938
4811.60776937625  0.9063026
4811.64938838621  0.9783915
4811.69100442666  1.029358
4811.73261749744  0.9076251
4811.77422759837  0.9091108
4811.81583472929  1.003153
4811.85743889005  0.921312
4811.89904008048  1.041378
4811.94063830042  1.055546
4811.9822335497  0.9394116
4812.02382582816  0.9389434
4812.06541513564  0.9628775
4812.10700147197  1.052127
4812.148584837  1.042937
4812.19016523055  0.9912894
4812.23174265248  1.000913
4812.2733171026  1.008575
4812.31488858077  1.006603
4812.35645708682  0.9225399
4812.39802262059  1.091749
4812.43958518191  1.002841
4812.48114477062  1.019716
4812.52270138656  1.027931
4812.56425502957  1.040655
4812.60580569948  1.036507
4812.64735339614  0.9986319
4812.68889811938  0.982393
4812.73043986903  0.9981012
4812.77197864494  0.9447492
4812.81351444695  0.9883038
4812.85504727489  1.013514
4812.8965771286  1.001873
4812.93810400791  1.066864
4812.97962791268  0.9746305
4813.02114884272  0.9788039
4813.06266679789  0.9387355
4813.10418177802  0.9876645
4813.14569378296  1.009381
4813.18720281252  0.9684907
4813.22870886656  0.9238595
4813.27021194492  0.9768211
4813.31171204743  0.9727067
4813.35320917393  1.064653
4813.39470332426  1.019649
4813.43619449826  0.9579975
4813.47768269577  0.9668242
4813.51916791662  0.996684
4813.56065016066  0.9299139
4813.60212942772  0.9313971
4813.64360571764  1.005815
4813.68507903026  0.9651698
4813.72654936542  1.03808
4813.76801672296  1.040424
4813.80948110272  0.99114
4813.85094250453  1.052515
4813.89240092824  0.9698598
4813.93385637368  0.9641282
4813.9753088407  1.03089
4814.01675832913  1.005536
4814.05820483881  0.9953991
4814.09964836959  0.9604138
4814.14108892129  0.9494641
4814.18252649376  0.9119278
4814.22396108685  0.9766167
4814.26539270038  1.047691
4814.3068213342  1.008482
4814.34824698815  0.9279862
4814.38966966206  0.9385337
4814.43108935579  0.9491899
4814.47250606916  1.030596
4814.51391980201  0.9387719
4814.55533055419  0.9827586
4814.59673832554  0.9301947
4814.63814311589  1.046891
4814.67954492509  1.010173
4814.72094375298  1.032193
4814.76233959939  0.942313
4814.80373246416  0.9482149
4814.84512234714  1.0375
4814.88650924817  1.000506
4814.92789316708  0.9891178
4814.96927410372  1.013908
4815.01065205792  0.9259273
4815.05202702953  1.032647
4815.09339901839  0.9941572
4815.13476802433  0.9482233
4815.1761340472  1.005534
4815.21749708684  0.9960803
4815.25885714308  1.027626
4815.30021421578  0.9491248
4815.34156830476  1.072302
4815.38291940987  1.012235
4815.42426753096  1.031433
4815.46561266785  1.009869
4815.5069548204  0.9628129
4815.54829398844  0.9945779
4815.58963017181  1.016107
4815.63096337036  0.9864342
4815.67229358392  1.014292
4815.71362081234  0.978975
4815.75494505546  0.9970017
4815.79626631311  1.024128
4815.83758458514  0.9668102
4815.87889987139  0.9535376
4815.92021217171  0.9757192
4815.96152148593  0.9684839
4816.00282781389  1.005091
4816.04413115543  1.078716
4816.08543151041  1.048074
4816.12672887865  1.016094
4816.16802326  1.01441
4816.2093146543  0.9539961
4816.25060306139  1.07646
4816.29188848112  1.049952
4816.33317091332  1.077199
4816.37445035784  1.056681
4816.41572681451  1.022153
4816.45700028319  0.9749018
4816.49827076371  1.046257
4816.53953825591  1.001457
4816.58080275964  0.9962029
4816.62206427474  1.05498
4816.66332280105  1.018542
4816.7045783384  1.039485
4816.74583088665  1.020079
4816.78708044564  1.029342
4816.8283270152  0.9823327
4816.86957059519  1.045156
4816.91081118544  0.9974909
4816.95204878579  0.9571491
4816.99328339608  0.9632216
4817.03451501617  1.021319
4817.07574364589  1.096538
4817.11696928508  1.000749
4817.15819193358  1.02716
4817.19941159125  1.011731
4817.24062825791  1.004666
4817.28184193342  1.022917
4817.32305261762  1.103443
4817.36426031034  1.091991
4817.40546501144  1.087232
4817.44666672075  1.045416
4817.48786543812  1.091566
4817.52906116339  1.066295
4817.5702538964  1.060982
4817.61144363699  0.9704302
4817.65263038502  0.9632496
4817.69381414031  0.9760703
4817.73499490273  1.013054
4817.7761726721  1.029682
4817.81734744827  1.086991
4817.85851923108  1.077422
4817.89968802038  1.081767
4817.94085381601  1.112169
4817.98201661782  1.091846
4818.02317642564  1.034906
4818.06433323932  1.088013
4818.10548705871  0.9464719
4818.14663788365  1.069802
4818.18778571397  1.110094
4818.22893054953  1.010975
4818.27007239017  1.011932
4818.31121123574  1.031942
4818.35234708606  1.063341
4818.393479941  1.060136
4818.43460980038  0.966494
4818.47573666407  0.9850383
4818.5168605319  1.053431
4818.5579814037  0.9696442
4818.59909927935  0.9703658
4818.64021415866  0.981095
4818.68132604149  0.9821401
4818.72243492767  0.9681821
4818.76354081707  0.9811158
4818.80464370951  0.9336466
4818.84574360485  0.984938
4818.88684050292  0.9755903
4818.92793440358  0.9677912
4818.96902530666  0.9049485
4819.01011321201  1.006711
4819.05119811947  1.027098
4819.0922800289  0.9521078
4819.13335894013  0.9734294
4819.17443485301  0.9632621
4819.21550776738  1.019808
4819.25657768308  0.9658116
4819.29764459997  1.057741
4819.33870851789  1.043424
4819.37976943668  1.063521
4819.42082735619  1.073145
4819.46188227625  1.09718
4819.50293419673  1.105306
4819.54398311745  1.131506
4819.58502903827  1.095977
4819.62607195903  1.005701
4819.66711187958  1.16417
4819.70814879976  1.040238
4819.74918271941  1.09192
4819.79021363839  1.040959
4819.83124155654  1.120466
4819.87226647369  1.058661
4819.91328838971  1.074637
4819.95430730442  1.050049
4819.99532321769  1.022564
4820.03633612935  1.026797
4820.07734603925  1.136574
4820.11835294723  0.9402168
4820.15935685314  1.030224
4820.20035775683  1.062327
4820.24135565814  1.043633
4820.28235055692  1.071004
4820.32334245301  0.9853904
4820.36433134626  1.000108
4820.40531723652  0.9941391
4820.44630012362  1.008267
4820.48728000742  1.079444
4820.52825688777  1.036126
4820.5692307645  1.012558
4820.61020163747  1.075656
4820.65116950652  1.005763
4820.6921343715  1.057922
4820.73309623224  0.9785987
4820.77405508861  1.079793
4820.81501094044  1.046403
4820.85596378759  0.9688159
4820.89691362989  0.9743667
4820.9378604672  1.042948
4820.97880429936  1.117382
4821.01974512621  0.9544855
4821.06068294761  0.9944569
4821.10161776341  0.9692628
4821.14254957343  1.025672
4821.18347837754  1.041933
4821.22440417559  1.061455
4821.2653269674  1.044106
4821.30624675285  1.01133
4821.34716353176  1.086242
4821.38807730399  0.9612804
4821.42898806939  0.983644
4821.4698958278  0.9824679
4821.51080057907  0.9531428
4821.55170232304  0.9431537
4821.59260105956  0.9334654
4821.63349678849  1.012993
4821.67438950966  0.9596872
4821.71527922292  0.9503753
4821.75616592813  0.9857315
4821.79704962513  0.9389856
4821.83793031376  0.9384327
4821.87880799388  1.022788
4821.91968266532  0.9944347
4821.96055432795  1.028113
4822.0014229816  1.001796
4822.04228862612  0.9901838
4822.08315126137  1.069968
4822.12401088718  0.8755515
4822.16486750341  1.041491
4822.20572110991  1.010907
4822.24657170652  1.021216
4822.28741929308  1.065267
4822.32826386946  1.022301
4822.36910543549  0.9713629
4822.40994399102  1.057912
4822.4507795359  1.087863
4822.49161206999  1.013403
4822.53244159312  1.066974
4822.57326810515  1.04755
4822.61409160592  1.136874
4822.65491209528  1.015427
4822.69572957308  1.068806
4822.73654403917  0.9684256
4822.7773554934  1.074847
4822.81816393561  0.9806906
4822.85896936566  1.071694
4822.89977178339  1.136718
4822.94057118865  1.101474
4822.98136758129  1.070695
4823.02216096115  1.074245
4823.0629513281  1.091892
4823.10373868197  1.014521
4823.14452302261  0.9911501
4823.18530434987  0.9647661
4823.2260826636  1.090788
4823.26685796366  1.020037
4823.30763024988  0.9937125
4823.34839952213  1.05472
4823.38916578024  0.9938877
4823.42992902406  0.9702674
4823.47068925345  1.026575
4823.51144646825  0.9167148
4823.55220066832  1.025232
4823.5929518535  0.9018526
4823.63370002365  0.981215
4823.6744451786  1.038407
4823.71518731821  0.9920963
4823.75592644233  0.9783234
4823.79666255081  1.013798
4823.8373956435  0.89657
4823.87812572025  0.8777856
4823.91885278091  0.8554232
4823.95957682532  0.9472959
4824.00029785334  0.9063284
4824.04101586481  0.8859967
4824.0817308596  0.8902631
4824.12244283753  0.8565351
4824.16315179848  0.8289073
4824.20385774228  0.8549598
4824.24456066878  0.8236457
4824.28526057784  0.8421004
4824.3259574693  0.7404683
4824.36665134302  0.879339
4824.40734219885  0.8054893
4824.44803003663  0.8216876
4824.48871485621  0.833391
4824.52939665745  0.8149273
4824.5700754402  0.8114585
4824.6107512043  0.8037701
4824.65142394961  0.7783043
4824.69209367598  0.7336816
4824.73276038325  0.7961924
4824.77342407128  0.8234597
4824.81408473992  0.8565084
4824.85474238902  0.8548163
4824.89539701843  0.8487323
4824.936048628  0.8848548
4824.97669721757  0.901852
4825.01734278701  0.8593879
4825.05798533616  0.8721742
4825.09862486487  0.9003612
4825.139261373  0.8766643
4825.17989486039  0.8935786
4825.22052532689  0.8951326
4825.26115277237  0.9335391
4825.30177719666  0.9747249
4825.34239859961  0.9247846
4825.38301698109  0.8838314
4825.42363234094  1.014547
4825.46424467901  0.9464843
4825.50485399515  0.9963126
4825.54546028921  1.034333
4825.58606356106  0.9575312
4825.62666381052  0.9568581
4825.66726103747  1.055932
4825.70785524174  1.062598
4825.7484464232  1.010317
4825.78903458169  1.040821
4825.82961971706  1.022277
4825.87020182917  1.013168
4825.91078091786  1.052598
4825.951356983  0.9686785
4825.99193002442  1.017275
4826.03250004199  0.9572778
4826.07306703555  0.9461728
4826.11363100496  1.004943
4826.15419195007  0.9981791
4826.19474987072  1.006668
4826.23530476678  1.008698
4826.27585663809  1.024952
4826.31640548451  0.9887254
4826.35695130589  1.024793
4826.39749410207  0.9980469
4826.43803387292  0.9077014
4826.47857061828  1.047392
4826.51910433801  1.090377
4826.55963503196  0.9697628
4826.60016269998  1.074559
4826.64068734193  1.057883
4826.68120895765  0.9597459
4826.721727547  0.9087782
4826.76224310983  1.039769
4826.802755646  0.9880137
4826.84326515535  1.044942
4826.88377163774  1.009094
4826.92427509303  1.023736
4826.96477552106  0.9492624
4827.00527292169  1.111135
4827.04576729477  1.061416
4827.08625864015  1.093095
4827.12674695769  1.019451
4827.16723224723  1.073291
4827.20771450864  1.04045
4827.24819374177  1.070505
4827.28866994646  1.060155
4827.32914312258  0.9774423
4827.36961326997  1.099366
4827.41008038848  0.8992898
4827.45054447798  1.050509
4827.49100553832  1.029169
4827.53146356934  1.11614
4827.57191857091  1.012278
4827.61237054286  0.9619232
4827.65281948507  1.047267
4827.69326539738  1.074023
4827.73370827964  1.045883
4827.77414813172  0.9792684
4827.81458495345  1.061092
4827.85501874471  1.024098
4827.89544950533  1.107817
4827.93587723518  1.062365
4827.9763019341  0.9046926
4828.01672360195  1.058052
4828.0571422386  0.9982874
4828.09755784388  1.005413
4828.13797041765  1.051868
4828.17837995978  1.075707
4828.2187864701  0.9443064
4828.25918994848  1.035678
4828.29959039477  0.9620035
4828.33998780882  0.9913781
4828.3803821905  0.9660854
4828.42077353964  1.030525
4828.46116185611  1.090063
4828.50154713977  1.052591
4828.54192939046  0.9840251
4828.58230860804  0.9855173
4828.62268479236  0.9776569
4828.66305794329  0.9410976
4828.70342806066  1.019684
4828.74379514435  0.9775213
4828.7841591942  0.9876291
4828.82452021007  1.028887
4828.86487819181  1.002369
4828.90523313928  1.003358
4828.94558505234  0.9701579
4828.98593393083  0.9403079
4829.02627977461  1.032339
4829.06662258354  0.9999115
4829.10696235747  1.028359
4829.14729909626  0.9880486
4829.18763279976  1.086478
4829.22796346783  1.009042
4829.26829110032  0.9450323
4829.3086156971  1.00816
4829.348937258  0.9793761
4829.3892557829  0.9767244
4829.42957127163  1.009202
4829.46988372407  0.9393801
4829.51019314006  0.9368838
4829.55049951947  0.9391627
4829.59080286214  0.9415353
4829.63110316793  0.9169953
4829.6714004367  0.8965762
4829.7116946683  0.8228082
4829.75198586259  0.9707606
4829.79227401943  0.9217736
4829.83255913867  0.8705502
4829.87284122016  0.8163524
4829.91312026376  0.8750237
4829.95339626934  0.859652
4829.99366923673  0.8243282
4830.03393916581  0.8808139
4830.07420605643  0.9027252
4830.11446990843  0.8752987
4830.15473072168  0.7773296
4830.19498849604  0.9105871
4830.23524323136  0.8437836
4830.2754949275  0.8257618
4830.31574358431  0.9289915
4830.35598920165  0.9051604
4830.39623177937  0.9125195
4830.43647131734  0.9680858
4830.47670781541  0.9066129
4830.51694127344  0.8672229
4830.55717169127  0.9277312
4830.59739906878  0.9328351
4830.63762340581  0.8734828
4830.67784470222  0.972148
4830.71806295787  1.0213
4830.75827817262  0.9419826
4830.79849034632  0.9746105
4830.83869947883  0.9302984
4830.87890557001  1.009245
4830.91910861971  1.009729
4830.95930862779  1.025116
4830.99950559411  1.07552
4831.03969951852  0.9249142
4831.07989040088  1.063716
4831.12007824105  0.9801971
4831.16026303889  1.117816
4831.20044479426  1.07743
4831.240623507  1.1153
4831.28079917698  1.051463
4831.32097180406  0.9813213
4831.36114138809  1.107452
4831.40130792893  1.12387
4831.44147142644  0.9938828
4831.48163188047  1.001005
4831.52178929089  1.039359
4831.56194365755  0.9003384
4831.60209498031  1.086854
4831.64224325902  1.034048
4831.68238849354  1.024604
4831.72253068374  0.9942437
4831.76266982947  0.93643
4831.80280593059  0.939258
4831.84293898695  0.9736486
4831.88306899841  0.9306557
4831.92319596484  0.9191924
4831.96331988608  0.9998292
4832.00344076201  0.8946454
4832.04355859247  0.8274208
4832.08367337732  0.9252957
4832.12378511643  0.8232505
4832.16389380965  0.9080818
4832.20399945683  0.842092
4832.24410205784  0.9530529
4832.28420161255  0.8485612
4832.32429812079  0.8220725
4832.36439158244  0.8554305
4832.40448199735  0.8713623
4832.44456936537  1.009986
4832.48465368638  0.8625634
4832.52473496023  0.8608608
4832.56481318677  0.8607357
4832.60488836586  1.022488
4832.64496049737  0.9156539
4832.68502958115  0.9655748
4832.72509561707  0.9310683
4832.76515860497  0.9692917
4832.80521854472  0.8911157
4832.84527543619  0.9461561
4832.88532927921  0.9644128
4832.92538007367  0.9789418
4832.96542781941  0.884628
4833.0054725163  0.9571249
4833.04551416419  0.929932
4833.08555276294  0.9705641
4833.12558831242  0.9679282
4833.16562081248  0.9264054
4833.20565026298  0.8458269
4833.24567666378  0.9490207
4833.28570001474  0.8984531
4833.32572031572  0.9025822
4833.36573756658  0.9199393
4833.40575176719  0.9433026
4833.44576291739  0.9695729
4833.48577101705  1.009973
4833.52577606602  0.9486139
4833.56577806418  0.8960881
4833.60577701137  0.9912328
4833.64577290746  0.9735293
4833.68576575231  0.9016339
4833.72575554578  0.8936351
4833.76574228773  0.9370876
4833.80572597801  0.9380049
4833.84570661649  0.919136
4833.88568420303  0.8440552
4833.92565873749  0.8591337
4833.96563021973  0.9271259
4834.00559864961  0.9728606
4834.04556402698  0.9471407
4834.08552635172  0.9332852
4834.12548562367  0.9014975
4834.16544184271  0.958417
4834.20539500869  1.014553
4834.24534512146  0.9589472
4834.2852921809  1.075697
4834.32523618687  0.9864316
4834.36517713921  1.00055
4834.40511503781  0.9570795
4834.4450498825  0.9966972
4834.48498167316  1.03258
4834.52491040965  1.045805
4834.56483609182  0.9831975
4834.60475871955  0.9899974
4834.64467829268  0.9803604
4834.68459481108  1.010438
4834.72450827462  1.019655
4834.76441868314  1.002161
4834.80432603652  1.027908
4834.84423033462  0.9629123
4834.88413157729  0.9572878
4834.9240297644  1.000303
4834.9639248958  1.046073
4835.00381697137  0.9866015
4835.04370599095  0.983686
4835.08359195442  1.045828
4835.12347486164  0.9626453
4835.16335471246  0.9468428
4835.20323150675  1.019544
4835.24310524436  1.063435
4835.28297592517  1.034253
4835.32284354902  0.992501
4835.3627081158  1.003991
4835.40256962534  1.040898
4835.44242807753  0.981566
4835.48228347222  0.9779463
4835.52213580926  1.063746
4835.56198508853  0.9869056
4835.60183130989  1.012995
4835.64167447319  1.000411
4835.6815145783  1.013679
4835.72135162508  1.059119
4835.7611856134  1.075488
4835.80101654311  0.9550856
4835.84084441408  0.9679489
4835.88066922617  0.981618
4835.92049097924  1.006409
4835.96030967316  0.9925305
4836.00012530779  1.031634
4836.03993788298  1.002303
4836.07974739861  1.034946
4836.11955385454  1.018157
4836.15935725062  1.043452
4836.19915758672  0.9709243
4836.23895486271  1.054098
4836.27874907844  1.003012
4836.31854023378  1.004358
4836.35832832859  1.013435
4836.39811336273  0.923893
4836.43789533607  0.9722531
4836.47767424847  0.9365592
4836.5174500998  0.976375
4836.55722288991  0.9250844
4836.59699261867  0.9876136
4836.63675928594  0.9175268
4836.67652289159  1.048706
4836.71628343547  0.9572057
4836.75604091746  0.9634255
4836.79579533741  0.9136584
4836.8355466952  0.9966309
4836.87529499067  0.9175124
4836.9150402237  0.8941954
4836.95478239414  0.9375331
4836.99452150187  0.9061708
4837.03425754675  0.9589854
4837.07399052863  0.8203565
4837.11372044739  0.9486899
4837.15344730288  0.9079726
4837.19317109497  0.9300514
4837.23289182353  0.9425383
4837.27260948841  0.9895503
4837.31232408949  0.8771569
4837.35203562662  0.9323885
4837.39174409968  1.046185
4837.43144950851  0.9822786
4837.47115185299  0.9949341
4837.51085113299  1.004939
4837.55054734836  0.9018953
4837.59024049897  0.9751702
4837.62993058468  0.998236
4837.66961760536  0.9812931
4837.70930156088  0.9908338
4837.74898245109  1.003724
4837.78866027586  1.035434
4837.82833503506  0.9466536
4837.86800672855  1.09995
4837.90767535619  0.9373846
4837.94734091785  1.006807
4837.9870034134  0.9998561
4838.02666284269  1.056386
4838.0663192056  1.07197
4838.10597250198  1.079466
4838.14562273171  0.9760605
4838.18526989464  1.023171
4838.22491399064  1.03419
4838.26455501958  1.068512
4838.30419298133  1.0833
4838.34382787574  1.063466
4838.38345970268  0.9731964
4838.42308846202  1.031729
4838.46271415362  1.066618
4838.50233677734  0.9736596
4838.54195633306  1.049057
4838.58157282064  1.074743
4838.62118623994  1.054667
4838.66079659083  0.9943812
4838.70040387317  1.033057
4838.74000808683  1.069746
4838.77960923167  1.003272
4838.81920730756  1.05778
4838.85880231437  1.02183
4838.89839425196  1.079496
4838.93798312019  0.9644921
4838.97756891894  0.9627151
4839.01715164806  0.9942556
4839.05673130743  0.9353482
4839.0963078969  0.8965106
4839.13588141635  0.9644696
4839.17545186565  0.896871
4839.21501924464  0.9509086
4839.25458355322  0.8774434
4839.29414479122  0.9051029
4839.33370295854  1.084568
4839.37325805502  0.9531093
4839.41281008055  0.9650952
4839.45235903497  0.8846256
4839.49190491816  1.038786
4839.53144772999  0.9408479
4839.57098747032  0.9077597
4839.61052413903  0.9168915
4839.65005773596  1.019839
4839.68958826099  0.9485518
4839.72911571399  1.023711
4839.76864009483  0.9674466
4839.80816140337  0.9723299
4839.84767963947  0.9819447
4839.88719480301  0.9112509
4839.92670689384  0.8955132
4839.96621591185  0.9495351
4840.00572185688  0.8676213
4840.04522472882  1.027914
4840.08472452753  0.9853433
4840.12422125287  1.105337
4840.16371490471  0.9309919
4840.20320548292  0.8827062
4840.24269298737  1.031109
4840.28217741791  0.8956394
4840.32165877443  0.896715
4840.36113705678  0.979686
4840.40061226484  0.978403
4840.44008439847  0.9101418
4840.47955345754  0.8691408
4840.51901944191  0.9111504
4840.55848235145  0.8991293
4840.59794218604  0.8759608
4840.63739894553  1.02358
4840.6768526298  0.9197931
4840.71630323871  0.8710608
4840.75575077213  0.9298393
4840.79519522993  0.8748996
4840.83463661198  0.7749956
4840.87407491814  0.8736491
4840.91351014828  0.8397234
4840.95294230227  0.8763924
4840.99237137998  0.9087805
4841.03179738127  0.840308
4841.07122030601  0.9154094
4841.11064015408  0.9385366
4841.15005692533  0.9694194
4841.18947061964  0.9049643
4841.22888123688  1.01404
4841.2682887769  0.8547791
4841.30769323959  0.88396
4841.34709462481  1.018521
4841.38649293243  0.9059966
4841.42588816231  0.9660462
4841.46528031433  0.9267968
4841.50466938835  0.8897865
4841.54405538423  0.8440592
4841.58343830187  0.8901482
4841.6228181411  0.8622831
4841.66219490182  0.9020767
4841.70156858388  0.8946102
4841.74093918715  0.9018578
4841.78030671151  1.043829
4841.81967115682  0.9805501
4841.85903252294  0.8997052
4841.89839080976  0.9010361
4841.93774601714  1.073087
4841.97709814494  0.9486542
4842.01644719304  0.9500074
4842.0557931613  0.9983799
4842.0951360496  1.04203
4842.1344758578  0.9795107
4842.17381258577  1.025472
4842.21314623338  0.9213136
4842.2524768005  0.9769953
4842.291804287  1.072455
4842.33112869276  1.001204
4842.37045001762  1.124221
4842.40976826148  1.086623
4842.4490834242  0.9954789
4842.48839550564  1.070147
4842.52770450568  0.9863076
4842.56701042418  1.103919
4842.60631326102  0.9450394
4842.64561301606  1.046048
4842.68490968918  1.044348
4842.72420328024  1.009086
4842.76349378912  1.014808
4842.80278121568  0.9744261
4842.84206555979  0.9778315
4842.88134682133  0.9850442
4842.92062500016  1.04649
4842.95990009616  0.999514
4842.99917210918  0.9888731
4843.03844103912  0.9854842
4843.07770688582  0.9828056
4843.11696964917  1.084476
4843.15622932904  1.013204
4843.19548592529  0.9514441
4843.23473943779  1.010607
4843.27398986642  1.075872
4843.31323721104  0.9513805
4843.35248147153  1.089061
4843.39172264776  0.9920561
4843.43096073959  1.033987
4843.4701957469  0.9501851
4843.50942766956  1.00545
4843.54865650744  1.00228
4843.5878822604  0.9511433
4843.62710492833  0.99733
4843.66632451109  0.981056
4843.70554100855  0.8643965
4843.74475442058  0.9318284
4843.78396474705  0.9313534
4843.82317198784  0.9625582
4843.86237614281  0.8938829
4843.90157721184  0.9384608
4843.9407751948  0.8435163
4843.97997009156  0.9118336
4844.01916190198  0.9319153
4844.05835062594  0.862375
4844.09753626332  0.8772267
4844.13671881398  0.9194759
4844.1758982778  0.8867082
4844.21507465464  0.8723686
4844.25424794438  0.9751444
4844.29341814689  0.8859302
4844.33258526204  0.9523139
4844.3717492897  0.8821017
4844.41091022974  0.8286022
4844.45006808204  0.9920361
4844.48922284646  0.9073758
4844.52837452289  0.8110309
4844.56752311118  0.8709546
4844.60666861121  1.000857
4844.64581102286  0.9830609
4844.68495034599  0.9815507
4844.72408658049  1.076099
4844.76321972621  0.953005
4844.80234978303  0.9383674
4844.84147675083  1.031943
4844.88060062947  0.996666
4844.91972141883  1.019427
4844.95883911878  0.948925
4844.99795372919  1.01522
4845.03706524994  1.039389
4845.07617368089  0.9730713
4845.11527902192  1.00619
4845.15438127291  0.940447
4845.19348043371  1.008865
4845.23257650422  1.03017
4845.27166948429  0.8771909
4845.31075937381  0.9471251
4845.34984617264  1.054152
4845.38892988065  1.053749
4845.42801049773  1.06164
4845.46708802374  1.010794
4845.50616245855  1.026297
4845.54523380204  1.058075
4845.58430205408  1.030685
4845.62336721454  1.123584
4845.66242928331  1.002782
4845.70148826024  1.032933
4845.74054414521  1.102125
4845.7795969381  1.057907
4845.81864663878  1.000866
4845.85769324712  0.9781725
4845.89673676299  1.070052
4845.93577718627  1.032589
4845.97481451684  0.9949477
4846.01384875456  1.079126
4846.05287989931  1.055933
4846.09190795096  0.9631211
4846.13093290938  1.108829
4846.16995477446  0.9954628
4846.20897354606  1.010552
4846.24798922405  1.007739
4846.28700180831  1.022176
4846.32601129872  1.028872
4846.36501769514  1.040015
4846.40402099745  0.8498486
4846.44302120553  1.100713
4846.48201831925  1.077624
4846.52101233848  1.024398
4846.5600032631  0.8770264
4846.59899109297  1.014899
4846.63797582798  1.049974
4846.676957468  1.018531
4846.7159360129  1.075772
4846.75491146256  1.011698
4846.79388381685  0.9610555
4846.83285307564  0.9163857
4846.87181923882  0.9664302
4846.91078230624  1.046501
4846.9497422778  1.04017
4846.98869915335  1.035752
4847.02765293279  1.084401
4847.06660361598  0.9598306
4847.10555120279  1.129317
4847.1444956931  1.119688
4847.18343708679  0.9249408
4847.22237538372  0.9759265
4847.26131058379  0.9764667
4847.30024268685  1.033451
4847.33917169279  1.013635
4847.37809760147  1.045631
4847.41702041278  1.05123
4847.45594012659  0.9955462
4847.49485674277  1.04973
4847.5337702612  0.9858954
4847.57268068176  0.9972601
4847.61158800431  1.126991
4847.65049222874  1.012712
4847.68939335491  1.077284
4847.72829138271  1.088921
4847.76718631201  0.896789
4847.80607814269  1.005063
4847.84496687462  0.9916068
4847.88385250767  1.00308
4847.92273504172  1.029751
4847.96161447666  0.9611729
4848.00049081234  1.051048
4848.03936404865  0.9417781
4848.07823418547  1.056178
4848.11710122266  1.006975
4848.1559651601  0.9605807
4848.19482599769  1.084032
4848.23368373527  1.019491
4848.27253837274  0.9923279
4848.31138990997  0.9991671
4848.35023834683  0.9860425
4848.3890836832  1.050851
4848.42792591895  1.000884
4848.46676505397  0.9387034
4848.50560108813  0.9912083
4848.5444340213  0.8537465
4848.58326385336  0.9030138
4848.62209058419  0.9562808
4848.66091421366  0.939382
4848.69973474165  1.033295
4848.73855216804  0.9875065
4848.7773664927  1.006139
4848.8161777155  0.9010206
4848.85498583633  1.049584
4848.89379085507  0.8927791
4848.93259277158  0.9867947
4848.97139158574  0.9019158
4849.01018729744  0.9891067
4849.04897990655  0.8034841
4849.08776941293  0.9698051
4849.12655581649  0.8752944
4849.16533911707  0.9250563
4849.20411931458  0.9403974
4849.24289640888  0.9082994
4849.28167039984  0.8281816
4849.32044128735  0.9220425
4849.35920907129  0.8476719
4849.39797375152  0.8482205
4849.43673532793  0.894623
4849.4754938004  0.8371472
4849.5142491688  0.8768242
4849.553001433  0.8859499
4849.5917505929  0.7982814
4849.63049664835  0.8006166
4849.66923959925  0.8542259
4849.70797944546  0.8461592
4849.74671618688  0.9228417
4849.78544982336  0.7376041
4849.8241803548  1.013216
4849.86290778106  0.8569577
4849.90163210203  0.8612812
4849.94035331758  0.8924658
4849.9790714276  0.8623424
4850.01778643195  0.9396583
4850.05649833052  0.9741831
4850.09520712319  0.8753958
4850.13391280983  0.9306626
4850.17261539031  1.07973
4850.21131486453  0.9794228
4850.25001123236  0.9811662
4850.28870449367  0.8763843
4850.32739464834  0.9937458
4850.36608169625  0.9617746
4850.40476563728  1.01071
4850.44344647131  0.9197547
4850.48212419822  1.006067
4850.52079881788  0.9407125
4850.55947033017  1.016984
4850.59813873498  0.9521688
4850.63680403217  1.045094
4850.67546622163  1.034345
4850.71412530323  0.987524
4850.75278127687  0.974404
4850.7914341424  0.9362487
4850.83008389972  1.126594
4850.8687305487  1.076716
4850.90737408921  1.096885
4850.94601452115  1.106299
4850.98465184438  1.064454
4851.02328605879  1.108452
4851.06191716426  1.05255
4851.10054516066  1.036391
4851.13917004787  1.092588
4851.17779182577  1.094026
4851.21641049425  1.067787
4851.25502605317  1.141888
4851.29363850243  1.006916
4851.33224784189  1.140306
4851.37085407145  1.059126
4851.40945719096  1.031377
4851.44805720033  1.079822
4851.48665409942  1.14185
4851.52524788812  1.044466
4851.56383856631  1.159923
4851.60242613385  1.130705
4851.64101059065  1.117628
4851.67959193656  1.116271
4851.71817017148  1.13165
4851.75674529528  1.045681
4851.79531730785  1.170503
4851.83388620906  0.9895025
4851.87245199879  0.8744919
4851.91101467692  1.068957
4851.94957424333  0.9217323
4851.98813069791  1.153557
4852.02668404053  0.9876813
4852.06523427107  0.8901662
4852.10378138942  1.040064
4852.14232539544  0.919355
4852.18086628903  1.103182
4852.21940407006  1.125859
4852.25793873842  1.126083
4852.29647029398  0.9851249
4852.33499873662  0.995119
4852.37352406623  1.001342
4852.41204628268  0.9291201
4852.45056538586  0.9507218
4852.48908137564  1.016913
4852.5275942519  0.98627
4852.56610401454  1.001706
4852.60461066342  1.01881
4852.64311419843  0.9801044
4852.68161461945  0.8844751
4852.72011192636  0.9056907
4852.75860611904  0.9915538
4852.79709719737  0.9661822
4852.83558516123  0.9410007
4852.87407001051  0.9744325
4852.91255174508  1.001274
4852.95103036482  1.036233
4852.98950586962  1.035361
4853.02797825936  1.022251
4853.06644753392  0.9871028
4853.10491369318  1.053321
4853.14337673701  0.9015273
4853.18183666531  1.078689
4853.22029347796  0.9397293
4853.25874717483  0.9696716
4853.2971977558  1.003281
4853.33564522076  1.07404
4853.3740895696  0.9516629
4853.41253080218  0.8757567
4853.45096891839  1.192984
4853.48940391812  0.9152637
4853.52783580125  1.158402
4853.56626456765  1.143471
4853.60469021721  1.111898
4853.64311274982  0.9540374
4853.68153216534  1.016544
4853.71994846367  1.038318
4853.75836164469  0.9674603
4853.79677170827  1.013322
4853.83517865431  1.000405
4853.87358248268  1.058623
4853.91198319326  1.028577
4853.95038078595  0.9436045
4853.98877526061  1.166622
4854.02716661713  1.072476
4854.06555485539  1.064545
4854.10393997529  1.040363
4854.14232197669  1.095242
4854.18070085948  1.000685
4854.21907662354  0.9492243
4854.25744926876  1.023366
4854.29581879502  1.075875
4854.3341852022  1.026833
4854.37254849019  0.9449316
4854.41090865885  1.042301
4854.44926570809  1.124755
4854.48761963778  1.045656
4854.52597044781  1.141289
4854.56431813805  1.149404
4854.60266270839  1.114327
4854.64100415871  0.9842184
4854.6793424889  0.9965598
4854.71767769884  1.004096
4854.75600978842  1.013241
4854.7943387575  1.133067
4854.83266460599  1.106775
4854.87098733376  1.021988
4854.90930694069  1.010233
4854.94762342667  1.099215
4854.98593679158  1.147741
4855.0242470353  0.9860907
4855.06255415773  0.9527166
4855.10085815873  0.9943852
4855.1391590382  1.015702
4855.17745679602  0.9064624
4855.21575143207  0.9654422
4855.25404294624  0.9239617
4855.2923313384  1.088931
4855.33061660845  0.9732516
4855.36889875627  1.099413
4855.40717778174  0.9972488
4855.44545368474  1.04546
4855.48372646515  0.8431129
4855.52199612287  0.8810033
4855.56026265778  0.917868
4855.59852606976  0.8847332
4855.63678635869  0.9867327
4855.67504352446  1.069582
4855.71329756695  0.9109535
4855.75154848605  1.035416
4855.78979628164  0.9492055
4855.8280409536  0.8884144
4855.86628250183  0.9350511
4855.90452092619  0.8337857
4855.94275622659  0.8279827
4855.9809884029  0.9407185
4856.019217455  0.8851662
4856.05744338278  0.7082222
4856.09566618614  0.8013744
4856.13388586494  0.7396898
4856.17210241908  0.8298668
4856.21031584843  0.7909251
4856.2485261529  0.7988588
4856.28673333235  0.7585108
4856.32493738667  0.7639247
4856.36313831576  0.7413496
4856.40133611949  0.8452229
4856.43953079774  0.8203219
4856.47772235041  0.7149188
4856.51591077738  0.8061355
4856.55409607854  0.7218319
4856.59227825376  0.8383152
4856.63045730294  0.8468922
4856.66863322596  0.6761976
4856.7068060227  0.7648318
4856.74497569305  0.8036727
4856.7831422369  0.9088256
4856.82130565413  0.8936784
4856.85946594462  0.6922109
4856.89762310827  0.8132882
4856.93577714495  0.7765334
4856.97392805455  0.8915602
4857.01207583697  0.9938709
4857.05022049207  0.781104
4857.08836201976  0.7401579
4857.12650041991  0.8095788
4857.16463569242  0.9010233
4857.20276783716  0.9513479
4857.24089685402  0.869969
4857.27902274289  1.046086
4857.31714550365  0.9034303
4857.3552651362  1.027096
4857.39338164041  0.8936011
4857.43149501617  0.9156016
4857.46960526338  0.9863337
4857.5077123819  0.9252343
4857.54581637164  1.022565
4857.58391723248  1.030609
4857.6220149643  1.002664
4857.66010956699  1.071208
4857.69820104043  1.066244
4857.73628938452  0.9237098
4857.77437459914  0.8995727
4857.81245668417  1.190678
4857.8505356395  0.9731398
4857.88861146502  1.148827
4857.92668416062  1.014535
4857.96475372618  1.065432
4858.00282016159  1.039284
4858.04088346673  1.016612
4858.0789436415  1.054135
4858.11700068577  0.9347513
4858.15505459944  1.096375
4858.1931053824  1.137355
4858.23115303452  1.076285
4858.2691975557  0.9450646
4858.30723894582  1.04838
4858.34527720478  0.9800774
4858.38331233245  1.065698
4858.42134432872  1.057328
4858.45937319349  1.067041
4858.49739892664  0.9393691
4858.53542152806  0.8793413
4858.57344099763  1.172815
4858.61145733524  0.7993148
4858.64947054078  1.039728
4858.68748061414  0.9997633
4858.7254875552  1.084862
4858.76349136385  1.070522
4858.80149203998  0.961789
4858.83948958348  0.9791396
4858.87748399423  1.093728
4858.91547527213  0.9266981
4858.95346341705  1.100644
4858.9914484289  1.022352
4859.02943030755  1.066582
4859.06740905289  0.8987216
4859.10538466482  0.9867244
4859.14335714321  0.8427653
4859.18132648796  1.003503
4859.21929269896  1.172058
4859.25725577609  1.016297
4859.29521571925  1.108121
4859.33317252831  0.9061211
4859.37112620317  1.032276
4859.40907674372  1.205012
4859.44702414985  1.10034
4859.48496842144  0.9891875
4859.52290955838  0.9759282
4859.56084756056  0.9689322
4859.59878242787  0.9089879
4859.63671416019  1.049042
4859.67464275742  0.9020013
4859.71256821945  0.9600315
4859.75049054616  0.9858846
4859.78840973745  0.9084104
4859.82632579319  1.081846
4859.86423871328  0.8939514
4859.90214849762  0.9199086
4859.94005514608  0.8928321
4859.97795865855  0.9687894
4860.01585903493  0.9960155
4860.05375627511  0.9431241
4860.09165037897  0.8113648
4860.1295413464  0.9166043
4860.16742917729  1.020112
4860.20531387154  0.9055852
4860.24319542902  0.9367528
4860.28107384963  0.9299082
4860.31894913327  0.9103302
4860.35682127981  0.8869434
4860.39469028915  0.8822274
4860.43255616117  0.8472896
4860.47041889577  0.8494859
4860.50827849284  0.8252538
4860.54613495226  0.8309661
4860.58398827393  0.7382398
4860.62183845773  0.6726074
4860.65968550356  0.9329331
4860.6975294113  0.703873
4860.73537018085  0.8004459
4860.77320781209  1.014381
4860.81104230492  0.851566
4860.84887365921  1.047725
4860.88670187488  0.8428014
4860.92452695179  0.9002007
4860.96234888985  0.8874503
4861.00016768894  0.7327472
4861.03798334896  0.8003842
4861.07579586979  0.8157533
4861.11360525133  0.8328876
4861.15141149346  0.8216496
4861.18921459608  0.8615356
4861.22701455907  0.715626
4861.26481138232  0.71384
4861.30260506574  0.9004806
4861.3403956092  0.8463483
4861.3781830126  0.8506129
4861.41596727582  0.8357257
4861.45374839877  0.9533871
4861.49152638132  0.9224298
4861.52930122337  0.9175602
4861.56707292482  0.7863692
4861.60484148554  0.5958889
4861.64260690544  0.8624551
4861.6803691844  1.024819
4861.71812832231  0.923133
4861.75588431907  1.004745
4861.79363717457  0.6865401
4861.83138688869  0.8412223
4861.86913346133  1.009617
4861.90687689238  0.8730482
4861.94461718173  0.9568422
4861.98235432927  1.011534
4862.0200883349  0.8137901
4862.05781919849  0.8606668
4862.09554691996  1.093511
4862.13327149918  0.8899373
4862.17099293605  1.064423
4862.20871123046  0.9559262
4862.2464263823  1.008298
4862.28413839146  0.8055404
4862.32184725784  1.159193
4862.35955298132  1.216565
4862.3972555618  0.9324821
4862.43495499918  1.002503
4862.47265129333  1.209426
4862.51034444415  1.04281
4862.54803445154  1.144193
4862.58572131539  1.068654
4862.62340503559  1.189883
4862.66108561203  0.9894186
4862.69876304459  1.046514
4862.73643733319  0.9132727
4862.7741084777  0.9917403
4862.81177647802  1.106987
4862.84944133405  0.9093269
4862.88710304566  1.049858
4862.92476161277  1.030948
4862.96241703525  1.151749
4863.000069313  1.232912
4863.03771844591  0.7349424
4863.07536443388  0.9646674
4863.1130072768  1.073435
4863.15064697456  0.9134937
4863.18828352705  0.9803809
4863.22591693417  0.991604
4863.26354719581  1.230006
4863.30117431185  1.138038
4863.33879828221  1.040863
4863.37641910675  1.103126
4863.41403678539  1.202212
4863.45165131801  1.304626
4863.48926270451  1.313253
4863.52687094477  1.240995
4863.5644760387  1.19118
4863.60207798618  1.339809
4863.63967678711  0.9554889
4863.67727244138  1.215418
4863.71486494888  1.478612
4863.75245430951  1.024804
4863.79004052316  1.462045
4863.82762358973  1.171362
4863.8652035091  1.480685
4863.90278028117  1.309512
4863.94035390584  1.254756
4863.97792438299  1.444003
4864.01549171253  1.171993
4864.05305589434  1.348253
4864.09061692831  1.40451
4864.12817481435  1.37027
4864.16572955235  1.463817
4864.20328114219  1.439384
4864.24082958378  1.410971
4864.27837487701  1.400813
4864.31591702176  1.158551
4864.35345601795  1.386263
4864.39099186544  1.349108
4864.42852456416  1.368369
4864.46605411398  1.194567
4864.5035805148  1.24608
4864.54110376651  1.471552
4864.57862386902  1.294036
4864.61614082221  1.122659
4864.65365462598  1.342846
4864.69116528021  1.377133
4864.72867278482  1.156568
4864.76617713968  1.354696
4864.80367834471  1.109027
4864.84117639978  1.073009
4864.87867130479  1.286295
4864.91616305964  0.8823524
4864.95365166423  0.8676013
4864.99113711845  1.155814
4865.02861942219  1.246655
4865.06609857534  0.908784
4865.10357457781  0.9521853
4865.14104742949  1.079763
4865.17851713027  1.129542
4865.21598368004  1.090685
4865.25344707871  1.000683
4865.29090732616  1.007138
4865.32836442229  1.187681
4865.36581836701  1.147652
4865.40326916019  1.102589
4865.44071680174  1.116046
4865.47816129156  1.153247
4865.51560262953  1.102088
4865.55304081555  1.181175
4865.59047584953  0.9437758
4865.62790773135  1.002374
4865.6653364609  1.140898
4865.70276203809  1.0194
4865.74018446282  0.9185827
4865.77760373496  0.8847674
4865.81501985443  1.337296
4865.85243282112  0.9975551
4865.88984263492  0.9303662
4865.92724929572  1.144375
4865.96465280343  1.119215
4866.00205315795  1.178444
4866.03945035916  0.8921291
4866.07684440695  1.126284
4866.11423530124  0.8302107
4866.15162304191  1.118981
4866.18900762886  0.9773482
4866.22638906199  1.139782
4866.26376734118  1.088281
4866.30114246635  1.023491
4866.33851443738  0.9980188
4866.37588325417  0.9728348
4866.41324891662  1.014482
4866.45061142462  0.9142609
4866.48797077807  0.8208303
4866.52532697687  1.090641
4866.5626800209  1.114839
4866.60002991008  0.9891171
4866.63737664429  1.107237
4866.67472022344  0.7405523
4866.71206064741  1.05669
4866.74939791611  1.052007
4866.78673202943  0.9186296
4866.82406298727  1.010879
4866.86139078953  0.84048
4866.8987154361  0.7874548
4866.93603692687  0.7168717
4866.97335526176  1.011615
4867.01067044064  0.7881839
4867.04798246343  1.013614
4867.08529133002  0.9713748
4867.12259704029  0.8767824
4867.15989959416  0.8839283
4867.19719899152  0.8305786
4867.23449523227  0.7958981
4867.2717883163  1.020755
4867.30907824351  0.9555902
4867.34636501379  0.7702945
4867.38364862706  0.8737593
