5214.66260298612  1.164231
5214.71085349341  1.083206
5214.75910092965  1.142858
5214.8073452946  1.134133
5214.85558658806  1.03247
5214.90382480982  1.095169
5214.95205995965  1.022831
5215.00029203735  1.194435
5215.04852104269  1.025904
5215.09674697547  1.08057
5215.14496983546  1.09362
5215.19318962246  1.009909
5215.24140633625  1.142113
5215.28961997662  1.144011
5215.33783054335  1.074579
5215.38603803622  1.049675
5215.43424245503  1.104594
5215.48244379955  1.028546
5215.53064206958  1.077658
5215.57883726491  0.932453
5215.6270293853  1.007626
5215.67521843056  0.9100612
5215.72340440047  0.9769145
5215.77158729481  0.9662414
5215.81976711337  0.9243422
5215.86794385593  0.9433692
5215.91611752229  0.962992
5215.96428811223  0.9203522
5216.01245562554  0.961505
5216.06062006199  0.9430278
5216.10878142138  0.9619985
5216.1569397035  0.9186101
5216.20509490813  0.935827
5216.25324703505  1.052009
5216.30139608406  1.037514
5216.34954205493  0.9666905
5216.39768494747  0.9005191
5216.44582476145  0.9201347
5216.49396149665  0.9001061
5216.54209515288  1.05488
5216.59022572991  0.9329767
5216.63835322752  0.906538
5216.68647764552  0.8987492
5216.73459898368  0.8468723
5216.78271724179  0.9293226
5216.83083241964  0.8539481
5216.87894451702  0.9774668
5216.92705353371  0.862317
5216.97515946949  0.9587131
5217.02326232417  0.9847595
5217.07136209752  0.9658547
5217.11945878933  0.9165373
5217.16755239939  1.032245
5217.21564292749  0.8918779
5217.26373037341  0.8938816
5217.31181473694  0.9506288
5217.35989601787  0.974774
5217.40797421598  1.084863
5217.45604933107  0.9849907
5217.50412136292  0.9169354
5217.55219031133  0.943202
5217.60025617607  0.9046715
5217.64831895693  0.9507072
5217.6963786537  0.9313625
5217.74443526618  0.975432
5217.79248879414  0.8587471
5217.84053923738  0.925163
5217.88858659569  0.9578489
5217.93663086885  0.9804136
5217.98467205665  0.7994509
5218.03271015888  0.8710555
5218.08074517532  0.9174324
5218.12877710577  0.8825932
5218.17680595002  0.9829834
5218.22483170784  0.9539093
5218.27285437904  0.9536136
5218.3208739634  0.9226653
5218.3688904607  0.9180338
5218.41690387074  0.9797288
5218.4649141933  0.9282033
5218.51292142818  0.8578809
5218.56092557515  0.8617958
5218.60892663402  0.9755827
5218.65692460457  0.9252471
5218.70491948658  0.8697561
5218.75291127985  0.8938584
5218.80089998417  0.7725208
5218.84888559932  0.9005959
5218.8968681251  0.9948922
5218.94484756128  0.9413099
5218.99282390767  0.946461
5219.04079716405  0.9288874
5219.08876733021  0.9690906
5219.13673440594  1.077247
5219.18469839103  1.05984
5219.23265928526  1.041735
5219.28061708843  1.009633
5219.32857180033  1.016434
5219.37652342074  1.082472
5219.42447194946  1.018003
5219.47241738627  0.9146998
5219.52035973097  1.056669
5219.56829898334  1.024782
5219.61623514318  1.033301
5219.66416821026  0.9819031
5219.71209818439  1.063457
5219.76002506536  1.149734
5219.80794885294  1.134825
5219.85586954694  0.9835939
5219.90378714714  1.114162
5219.95170165333  1.121138
5219.99961306531  1.043427
5220.04752138286  1.027915
5220.09542660576  1.113101
5220.14332873383  1.00464
5220.19122776683  1.093072
5220.23912370457  1.026864
5220.28701654683  1.125961
5220.33490629341  0.9751759
5220.38279294408  1.066242
5220.43067649866  1.071962
5220.47855695692  1.063637
5220.52643431865  1.064112
5220.57430858365  0.989682
5220.6221797517  1.064903
5220.6700478226  1.09178
5220.71791279615  1.097034
5220.76577467211  0.9967386
5220.8136334503  0.9651629
5220.8614891305  0.9578108
5220.9093417125  1.107588
5220.95719119609  0.9612882
5221.00503758107  1.075754
5221.05288086721  0.9858469
5221.10072105433  0.8849018
5221.1485581422  1.025437
5221.19639213061  1.008913
5221.24422301937  1.07543
5221.29205080825  1.095519
5221.33987549705  1.063329
5221.38769708557  0.935874
5221.43551557359  1.042036
5221.4833309609  1.043095
5221.53114324731  1.005151
5221.57895243259  0.9955202
5221.62675851653  1.104397
5221.67456149894  1.076553
5221.7223613796  1.045678
5221.77015815831  1.00482
5221.81795183485  1.063005
5221.86574240902  1.080775
5221.91352988061  1.062658
5221.96131424941  1.060125
5222.00909551522  1.066574
5222.05687367782  1.104619
5222.104648737  0.9881683
5222.15242069257  0.9224864
5222.20018954431  1.054211
5222.24795529201  0.968422
5222.29571793547  1.095858
5222.34347747447  1.000677
5222.39123390881  1.031429
5222.43898723829  1.000523
5222.48673746269  0.9727869
5222.53448458181  1.049152
5222.58222859544  1.088732
5222.62996950337  1.112431
5222.6777073054  1.020154
5222.72544200131  0.9992244
5222.7731735909  1.079884
5222.82090207397  1.012611
5222.8686274503  1.068107
5222.91634971969  1.033933
5222.96406888193  1.042694
5223.01178493681  1.049137
5223.05949788413  0.9380761
5223.10720772368  0.9775479
5223.15491445525  0.9969881
5223.20261807864  1.033435
5223.25031859363  1.035619
5223.29801600003  0.9367103
5223.34571029762  1.019364
5223.3934014862  1.104281
5223.44108956556  0.9731829
5223.4887745355  0.9850892
5223.53645639581  1.028886
5223.58413514627  1.021966
5223.63181078669  0.9650124
5223.67948331686  0.9692427
5223.72715273657  0.9340287
5223.77481904562  1.060343
5223.82248224379  0.9563406
5223.87014233089  0.9879763
5223.9177993067  0.887574
5223.96545317103  1.008039
5224.01310392365  0.9947297
5224.06075156438  0.923667
5224.10839609299  1.008971
5224.1560375093  1.040909
5224.20367581308  0.9754527
5224.25131100413  0.9129959
5224.29894308226  0.9964552
5224.34657204724  1.008018
5224.39419789888  1.013977
5224.44182063697  1.015278
5224.48944026131  1.010685
5224.53705677168  1.064502
5224.58467016789  1.075905
5224.63228044972  1.041869
5224.67988761698  1.05618
5224.72749166945  1.002758
5224.77509260693  0.9588028
5224.82269042922  0.9694726
5224.8702851361  0.9375396
5224.91787672739  1.024827
5224.96546520286  0.9888814
5225.01305056232  0.9257981
5225.06063280555  0.9009874
5225.10821193236  1.013681
5225.15578794253  1.06206
5225.20336083587  0.9820474
5225.25093061217  0.9286676
5225.29849727122  0.9321973
5225.34606081282  0.8796731
5225.39362123677  0.8182906
5225.44117854285  0.9976467
5225.48873273086  0.834987
5225.53628380061  0.9704428
5225.58383175188  0.9136705
5225.63137658447  0.9511889
5225.67891829817  0.9048934
5225.72645689279  0.8608352
5225.77399236811  0.8852143
5225.82152472393  0.797354
5225.86905396005  0.8904802
5225.91658007626  0.9113268
5225.96410307236  0.9154294
5226.01162294814  0.9243068
5226.05913970341  0.8565208
5226.10665333795  0.8626164
5226.15416385156  0.8580223
5226.20167124403  0.9003174
5226.24917551517  0.8963036
5226.29667666478  0.9222816
5226.34417469263  0.771529
5226.39166959854  0.8292701
5226.43916138229  0.8629253
5226.48665004369  0.8317448
5226.53413558252  0.8860185
5226.58161799859  0.9201888
5226.6290972917  0.9441392
5226.67657346163  0.979705
5226.72404650818  0.8314131
5226.77151643116  0.9112505
5226.81898323036  0.9246504
5226.86644690557  0.9040264
5226.91390745659  0.775115
5226.96136488321  0.8457975
5227.00881918524  0.8692513
5227.05627036248  0.8362178
5227.1037184147  0.7658874
5227.15116334173  0.8447343
5227.19860514334  0.8251229
5227.24604381934  0.747907
5227.29347936953  0.7773426
5227.34091179369  0.8245974
5227.38834109164  0.7767698
5227.43576726316  0.8361859
5227.48319030805  0.7557077
5227.53061022612  0.6735131
5227.57802701715  0.7002907
5227.62544068094  0.6723282
5227.6728512173  0.6627477
5227.72025862601  0.6155204
5227.76766290688  0.6439035
5227.81506405971  0.6027662
5227.86246208428  0.6521809
5227.90985698041  0.6499938
5227.95724874788  0.5891364
5228.00463738649  0.5962737
5228.05202289605  0.6680234
5228.09940527634  0.6640436
5228.14678452717  0.7008432
5228.19416064833  0.6971769
5228.24153363963  0.6641866
5228.28890350086  0.6997496
5228.33627023181  0.790197
5228.38363383229  0.7875866
5228.43099430209  0.8262997
5228.47835164102  0.7837612
5228.52570584886  0.77793
5228.57305692543  0.8485212
5228.62040487051  0.8031393
5228.6677496839  0.8591984
5228.71509136541  0.9011622
5228.76242991483  0.9063677
5228.80976533195  1.023465
5228.85709761659  0.8955644
5228.90442676853  0.9190477
5228.95175278758  0.8771176
5228.99907567353  0.9688342
5229.04639542618  0.9538352
5229.09371204533  1.003013
5229.14102553078  0.8490008
5229.18833588233  1.032987
5229.23564309977  0.9384618
5229.28294718291  1.006102
5229.33024813154  0.9926599
5229.37754594547  1.042145
5229.42484062449  0.8958789
5229.4721321684  1.011793
5229.519420577  0.9571182
5229.56670585008  0.9273966
5229.61398798746  0.9047875
5229.66126698893  0.9443534
5229.70854285427  1.053333
5229.75581558331  1.02916
5229.80308517583  1.052497
5229.85035163164  0.9153979
5229.89761495053  1.020629
5229.9448751323  1.077455
5229.99213217675  1.065651
5230.03938608369  1.047823
5230.08663685291  1.095812
5230.13388448421  1.01193
5230.18112897739  1.015074
5230.22837033225  0.9839938
5230.2756085486  1.077134
5230.32284362622  0.9324176
5230.37007556492  0.9448198
5230.4173043645  0.9453664
5230.46453002477  0.8483657
5230.51175254551  0.9065698
5230.55897192653  0.8966175
5230.60618816763  0.9208446
5230.65340126862  0.7947821
5230.70061122928  0.9220434
5230.74781804942  0.9276291
5230.79502172885  0.8803698
5230.84222226735  0.9471769
5230.88941966473  0.8895603
5230.9366139208  0.8350525
5230.98380503535  0.8891429
5231.03099300818  0.869
5231.0781778391  0.8628437
5231.12535952789  0.8767584
5231.17253807438  0.9055561
5231.21971347834  0.8589053
5231.2668857396  0.8869389
5231.31405485793  0.8758351
5231.36122083316  0.9616305
5231.40838366507  0.9872385
5231.45554335348  0.9718678
5231.50269989817  1.011874
5231.54985329895  1.005162
5231.59700355563  1.020917
5231.64415066799  1.022393
5231.69129463586  1.031296
5231.73843545901  0.9514803
5231.78557313726  1.018589
5231.83270767041  0.972206
5231.87983905826  1.020768
5231.92696730061  0.9827096
5231.97409239725  0.9658874
5232.02121434801  1.050754
5232.06833315266  1.027811
5232.11544881102  1.002123
5232.16256132289  1.021013
5232.20967068807  1.009595
5232.25677690635  1.035338
5232.30387997756  0.9905308
5232.35097990147  1.048807
5232.3980766779  1.17665
5232.44517030665  1.072527
5232.49226078751  1.075881
5232.5393481203  1.054888
5232.58643230481  1.112803
5232.63351334084  0.984315
5232.68059122821  1.079913
5232.7276659667  1.045081
5232.77473755612  0.9598614
5232.82180599628  1.069922
5232.86887128697  1.005517
5232.915933428  0.9756937
5232.96299241917  1.065252
5233.01004826029  1.003296
5233.05710095115  1.048127
5233.10415049155  1.077044
5233.15119688131  1.019411
5233.19824012022  0.9691566
5233.24528020808  0.9578614
5233.29231714471  0.8776814
5233.33935092989  0.8169392
5233.38638156343  0.9134644
5233.43340904515  0.8789882
5233.48043337483  0.8869616
5233.52745455228  0.7824271
5233.57447257731  0.7698614
5233.62148744972  0.9144104
5233.6684991693  0.7797822
5233.71550773587  0.8295274
5233.76251314923  0.8214872
5233.80951540917  0.7781827
5233.85651451551  0.8189291
5233.90351046804  0.8053159
5233.95050326658  0.7981774
5233.99749291091  0.7502055
5234.04447940086  0.767759
5234.09146273621  0.8297546
5234.13844291677  0.76467
5234.18541994235  0.7501673
5234.23239381276  0.8292784
5234.27936452778  0.8704667
5234.32633208723  0.8719904
5234.37329649092  0.8980108
5234.42025773863  0.9168519
5234.46721583019  0.8853222
5234.51417076539  0.8962166
5234.56112254403  0.9372433
5234.60807116593  0.908792
5234.65501663087  0.9106496
5234.70195893868  0.9633378
5234.74889808914  1.070329
5234.79583408207  1.041715
5234.84276691728  0.9641921
5234.88969659455  0.985452
5234.93662311371  1.048552
5234.98354647454  1.078835
5235.03046667687  0.9484941
5235.07738372049  0.9211451
5235.1242976052  0.9442993
5235.1712083308  0.9901164
5235.21811589712  0.9302068
5235.26502030394  0.8866037
5235.31192155108  0.8457222
5235.35881963834  0.9068932
5235.40571456552  0.976088
5235.45260633242  0.9544185
5235.49949493886  0.9854206
5235.54638038464  0.9026275
5235.59326266956  0.9427861
5235.64014179342  0.8683178
5235.68701775603  0.9219294
5235.73389055721  0.8660692
5235.78076019674  0.9032315
5235.82762667445  0.8576455
5235.87448999012  0.8622037
5235.92135014357  0.8220989
5235.9682071346  0.9151317
5236.01506096302  0.8568455
5236.06191162863  0.8079689
5236.10875913125  0.9240968
5236.15560347066  0.9232065
5236.20244464669  0.9222631
5236.24928265912  0.8529243
5236.29611750778  0.9086047
5236.34294919246  0.8891672
5236.38977771298  0.9952832
5236.43660306913  0.991141
5236.48342526072  0.960566
5236.53024428756  0.9225211
5236.57706014946  0.9197357
5236.62387284621  0.9301798
5236.67068237763  0.945921
5236.71748874353  0.9341996
5236.7642919437  1.000519
5236.81109197795  0.8903205
5236.85788884609  0.9057191
5236.90468254793  0.9556357
5236.95147308327  0.944366
5236.99826045192  1.041586
5237.04504465369  0.9895857
5237.09182568837  1.030314
5237.13860355578  0.9922124
5237.18537825572  1.031145
5237.23214978801  0.9795392
5237.27891815244  0.9255875
5237.32568334882  1.012054
5237.37244537696  1.010874
5237.41920423667  0.938062
5237.46595992775  1.051833
5237.51271245  1.036098
5237.55946180325  0.992551
5237.60620798729  1.003305
5237.65295100192  0.9061753
5237.69969084696  1.012847
5237.74642752222  0.9630387
5237.7931610275  0.9932555
5237.8398913626  0.9772905
5237.88661852734  0.9465123
5237.93334252152  0.9879129
5237.98006334495  1.055453
5238.02678099743  0.9806467
5238.07349547877  0.978489
5238.12020678879  0.9560292
5238.16691492728  0.9786945
5238.21361989406  0.920401
5238.26032168893  0.9992834
5238.3070203117  0.9511036
5238.35371576218  1.039701
5238.40040804017  0.9951844
5238.44709714548  0.8968035
5238.49378307793  1.028309
5238.54046583731  0.9541651
5238.58714542344  1.012305
5238.63382183612  0.9657875
5238.68049507516  0.9698438
5238.72716514037  1.050388
5238.77383203155  1.018572
5238.82049574853  1.085091
5238.86715629109  0.9886414
5238.91381365906  1.036445
5238.96046785223  1.013295
5239.00711887042  0.9900063
5239.05376671343  1.05803
5239.10041138108  0.9961172
5239.14705287317  0.9792033
5239.19369118951  1.064671
5239.24032632991  0.9933694
5239.28695829418  1.035779
5239.33358708211  0.9539728
5239.38021269354  1.064604
5239.42683512825  1.009362
5239.47345438607  1.084197
5239.52007046679  1.058839
5239.56668337023  0.9888884
5239.61329309621  0.9918149
5239.65989964451  1.061401
5239.70650301496  1.038997
5239.75310320736  0.9876893
5239.79970022152  1.028032
5239.84629405726  1.072987
5239.89288471437  1.017697
5239.93947219268  1.020496
5239.98605649198  1.02982
5240.03263761209  1.01735
5240.07921555281  1.099041
5240.12579031396  1.040692
5240.17236189535  1.00191
5240.21893029678  0.9714537
5240.26549551806  0.9442061
5240.31205755901  1.002372
5240.35861641943  1.000165
5240.40517209912  0.9239842
5240.45172459792  0.9607468
5240.49827391561  0.9589732
5240.54482005201  0.9414713
5240.59136300693  0.9410195
5240.63790278018  1.105708
5240.68443937157  0.9520676
5240.73097278092  0.9622275
5240.77750300801  0.9889106
5240.82403005268  0.9716237
5240.87055391473  1.019794
5240.91707459397  0.9822865
5240.9635920902  0.9750399
5241.01010640325  0.8706595
5241.05661753291  0.97753
5241.10312547901  0.9768217
5241.14963024134  0.9703371
5241.19613181972  0.9535766
5241.24263021396  0.9241571
5241.28912542388  0.9990051
5241.33561744927  0.9938071
5241.38210628995  0.9028652
5241.42859194574  0.9909118
5241.47507441644  1.056235
5241.52155370186  0.9586559
5241.56802980182  0.9912209
5241.61450271611  0.9887421
5241.66097244457  1.042917
5241.70743898699  1.00501
5241.75390234318  1.023366
5241.80036251297  1.070635
5241.84681949614  1.010921
5241.89327329254  1.104946
5241.93972390194  1.079703
5241.98617132418  1.084406
5242.03261555907  1.078084
5242.0790566064  1.024869
5242.125494466  1.053129
5242.17192913767  1.000012
5242.21836062124  1.115602
5242.26478891649  0.9901119
5242.31121402326  1.080492
5242.35763594135  0.998526
5242.40405467057  1.033447
5242.45047021074  1.051163
5242.49688256166  1.048884
5242.54329172314  1.02154
5242.58969769501  1.041049
5242.63610047706  1.020823
5242.68250006911  1.034365
5242.72889647098  1.047754
5242.77528968247  1.091452
5242.8216797034  0.9939917
5242.86806653359  0.9742037
5242.91445017282  0.9710163
5242.96083062094  0.9511191
5243.00720787773  1.017678
5243.05358194303  1.020485
5243.09995281663  0.992532
5243.14632049835  0.9237671
5243.19268498801  0.9065775
5243.23904628541  0.9248885
5243.28540439037  1.017028
5243.33175930269  0.9593263
5243.3781110222  0.9062506
5243.42445954871  0.8951339
5243.47080488202  0.9817727
5243.51714702196  0.9400141
5243.56348596832  0.9652911
5243.60982172093  0.9158345
5243.6561542796  0.9627728
5243.70248364413  0.934252
5243.74880981435  0.9454548
5243.79513279007  0.9117594
5243.84145257109  0.9070253
5243.88776915723  0.871294
5243.93408254831  0.9346162
5243.98039274414  0.9317408
5244.02669974452  0.9517377
5244.07300354928  0.9883732
5244.11930415823  0.9800786
5244.16560157117  1.018468
5244.21189578793  0.9418294
5244.25818680831  1.006058
5244.30447463213  0.9091465
5244.35075925921  1.034001
5244.39704068935  0.8713213
5244.44331892237  0.9055132
5244.48959395808  0.911657
5244.5358657963  0.8827351
5244.58213443683  0.9316328
5244.6283998795  0.9811977
5244.67466212412  0.9113533
5244.7209211705  0.9652053
5244.76717701845  0.9882561
5244.81342966779  0.9766702
5244.85967911833  0.9861974
5244.90592536988  0.9379869
5244.95216842227  0.9610561
5244.9984082753  1.00008
5245.04464492879  0.982131
5245.09087838255  0.9917378
5245.13710863639  1.054612
5245.18333569014  1.076682
5245.22955954359  1.018954
5245.27578019658  1.017007
5245.32199764891  1.021382
5245.36821190039  1.012337
5245.41442295085  1.0572
5245.46063080009  1.017467
5245.50683544793  1.011732
5245.55303689418  1.110798
5245.59923513867  1.096888
5245.64543018119  1.06336
5245.69162202158  1.020383
5245.73781065964  1.104994
5245.78399609518  1.142909
5245.83017832803  1.023844
5245.87635735799  1.068964
5245.92253318489  1.063046
5245.96870580853  1.083382
5246.01487522874  0.972823
5246.06104144532  1.090283
5246.10720445809  1.082043
5246.15336426687  1.068755
5246.19952087147  0.9922799
5246.24567427171  1.03327
5246.2918244674  1.008986
5246.33797145836  1.116077
5246.38411524439  1.116155
5246.43025582533  1.027308
5246.47639320098  1.058772
5246.52252737117  1.03918
5246.56865833569  1.095882
5246.61478609437  1.048918
5246.66091064704  1.068278
5246.70703199349  1.033455
5246.75315013355  1.045718
5246.79926506702  1.028604
5246.84537679374  1.011931
5246.89148531352  1.038327
5246.93759062616  1.020832
5246.98369273148  1.037836
5247.02979162931  0.9575797
5247.07588731946  0.9907488
5247.12197980174  0.9541522
5247.16806907597  1.025445
5247.21415514197  0.999594
5247.26023799955  1.021495
5247.30631764852  0.9385154
5247.35239408871  0.9633138
5247.39846731993  1.069771
5247.444537342  0.9549934
5247.49060415473  0.9943879
5247.53666775794  0.9507598
5247.58272815145  0.9165951
5247.62878533507  0.9315209
5247.67483930862  0.892027
5247.72089007191  0.9499573
5247.76693762477  0.9622806
5247.81298196701  0.9423974
5247.85902309844  0.8502234
5247.90506101888  0.9233244
5247.95109572816  0.9050934
5247.99712722608  0.8778351
5248.04315551246  0.8729477
5248.08918058713  0.9136128
5248.13520244989  0.9038333
5248.18122110057  0.8692725
5248.22723653898  0.8136336
5248.27324876493  0.8050305
5248.31925777826  0.871794
5248.36526357876  0.8613329
5248.41126616627  0.832666
5248.45726554059  0.8949814
5248.50326170155  0.8937545
5248.54925464896  0.9091857
5248.59524438264  0.9107363
5248.64123090241  0.954241
5248.68721420809  0.876506
5248.73319429948  0.941794
5248.77917117642  0.9254021
5248.82514483871  0.9203191
5248.87111528618  0.8732625
5248.91708251865  0.9247819
5248.96304653592  0.9160674
5249.00900733783  0.9545802
5249.05496492418  0.9116082
5249.10091929479  1.012548
5249.14687044949  1.036226
5249.19281838809  1.052094
5249.23876311041  0.9863214
5249.28470461626  0.9757997
5249.33064290548  1.019955
5249.37657797786  1.034494
5249.42250983324  1.019117
5249.46843847142  1.048726
5249.51436389224  1.046444
5249.5602860955  1.060533
5249.60620508103  1.043964
5249.65212084864  1.032916
5249.69803339816  0.9646148
5249.74394272939  0.9569031
5249.78984884217  0.9874182
5249.8357517363  1.018701
5249.88165141161  1.031889
5249.92754786792  1.001336
5249.97344110504  1.069909
5250.01933112279  1.026008
5250.065217921  1.025916
5250.11110149948  0.9414949
5250.15698185805  0.8753698
5250.20285899652  0.9234485
5250.24873291473  1.023735
5250.29460361249  0.9937116
5250.34047108961  0.9154453
5250.38633534591  0.9273781
5250.43219638122  0.9246389
5250.47805419536  1.020234
5250.52390878814  0.9488767
5250.56976015939  0.9991336
5250.61560830891  0.9869246
5250.66145323654  0.9143382
5250.70729494209  0.9455743
5250.75313342538  0.9334307
5250.79896868624  0.8743577
5250.84480072447  0.9334103
5250.8906295399  0.8961317
5250.93645513236  0.9136521
5250.98227750165  0.9060796
5251.02809664761  0.8916365
5251.07391257004  0.8984759
5251.11972526877  0.8748178
5251.16553474363  0.8531
5251.21134099442  0.8933183
5251.25714402097  0.8546973
5251.3029438231  0.860137
5251.34874040063  0.8476338
5251.39453375339  0.8131233
5251.44032388118  0.8483542
5251.48611078383  0.8567715
5251.53189446116  0.7993338
5251.577674913  0.888359
5251.62345213916  0.8269977
5251.66922613946  0.9080274
5251.71499691372  0.8569055
5251.76076446177  0.8661467
5251.80652878342  0.8831052
5251.85228987849  0.9372997
5251.89804774681  0.9005207
5251.9438023882  0.9181796
5251.98955380247  0.9034292
5252.03530198945  0.9256781
5252.08104694896  0.9948077
5252.12678868082  0.9694216
5252.17252718486  0.9365211
5252.21826246088  0.942099
5252.26399450871  1.036277
5252.30972332818  1.025678
5252.3554489191  0.9865655
5252.40117128131  1.035152
5252.4468904146  0.9544054
5252.49260631882  0.9926862
5252.53831899377  0.9476041
5252.58402843929  1.001701
5252.62973465519  0.94655
5252.6754376413  1.034581
5252.72113739743  0.9759649
5252.76683392341  0.9564769
5252.81252721905  0.9866767
5252.85821728419  1.02699
5252.90390411864  1.023113
5252.94958772222  1.021582
5252.99526809477  0.9682994
5253.04094523608  1.037521
5253.086619146  0.9561028
5253.13228982434  1.010682
5253.17795727092  0.9251734
5253.22362148557  1.014054
5253.26928246811  1.005679
5253.31494021835  1.053041
5253.36059473613  1.020451
5253.40624602126  0.9551405
5253.45189407357  0.999552
5253.49753889287  0.9482691
5253.543180479  1.00286
5253.58881883177  1.022543
5253.634453951  1.02867
5253.68008583653  1.00607
5253.72571448816  1.06576
5253.77133990573  1.016786
5253.81696208905  0.9581696
5253.86258103795  0.9635131
5253.90819675226  0.987713
5253.95380923178  0.9421533
5253.99941847635  0.9201828
5254.0450244858  0.9497516
5254.09062725993  0.9604682
5254.13622679858  0.9864126
5254.18182310157  1.008209
5254.22741616872  0.9695029
5254.27300599985  0.9266703
5254.31859259479  0.9447924
5254.36417595337  1.035892
5254.40975607539  0.8978699
5254.45533296069  0.9412649
5254.50090660909  0.9939526
5254.54647702042  0.9355432
5254.59204419449  0.988149
5254.63760813114  0.8952455
5254.68316883017  0.9352183
5254.72872629143  0.9846536
5254.77428051472  0.9499984
5254.81983149988  0.9774943
5254.86537924673  1.027115
5254.91092375508  1.01093
5254.95646502478  0.9841082
5255.00200305563  0.9763201
5255.04753784747  1.00104
5255.09306940011  1.012804
5255.13859771338  1.078285
5255.18412278711  0.9481875
5255.22964462111  1.067595
5255.27516321522  1.030732
5255.32067856926  0.9808087
5255.36619068305  1.053243
5255.41169955641  0.9861544
5255.45720518917  0.9621712
5255.50270758115  0.9337019
5255.54820673219  0.9363865
5255.59370264209  0.9488173
5255.63919531069  0.9249319
5255.68468473782  0.8996286
5255.73017092328  0.9063587
5255.77565386692  0.8715373
5255.82113356856  0.853837
5255.86661002801  0.8758498
5255.91208324511  0.8370417
5255.95755321967  0.8108091
5256.00301995153  0.839206
5256.04848344051  0.8643618
5256.09394368643  0.8272579
5256.13940068912  0.8136901
5256.1848544484  0.7991481
5256.2303049641  0.8237719
5256.27575223604  0.8703291
5256.32119626405  0.843733
5256.36663704795  0.7886969
5256.41207458757  0.8299705
5256.45750888274  0.8846632
5256.50293993327  0.8494304
5256.548367739  0.8926044
5256.59379229975  0.907301
5256.63921361534  0.9239573
5256.68463168561  1.007736
5256.73004651036  1.001345
5256.77545808944  0.9685888
5256.82086642267  0.9169811
5256.86627150987  0.9688224
5256.91167335087  0.9697984
5256.95707194549  1.04521
5257.00246729356  0.9996227
5257.04785939491  0.9795392
5257.09324824936  1.041182
5257.13863385673  0.9761366
5257.18401621686  0.9730009
5257.22939532957  1.022828
5257.27477119468  0.9518663
5257.32014381202  1.025815
5257.36551318142  1.02222
5257.41087930271  1.026667
5257.4562421757  1.041969
5257.50160180023  1.051278
5257.54695817612  1.076294
5257.5923113032  1.038447
5257.6376611813  0.9675608
5257.68300781024  1.069857
5257.72835118984  0.9808838
5257.77369131994  1.036898
5257.81902820036  1.071716
5257.86436183093  1.037214
5257.90969221147  1.089874
5257.95501934182  1.044697
5258.00034322179  1.02512
5258.04566385121  1.02933
5258.09098122992  1.036252
5258.13629535773  1.008753
5258.18160623448  1.065524
5258.22691385999  1.054116
5258.27221823409  1.009641
5258.31751935661  1.037491
5258.36281722737  0.9614518
5258.4081118462  1.001462
5258.45340321292  1.063658
5258.49869132738  1.046401
5258.54397618938  1.010468
5258.58925779877  1.015177
5258.63453615536  1.034485
5258.67981125898  1.032138
5258.72508310947  0.990459
5258.77035170664  1.022703
5258.81561705034  0.9642548
5258.86087914037  0.9957475
5258.90613797658  1.053522
5258.95139355879  1.104389
5258.99664588683  1.010595
5259.04189496052  1.093047
5259.08714077969  1.016338
5259.13238334417  0.9945032
5259.1776226538  1.011906
5259.22285870839  1.046104
5259.26809150778  1.052619
5259.31332105178  1.069543
5259.35854734024  1.002515
5259.40377037298  1.078753
5259.44899014983  1.082084
5259.49420667061  1.053241
5259.53941993515  1.046126
5259.58462994329  1.081219
5259.62983669485  1.080937
5259.67504018965  0.9736809
5259.72024042754  1.065328
5259.76543740833  1.045969
5259.81063113185  1.081085
5259.85582159794  1.081853
5259.90100880642  1.009865
5259.94619275712  1.073647
5259.99137344986  1.062583
5260.03655088449  1.071333
5260.08172506082  1.039119
5260.12689597869  1.02564
5260.17206363792  1.048532
5260.21722803835  1.028952
5260.26238917979  1.069776
5260.30754706209  0.9979768
5260.35270168507  1.108999
5260.39785304856  1.035675
5260.44300115239  1.01764
5260.48814599639  0.9835252
5260.53328758038  1.047299
5260.5784259042  1.065821
5260.62356096768  1.047438
5260.66869277064  1.040137
5260.71382131291  1.023235
5260.75894659434  1.017696
5260.80406861473  1.044417
5260.84918737393  1.016454
5260.89430287176  0.9332905
5260.93941510805  0.9303891
5260.98452408264  1.001936
5261.02962979535  1.026871
5261.07473224601  1.018572
5261.11983143445  1.011848
5261.1649273605  0.962908
5261.210020024  1.006319
5261.25510942477  0.9436162
5261.30019556264  0.9940172
5261.34527843744  1.006294
5261.390358049  0.9738938
5261.43543439716  1.035682
5261.48050748173  1.007631
5261.52557730256  1.021929
5261.57064385948  1.002053
5261.6157071523  1.002999
5261.66076718087  1.018978
5261.70582394502  1.007489
5261.75087744457  0.9992207
5261.79592767935  1.011288
5261.8409746492  1.004447
5261.88601835395  1.015369
5261.93105879342  1.025361
5261.97609596745  1.011842
5262.02112987587  1.025213
5262.06616051851  1.0202
5262.1111878952  1.015216
5262.15621200577  1.014542
5262.20123285005  0.9531901
5262.24625042787  0.9744472
5262.29126473907  0.9193144
5262.33627578348  0.9548604
5262.38128356091  0.9200613
5262.42628807122  0.9084201
5262.47128931423  0.9577017
5262.51628728976  0.9939966
5262.56128199766  0.8666832
5262.60627343775  0.8626865
5262.65126160986  0.872808
5262.69624651383  0.8746197
5262.74122814948  0.863873
5262.78620651666  0.8623548
5262.83118161518  0.8435408
5262.87615344488  0.7692942
5262.9211220056  0.8735226
5262.96608729716  0.8360803
5263.0110493194  0.8254435
5263.05600807215  0.8114442
5263.10096355523  0.8492521
5263.14591576849  0.8536385
5263.19086471175  0.8132062
5263.23581038485  0.8502681
5263.28075278762  0.8531247
5263.32569191989  0.8666723
5263.37062778149  0.9039963
5263.41556037225  0.8912964
5263.46048969201  0.8517542
5263.5054157406  0.8677854
5263.55033851784  0.8879955
5263.59525802359  0.8229579
5263.64017425766  0.9098534
5263.68508721988  0.8717017
5263.7299969101  0.9081011
5263.77490332814  0.8580465
5263.81980647384  0.858659
5263.86470634702  0.8423253
5263.90960294753  0.9062939
5263.95449627519  0.8722039
5263.99938632983  0.8615649
5264.0442731113  0.8719292
5264.08915661941  0.8489103
5264.13403685401  0.8726447
5264.17891381493  0.9117618
5264.223787502  0.8630756
5264.26865791506  0.872277
5264.31352505393  0.8725214
5264.35838891845  0.8227684
5264.40324950845  0.8869267
5264.44810682377  0.7805176
5264.49296086424  0.8289727
5264.53781162969  0.7632251
5264.58265911996  0.8219976
5264.62750333488  0.8089785
5264.67234427428  0.7869205
5264.717181938  0.7221038
5264.76201632587  0.7530681
5264.80684743772  0.7654651
5264.85167527338  0.7665205
5264.8964998327  0.748775
5264.94132111551  0.792681
5264.98613912162  0.8146569
5265.0309538509  0.8317769
5265.07576530316  0.8302991
5265.12057347823  0.798624
5265.16537837596  0.8257051
5265.21017999618  0.8351375
5265.25497833872  0.8131508
5265.29977340342  0.845851
5265.3445651901  0.8544245
5265.38935369861  0.825303
5265.43413892878  0.7662649
5265.47892088044  0.7946219
5265.52369955342  0.8031753
5265.56847494757  0.8658517
5265.61324706271  0.7604876
5265.65801589868  0.8078747
5265.70278145531  0.8547357
5265.74754373245  0.8642506
5265.79230272991  0.9052228
5265.83705844755  0.8747185
5265.88181088518  0.84049
5265.92656004265  0.9090418
5265.9713059198  0.8900032
5266.01604851645  0.9026997
5266.06078783244  0.8275334
5266.10552386761  0.8372746
5266.15025662178  0.7853
5266.19498609481  0.827447
5266.23971228651  0.8140319
5266.28443519674  0.7995467
5266.32915482531  0.7412832
5266.37387117207  0.7654378
5266.41858423685  0.7480975
5266.46329401948  0.7598147
5266.50800051981  0.7887114
5266.55270373766  0.7726363
5266.59740367288  0.7465703
5266.6421003253  0.732994
5266.68679369475  0.7640107
5266.73148378106  0.739409
5266.77617058408  0.7826649
5266.82085410364  0.7628994
5266.86553433958  0.6833168
5266.91021129173  0.6840008
5266.95488495993  0.7159359
5266.999555344  0.6828779
5267.0442224438  0.7033677
5267.08888625915  0.724852
5267.13354678989  0.6932452
5267.17820403586  0.695767
5267.22285799689  0.7454906
5267.26750867282  0.704427
5267.31215606347  0.7658086
5267.35680016871  0.7278317
5267.40144098835  0.7636649
5267.44607852223  0.8086799
5267.49071277019  0.7872901
5267.53534373206  0.7742917
5267.57997140769  0.8072445
5267.62459579691  0.8307682
5267.66921689955  0.7998318
5267.71383471545  0.8146489
5267.75844924444  0.7993265
5267.80306048638  0.8011838
5267.84766844108  0.8513738
5267.89227310839  0.8399573
5267.93687448815  0.8131513
5267.98147258018  0.863443
5268.02606738433  0.811731
5268.07065890044  0.920514
5268.11524712834  0.9272667
5268.15983206787  0.9800667
5268.20441371886  0.9881434
5268.24899208115  0.9469363
5268.29356715459  0.9343274
5268.33813893899  0.9397094
5268.38270743422  0.9856912
5268.42727264009  0.9607567
5268.47183455645  0.9853026
5268.51639318314  0.9797524
5268.56094851999  1.004395
5268.60550056684  0.9998263
5268.65004932353  1.027192
5268.69459478989  1.035494
5268.73913696577  0.9403352
5268.78367585099  1.014323
5268.82821144541  0.9582182
5268.87274374885  0.9921906
5268.91727276115  1.006717
5268.96179848215  0.9719793
5269.00632091169  1.002121
5269.05084004961  0.9374265
5269.09535589574  0.9629722
5269.13986844992  1.003837
5269.184377712  0.9932196
5269.2288836818  0.995153
5269.27338635917  0.9393995
5269.31788574394  0.934192
5269.36238183595  0.8984371
5269.40687463505  0.9482543
5269.45136414106  0.9487159
5269.49585035384  0.9204801
5269.5403332732  0.9686847
5269.584812899  0.9806889
5269.62928923108  0.8536622
5269.67376226926  0.9684542
5269.71823201339  0.905849
5269.76269846332  0.9043086
5269.80716161886  0.903319
5269.85162147988  0.8118683
5269.89607804619  0.8463145
5269.94053131765  0.8375061
5269.98498129409  0.8140722
5270.02942797535  0.8021512
5270.07387136127  0.7615709
5270.11831145169  0.7804095
5270.16274824644  0.8035585
5270.20718174538  0.7405818
5270.25161194832  0.7336355
5270.29603885512  0.8309935
5270.34046246561  0.7648682
5270.38488277963  0.7810008
5270.42929979703  0.7082204
5270.47371351764  0.7271415
5270.5181239413  0.7196283
5270.56253106784  0.7656756
5270.60693489712  0.6631634
5270.65133542896  0.7328034
5270.69573266321  0.6343065
5270.74012659971  0.6403641
5270.7845172383  0.7155834
5270.82890457881  0.654421
5270.87328862109  0.6438826
5270.91766936498  0.6814308
5270.96204681031  0.6516753
5271.00642095693  0.6319674
5271.05079180467  0.7378962
5271.09515935338  0.6515074
5271.13952360289  0.7525289
5271.18388455305  0.6951537
5271.22824220369  0.7467216
5271.27259655466  0.6969476
5271.3169476058  0.7680025
5271.36129535694  0.7692543
5271.40563980793  0.7612673
5271.4499809586  0.7908451
5271.4943188088  0.799769
5271.53865335837  0.8184528
5271.58298460714  0.8298478
5271.62731255497  0.8514228
5271.67163720168  0.8017755
5271.71595854712  0.8527104
5271.76027659113  0.8552551
5271.80459133355  0.8516857
5271.84890277422  0.802199
5271.89321091298  0.9088596
5271.93751574967  0.9239995
5271.98181728414  0.9975487
5272.02611551622  1.035556
5272.07041044576  0.9708456
5272.11470207259  1.007201
5272.15899039656  0.9786392
5272.2032754175  1.00722
5272.24755713527  0.9730306
5272.29183554969  1.033951
5272.33611066062  1.03135
5272.38038246789  0.9307522
5272.42465097134  0.9843978
5272.46891617082  1.000997
5272.51317806616  1.051795
5272.55743665721  1.014014
5272.60169194381  0.9978383
5272.6459439258  1.028056
5272.69019260303  1.013566
5272.73443797532  0.9979412
5272.77868004253  1.001105
5272.8229188045  1.031703
5272.86715426107  1.017053
5272.91138641208  0.9664968
5272.95561525737  1.012764
5272.99984079678  0.9567762
5273.04406303016  1.053331
5273.08828195735  0.9998739
5273.13249757819  0.9852909
5273.17670989252  0.9695676
5273.22091890018  0.9688541
5273.26512460102  0.9219165
5273.30932699488  1.07932
5273.3535260816  0.950556
5273.39772186102  0.9744431
5273.44191433299  0.9745239
5273.48610349734  0.9733799
5273.53028935393  0.9588615
5273.57447190258  0.9630688
5273.61865114316  0.9520597
5273.66282707548  0.9426252
5273.70699969941  0.9148588
5273.75116901478  0.9118849
5273.79533502143  0.8938719
5273.83949771922  0.8488212
5273.88365710797  0.8686559
5273.92781318754  0.8467278
5273.97196595776  0.8539034
5274.01611541848  0.9351795
5274.06026156955  0.8868394
5274.10440441079  0.868996
5274.14854394207  0.7936172
5274.19268016322  0.8449821
5274.23681307408  0.7848762
5274.2809426745  0.872747
5274.32506896432  0.8427261
5274.36919194338  0.8807629
5274.41331161153  0.8665946
5274.45742796861  0.9021877
5274.50154101447  0.8401169
5274.54565074894  0.8663968
5274.58975717187  0.8598324
5274.6338602831  0.8729641
5274.67796008249  0.7854512
5274.72205656986  0.9075435
5274.76614974507  0.8960142
5274.81023960796  0.8779711
5274.85432615837  0.8906097
5274.89840939615  0.9746543
5274.94248932113  0.9357728
5274.98656593317  0.9646268
5275.03063923211  0.9972785
5275.07470921779  0.9810082
5275.11877589006  0.9576764
5275.16283924875  1.020256
5275.20689929372  1.032571
5275.2509560248  0.986453
5275.29500944185  0.9696862
5275.33905954471  1.024095
5275.38310633322  0.9604779
5275.42714980722  0.9201813
5275.47118996656  0.9629063
5275.51522681108  0.9827812
5275.55926034063  0.9911466
5275.60329055506  0.9210832
5275.6473174542  0.8988376
5275.69134103791  0.9327202
5275.73536130602  0.9149714
5275.77937825838  0.852546
5275.82339189484  0.8954003
5275.86740221524  0.8921733
5275.91140921942  0.8361632
5275.95541290724  0.8184316
5275.99941327853  0.8878524
5276.04341033314  0.8851367
5276.08740407092  0.8765467
5276.1313944917  0.8467514
5276.17538159534  0.8658628
5276.21936538169  0.8553287
5276.26334585057  0.7856446
5276.30732300185  0.8073091
5276.35129683537  0.7537589
5276.39526735097  0.8078625
5276.43923454849  0.7419928
5276.48319842779  0.7560474
5276.5271589887  0.7302339
5276.57111623108  0.7836334
5276.61507015476  0.7679304
5276.65902075961  0.8127319
5276.70296804545  0.8748863
5276.74691201213  0.7464855
5276.79085265951  0.7798554
5276.83478998743  0.8209574
5276.87872399572  0.7630808
5276.92265468425  0.7773355
5276.96658205285  0.8203312
5277.01050610138  0.8122719
5277.05442682966  0.8585628
5277.09834423757  0.8653229
5277.14225832493  0.8465036
5277.18616909159  0.8232155
5277.23007653741  0.870347
5277.27398066222  0.812092
5277.31788146588  0.8188748
5277.36177894823  0.8781206
5277.40567310911  0.8809116
5277.44956394838  0.966722
5277.49345146588  0.9513707
5277.53733566145  0.9586822
5277.58121653494  0.9599173
5277.62509408621  0.9370356
5277.66896831508  0.9946487
5277.71283922143  1.059098
5277.75670680507  1.045157
5277.80057106588  0.9798284
5277.84443200368  1.041152
5277.88828961834  1.108101
5277.93214390969  1.060777
5277.97599487758  1.028079
5278.01984252187  1.087776
5278.06368684239  1.056634
5278.107527839  1.073358
5278.15136551153  1.106451
5278.19519985985  1.100858
5278.23903088379  1.009591
5278.2828585832  1.048927
5278.32668295794  1.024658
5278.37050400784  1.079516
5278.41432173276  1.00881
5278.45813613253  1.067021
5278.50194720702  0.9768128
5278.54575495607  1.072689
5278.58955937952  1.038274
5278.63336047722  1.05788
5278.67715824902  1.041702
5278.72095269477  1.018993
5278.76474381432  1.068146
5278.80853160751  1.014068
5278.85231607419  1.096663
5278.89609721421  1.076337
5278.93987502742  1.054301
5278.98364951366  1.069459
5279.02742067278  1.037298
5279.07118850464  0.9860325
5279.11495300907  1.068899
5279.15871418594  1.101348
5279.20247203508  1.004174
5279.24622655634  1.021739
5279.28997774957  1.024795
5279.33372561463  1.01777
5279.37747015135  1.011627
5279.42121135959  1.03454
5279.4649492392  1.00534
5279.50868379002  1.079666
5279.5524150119  1.011341
5279.5961429047  1.049208
5279.63986746825  1.048346
5279.68358870242  1.002108
5279.72730660704  1.078426
5279.77102118197  1.018317
5279.81473242705  1.027594
5279.85844034214  0.9975669
5279.90214492708  1.053682
5279.94584618172  0.974396
5279.98954410591  0.9874689
5280.0332386995  0.9728693
5280.07692996235  1.065024
5280.12061789428  1.045858
5280.16430249517  1.028601
5280.20798376486  0.9861153
5280.25166170319  0.9492917
5280.29533631001  0.967681
5280.33900758518  0.9868026
5280.38267552854  1.005897
5280.42634013995  1.001583
5280.47000141925  1.031662
5280.51365936629  0.9341928
5280.55731398093  0.9660802
5280.60096526301  1.041275
5280.64461321237  1.014986
5280.68825782888  0.9586532
5280.73189911238  0.9559507
5280.77553706273  0.9697242
5280.81917167976  0.9307716
5280.86280296333  0.9705755
5280.9064309133  0.9356163
5280.9500555295  0.9177554
5280.99367681179  0.960103
5281.03729476003  0.9715543
5281.08090937405  0.9217777
5281.12452065372  0.9177421
5281.16812859888  0.9065154
5281.21173320938  0.9601898
5281.25533448507  0.8898991
5281.2989324258  0.8348945
5281.34252703143  0.9144077
5281.3861183018  0.9263207
5281.42970623677  0.9066136
5281.47329083617  0.9192134
5281.51687209988  1.004022
5281.56045002772  0.8889583
5281.60402461957  0.9307689
5281.64759587526  0.9403954
5281.69116379465  0.9151824
5281.73472837758  0.9792356
5281.77828962392  0.9472883
5281.82184753351  0.9422451
5281.86540210619  0.9856074
5281.90895334183  0.9681166
5281.95250124027  0.9445267
5281.99604580137  0.999822
5282.03958702497  0.9665348
5282.08312491093  0.9906451
5282.1266594591  0.9601784
5282.17019066932  1.006804
5282.21371854146  0.930089
5282.25724307536  0.9379777
5282.30076427086  0.9690136
5282.34428212784  0.9026706
5282.38779664613  0.8844256
5282.43130782559  0.8491743
5282.47481566607  0.8298144
5282.51832016741  0.9076252
5282.56182132949  0.8410258
5282.60531915213  0.8805547
5282.6488136352  0.8625382
5282.69230477855  0.9145551
5282.73579258203  0.8292305
5282.77927704549  0.9115623
5282.82275816878  0.9008133
5282.86623595176  0.8288267
5282.90971039427  0.8929055
5282.95318149618  0.8748243
5282.99664925732  0.935162
5283.04011367757  0.8869328
5283.08357475675  0.9278339
5283.12703249474  0.9097154
5283.17048689137  0.9095449
5283.21393794651  0.8846278
5283.25738566  0.8617743
5283.30083003171  0.938182
5283.34427106147  0.9407206
5283.38770874914  0.9352123
5283.43114309458  1.002081
5283.47457409764  0.9649032
5283.51800175817  1.01096
5283.56142607602  0.9953188
5283.60484705105  0.9730889
5283.6482646831  0.974948
5283.69167897204  0.9606689
5283.73508991772  1.029093
5283.77849751998  0.9221349
5283.82190177868  0.9771789
5283.86530269367  0.9593142
5283.90870026481  0.9055476
5283.95209449196  0.9767655
5283.99548537495  0.9130497
5284.03887291365  0.9348127
5284.08225710791  0.8742115
5284.12563795758  0.8586159
5284.16901546252  0.8584604
5284.21238962258  0.8605177
5284.25576043761  0.9138964
5284.29912790746  0.8759915
5284.342492032  0.8862018
5284.38585281107  0.908992
5284.42921024453  0.8780487
5284.47256433222  0.8161588
5284.51591507402  0.8890646
5284.55926246976  0.760793
5284.6026065193  0.875522
5284.6459472225  0.811572
5284.6892845792  0.8469593
5284.73261858927  0.8133586
5284.77594925256  0.7932833
5284.81927656892  0.7768562
5284.8626005382  0.7657207
5284.90592116027  0.7984115
5284.94923843497  0.7694554
5284.99255236215  0.8258124
5285.03586294168  0.7921268
5285.07917017341  0.7901993
5285.12247405718  0.783963
5285.16577459286  0.8365891
5285.2090717803  0.8429579
5285.25236561936  0.8584705
5285.29565610988  0.8664879
5285.33894325173  0.9236693
5285.38222704475  0.9040263
5285.42550748881  0.9531429
5285.46878458376  0.9445158
5285.51205832944  0.8649532
5285.55532872573  0.9533784
5285.59859577246  0.8466597
5285.6418594695  0.9626873
5285.6851198167  0.9758714
5285.72837681392  0.9429737
5285.77163046101  0.9407057
5285.81488075783  1.04138
5285.85812770422  0.895474
5285.90137130006  1.005935
5285.94461154518  0.9795618
5285.98784843946  1.004972
5286.03108198273  0.9295474
5286.07431217486  0.980011
5286.11753901571  0.9824086
5286.16076250512  1.052317
5286.20398264296  0.9101156
5286.24719942908  0.9657989
5286.29041286333  1.04845
5286.33362294557  0.9580418
5286.37682967566  0.9802815
5286.42003305345  1.040922
5286.46323307879  1.026146
5286.50642975156  1.011687
5286.54962307159  1.0529
5286.59281303874  1.079311
5286.63599965288  1.081226
5286.67918291385  1.121332
5286.72236282151  0.9570436
5286.76553937573  1.057793
5286.80871257635  1.049548
5286.85188242323  1.046565
5286.89504891622  1.094312
5286.93821205519  1.089346
5286.98137183999  1.059105
5287.02452827048  1.048419
5287.06768134651  1.003946
5287.11083106794  1.091011
5287.15397743462  0.9994717
5287.19712044642  1.053595
5287.24026010318  1.023725
5287.28339640477  1.124835
5287.32652935104  1.091531
5287.36965894185  1.020673
5287.41278517705  1.139003
5287.4559080565  1.132122
5287.49902758007  1.019623
5287.5421437476  1.112929
5287.58525655895  1.036254
5287.62836601398  1.092936
5287.67147211254  1.116276
5287.71457485451  1.059131
5287.75767423972  1.065616
5287.80077026803  1.026576
5287.84386293931  1.141227
5287.88695225342  1.101483
5287.9300382102  0.9871768
5287.97312080952  1.019138
5288.01620005123  1.042033
5288.0592759352  1.045237
5288.10234846127  1.054939
5288.14541762931  0.9824512
5288.18848343917  1.010439
5288.23154589072  1.049532
5288.2746049838  1.018056
5288.31766071828  1.0216
5288.36071309401  1.026224
5288.40376211086  1.048671
5288.44680776867  0.9914321
5288.48985006732  0.9666391
5288.53288900664  1.066557
5288.57592458652  1.062805
5288.61895680679  0.9993337
5288.66198566732  1.006456
5288.70501116797  1.065007
5288.7480333086  1.013855
5288.79105208906  1.056665
5288.83406750921  1.033335
5288.87707956891  0.9972696
5288.92008826802  0.9725307
5288.9630936064  1.069308
5289.0060955839  1.05829
5289.04909420039  0.9560586
5289.09208945571  0.9628893
5289.13508134974  0.9359041
5289.17806988233  0.9514175
5289.22105505334  0.9668353
5289.26403686262  0.9440057
5289.30701531004  0.9652964
5289.34999039545  0.959334
5289.39296211872  0.9452513
5289.43593047969  0.956993
5289.47889547824  0.9117252
5289.52185711422  0.9348797
5289.56481538748  1.059799
5289.6077702979  1.036977
5289.65072184531  0.9674061
5289.6936700296  0.9528137
5289.73661485061  1.034766
5289.7795563082  1.01999
5289.82249440224  1.045244
5289.86542913258  0.9161085
5289.90836049908  0.9508038
5289.9512885016  1.029155
5289.99421314001  0.9209417
5290.03713441415  0.9752874
5290.08005232389  1.018307
5290.12296686909  0.9499616
5290.16587804962  1.035441
5290.20878586532  1.037019
5290.25169031605  1.007264
5290.29459140169  1.031279
5290.33748912208  0.9830122
5290.38038347709  1.054985
5290.42327446658  1.064294
5290.46616209041  1.036435
5290.50904634843  1.021779
5290.55192724051  1.01646
5290.59480476651  1.004005
5290.63767892628  1.028489
5290.68054971969  1.039865
5290.7234171466  1.088932
5290.76628120687  1.094192
5290.80914190036  1.056345
5290.85199922692  1.123927
5290.89485318643  1.012274
5290.93770377873  1.032986
5290.98055100369  1.155328
5291.02339486118  1.028233
5291.06623535104  1.02289
5291.10907247315  1.087807
5291.15190622736  1.049363
5291.19473661353  1.033399
5291.23756363152  0.9562097
5291.2803872812  1.043653
5291.32320756243  1.077903
5291.36602447506  1.06867
5291.40883801896  0.9731766
5291.45164819398  0.9949185
5291.494455  1.024977
5291.53725843686  1.01572
5291.58005850444  1.012669
5291.62285520258  1.036896
5291.66564853117  1.04806
5291.70843849004  1.023937
5291.75122507907  1.119187
5291.79400829812  1.08956
5291.83678814705  1.115828
5291.87956462572  1.107632
5291.92233773399  1.014659
5291.96510747172  0.9761468
5292.00787383878  1.030779
5292.05063683502  1.008542
5292.09339646031  0.9980852
5292.13615271451  1.16308
5292.17890559748  1.057069
5292.22165510908  1.01425
5292.26440124918  1.044954
5292.30714401764  1.056549
5292.34988341431  1.016546
5292.39261943906  1.001645
5292.43535209176  1.166726
5292.47808137226  0.9968989
5292.52080728043  1.111927
5292.56352981612  1.112225
5292.60624897921  1.092483
5292.64896476955  1.047175
5292.69167718701  1.003054
5292.73438623144  0.9840865
5292.77709190271  1.0363
5292.81979420068  1.086791
5292.86249312522  1.037364
5292.90518867619  1.041892
5292.94788085345  0.9949796
5292.99056965686  1.016409
5293.03325508628  1.045864
5293.07593714159  1.036186
5293.11861582263  1.025623
5293.16129112928  1.048567
5293.20396306139  1.056403
5293.24663161883  1.014302
5293.28929680146  1.022148
5293.33195860915  0.9475904
5293.37461704175  0.9737285
5293.41727209914  0.9873759
5293.45992378117  0.9504264
5293.5025720877  1.018713
5293.54521701861  0.9948344
5293.58785857375  1.056955
5293.63049675299  0.9248527
5293.67313155618  0.9554273
5293.7157629832  1.017849
5293.75839103391  0.9168351
5293.80101570817  0.8981736
5293.84363700583  0.9343269
5293.88625492678  0.9714726
5293.92886947087  0.9384643
5293.97148063796  0.9747275
5294.01408842792  0.9848074
5294.05669284061  1.03163
5294.0992938759  1.018437
5294.14189153364  0.9358689
5294.18448581371  0.9760411
5294.22707671597  1.023165
5294.26966424027  1.011081
5294.31224838649  0.9751706
5294.35482915449  1.006032
5294.39740654414  0.9351479
5294.43998055528  1.039172
5294.48255118781  0.9798748
5294.52511844156  0.9993126
5294.56768231642  1.008125
5294.61024281224  0.8987656
5294.65279992889  1.05577
5294.69535366623  0.9647242
5294.73790402413  1.034636
5294.78045100244  0.9547573
5294.82299460105  1.035068
5294.8655348198  0.9776864
5294.90807165857  0.9725618
5294.95060511723  1.06789
5294.99313519562  1.008778
5295.03566189363  0.9596637
5295.0781852111  1.089274
5295.12070514792  1.009519
5295.16322170394  1.047446
5295.20573487903  1.000973
5295.24824467306  0.9724531
5295.29075108588  0.9702364
5295.33325411737  1.07333
5295.37575376738  0.9844723
5295.41825003579  1.0239
5295.46074292246  0.9805757
5295.50323242725  1.023046
5295.54571855004  0.9963969
5295.58820129067  1.055726
5295.63068064903  1.037521
5295.67315662497  1.026643
5295.71562921837  1.015651
5295.75809842908  1.049492
5295.80056425698  0.9504395
5295.84302670192  1.045242
5295.88548576378  0.9649492
5295.92794144241  0.9987687
5295.97039373769  0.9768462
5296.01284264949  0.9301595
5296.05528817765  1.004665
5296.09773032206  0.9836024
5296.14016908258  1.050263
5296.18260445908  1.012529
5296.22503645141  0.9775007
5296.26746505945  1.008905
5296.30989028307  1.005468
5296.35231212212  0.970814
5296.39473057648  0.94012
5296.437145646  0.9935416
5296.47955733057  1.042905
5296.52196563004  1.029633
5296.56437054428  1.049865
5296.60677207315  1.001118
5296.64917021653  1.060507
5296.69156497428  1.003754
5296.73395634627  1.013543
5296.77634433235  0.9268037
5296.81872893241  1.000305
5296.8611101463  1.025931
5296.9034879739  1.006661
5296.94586241506  1.024924
5296.98823346966  0.9631954
5297.03060113757  0.9919716
5297.07296541864  0.9308115
5297.11532631275  0.9852858
5297.15768381977  0.9864973
5297.20003793955  0.9837614
5297.24238867198  0.9445265
5297.28473601691  0.9764128
5297.32707997421  0.9768137
5297.36942054375  0.8969167
5297.4117577254  0.9885808
5297.45409151902  0.8493042
5297.49642192448  0.8608488
5297.53874894166  0.9421489
5297.58107257041  0.9157499
5297.6233928106  0.9773018
5297.6657096621  0.8763136
5297.70802312479  0.904983
5297.75033319852  0.9240394
5297.79263988316  0.9076264
5297.83494317859  0.8472512
5297.87724308467  0.81945
5297.91953960126  0.8971246
5297.96183272824  0.8499733
5298.00412246548  0.8775604
5298.04640881283  0.791575
5298.08869177017  0.8642581
5298.13097133738  0.8003997
5298.1732475143  0.8089104
5298.21552030082  0.8641992
5298.25778969681  0.8613424
5298.30005570212  0.9790724
5298.34231831663  0.8940206
5298.3845775402  0.9185901
5298.42683337272  0.8787679
5298.46908581403  0.8918641
5298.51133486402  0.8982221
5298.55358052255  0.8581955
5298.59582278948  0.8600252
5298.63806166469  0.8355865
5298.68029714806  0.855962
5298.72252923943  0.8108318
5298.76475793868  0.8011438
5298.80698324569  0.8400273
5298.84920516032  0.7689813
5298.89142368244  0.7739724
5298.93363881192  0.7594489
5298.97585054863  0.7197034
5299.01805889243  0.7565808
5299.0602638432  0.7753988
5299.1024654008  0.7128263
5299.14466356511  0.7930243
5299.18685833599  0.7733729
5299.22904971331  0.7764543
5299.27123769694  0.706641
5299.31342228675  0.7657157
5299.35560348261  0.7336355
5299.3977812844  0.7022343
5299.43995569197  0.7213635
5299.4821267052  0.7780153
5299.52429432395  0.756235
5299.56645854811  0.7418982
5299.60861937753  0.850103
5299.65077681209  0.8116183
5299.69293085165  0.7932711
5299.73508149609  0.8458629
5299.77722874528  0.8280954
5299.81937259908  0.7878798
5299.86151305737  0.8771186
5299.90365012001  0.9213644
5299.94578378688  0.987257
5299.98791405785  0.9081763
5300.03004093278  1.00922
5300.07216441154  0.9402788
5300.11428449402  0.9883463
5300.15640118006  0.952608
5300.19851446956  0.9999872
5300.24062436237  0.9743753
5300.28273085836  1.026026
5300.32483395742  0.9809486
5300.3669336594  1.005327
5300.40902996418  1.001402
5300.45112287163  0.9942464
5300.49321238162  1.050566
5300.53529849402  1.024721
5300.5773812087  0.9760744
5300.61946052553  0.9671464
5300.66153644438  1.114697
5300.70360896512  1.012212
5300.74567808763  1.003228
5300.78774381177  1.045931
5300.82980613742  0.9985866
5300.87186506445  1.117653
5300.91392059272  1.004834
5300.95597272211  1.037531
5300.99802145249  1.022498
5301.04006678373  1.02713
5301.0821087157  0.9877552
5301.12414724828  0.9799913
5301.16618238133  0.8933556
5301.20821411472  0.9991866
5301.25024244833  0.9756597
5301.29226738203  1.020864
5301.33428891569  0.9810993
5301.37630704919  0.9511848
5301.41832178238  0.9825436
5301.46033311515  1.048865
5301.50234104737  0.9822947
5301.5443455789  0.9509013
5301.58634670962  0.8655837
5301.62834443941  0.9134129
5301.67033876812  1.030611
5301.71232969565  0.9705592
5301.75431722185  0.9336383
5301.79630134659  0.9630836
5301.83828206976  0.9327836
5301.88025939123  0.9659966
5301.92223331085  0.9190153
5301.96420382852  0.9499828
5302.00617094409  0.9909942
5302.04813465745  0.9224668
5302.09009496846  0.9115766
5302.13205187699  0.8400197
5302.17400538293  0.9061336
5302.21595548613  0.9562668
5302.25790218648  0.9392
5302.29984548385  0.993781
5302.3417853781  0.9262463
5302.38372186911  0.9288012
5302.42565495676  1.052311
5302.46758464092  1.068581
5302.50951092145  1.055198
5302.55143379824  0.9762419
5302.59335327114  0.9458543
5302.63526934005  1.027825
5302.67718200483  0.9660487
5302.71909126535  1.058678
5302.76099712149  0.9848539
5302.80289957312  0.9577084
5302.8447986201  0.8163723
5302.88669426233  0.8787073
5302.92858649966  0.8682436
5302.97047533198  0.8629279
5303.01236075915  0.8322118
5303.05424278105  0.8785568
5303.09612139755  0.8761
5303.13799660853  0.8849868
5303.17986841386  0.8787496
5303.2217368134  0.9567754
5303.26360180705  0.9162955
5303.30546339466  0.8951489
5303.34732157612  0.7875252
5303.38917635129  0.8665597
5303.43102772005  1.019793
5303.47287568228  0.9582548
5303.51472023785  0.8856229
5303.55656138662  0.8930906
5303.59839912849  0.9054245
5303.64023346331  0.8710143
5303.68206439096  0.8910987
5303.72389191133  0.9484226
5303.76571602428  0.9598382
5303.80753672968  0.8511599
5303.84935402741  0.9101732
5303.89116791734  0.9761887
5303.93297839936  0.9679111
5303.97478547332  1.019271
5304.01658913912  1.031765
5304.05838939661  1.0537
5304.10018624568  1.064299
5304.14197968621  1.111041
5304.18376971805  1.084562
5304.2255563411  1.001623
5304.26733955522  0.9801777
5304.30911936029  1.075635
5304.35089575618  1.014542
5304.39266874277  0.9994213
5304.43443831994  1.005989
5304.47620448755  1.070556
5304.51796724548  0.9403495
5304.55972659362  1.019642
5304.60148253182  1.039961
5304.64323505997  0.9650657
5304.68498417795  1.001536
5304.72672988562  0.9750202
5304.76847218287  1.048575
5304.81021106956  0.9571806
5304.85194654558  1.054547
5304.8936786108  0.920983
5304.93540726509  1.044177
5304.97713250833  1.01333
5305.0188543404  0.9876649
5305.06057276116  1.044923
5305.1022877705  0.9636344
5305.1439993683  1.033412
5305.18570755442  1.013951
5305.22741232874  1.073822
5305.26911369114  1.036544
5305.3108116415  1.082335
5305.35250617968  0.9055063
5305.39419730558  1.01118
5305.43588501905  1.075242
5305.47756931998  1.059984
5305.51925020824  0.9848719
5305.56092768372  0.9994074
5305.60260174628  1.04435
5305.6442723958  1.047469
5305.68593963216  0.9857655
5305.72760345523  1.098924
5305.7692638649  1.04959
5305.81092086103  1.123308
5305.8525744435  1.005754
5305.89422461219  1.099653
5305.93587136698  1.017572
5305.97751470774  1.046081
5306.01915463435  1.078825
5306.06079114668  1.081439
5306.10242424462  1.091651
5306.14405392803  0.9578649
5306.1856801968  0.9798813
5306.2273030508  1.058574
5306.26892248991  0.9760276
5306.31053851401  0.9530316
5306.35215112297  1.017885
5306.39376031667  1.081096
5306.43536609498  0.9599034
5306.47696845779  1.030338
5306.51856740497  1.072085
5306.56016293639  0.949115
5306.60175505194  1.026385
5306.64334375149  1.0435
5306.68492903492  0.9957203
5306.72651090211  1.080326
5306.76808935293  1.044415
5306.80966438726  0.9840011
5306.85123600498  1.012008
5306.89280420596  1.008011
5306.93436899009  0.9567081
5306.97593035724  1.049905
5307.01748830729  0.9332201
5307.05904284011  1.046928
5307.10059395559  0.995785
5307.1421416536  1.016924
5307.18368593402  1.017897
5307.22522679672  1.016683
5307.26676424159  0.9998962
5307.30829826851  1.051564
5307.34982887734  0.9406357
5307.39135606797  1.048183
5307.43287984028  0.9138423
5307.47440019414  1.11236
5307.51591712944  1.110801
5307.55743064605  1.070093
5307.59894074385  1.025364
5307.64044742272  1.026285
5307.68195068253  0.947235
5307.72345052316  1.041861
5307.7649469445  0.9589622
5307.80643994642  0.9138669
5307.8479295288  0.9322719
5307.88941569152  0.8662848
5307.93089843445  0.9029014
5307.97237775748  0.9635025
5308.01385366049  1.038302
5308.05532614335  0.9370779
5308.09679520593  0.9764962
5308.13826084813  1.013938
5308.17972306982  0.8373065
5308.22118187088  0.9384541
5308.26263725118  0.9818468
5308.30408921061  0.9739757
5308.34553774905  1.018085
5308.38698286637  0.9203935
5308.42842456245  0.8866465
5308.46986283718  0.9737018
5308.51129769042  0.9852618
5308.55272912207  0.8843133
5308.594157132  1.017698
5308.63558172009  0.9184104
5308.67700288621  0.9449274
5308.71842063026  0.8773928
5308.7598349521  0.8420737
5308.80124585162  1.051183
5308.8426533287  0.8661282
5308.88405738321  1.034778
5308.92545801504  0.934194
5308.96685522407  0.937516
5309.00824901017  1.025363
5309.04963937323  0.9692011
5309.09102631312  1.005938
5309.13240982973  1.06267
5309.17378992294  0.9737028
5309.21516659262  1.034865
5309.25653983865  1.015287
5309.29790966092  1.069424
5309.33927605931  0.9005346
5309.38063903369  0.9554239
5309.42199858395  0.9300281
5309.46335470996  1.017686
5309.50470741161  1.049726
5309.54605668877  0.995662
5309.58740254134  1.001464
5309.62874496918  1.032062
5309.67008397218  1.021507
5309.71141955021  0.9155493
5309.75275170317  1.015157
5309.79408043093  1.075703
5309.83540573336  1.0657
5309.87672761036  0.9935979
5309.9180460618  1.035634
5309.95936108756  1.032818
5310.00067268752  1.066393
5310.04198086157  1.060863
5310.08328560959  1.093037
5310.12458693145  1.021481
5310.16588482704  0.9757755
5310.20717929623  1.057308
5310.24847033892  1.032172
5310.28975795498  1.048726
5310.33104214429  0.923015
5310.37232290673  0.9963889
5310.41360024218  0.9365568
5310.45487415053  1.105774
5310.49614463166  0.9462301
5310.53741168544  1.054327
5310.57867531177  1.051118
5310.61993551052  1.080588
5310.66119228157  1.058714
5310.7024456248  0.9204884
5310.74369554011  1.163686
5310.78494202736  1.020988
5310.82618508643  1.052024
5310.86742471722  0.9950353
5310.90866091961  1.14099
5310.94989369346  1.053129
5310.99112303868  1.074962
5311.03234895513  1.018412
5311.07357144271  1.00622
5311.11479050129  1.138905
5311.15600613075  0.9913284
5311.19721833098  1.054838
5311.23842710186  1.084027
5311.27963244327  1.047915
5311.3208343551  0.9799305
5311.36203283722  1.097195
5311.40322788952  0.8892428
5311.44441951188  0.9337087
5311.48560770419  1.039757
5311.52679246632  1.024365
5311.56797379816  1.046603
5311.60915169959  1.012821
5311.6503261705  1.066418
5311.69149721076  1.038342
5311.73266482026  0.9900188
5311.77382899888  0.935846
5311.81498974651  1.036666
5311.85614706303  1.101533
5311.89730094831  0.9757587
5311.93845140225  1.040707
5311.97959842473  0.9530558
5312.02074201562  0.9480249
5312.06188217482  1.042103
5312.10301890221  0.9445792
5312.14415219766  1.02804
5312.18528206107  1.081788
5312.22640849231  0.899922
5312.26753149127  1.015202
5312.30865105783  1.037613
5312.34976719188  1.070499
5312.39087989329  1.009078
5312.43198916196  1.066034
5312.47309499777  0.8624496
5312.51419740059  0.9926094
5312.55529637032  0.9567269
5312.59639190684  0.9385329
5312.63748401002  1.086418
5312.67857267976  1.03949
5312.71965791594  0.9978292
5312.76073971844  1.045607
5312.80181808715  0.9665655
5312.84289302195  1.025505
5312.88396452272  1.010442
5312.92503258934  1.108644
5312.96609722172  0.9911744
5313.00715841971  1.074229
5313.04821618322  0.9145293
5313.08927051212  1.065287
5313.1303214063  1.045424
5313.17136886565  1.103399
5313.21241289004  1.077323
5313.25345347936  1.018645
5313.29449063351  1.062471
5313.33552435234  1.055824
5313.37655463577  1.010414
5313.41758148367  1.029536
5313.45860489592  0.9654543
5313.49962487241  0.9181374
5313.54064141302  0.9982392
5313.58165451764  1.104127
5313.62266418616  0.9983226
5313.66367041845  0.9927344
5313.70467321441  0.9172562
5313.74567257392  0.9759246
5313.78666849686  0.9925414
5313.82766098311  0.9369591
5313.86865003258  0.969271
5313.90963564512  0.9378862
5313.95061782065  1.025971
5313.99159655903  0.9810942
5314.03257186015  1.109718
5314.07354372391  0.9906266
5314.11451215018  0.9504966
5314.15547713885  0.8362707
5314.1964386898  1.011189
5314.23739680293  0.9065625
5314.27835147811  1.044713
5314.31930271523  1.010539
5314.36025051419  0.9549548
5314.40119487485  1.004087
5314.44213579712  1.034275
5314.48307328087  0.9523864
5314.52400732599  1.054682
5314.56493793236  0.9545145
5314.60586509988  0.9913977
5314.64678882843  1.025186
5314.68770911789  0.840722
5314.72862596815  1.028772
5314.7695393791  0.9503963
5314.81044935062  1.000356
5314.8513558826  0.9642876
5314.89225897492  0.8848738
5314.93315862747  0.9457885
5314.97405484015  0.9125373
5315.01494761282  0.8958869
5315.05583694539  0.866142
5315.09672283773  0.8788167
5315.13760528973  1.069433
5315.17848430129  1.033672
5315.21935987228  1.060449
5315.26023200259  0.886858
5315.30110069211  0.9390568
5315.34196594073  1.158995
5315.38282774833  0.9209934
5315.4236861148  0.8743571
5315.46454104003  0.9993922
5315.5053925239  0.9341279
5315.5462405663  1.038565
5315.58708516711  0.8834753
5315.62792632623  0.9908714
5315.66876404355  1.011013
5315.70959831894  0.9578214
5315.75042915229  0.9354364
5315.7912565435  1.074572
5315.83208049245  0.884055
5315.87290099902  0.8841085
5315.91371806311  0.9664821
5315.9545316846  1.016115
5315.99534186338  0.9721346
5316.03614859934  0.9341507
5316.07695189236  0.9604753
5316.11775174233  1.105359
5316.15854814915  0.9538321
5316.19934111269  1.030876
5316.24013063284  0.8824052
5316.2809167095  0.9166245
5316.32169934254  0.9762091
5316.36247853187  1.109771
5316.40325427736  1.035701
5316.4440265789  0.9892974
5316.48479543639  0.9483888
5316.52556084971  0.9771856
5316.56632281874  0.9259838
5316.60708134338  1.072422
5316.64783642351  1.024812
5316.68858805903  0.9460677
5316.72933624981  1.051905
5316.77008099576  0.9949008
5316.81082229675  0.9676515
5316.85156015268  1.008121
5316.89229456343  1.129197
5316.93302552889  1.086585
5316.97375304895  1.153079
5317.01447712351  0.9174458
5317.05519775244  0.7972762
