5380.32910894142  0.9363448
5380.37888856326  0.9422059
5380.42866501677  1.009168
5380.47843830175  1.045991
5380.52820841798  0.891254
5380.57797536522  1.03023
5380.62773914326  0.9998729
5380.67749975188  0.9267508
5380.72725719086  0.9677894
5380.77701145997  0.8775872
5380.82676255899  0.9855928
5380.8765104877  0.9539549
5380.92625524589  0.9671265
5380.97599683332  0.941182
5381.02573524979  1.005906
5381.07547049506  1.001747
5381.12520256891  1.136209
5381.17493147113  1.061895
5381.22465720149  1.061213
5381.27437975978  0.9190629
5381.32409914577  1.029184
5381.37381535923  1.019518
5381.42352839996  0.9783678
5381.47323826773  1.040396
5381.52294496232  0.8801529
5381.5726484835  0.8869308
5381.62234883106  0.9905575
5381.67204600478  0.9620827
5381.72174000444  1.057932
5381.7714308298  0.8929198
5381.82111848067  0.9472503
5381.87080295681  0.9457563
5381.920484258  1.024434
5381.97016238403  0.9088042
5382.01983733467  1.002171
5382.06950910971  0.9178612
5382.11917770892  1.021197
5382.16884313208  0.9342252
5382.21850537898  0.9441193
5382.26816444939  0.9132186
5382.31782034309  0.9399965
5382.36747305987  0.9755712
5382.4171225995  0.9806722
5382.46676896176  0.8773209
5382.51641214644  0.9772492
5382.56605215331  0.9781077
5382.61568898216  0.9958823
5382.66532263276  1.058444
5382.71495310489  0.9767291
5382.76458039835  1.072819
5382.81420451289  1.014894
5382.86382544832  0.9499595
5382.9134432044  1.039082
5382.96305778092  1.020292
5383.01266917766  1.046459
5383.0622773944  1.032065
5383.11188243091  0.9459423
5383.16148428699  1.130394
5383.21108296241  1.065887
5383.26067845695  1.032362
5383.3102707704  1.063986
5383.35985990253  0.9525211
5383.40944585312  1.032948
5383.45902862197  0.9709366
5383.50860820884  0.9288322
5383.55818461352  1.025888
5383.60775783579  0.9604288
5383.65732787543  0.9869647
5383.70689473222  1.03183
5383.75645840595  0.9856743
5383.80601889639  0.9625562
5383.85557620333  0.8419456
5383.90513032655  0.8269848
5383.95468126583  0.9173554
5384.00422902095  0.8259229
5384.0537735917  0.8830697
5384.10331497785  0.8229569
5384.15285317919  0.8959485
5384.20238819549  0.8963529
5384.25192002655  0.9556872
5384.30144867214  0.8748693
5384.35097413204  0.8510646
5384.40049640604  0.9402971
5384.45001549392  0.9253403
5384.49953139546  0.8958045
5384.54904411044  0.9228591
5384.59855363864  0.935922
5384.64805997986  0.8891373
5384.69756313386  0.9549103
5384.74706310043  0.9159533
5384.79655987936  0.9243314
5384.84605347042  1.028587
5384.8955438734  0.8822047
5384.94503108809  0.9788616
5384.99451511426  1.018345
5385.04399595169  0.9564179
5385.09347360017  1.075887
5385.14294805949  0.9957023
5385.19241932941  1.048639
5385.24188740974  1.123087
5385.29135230024  1.108289
5385.34081400071  1.035994
5385.39027251092  1.068117
5385.43972783067  1.014483
5385.48917995972  1.102723
5385.53862889787  1.073394
5385.5880746449  1.046451
5385.63751720059  1.113587
5385.68695656472  1.007859
5385.73639273708  1.167953
5385.78582571745  1.091664
5385.83525550562  1.128597
5385.88468210136  1.086442
5385.93410550446  1.057496
5385.98352571471  1.018995
5386.03294273188  1.014159
5386.08235655577  1.001609
5386.13176718615  1.013918
5386.18117462281  1.048125
5386.23057886553  1.040345
5386.2799799141  0.9987698
5386.3293777683  1.103604
5386.37877242791  1.075942
5386.42816389272  1.077538
5386.47755216252  1.061218
5386.52693723708  1.061962
5386.57631911618  1.085575
5386.62569779962  1.050177
5386.67507328719  1.113507
5386.72444557865  0.9988039
5386.77381467379  1.064018
5386.82318057241  1.041655
5386.87254327428  1.045241
5386.9219027792  1.037788
5386.97125908693  1.008659
5387.02061219728  1.051627
5387.06996211001  1.018369
5387.11930882493  1.031135
5387.1686523418  1.073627
5387.21799266043  0.9282514
5387.26732978058  0.9993619
5387.31666370205  1.040996
5387.36599442462  0.997521
5387.41532194807  1.095157
5387.46464627219  1.041836
5387.51396739678  0.9777786
5387.5632853216  0.9234753
5387.61260004644  1.040625
5387.6619115711  1.068815
5387.71121989535  0.9398422
5387.76052501898  0.9794196
5387.80982694178  1.023927
5387.85912566353  1.062491
5387.90842118401  1.074759
5387.95771350302  1.026961
5388.00700262033  1.134862
5388.05628853574  1.033499
5388.10557124902  1.002959
5388.15485075997  1.009074
5388.20412706836  1.011498
5388.253400174  0.9289855
5388.30267007665  1.079651
5388.3519367761  0.9632149
5388.40120027215  0.9631863
5388.45046056458  1.092907
5388.49971765317  1.031667
5388.5489715377  1.079404
5388.59822221798  1.045053
5388.64746969378  1.019237
5388.69671396488  1.036411
5388.74595503108  1.03902
5388.79519289215  1.047439
5388.84442754789  1.012247
5388.89365899808  0.9869451
5388.94288724252  1.006333
5388.99211228097  0.980985
5389.04133411324  0.9996906
5389.0905527391  0.9760993
5389.13976815835  1.089675
5389.18898037077  1.004017
5389.23818937615  0.9942667
5389.28739517427  1.095513
5389.33659776491  0.9898863
5389.38579714788  0.9945927
5389.43499332295  1.095815
5389.48418628991  1.025621
5389.53337604854  0.9936854
5389.58256259865  1.006422
5389.63174594  1.035261
5389.68092607239  1.027049
5389.7301029956  0.9692059
5389.77927670943  1.047591
5389.82844721365  1.001005
5389.87761450806  0.9981732
5389.92677859245  1.036965
5389.97593946659  1.008503
5390.02509713029  1.027061
5390.07425158332  1.003446
5390.12340282547  1.003301
5390.17255085653  1.020628
5390.22169567629  0.9172856
5390.27083728454  0.9670036
5390.31997568106  0.9953455
5390.36911086564  0.9752628
5390.41824283806  1.007736
5390.46737159813  0.9594651
5390.51649714561  0.9160867
5390.56561948031  0.9470102
5390.61473860201  1.006742
5390.66385451049  0.9987831
5390.71296720555  0.9407794
5390.76207668697  0.9520981
5390.81118295455  0.9783378
5390.86028600806  0.9949875
5390.9093858473  0.9195702
5390.95848247206  0.9986268
5391.00757588212  1.022356
5391.05666607727  0.9601152
5391.1057530573  0.95595
5391.154836822  0.986477
5391.20391737116  1.025839
5391.25299470457  0.9822975
5391.30206882201  1.018695
5391.35113972327  0.989788
5391.40020740814  0.9538322
5391.44927187642  1.037336
5391.49833312788  1.069361
5391.54739116232  1.047737
5391.59644597952  1.007864
5391.64549757928  0.9766703
5391.69454596139  1.048162
5391.74359112563  1.037871
5391.79263307179  0.9530544
5391.84167179966  1.046181
5391.89070730903  1.013168
5391.93973959969  0.9441001
5391.98876867143  0.9581337
5392.03779452403  0.9148406
5392.08681715729  0.9295155
5392.135836571  0.9828577
5392.18485276495  0.9496385
5392.23386573892  0.9007114
5392.2828754927  0.8990951
5392.33188202609  0.926446
5392.38088533887  0.8816141
5392.42988543083  0.9448342
5392.47888230177  0.937035
5392.52787595147  0.9343179
5392.57686637972  0.8565199
5392.62585358631  0.9398409
5392.67483757104  0.9879641
5392.72381833368  0.9856977
5392.77279587404  0.9358935
5392.8217701919  1.033917
5392.87074128705  0.9951943
5392.91970915928  0.8629909
5392.96867380838  0.9713094
5393.01763523415  0.9423349
5393.06659343636  1.056322
5393.11554841482  1.01113
5393.16450016931  0.9837906
5393.21344869963  0.968963
5393.26239400555  0.944168
5393.31133608688  0.964362
5393.3602749434  1.027822
5393.40921057491  1.010768
5393.4581429812  0.9711611
5393.50707216205  1.030134
5393.55599811725  1.022481
5393.6049208466  0.9961509
5393.6538403499  0.9489678
5393.70275662692  0.9250414
5393.75166967745  0.9578806
5393.8005795013  0.8866318
5393.84948609825  0.8600052
5393.89838946809  0.9655339
5393.94728961062  0.89548
5393.99618652562  0.9386203
5394.04508021289  0.9036962
5394.09397067221  0.9871634
5394.14285790338  0.8791581
5394.19174190619  0.9040271
5394.24062268043  0.8923869
5394.28950022589  0.8831359
5394.33837454237  0.9442745
5394.38724562965  0.88494
5394.43611348752  0.908418
5394.48497811579  0.8909969
5394.53383951423  0.9708641
5394.58269768265  0.9763245
5394.63155262082  0.954781
5394.68040432855  0.9615368
5394.72925280563  0.9330756
5394.77809805185  0.8917264
5394.82694006699  1.005614
5394.87577885086  0.9533976
5394.92461440324  0.9769093
5394.97344672393  1.040538
5395.02227581271  1.085588
5395.07110166939  1.046005
5395.11992429375  1.002932
5395.16874368558  0.9843553
5395.21755984468  0.9991509
5395.26637277083  0.9124578
5395.31518246384  1.04082
5395.36398892349  0.9850497
5395.41279214958  0.9709007
5395.4615921419  1.054559
5395.51038890024  0.982117
5395.55918242439  0.9852675
5395.60797271414  0.9297711
5395.6567597693  0.9846976
5395.70554358965  0.9277393
5395.75432417498  1.031302
5395.80310152509  0.9510616
5395.85187563977  0.989964
5395.90064651881  1.027537
5395.94941416201  0.9868238
5395.99817856916  0.9678043
5396.04693974005  0.9648032
5396.09569767447  0.9382875
5396.14445237223  0.9869737
5396.1932038331  0.938287
5396.24195205689  1.025574
5396.29069704339  0.9806439
5396.33943879238  0.9987659
5396.38817730367  1.065846
5396.43691257705  1.07443
5396.48564461232  0.9353548
5396.53437340925  0.9729475
5396.58309896766  0.9852622
5396.63182128732  1.112665
5396.68054036805  1.118874
5396.72925620962  1.087564
5396.77796881184  1.057134
5396.82667817449  1.028971
5396.87538429737  1.051512
5396.92408718028  1.036559
5396.972786823  1.028892
5397.02148322534  1.071624
5397.07017638709  0.972347
5397.11886630803  1.078095
5397.16755298798  1.011363
5397.21623642671  1.033164
5397.26491662402  0.9976985
5397.31359357971  0.9533185
5397.36226729357  1.008808
5397.4109377654  1.001937
5397.45960499499  0.9290322
5397.50826898213  0.9762988
5397.55692972662  0.9492611
5397.60558722826  0.9612865
5397.65424148684  0.8395051
5397.70289250214  0.8715203
5397.75154027398  0.8541203
5397.80018480214  0.8130635
5397.84882608641  0.8350315
5397.8974641266  0.7808416
5397.9460989225  0.8670921
5397.99473047389  0.8338202
5398.04335878059  0.7957172
5398.09198384237  0.8168313
5398.14060565904  0.8354443
5398.1892242304  0.8438693
5398.23783955623  0.7592504
5398.28645163633  0.8230404
5398.33506047051  0.8490195
5398.38366605854  0.819362
5398.43226840023  0.8142679
5398.48086749538  0.841239
5398.52946334377  0.8939518
5398.57805594521  0.866201
5398.62664529949  0.8635176
5398.6752314064  0.7978134
5398.72381426575  0.8612376
5398.77239387732  0.91451
5398.82097024091  0.9191613
5398.86954335633  0.9445825
5398.91811322335  0.9522722
5398.96667984179  0.9772424
5399.01524321143  0.9650647
5399.06380333207  0.9471642
5399.11236020352  1.000904
5399.16091382555  0.9359772
5399.20946419798  0.9577618
5399.25801132059  0.9362186
5399.30655519318  0.9759681
5399.35509581555  1.047284
5399.40363318749  0.9371672
5399.45216730881  0.9546033
5399.50069817929  0.9401515
5399.54922579874  0.9929775
5399.59775016695  0.9756136
5399.64627128371  0.9648557
5399.69478914883  0.9664527
5399.74330376209  1.041082
5399.7918151233  1.082925
5399.84032323226  1.025611
5399.88882808875  1.044042
5399.93732969258  0.9391535
5399.98582804355  1.106806
5400.03432314144  1.009054
5400.08281498606  1.033059
5400.13130357721  1.091605
5400.17978891467  1.024498
5400.22827099826  1.008102
5400.27674982776  1.011646
5400.32522540297  1.025641
5400.37369772369  1.08654
5400.42216678972  0.9857119
5400.47063260085  1.008645
5400.51909515689  1.041082
5400.56755445762  0.9713302
5400.61601050285  0.950717
5400.66446329237  1.037468
5400.71291282598  1.021934
5400.76135910349  0.9277859
5400.80980212467  0.9675474
5400.85824188935  0.9887258
5400.9066783973  1.016731
5400.95511164833  0.9927232
5401.00354164224  0.9728268
5401.05196837883  0.9355632
5401.10039185789  0.9295321
5401.14881207922  0.9385396
5401.19722904262  0.9700436
5401.24564274789  0.9179186
5401.29405319482  0.9286161
5401.34246038321  0.8873706
5401.39086431286  0.9902374
5401.43926498358  0.965656
5401.48766239515  0.9514819
5401.53605654738  0.9384772
5401.58444744007  0.8979498
5401.632835073  0.9543069
5401.68121944599  0.9559889
5401.72960055883  0.9244268
5401.77797841132  0.9156229
5401.82635300325  0.9290234
5401.87472433443  0.9061807
5401.92309240465  0.9169679
5401.97145721372  0.9276935
5402.01981876143  0.8954191
5402.06817704757  0.9189208
5402.11653207196  0.9983757
5402.16488383439  1.019115
5402.21323233466  0.9244265
5402.26157757256  0.9753437
5402.30991954789  1.010623
5402.35825826047  1.074067
5402.40659371007  1.020828
5402.45492589651  0.9888072
5402.50325481958  0.9779116
5402.55158047908  0.9797462
5402.59990287481  0.9956816
5402.64822200658  1.066318
5402.69653787417  1.078409
5402.74485047739  1.025599
5402.79315981604  0.9332324
5402.84146588992  1.024969
5402.88976869883  0.9539979
5402.93806824256  1.048467
5402.98636452093  1.012713
5403.03465753371  0.9490089
5403.08294728073  1.028814
5403.13123376177  1.037183
5403.17951697664  0.9931892
5403.22779692514  0.9702638
5403.27607360706  1.066746
5403.32434702221  1.070518
5403.37261717039  1.016236
5403.42088405139  1.031921
5403.46914766502  0.9902593
5403.51740801107  0.9999475
5403.56566508936  1.035647
5403.61391889967  1.032482
5403.66216944181  1.014818
5403.71041671558  1.029896
5403.75866072078  1.014204
5403.80690145721  1.072134
5403.85513892466  1.037031
5403.90337312295  0.9775059
5403.95160405187  1.040639
5403.99983171122  0.9960416
5404.04805610081  0.9676256
5404.09627722043  0.9879067
5404.14449506988  0.9929227
5404.19270964897  1.024723
5404.24092095749  0.9868505
5404.28912899526  0.9752845
5404.33733376206  0.9616472
5404.38553525769  0.9792876
5404.43373348198  0.9580318
5404.4819284347  0.9879358
5404.53012011566  0.9215896
5404.57830852467  0.8716753
5404.62649366152  0.8930265
5404.67467552602  0.8903676
5404.72285411797  0.9149049
5404.77102943717  0.8437122
5404.81920148342  0.8652977
5404.86737025652  0.8955107
5404.91553575628  0.8516335
5404.96369798249  0.8284696
5405.01185693496  0.8129363
5405.06001261348  0.7928355
5405.10816501787  0.8284977
5405.15631414792  0.8788235
5405.20446000344  0.8082952
5405.25260258422  0.82882
5405.30074189008  0.8091346
5405.3488779208  0.8270193
5405.39701067619  0.8243572
5405.44514015606  0.7921839
5405.49326636021  0.8300089
5405.54138928843  0.8390056
5405.58950894054  0.8473592
5405.63762531633  0.8801489
5405.6857384156  0.9551794
5405.73384823817  0.9048568
5405.78195478382  0.965247
5405.83005805237  0.9743797
5405.87815804361  0.9304737
5405.92625475735  0.8907032
5405.97434819339  0.9145531
5406.02243835154  0.9162458
5406.07052523159  0.9075822
5406.11860883335  0.8463813
5406.16668915662  0.9247727
5406.21476620121  0.8863474
5406.26283996691  0.8593708
5406.31091045353  0.9196007
5406.35897766088  0.872899
5406.40704158875  0.8518142
5406.45510223696  0.8352866
5406.50315960529  0.8093817
5406.55121369356  0.7768385
5406.59926450158  0.8715186
5406.64731202912  0.7895516
5406.69535627602  0.7740883
5406.74339724207  0.7814339
5406.79143492707  0.8300905
5406.83946933082  0.8237675
5406.88750045313  0.8169525
5406.93552829381  0.8008821
5406.98355285265  0.8363653
5407.03157412946  0.8058233
5407.07959212405  0.796093
5407.12760683621  0.8500718
5407.17561826576  0.8346087
5407.22362641249  0.9126815
5407.27163127621  0.832798
5407.31963285672  0.9009671
5407.36763115382  0.8749717
5407.41562616733  0.9665503
5407.46361789705  0.9712996
5407.51160634277  0.9817684
5407.5595915043  0.9729764
5407.60757338145  1.023379
5407.65555197403  0.9942921
5407.70352728182  0.982286
5407.75149930465  0.9989887
5407.79946804232  0.976976
5407.84743349462  1.037869
5407.89539566137  0.9284786
5407.94335454236  0.9005442
5407.99131013741  0.958503
5408.03926244631  0.8723445
5408.08721146887  1.006275
5408.1351572049  0.9387416
5408.18309965421  0.9493669
5408.23103881658  0.9285661
5408.27897469184  0.9377833
5408.32690727979  0.924792
5408.37483658022  1.0301
5408.42276259295  0.9610744
5408.47068531779  0.9757268
5408.51860475452  0.9451489
5408.56652090297  0.992548
5408.61443376294  0.9488921
5408.66234333422  0.9501588
5408.71024961663  0.9718214
5408.75815260998  0.9205504
5408.80605231406  0.9676811
5408.85394872868  1.047526
5408.90184185365  1.002247
5408.94973168878  0.9664005
5408.99761823386  0.9506453
5409.04550148871  1.045578
5409.09338145313  0.9984152
5409.14125812693  0.9610267
5409.1891315099  1.010273
5409.23700160187  1.031445
5409.28486840263  0.9926924
5409.33273191199  1.09505
5409.38059212975  1.006152
5409.42844905572  0.9623959
5409.47630268971  1.026563
5409.52415303153  1.026667
5409.57200008097  1.041013
5409.61984383785  0.9627115
5409.66768430197  0.9898603
5409.71552147314  1.038692
5409.76335535117  0.9736971
5409.81118593585  0.8923013
5409.859013227  0.9885845
5409.90683722442  0.9875866
5409.95465792793  0.9713986
5410.00247533732  0.9950514
5410.0502894524  0.9975366
5410.09810027298  0.9202538
5410.14590779887  0.9936772
5410.19371202988  0.8494204
5410.2415129658  0.8834598
5410.28931060645  0.8532318
5410.33710495163  0.890249
5410.38489600115  0.8152835
5410.43268375482  0.8951013
5410.48046821244  0.8575013
5410.52824937383  0.8459572
5410.57602723878  0.8510308
5410.62380180711  0.7770446
5410.67157307862  0.8739612
5410.71934105312  0.8734775
5410.76710573043  0.846863
5410.81486711033  0.8261004
5410.86262519264  0.8811246
5410.91037997718  0.8611028
5410.95813146374  0.901496
5411.00587965214  0.872918
5411.05362454217  0.8492106
5411.10136613366  0.8583321
5411.1491044264  0.846072
5411.19683942021  0.8775911
5411.24457111489  0.8907385
5411.29229951026  0.9207273
5411.3400246061  0.9736761
5411.38774640225  0.9162557
5411.4354648985  0.9138114
5411.48318009466  0.8880602
5411.53089199055  0.9241173
5411.57860058595  0.9243135
5411.6263058807  0.9046261
5411.67400787459  0.8894736
5411.72170656743  0.9486518
5411.76940195904  0.8988461
5411.81709404921  0.8989717
5411.86478283776  0.9126074
5411.91246832449  0.9122999
5411.96015050922  0.9407043
5412.00782939176  0.8970084
5412.0555049719  0.8393747
5412.10317724946  0.9375222
5412.15084622426  0.9113055
5412.19851189608  0.8997784
5412.24617426476  0.8731672
5412.29383333009  0.8970011
5412.34148909188  0.8479775
5412.38914154995  0.9274386
5412.4367907041  0.9235263
5412.48443655413  0.8764595
5412.53207909987  0.9886338
5412.57971834111  1.006589
5412.62735427768  0.9652851
5412.67498690936  1.072511
5412.72261623599  1.022006
5412.77024225736  0.9807835
5412.81786497328  1.056292
5412.86548438356  1.020511
5412.91310048803  1.024764
5412.96071328646  1.017921
5413.0083227787  1.00217
5413.05592896453  0.9782324
5413.10353184378  1.039742
5413.15113141625  1.042113
5413.19872768174  0.9869866
5413.24632064008  1.022821
5413.29391029106  0.981767
5413.34149663451  0.9581586
5413.38907967022  1.004965
5413.43665939801  1.046187
5413.4842358177  1.039506
5413.53180892908  1.06098
5413.57937873197  0.9941841
5413.62694522617  1.029318
5413.67450841151  1.046485
5413.72206828779  1.046749
5413.76962485482  1.044862
5413.81717811241  0.9961739
5413.86472806036  1.045077
5413.9122746985  0.9612781
5413.95981802663  1.068859
5414.00735804456  1.009129
5414.0548947521  1.020735
5414.10242814907  0.9696364
5414.14995823526  1.036202
5414.1974850105  0.9986009
5414.2450084746  0.9912534
5414.29252862736  0.9601232
5414.3400454686  0.9860726
5414.38755899812  1.007472
5414.43506921574  0.9865122
5414.48257612127  0.9866763
5414.53007971452  1.012426
5414.57757999529  0.9766946
5414.62507696341  1.014137
5414.67257061869  1.092749
5414.72006096092  0.9422791
5414.76754798993  1.01722
5414.81503170553  0.981471
5414.86251210752  0.9985794
5414.90998919573  0.9878072
5414.95746296995  0.9836638
5415.00493343001  1.025532
5415.0524005757  1.023459
5415.09986440686  0.984953
5415.14732492327  0.9459692
5415.19478212477  0.9752886
5415.24223601116  0.9978772
5415.28968658224  0.977843
5415.33713383784  0.9686386
5415.38457777777  0.9985448
5415.43201840183  0.9595744
5415.47945570984  0.9719764
5415.52688970161  0.9987029
5415.57432037695  0.921367
5415.62174773568  0.9923892
5415.6691717776  0.980712
5415.71659250253  0.9726707
5415.76400991028  0.9247258
5415.81142400067  0.9019748
5415.8588347735  0.8278829
5415.90624222859  0.9584309
5415.95364636574  0.8649559
5416.00104718478  0.8864479
5416.04844468552  0.8881536
5416.09583886776  0.8460981
5416.14322973132  0.8797799
5416.19061727602  0.8835617
5416.23800150166  0.929216
5416.28538240806  0.8719214
5416.33275999502  0.849266
5416.38013426237  0.9302458
5416.42750520992  0.9218119
5416.47487283748  0.8788579
5416.52223714485  0.9161164
5416.56959813187  0.8567404
5416.61695579833  0.9062563
5416.66431014405  0.8832972
5416.71166116885  0.9329175
5416.75900887253  0.9391422
5416.80635325491  0.9972045
5416.85369431581  0.9754665
5416.90103205504  0.969407
5416.9483664724  1.041367
5416.99569756772  1.023812
5417.0430253408  1.01221
5417.09034979147  1.05918
5417.13767091953  1.014455
5417.1849887248  1.049435
5417.23230320708  1.085647
5417.27961436621  1.07803
5417.32692220198  0.984651
5417.37422671421  1.013125
5417.42152790273  1.038936
5417.46882576733  0.9555245
5417.51612030783  1.024456
5417.56341152406  1.051998
5417.61069941581  1.015582
5417.65798398292  0.9828199
5417.70526522518  1.048701
5417.75254314241  1.032327
5417.79981773444  0.9656716
5417.84708900106  1.03227
5417.89435694211  1.049321
5417.94162155738  0.9795924
5417.9888828467  1.02555
5418.03614080988  1.043854
5418.08339544674  0.9830438
5418.13064675708  1.019405
5418.17789474073  1.026743
5418.2251393975  1.025011
5418.27238072719  0.9956369
5418.31961872964  1.022472
5418.36685340465  1.023754
5418.41408475204  1.017022
5418.46131277161  0.9790998
5418.5085374632  0.9808966
5418.5557588266  0.9926884
5418.60297686164  1.041626
5418.65019156814  1.008786
5418.6974029459  1.051437
5418.74461099474  0.9559326
5418.79181571448  1.030386
5418.83901710493  1.081342
5418.88621516591  1.030138
5418.93340989723  0.9962337
5418.98060129871  1.032494
5419.02778937017  1.048238
5419.07497411141  0.971181
5419.12215552226  1.065477
5419.16933360252  1.019587
5419.21650835203  0.9788648
5419.26367977058  0.9777504
5419.310847858  0.9216349
5419.3580126141  0.9548127
5419.40517403871  0.9882675
5419.45233213162  0.9318066
5419.49948689267  1.001007
5419.54663832166  0.9493553
5419.59378641841  0.9270444
5419.64093118275  0.9584702
5419.68807261447  0.989498
5419.73521071341  1.030177
5419.78234547937  0.9981319
5419.82947691217  1.033514
5419.87660501163  0.9665206
5419.92372977757  0.9267444
5419.9708512098  1.012058
5420.01796930814  1.017125
5420.0650840724  1.055848
5420.1121955024  0.9725292
5420.15930359796  0.9605873
5420.20640835889  1.003536
5420.25350978501  0.9147243
5420.30060787614  0.9547477
5420.34770263209  0.9141841
5420.39479405268  1.044305
5420.44188213773  0.9532725
5420.48896688706  0.9856055
5420.53604830047  0.9887564
5420.58312637779  0.9510055
5420.63020111884  0.9650117
5420.67727252343  1.014899
5420.72434059137  0.9770808
5420.7714053225  1.016121
5420.81846671661  0.9639937
5420.86552477354  1.000759
5420.91257949309  1.034074
5420.95963087509  0.9560161
5421.00667891935  0.9377106
5421.05372362569  0.9484754
5421.10076499393  0.9421501
5421.14780302389  0.9251735
5421.19483771537  0.9493656
5421.2418690682  0.9458634
5421.28889708221  0.9631013
5421.33592175719  0.9581075
5421.38294309298  0.9740518
5421.42996108939  0.9862669
5421.47697574624  0.9023166
5421.52398706334  0.9454226
5421.57099504052  0.9265108
5421.61799967759  0.9527878
5421.66500097437  0.8751797
5421.71199893068  0.9072514
5421.75899354634  0.8917578
5421.80598482116  0.9123948
5421.85297275496  0.8829089
5421.89995734757  0.90764
5421.94693859879  0.9075398
5421.99391650845  0.9262581
5422.04089107636  0.9487479
5422.08786230235  0.9073188
5422.13483018624  0.9389077
5422.18179472783  0.9304273
5422.22875592695  0.9477253
5422.27571378343  0.9539163
5422.32266829706  0.9296174
5422.36961946769  1.006319
5422.41656729512  0.9759113
5422.46351177917  0.9845425
5422.51045291967  0.8730013
5422.55739071643  0.9598029
5422.60432516926  1.03234
5422.651256278  0.9873587
5422.69818404245  0.9546574
5422.74510846244  0.9967148
5422.79202953779  0.9661455
5422.83894726831  0.9856771
5422.88586165383  1.022213
5422.93277269416  0.9561453
5422.97968038913  0.9976849
5423.02658473855  1.007146
5423.07348574224  1.052597
5423.12038340001  1.086678
5423.16727771171  0.9799823
5423.21416867713  0.9952794
5423.2610562961  1.034113
5423.30794056845  1.009757
5423.35482149398  1.042177
5423.40169907252  1.057859
5423.44857330389  0.9715154
5423.49544418791  1.045451
5423.5423117244  1.041798
5423.58917591317  0.9997521
5423.63603675406  1.052894
5423.68289424687  1.014145
5423.72974839144  0.9748629
5423.77659918757  0.9996032
5423.82344663509  1.027974
5423.87029073381  1.034752
5423.91713148357  0.982138
5423.96396888418  0.98586
5424.01080293546  1.03726
5424.05763363723  1.060985
5424.10446098931  1.022523
5424.15128499152  0.9800935
5424.19810564369  0.9879999
5424.24492294562  0.9768131
5424.29173689715  0.9784585
5424.33854749809  0.9353124
5424.38535474827  0.9750918
5424.4321586475  0.9769477
5424.47895919561  0.927969
5424.52575639241  0.9298161
5424.57255023773  0.9368286
5424.6193407314  0.9168865
5424.66612787322  0.9018157
5424.71291166302  0.8473995
5424.75969210062  0.8756871
5424.80646918585  0.8852292
5424.85324291852  0.8840021
5424.90001329845  0.8551112
5424.94678032548  0.8437665
5424.99354399941  0.8070377
5425.04030432007  0.8625527
5425.08706128728  0.7765022
5425.13381490086  0.794157
5425.18056516064  0.800626
5425.22731206643  0.833186
5425.27405561806  0.8539834
5425.32079581534  0.7733859
5425.36753265811  0.8148645
5425.41426614618  0.8086292
5425.46099627937  0.8190837
5425.50772305751  0.8631994
5425.55444648042  0.8483956
5425.60116654792  0.8203713
5425.64788325982  0.8543712
5425.69459661596  0.8992322
5425.74130661616  0.8799527
5425.78801326023  0.9136255
5425.83471654801  0.9143146
5425.8814164793  0.8988759
5425.92811305394  0.9444848
5425.97480627175  0.9423614
5426.02149613254  0.9885471
5426.06818263615  0.9847042
5426.11486578239  0.9474274
5426.16154557109  0.9167306
5426.20822200206  0.959386
5426.25489507514  0.9766165
5426.30156479014  0.9991686
5426.34823114688  0.9935642
5426.3948941452  0.9552518
5426.44155378491  1.000011
5426.48821006583  0.9834433
5426.53486298779  0.9878053
5426.58151255062  0.9769695
5426.62815875412  0.9859634
5426.67480159813  1.016652
5426.72144108247  1.013802
5426.76807720697  0.9750471
5426.81470997144  0.9811745
5426.86133937571  0.9759617
5426.9079654196  0.9797708
5426.95458810294  0.9777235
5427.00120742554  0.9686452
5427.04782338724  1.037832
5427.09443598786  1.056643
5427.14104522721  0.9813466
5427.18765110513  0.9813457
5427.23425362143  1.020467
5427.28085277594  0.9850734
5427.32744856849  1.005363
5427.37404099889  1.003819
5427.42063006697  1.036301
5427.46721577257  1.037828
5427.51379811548  1.020361
5427.56037709555  0.9930384
5427.6069527126  1.01323
5427.65352496645  1.029266
5427.70009385692  1.060522
5427.74665938384  1.014331
5427.79322154703  0.9910901
5427.83978034632  0.9813908
5427.88633578153  1.013084
5427.93288785249  1.021677
5427.97943655902  1.011519
5428.02598190094  1.065963
5428.07252387807  1.06977
5428.11906249026  1.06189
5428.1655977373  1.084064
5428.21212961904  0.9909816
5428.2586581353  0.9559258
5428.3051832859  1.028404
5428.35170507066  1.077984
5428.39822348942  1.072662
5428.44473854199  1.052579
5428.4912502282  1.028359
5428.53775854787  1.001405
5428.58426350084  1.108263
5428.63076508692  1.006544
5428.67726330593  1.035226
5428.72375815772  1.040743
5428.77024964209  0.9659401
5428.81673775888  1.067066
5428.86322250791  1.027732
5428.90970388901  1.032267
5428.95618190199  1.037381
5429.0026565467  1.071706
5429.04912782294  1.045107
5429.09559573055  1.019709
5429.14206026935  1.048476
5429.18852143918  0.9894938
5429.23497923984  0.9964935
5429.28143367118  0.9781943
5429.32788473301  1.030488
5429.37433242516  1.002196
5429.42077674745  1.012391
5429.46721769972  0.9946094
5429.51365528179  1.022011
5429.56008949348  0.9846437
5429.60652033462  0.9565501
5429.65294780503  0.9670116
5429.69937190455  0.9936268
5429.745792633  1.041907
5429.7922099902  0.9663194
5429.83862397598  0.9838696
5429.88503459016  1.013404
5429.93144183259  0.9529806
5429.97784570306  0.9474807
5430.02424620143  0.933435
5430.0706433275  0.9026565
5430.11703708112  0.8439916
5430.16342746209  0.8450061
5430.20981447026  0.8141159
5430.25619810545  0.8454512
5430.30257836748  0.8102447
5430.34895525619  0.7845306
5430.39532877139  0.8014066
5430.44169891292  0.7954833
5430.48806568059  0.7090984
5430.53442907425  0.7698925
5430.58078909371  0.7725978
5430.62714573881  0.7721853
5430.67349900936  0.7704746
5430.7198489052  0.733813
5430.76619542616  0.7797881
5430.81253857205  0.8242106
5430.85887834271  0.8012162
5430.90521473797  0.7196427
5430.95154775765  0.7927069
5430.99787740158  0.7351937
5431.04420366958  0.7721577
5431.0905265615  0.7665598
5431.13684607714  0.861106
5431.18316221634  0.847436
5431.22947497893  0.852504
5431.27578436474  0.8974921
5431.32209037359  0.9001139
5431.3683930053  0.8872355
5431.41469225972  0.9378698
5431.46098813666  0.9299154
5431.50728063596  0.9913861
5431.55356975743  0.9595419
5431.59985550092  0.9514141
5431.64613786624  1.009474
5431.69241685323  1.020136
5431.73869246171  1.070135
5431.78496469152  1.062564
5431.83123354247  1.034076
5431.87749901441  0.9893168
5431.92376110714  1.009651
5431.97001982052  0.9870328
5432.01627515436  1.024688
5432.06252710848  1.04706
5432.10877568273  1.068976
5432.15502087693  1.01788
5432.2012626909  1.00287
5432.24750112448  1.02773
5432.2937361775  1.011211
5432.33996784977  1.073716
5432.38619614114  1.04548
5432.43242105143  1.05189
5432.47864258047  1.047013
5432.52486072808  1.069398
5432.57107549411  0.9966381
5432.61728687837  0.9951388
5432.66349488069  1.076521
5432.70969950091  1.012007
5432.75590073886  1.058918
5432.80209859435  1.04394
5432.84829306723  1.016089
5432.89448415732  0.9884763
5432.94067186445  1.008966
5432.98685618844  0.989958
5433.03303712914  0.9454368
5433.07921468637  0.9111037
5433.12538885995  0.9483951
5433.17155964972  0.9821895
5433.21772705551  0.9520914
5433.26389107714  0.911894
5433.31005171446  0.8972232
5433.35620896727  0.9014084
5433.40236283542  0.9399501
5433.44851331874  0.8895485
5433.49466041706  0.8830312
5433.5408041302  0.9424888
5433.58694445799  0.9051307
5433.63308140027  0.8567889
5433.67921495687  0.8379287
5433.72534512761  0.8630018
5433.77147191233  0.9227473
5433.81759531085  0.8674177
5433.86371532301  0.9094945
5433.90983194864  0.857937
5433.95594518756  0.8676161
5434.00205503961  0.8931212
5434.04816150461  0.9465891
5434.09426458241  0.908145
5434.14036427282  0.87654
5434.18646057569  0.9305136
5434.23255349083  0.9127882
5434.27864301808  0.9188035
5434.32472915728  0.9099779
5434.37081190824  0.930565
5434.41689127081  0.9793992
5434.46296724481  0.9515119
5434.50903983007  0.9798726
5434.55510902644  0.9966139
5434.60117483372  0.959655
5434.64723725177  1.0106
5434.6932962804  0.9567343
5434.73935191945  0.9801638
5434.78540416876  0.9641898
5434.83145302814  0.9525785
5434.87749849744  0.9800885
5434.92354057648  0.91427
5434.9695792651  0.9590847
5435.01561456312  0.8853129
5435.06164647039  0.8891026
5435.10767498672  0.9073958
5435.15370011196  0.8514774
5435.19972184593  0.8858471
5435.24574018846  0.8358286
5435.29175513939  0.8530133
5435.33776669855  0.8111969
5435.38377486577  0.9032725
5435.42977964088  0.8673874
5435.47578102371  0.904119
5435.5217790141  0.8257201
5435.56777361188  0.8280908
5435.61376481688  0.8572748
5435.65975262893  0.8299845
5435.70573704786  0.8330683
5435.75171807351  0.8762707
5435.7976957057  0.8618783
5435.84366994428  0.8782134
5435.88964078907  0.8248104
5435.93560823991  0.8814645
5435.98157229662  0.8764262
5436.02753295904  0.9194323
5436.07349022701  0.8949839
5436.11944410034  0.8823895
5436.16539457889  0.912371
5436.21134166248  0.904003
5436.25728535094  0.9237651
5436.3032256441  0.9741406
5436.3491625418  1.003562
5436.39509604388  0.9631464
5436.44102615015  0.9520618
5436.48695286047  0.9211699
5436.53287617465  0.9764585
5436.57879609254  0.934193
5436.62471261396  0.8775468
5436.67062573875  0.9604605
5436.71653546674  0.9186835
5436.76244179777  0.983802
5436.80834473167  0.9685944
5436.85424426826  0.9317122
5436.9001404074  0.8945146
5436.9460331489  0.9821111
5436.9919224926  0.8929211
5437.03780843833  0.9381982
5437.08369098594  0.9218341
5437.12957013525  0.9285727
5437.17544588609  0.8819795
5437.2213182383  0.8534012
5437.26718719172  0.9216019
5437.31305274617  0.9155826
5437.35891490149  0.9355751
5437.40477365752  0.8921074
5437.45062901409  0.9080365
5437.49648097103  0.9116478
5437.54232952817  0.9522185
5437.58817468535  0.912197
5437.63401644241  0.8965459
5437.67985479918  0.8920765
5437.72568975548  0.9354699
5437.77152131117  0.9142321
5437.81734946607  0.9117885
5437.86317422001  0.9121028
5437.90899557283  0.9351898
5437.95481352437  0.9589097
5438.00062807445  0.9951607
5438.04643922292  0.9622097
5438.0922469696  0.9260835
5438.13805131434  0.9553042
5438.18385225696  0.9530172
5438.2296497973  0.9439207
5438.2754439352  1.021242
5438.32123467049  0.9778072
5438.36702200301  1.011982
5438.41280593259  0.9698254
5438.45858645906  1.00401
5438.50436358226  1.017677
5438.55013730203  0.9899306
5438.5959076182  0.9616705
5438.6416745306  1.000866
5438.68743803907  0.9765095
5438.73319814345  0.9995291
5438.77895484357  0.9634391
5438.82470813927  0.9990381
5438.87045803038  1.01425
5438.91620451673  0.9548097
5438.96194759817  1.023563
5439.00768727452  1.025867
5439.05342354563  0.983506
5439.09915641133  1.004179
5439.14488587145  0.9866259
5439.19061192583  1.030827
5439.23633457431  0.970236
5439.28205381672  1.013254
5439.3277696529  1.020526
5439.37348208268  1.024241
5439.41919110589  1.053475
5439.46489672239  1.078
5439.51059893199  0.9816283
5439.55629773454  0.9654425
5439.60199312988  1.01585
5439.64768511783  1.006562
5439.69337369824  1.015562
5439.73905887094  1.003032
5439.78474063577  1.006327
5439.83041899256  0.9709251
5439.87609394115  1.031171
5439.92176548138  1.033118
5439.96743361309  1.002317
5440.0130983361  1.035205
5440.05875965026  0.9950937
5440.1044175554  1.003026
5440.15007205136  1.010688
5440.19572313798  1.004124
5440.24137081509  0.9917055
5440.28701508253  1.017381
5440.33265594013  1.005791
5440.37829338774  0.9317554
5440.42392742519  0.9944908
5440.46955805232  0.9712524
5440.51518526896  0.9994302
5440.56080907495  1.060664
5440.60642947014  1.019253
5440.65204645434  1.013698
5440.69766002741  1.046557
5440.74327018918  1.00824
5440.78887693948  0.9864566
5440.83448027817  1.00823
5440.88008020506  1.015964
5440.92567672  0.9850777
5440.97126982283  1.002709
5441.01685951338  0.989307
5441.0624457915  1.003978
5441.10802865701  1.046874
5441.15360810976  1.028165
5441.19918414959  1.038758
5441.24475677633  1.010307
5441.29032598982  1.028757
5441.33589178989  1.014598
5441.3814541764  1.022523
5441.42701314917  1.041164
5441.47256870804  0.9432425
5441.51812085284  1.036949
5441.56366958343  1.061621
5441.60921489964  0.9832885
5441.65475680129  1.004599
5441.70029528825  1.008966
5441.74583036033  1.038446
5441.79136201738  1.013191
5441.83689025924  0.9922228
5441.88241508574  0.9712981
5441.92793649673  1.002491
5441.97345449205  0.9855589
5442.01896907152  0.9634983
5442.06448023499  1.042379
5442.1099879823  1.006258
5442.15549231329  0.9735318
5442.2009932278  1.00086
5442.24649072566  0.9772919
5442.29198480671  1.015268
5442.3374754708  0.9207312
5442.38296271776  0.9698753
5442.42844654743  1.05134
5442.47392695965  0.9083087
5442.51940395425  1.056575
5442.56487753109  0.9657472
5442.61034768999  0.9806012
5442.6558144308  1.039843
5442.70127775335  0.9462402
5442.74673765748  0.9778169
5442.79219414304  0.9566485
5442.83764720987  0.9720509
5442.88309685779  0.9886116
5442.92854308666  1.047465
5442.97398589631  0.9747727
5443.01942528658  0.9909441
5443.06486125731  0.9684166
5443.11029380835  0.9626377
5443.15572293952  1.001859
5443.20114865067  0.9682183
5443.24657094164  0.9508724
5443.29198981228  1.058771
5443.33740526241  1.016125
5443.38281729188  1.012882
5443.42822590053  0.9737779
5443.4736310882  0.9904301
5443.51903285473  1.048071
5443.56443119995  0.9652111
5443.60982612372  1.032396
5443.65521762587  0.9911107
5443.70060570624  1.02415
5443.74599036467  0.9744588
5443.791371601  0.9986703
5443.83674941507  1.003942
5443.88212380673  1.033492
5443.9274947758  1.039104
5443.97286232214  1.021735
5444.01822644559  1.049008
5444.06358714597  0.984369
5444.10894442314  1.065909
5444.15429827694  1.014796
5444.1996487072  1.000073
5444.24499571377  0.9827468
5444.29033929649  0.9671203
5444.3356794552  0.9765788
5444.38101618974  0.9931019
5444.42634949994  1.035058
5444.47167938567  1.022346
5444.51700584674  0.9494315
5444.56232888301  1.00979
5444.60764849431  0.9595691
5444.65296468049  1.031026
5444.69827744139  1.032093
5444.74358677685  0.9890765
5444.7888926867  0.969736
5444.83419517081  0.9518156
5444.87949422899  0.9607195
5444.9247898611  0.9229451
5444.97008206698  0.9926436
5445.01537084646  0.9924989
5445.0606561994  0.983358
5445.10593812562  0.9894292
5445.15121662498  1.007649
5445.19649169732  1.047272
5445.24176334247  0.9636481
5445.28703156028  0.9480446
5445.3322963506  0.9930316
5445.37755771325  0.9979486
5445.42281564809  1.00667
5445.46807015496  0.9489388
5445.5133212337  0.8782125
5445.55856888415  0.9469986
5445.60381310615  0.9307234
5445.64905389955  0.8937405
5445.69429126418  0.8815191
5445.7395251999  0.904509
5445.78475570654  0.9408554
5445.82998278395  0.8682626
5445.87520643197  0.9077865
5445.92042665043  0.8994914
5445.96564343919  0.9104446
5446.01085679808  0.8548204
5446.05606672696  0.8708628
5446.10127322565  0.9059713
5446.14647629401  0.909245
5446.19167593188  0.8868939
5446.23687213909  0.9207085
5446.2820649155  0.8609476
5446.32725426094  0.9289292
5446.37244017527  0.8122486
5446.41762265831  0.8917136
5446.46280170992  0.9053289
5446.50797732994  0.9059559
5446.55314951821  0.9054835
5446.59831827457  0.8846079
5446.64348359887  0.9572729
5446.68864549095  0.937924
5446.73380395066  0.9549865
5446.77895897784  0.9671291
5446.82411057232  0.9346551
5446.86925873396  0.9406788
5446.9144034626  0.9777027
5446.95954475809  0.902581
5447.00468262026  1.000938
5447.04981704896  0.9566319
5447.09494804403  0.9076531
5447.14007560532  0.9510084
5447.18519973267  0.8812693
5447.23032042592  0.8336784
5447.27543768493  0.8349125
5447.32055150953  0.8293616
5447.36566189956  0.844075
5447.41076885488  0.774686
5447.45587237532  0.8331532
5447.50097246073  0.8058249
5447.54606911096  0.7889348
5447.59116232584  0.725835
5447.63625210522  0.7607539
5447.68133844895  0.7608229
5447.72642135687  0.7250886
5447.77150082883  0.7418724
5447.81657686467  0.7355903
5447.86164946424  0.7642701
5447.90671862737  0.7046416
5447.95178435391  0.7670097
5447.99684664372  0.7598084
5448.04190549663  0.7322487
5448.08696091248  0.70716
5448.13201289113  0.7211196
5448.17706143242  0.7520266
5448.22210653619  0.789059
5448.26714820229  0.8302316
5448.31218643056  0.8108469
5448.35722122085  0.8179352
5448.402252573  0.8491856
5448.44728048686  0.8755094
5448.49230496228  0.9171748
5448.53732599909  0.8907499
5448.58234359715  0.8913041
5448.62735775629  0.9984254
5448.67236847637  0.9127007
5448.71737575723  0.9615682
5448.76237959872  0.9807761
5448.80738000068  0.9561218
5448.85237696295  1.045353
5448.89737048539  0.9525102
5448.94236056784  1.00175
5448.98734721014  1.025914
5449.03233041214  0.9832604
5449.07731017368  1.03359
5449.12228649462  1.016488
5449.16725937479  1.060992
5449.21222881405  0.9972625
5449.25719481223  0.9977657
5449.30215736919  1.005331
5449.34711648478  0.9936936
5449.39207215882  0.9713625
5449.43702439119  1.049554
5449.48197318171  0.9910557
5449.52691853024  1.029884
5449.57186043663  1.014697
5449.61679890071  0.9909346
5449.66173392234  0.9794731
5449.70666550136  1.01163
5449.75159363761  1.017184
5449.79651833095  0.9878151
5449.84143958123  1.002301
5449.88635738828  1.022185
5449.93127175196  1.063976
5449.97618267211  1.014909
5450.02109014858  1.045784
5450.06599418121  0.9672683
5450.11089476986  0.9503533
5450.15579191436  0.9985239
5450.20068561457  0.9815903
5450.24557587033  1.009678
5450.2904626815  1.023809
5450.33534604791  0.9939928
5450.38022596942  0.9814195
5450.42510244587  0.9811358
5450.46997547711  1.023327
5450.51484506298  1.02615
5450.55971120334  0.9829417
5450.60457389803  1.017928
5450.6494331469  1.061105
5450.69428894979  1.011697
5450.73914130656  1.041079
5450.78399021705  1.073338
5450.8288356811  1.03439
5450.87367769858  1.047481
5450.91851626932  1.025504
5450.96335139317  1.017283
5451.00818306998  1.011654
5451.0530112996  1.006204
5451.09783608188  1.040569
5451.14265741666  1.043114
5451.18747530379  1.027235
5451.23228974312  1.010393
5451.27710073449  1.112377
5451.32190827777  0.9658158
5451.36671237279  1.063199
5451.4115130194  1.040297
5451.45631021745  1.037243
5451.5011039668  1.026931
5451.54589426727  1.005754
5451.59068111874  1.024316
5451.63546452104  1.032643
5451.68024447402  0.9850778
5451.72502097754  1.025628
5451.76979403143  1.03073
5451.81456363556  1.051025
5451.85932978976  0.9843811
5451.90409249388  0.9410558
5451.94885174779  0.973669
5451.99360755131  1.101176
5452.03835990431  0.991581
5452.08310880663  1.045719
5452.12785425813  0.9996986
5452.17259625864  0.9843054
5452.21733480802  0.9792113
5452.26206990612  0.990211
5452.30680155279  1.002533
5452.35152974787  0.9580708
5452.39625449122  0.9847904
5452.44097578269  1.026873
5452.48569362211  1.025313
5452.53040800936  1.040744
5452.57511894427  0.9913801
5452.61982642668  0.9892867
5452.66453045647  0.9911139
5452.70923103346  1.016907
5452.75392815752  0.9991642
5452.79862182848  0.9856105
5452.84331204621  1.030591
5452.88799881055  1.025266
5452.93268212135  0.9886144
5452.97736197846  0.9694194
5453.02203838173  1.040139
5453.06671133102  0.9967995
5453.11138082616  1.036427
5453.15604686701  0.9936463
5453.20070945343  0.9861102
5453.24536858525  1.008922
5453.29002426234  0.9518712
5453.33467648454  0.9594562
5453.3793252517  0.9918541
5453.42397056367  0.9949793
5453.4686124203  1.052979
5453.51325082145  0.928401
5453.55788576696  0.9810935
5453.60251725669  1.020971
5453.64714529047  1.008954
5453.69176986818  1.030082
5453.73639098965  1.006057
5453.78100865474  0.9567835
5453.82562286329  0.9646172
5453.87023361516  1.020533
5453.9148409102  0.9619828
5453.95944474826  0.969896
5454.00404512919  0.9384364
5454.04864205285  0.9541895
5454.09323551907  0.9755002
5454.13782552772  1.045578
5454.18241207865  0.9079164
5454.2269951717  0.9228794
5454.27157480673  0.9618489
5454.31615098359  0.9648395
5454.36072370213  0.9576249
5454.4052929622  0.9873071
5454.44985876365  0.9544029
5454.49442110634  0.9894165
5454.53897999011  1.028599
5454.58353541482  0.9940036
5454.62808738032  0.9845006
5454.67263588646  0.9808497
5454.71718093309  0.9631186
5454.76172252007  1.019721
5454.80626064725  0.9740461
5454.85079531447  0.9817528
5454.89532652159  1.017523
5454.93985426846  0.9517165
5454.98437855494  0.978092
5455.02889938087  1.009391
5455.07341674611  0.9947562
5455.11793065051  0.9655662
5455.16244109392  0.9904107
5455.2069480762  0.9243347
5455.25145159719  1.034666
5455.29595165676  0.9523886
5455.34044825474  0.9603701
5455.384941391  0.9733037
5455.42943106538  1.023348
5455.47391727774  0.9944423
5455.51840002793  0.9750901
5455.56287931581  0.9893252
5455.60735514122  0.9062622
5455.65182750402  1.015887
5455.69629640407  0.9619294
5455.7407618412  0.9854872
5455.78522381529  0.9369267
5455.82968232617  0.9419801
5455.87413737371  0.9827093
5455.91858895776  0.9185053
5455.96303707816  0.8966014
5456.00748173478  0.9131417
5456.05192292746  0.8991042
5456.09636065606  0.8406594
5456.14079492043  0.8528018
5456.18522572043  0.8200577
5456.2296530559  0.7974999
5456.27407692671  0.8276955
5456.3184973327  0.8001878
5456.36291427373  0.7747766
5456.40732774965  0.7804283
5456.45173776031  0.8310347
5456.49614430558  0.7617658
5456.5405473853  0.7710334
5456.58494699932  0.7939916
5456.6293431475  0.7824728
5456.6737358297  0.7885496
5456.71812504576  0.8655799
5456.76251079555  0.8304027
5456.80689307891  0.8308607
5456.8512718957  0.7785612
5456.89564724577  0.7642474
5456.94001912898  0.8164327
5456.98438754518  0.7578754
5457.02875249423  0.8387582
5457.07311397598  0.823944
5457.11747199028  0.8353427
5457.16182653698  0.8958085
5457.20617761595  0.884366
5457.25052522704  0.9164142
5457.2948693701  0.9794338
5457.33921004498  0.9855525
5457.38354725155  0.9518262
5457.42788098964  0.9622062
5457.47221125913  0.9913542
5457.51653805986  0.965708
5457.56086139169  0.9881012
5457.60518125447  0.9819103
5457.64949764807  1.064029
5457.69381057232  0.9365351
5457.73812002709  1.007798
5457.78242601223  1.068178
5457.82672852761  0.9900801
5457.87102757306  1.012601
5457.91532314845  0.9968383
5457.95961525364  0.996067
5458.00390388847  0.9850317
5458.04818905281  1.022322
5458.0924707465  0.9937093
5458.13674896941  1.015254
5458.18102372139  1.083272
5458.22529500229  0.9789132
5458.26956281197  0.9474534
5458.31382715029  1.063647
5458.3580880171  1.060032
5458.40234541225  1.017248
5458.44659933561  1.033711
5458.49084978702  1.05505
5458.53509676635  0.9582686
5458.57934027344  1.029828
5458.62358030817  1.01927
5458.66781687037  1.080804
5458.71204995991  1.043884
5458.75627957664  0.9763455
5458.80050572042  1.092047
5458.84472839111  1.024472
5458.88894758856  0.9974582
5458.93316331262  0.9752375
5458.97737556316  1.041702
5459.02158434002  1.064285
5459.06578964308  1.063141
5459.10999147217  0.9855868
5459.15418982716  1.002012
5459.19838470791  1.02196
5459.24257611427  0.9720529
5459.2867640461  1.026863
5459.33094850325  1.044591
5459.37512948558  1.044962
5459.41930699295  1.057681
5459.46348102521  0.9582967
5459.50765158223  1.020938
5459.55181866385  1.049955
5459.59598226994  1.034649
5459.64014240035  1.040709
5459.68429905493  0.9729564
5459.72845223356  1.055054
5459.77260193607  1.018738
5459.81674816234  1.013832
5459.86089091221  1.011094
5459.90503018554  1.029458
5459.9491659822  1.062735
5459.99329830204  1.006978
5460.03742714491  0.9895669
5460.08155251067  1.048492
5460.12567439918  0.9913011
5460.1697928103  1.030484
5460.21390774389  0.9709505
5460.2580191998  1.101359
5460.30212717789  0.9953641
5460.34623167802  1.056861
5460.39033270004  0.9962192
5460.43443024382  1.024248
5460.4785243092  1.036212
5460.52261489606  0.9844452
5460.56670200425  0.9755146
5460.61078563361  0.9972614
5460.65486578402  1.05832
5460.69894245534  0.9889581
5460.74301564741  1.105246
5460.7870853601  1.076769
5460.83115159326  0.9369547
5460.87521434675  0.9681045
5460.91927362044  1.041808
5460.96332941418  0.993653
5461.00738172783  0.9876931
5461.05143056124  1.041052
5461.09547591427  0.9548559
5461.13951778679  0.9684455
5461.18355617865  1.000686
5461.22759108972  1.01476
5461.27162251984  0.9976023
5461.31565046888  1.043623
5461.35967493669  1.011422
5461.40369592314  1.000081
5461.44771342809  0.9367506
5461.49172745138  0.9970596
5461.53573799289  1.011576
5461.57974505247  0.9625454
5461.62374862998  1.021265
5461.66774872527  0.9829066
5461.71174533822  0.9735799
5461.75573846867  1.000658
5461.79972811649  0.9594616
5461.84371428153  1.066886
5461.88769696366  0.8980479
5461.93167616273  1.032379
5461.9756518786  0.9347068
5462.01962411114  1.059486
5462.0635928602  1.018977
5462.10755812564  0.9853317
5462.15151990732  1.035201
5462.1954782051  1.003059
5462.23943301884  0.9670262
5462.2833843484  0.9854909
5462.32733219364  0.9348325
5462.37127655443  0.919668
5462.41521743061  0.9657691
5462.45915482204  1.001912
5462.5030887286  0.9994362
5462.54701915014  1.004175
5462.59094608651  0.983762
5462.63486953759  0.9368075
5462.67878950322  0.897358
5462.72270598328  0.9144079
5462.76661897761  0.9942747
5462.81052848608  1.028751
5462.85443450856  1.034939
5462.89833704489  0.9091641
5462.94223609494  0.9195676
5462.98613165858  0.9509515
5463.03002373565  0.9553464
5463.07391232603  0.9419399
5463.11779742957  0.9155566
5463.16167904614  0.9555485
5463.20555717559  0.8738388
5463.24943181778  0.9306586
5463.29330297258  0.9349459
5463.33717063985  0.977024
5463.38103481944  0.9490014
5463.42489551122  0.9186225
5463.46875271505  0.9187226
5463.51260643079  0.8928694
5463.5564566583  0.881589
5463.60030339744  0.8603294
5463.64414664807  0.7643446
5463.68798641006  0.8742183
5463.73182268327  0.8596122
5463.77565546755  0.802889
5463.81948476277  0.7957573
5463.86331056879  0.8850574
5463.90713288547  0.8465825
5463.95095171268  0.8169805
5463.99476705026  0.8054247
5464.0385788981  0.7599546
5464.08238725604  0.8523951
5464.12619212395  0.7432706
5464.16999350168  0.8285642
5464.21379138912  0.8174948
5464.2575857861  0.8239599
5464.3013766925  0.8119963
5464.34516410818  0.776009
5464.388948033  0.8334749
5464.43272846682  0.7953188
5464.4765054095  0.8744594
5464.52027886091  0.8246467
5464.56404882091  0.901126
5464.60781528935  0.8917577
5464.65157826611  0.8039153
5464.69533775104  0.8828075
5464.73909374401  0.9078729
5464.78284624488  0.9422674
5464.82659525351  0.8808724
5464.87034076976  0.9204558
5464.9140827935  0.9093036
5464.95782132459  0.9543532
5465.00155636289  0.9573743
5465.04528790826  0.9297736
5465.08901596057  0.9271537
5465.13274051968  1.024862
5465.17646158545  0.9408221
5465.22017915775  1.019197
5465.26389323643  0.9814013
5465.30760382137  0.9493153
5465.35131091242  0.9754014
5465.39501450944  0.9424435
5465.43871461231  1.028707
5465.48241122088  0.9873114
5465.52610433501  0.9691229
5465.56979395457  0.9491779
5465.61348007943  0.9681588
5465.65716270944  0.9600927
5465.70084184447  0.9874904
5465.74451748438  0.9866717
5465.78818962904  1.031382
5465.8318582783  0.9919609
5465.87552343204  0.9810321
5465.91918509012  1.039388
5465.96284325239  1.025676
5466.00649791873  0.9682505
5466.050149089  0.9954221
5466.09379676306  1.061115
5466.13744094077  1.030729
5466.181081622  1.032838
5466.22471880661  1.043102
5466.26835249447  1.108205
5466.31198268544  0.9911729
5466.35560937938  1.070502
5466.39923257617  1.047571
5466.44285227565  1.048425
5466.4864684777  1.02061
5466.53008118219  1.055447
5466.57369038896  1.077432
5466.6172960979  1.019997
5466.66089830886  1.017346
5466.70449702171  0.9947965
5466.74809223631  0.9938737
5466.79168395253  0.9167841
5466.83527217023  0.9512671
5466.87885688928  0.9859746
5466.92243810954  0.958573
5466.96601583087  0.9974212
5467.00959005315  0.9624645
5467.05316077622  0.9791694
5467.09672799997  0.987874
5467.14029172425  0.9415448
5467.18385194894  0.9409078
5467.22740867389  0.9944853
5467.27096189896  0.9356827
5467.31451162403  0.9294177
5467.35805784897  0.8694566
5467.40160057362  0.9701574
5467.44513979787  1.020053
5467.48867552157  0.9271777
5467.53220774459  0.9655437
5467.5757364668  0.8576009
5467.61926168806  0.9680647
5467.66278340824  0.9522436
5467.7063016272  0.9375651
5467.74981634481  0.9278141
5467.79332756093  0.8961864
5467.83683527542  0.927465
5467.88033948817  0.9090344
5467.92384019902  0.9155163
5467.96733740785  0.9232252
5468.01083111452  0.9480979
5468.0543213189  0.9586809
5468.09780802085  0.9540797
5468.14129122024  0.9904785
5468.18477091694  1.029047
5468.22824711081  1.023396
5468.27171980172  0.9955057
5468.31518898953  1.089087
5468.35865467411  1.01298
5468.40211685532  1.022107
5468.44557553304  0.9446848
5468.48903070713  1.0219
5468.53248237745  1.01194
5468.57593054387  1.068617
5468.61937520627  0.957211
5468.66281636449  0.997887
5468.70625401842  1.041389
5468.74968816791  0.9510691
5468.79311881284  1.031969
5468.83654595307  0.9857965
5468.87996958846  0.9490126
5468.9233897189  1.020551
5468.96680634423  1.003761
5469.01021946433  1.024505
5469.05362907906  1.054778
5469.0970351883  1.02288
5469.1404377919  1.041616
5469.18383688975  1.053306
5469.22723248169  1.004211
5469.27062456761  0.9838732
5469.31401314736  1.057264
5469.35739822081  1.063773
5469.40077978784  1.055004
5469.44415784831  0.9955283
5469.48753240208  0.9992409
5469.53090344903  1.075549
5469.57427098902  1.02549
5469.61763502192  0.9944252
5469.6609955476  1.035445
5469.70435256592  1.037019
5469.74770607675  1.059506
5469.79105607996  0.9559443
5469.83440257542  1.056215
5469.87774556299  1.070792
5469.92108504255  1.001001
5469.96442101396  1.026506
5470.00775347708  0.9702029
5470.0510824318  1.016866
5470.09440787797  0.9224763
5470.13772981546  1.083756
5470.18104824414  1.073511
5470.22436316388  1.072302
5470.26767457455  1.032903
5470.31098247602  1.020287
5470.35428686815  1.020194
5470.39758775081  1.03067
5470.44088512387  0.9960954
5470.4841789872  0.9893194
5470.52746934067  1.045269
5470.57075618415  0.9329245
5470.6140395175  0.9862455
5470.6573193406  0.9691307
5470.7005956533  1.035035
5470.74386845549  1.03189
5470.78713774703  1.02876
5470.83040352778  0.959879
5470.87366579763  0.9945463
5470.91692455643  1.002793
5470.96017980405  1.020506
5471.00343154037  0.9576258
5471.04667976526  0.9715318
5471.08992447857  1.093329
5471.13316568019  0.9647696
5471.17640336998  0.9481156
5471.21963754781  0.9035988
5471.26286821355  0.9534498
5471.30609536707  1.021019
5471.34931900823  1.006472
5471.39253913692  0.9448823
5471.43575575299  1.030139
5471.47896885632  0.9810459
5471.52217844677  0.866161
5471.56538452422  0.9515381
5471.60858708853  1.007483
5471.65178613958  0.9085793
5471.69498167724  0.9404638
5471.73817370137  0.9632857
5471.78136221184  0.939198
5471.82454720853  1.002918
5471.86772869131  0.9529665
5471.91090666004  0.9187207
5471.95408111459  1.045497
5471.99725205484  0.9927907
5472.04041948065  0.9933989
5472.0835833919  1.016548
5472.12674378845  1.020834
5472.16990067018  0.942626
5472.21305403695  1.027876
5472.25620388864  1.014397
5472.29935022512  0.9931808
5472.34249304625  0.9942634
5472.38563235191  1.066069
5472.42876814198  1.071949
5472.47190041631  0.9846218
5472.51502917477  0.927412
5472.55815441725  0.9969265
5472.60127614361  0.9974751
5472.64439435372  0.9552521
5472.68750904745  0.9650337
5472.73062022468  0.9905452
5472.77372788527  1.109457
5472.8168320291  1.059787
5472.85993265603  1.117068
5472.90302976594  1.011455
5472.94612335869  0.9880775
5472.98921343417  1.041636
5473.03229999224  1.019093
5473.07538303277  1.054095
5473.11846255563  1.032383
5473.1615385607  1.04111
5473.20461104785  0.9987582
5473.24768001694  0.9468024
5473.29074546785  0.9943747
5473.33380740045  0.9812889
5473.37686581462  0.9731005
5473.41992071021  0.9804862
5473.46297208712  1.043706
5473.5060199452  0.9979527
5473.54906428433  0.9386898
5473.59210510438  1.026061
5473.63514240522  1.008654
5473.67817618673  1.021579
5473.72120644877  1.028279
5473.76423319123  0.8925506
5473.80725641396  0.8997558
5473.85027611685  0.9216517
5473.89329229975  0.9511471
5473.93630496256  0.9626013
5473.97931410514  0.9923864
5474.02231972736  0.8312684
5474.06532182909  1.080418
5474.10832041021  0.9163728
5474.15131547059  1.032085
5474.1943070101  0.9439807
5474.23729502861  0.9622805
5474.280279526  0.9775571
5474.32326050213  0.9143139
5474.36623795689  0.9374239
5474.40921189014  1.019106
5474.45218230176  0.9838114
5474.49514919162  0.9090152
5474.5381125596  0.9822392
5474.58107240555  0.9037251
5474.62402872937  0.8905284
5474.66698153092  0.9302107
5474.70993081007  0.9523642
5474.75287656669  0.9460247
5474.79581880067  0.9361302
5474.83875751188  0.9977397
5474.88169270018  0.996302
5474.92462436545  0.9014006
5474.96755250756  0.9065977
5475.01047712639  0.8850239
5475.05339822181  0.8998867
5475.0963157937  0.9093282
5475.13922984192  0.9509706
5475.18214036635  0.9459054
5475.22504736687  0.9462324
5475.26795084335  0.9360135
5475.31085079566  0.9766546
5475.35374722367  0.9672743
5475.39664012726  0.9200031
5475.43952950631  1.040997
5475.48241536068  0.9854677
5475.52529769025  1.018307
5475.5681764949  1.009816
5475.61105177449  1.011931
5475.65392352891  1.05437
5475.69679175803  1.013341
5475.73965646172  1.069922
5475.78251763985  1.091749
5475.8253752923  0.9900029
5475.86822941894  1.056337
5475.91108001966  1.020997
5475.95392709431  1.049709
5475.99677064279  1.04644
5476.03961066495  1.099589
5476.08244716068  1.067845
5476.12528012986  0.9799514
5476.16810957234  1.056076
5476.21093548802  1.042523
5476.25375787676  0.9578065
5476.29657673844  1.059332
5476.33939207293  0.945114
5476.38220388012  1.007398
5476.42501215986  0.9633455
5476.46781691205  1.029074
5476.51061813655  1.116043
5476.55341583324  1.033083
5476.59621000199  1.044855
5476.63900064268  1.08193
5476.68178775519  0.9667949
5476.72457133938  0.9686683
5476.76735139514  1.017544
5476.81012792235  0.9503189
5476.85290092086  0.978505
5476.89567039057  0.9117334
5476.93843633134  0.9220977
5476.98119874305  0.9279293
5477.02395762558  0.8954386
5477.06671297881  0.8669301
5477.1094648026  0.8901017
5477.15221309684  0.8763409
5477.19495786139  0.9948432
5477.23769909615  0.8685246
5477.28043680097  0.7438012
5477.32317097574  0.9108268
5477.36590162034  0.7786195
5477.40862873463  0.78687
5477.4513523185  0.7915153
5477.49407237182  0.7629344
5477.53678889447  0.7840806
5477.57950188632  0.7594679
5477.62221134726  0.7190478
5477.66491727714  0.7372025
5477.70761967587  0.7906937
5477.75031854329  0.6941189
5477.79301387931  0.7183075
5477.83570568379  0.6629545
5477.8783939566  0.7700148
5477.92107869763  0.8034604
5477.96375990675  0.8094997
5478.00643758384  0.7533162
5478.04911172877  0.87929
5478.09178234142  0.8188229
5478.13444942168  0.8198338
5478.1771129694  0.8513476
5478.21977298448  0.8738776
5478.26242946679  0.8694789
5478.3050824162  0.8355647
5478.34773183259  0.8433711
5478.39037771585  0.8378035
5478.43302006584  0.8485022
5478.47565888244  0.8433844
5478.51829416554  0.9110665
5478.560925915  0.896248
5478.60355413071  1.000325
5478.64617881254  0.8969443
5478.68879996037  0.9731522
5478.73141757408  0.9657176
5478.77403165355  0.9637071
5478.81664219865  0.9224755
5478.85924920925  0.9776441
5478.90185268525  1.020627
5478.94445262651  1.031475
5478.98704903291  0.9957038
5479.02964190433  0.9362928
5479.07223124066  0.9635966
5479.11481704175  0.9807528
5479.15739930751  0.8936473
5479.19997803779  1.047633
5479.24255323249  1.032915
5479.28512489147  1.036832
5479.32769301462  0.9568893
5479.37025760182  0.9796685
5479.41281865293  1.032812
5479.45537616785  1.042726
5479.49793014645  0.9288656
5479.5404805886  1.007951
5479.58302749419  0.9737611
5479.62557086309  0.9692422
5479.66811069519  1.083401
5479.71064699036  0.8884124
5479.75317974847  1.083075
5479.79570896942  0.9860683
5479.83823465307  1.056669
5479.88075679931  0.9758391
5479.92327540801  0.9731445
5479.96579047905  1.069628
5480.00830201232  1.009098
5480.05081000768  0.9310759
5480.09331446503  1.054149
5480.13581538423  0.9982153
5480.17831276518  1.050598
5480.22080660773  1.051426
5480.26329691179  1.0083
5480.30578367722  1.095302
5480.3482669039  1.040429
5480.39074659172  0.9957507
5480.43322274054  1.190636
5480.47569535026  1.060239
5480.51816442075  1.035236
5480.56062995189  1.046362
5480.60309194357  1.013519
5480.64555039565  1.039738
5480.68800530802  0.9173979
5480.73045668056  0.9791933
5480.77290451315  1.164908
5480.81534880566  1.083766
5480.85778955799  1.09848
5480.90022677  1.099163
5480.94266044158  1.026388
5480.9850905726  1.093805
5481.02751716296  1.008445
5481.06994021252  1.049972
5481.11235972116  1.08803
5481.15477568878  0.9476053
5481.19718811524  1.096442
5481.23959700043  1.042057
5481.28200234423  1.084884
5481.32440414652  0.9292403
5481.36680240718  0.943286
5481.40919712608  1.088972
5481.45158830312  1.048387
5481.49397593816  0.9583699
5481.53636003109  0.9524157
5481.57874058179  1.05692
5481.62111759015  1.005809
5481.66349105604  0.9965983
5481.70586097934  0.9182103
5481.74822735993  0.850497
5481.7905901977  1.029288
5481.83294949252  0.904614
5481.87530524428  0.9461775
5481.91765745286  0.9338015
5481.96000611813  0.8398407
5482.00235123998  0.784007
5482.04469281829  0.8478326
5482.08703085295  0.7936603
5482.12936534382  0.8803025
5482.1716962908  0.8374349
5482.21402369376  0.9248515
5482.25634755259  0.9239683
5482.29866786716  0.8813399
5482.34098463737  0.9585645
5482.38329786308  0.8468784
5482.42560754419  0.9878253
5482.46791368056  0.9854785
5482.5102162721  0.8879145
5482.55251531866  0.8675136
5482.59481082015  0.9970972
5482.63710277644  0.9160478
5482.6793911874  0.8592751
5482.72167605293  0.8986552
5482.76395737291  0.9398217
5482.80623514721  0.9393
5482.84850937572  0.9402969
5482.89078005832  1.018663
5482.9330471949  0.8919054
5482.97531078533  0.9955163
5483.01757082949  0.9845343
5483.05982732727  1.011715
5483.10208027856  0.929733
5483.14432968323  1.111816
5483.18657554117  1.025587
5483.22881785225  1.132624
5483.27105661637  1.073217
5483.3132918334  1.097154
5483.35552350322  1.070494
5483.39775162572  1.0642
5483.43997620078  1.006332
5483.48219722829  0.9156492
5483.52441470812  1.022289
5483.56662864016  1.048871
5483.6088390243  1.04094
5483.6510458604  0.9172389
5483.69324914837  1.027782
5483.73544888808  1.004867
5483.7776450794  0.9740334
5483.81983772224  1.039261
5483.86202681646  0.9654896
5483.90421236196  1.049141
5483.94639435861  1.019394
5483.9885728063  0.9764948
5484.03074770492  0.9368935
5484.07291905434  0.9621499
5484.11508685444  0.9381939
5484.15725110512  1.00004
5484.19941180626  0.974933
5484.24156895773  0.9528564
5484.28372255943  0.8923523
5484.32587261123  0.9577267
5484.36801911303  1.026422
5484.41016206469  1.053446
5484.45230146612  0.9627807
5484.49443731718  0.9859571
5484.53656961777  0.9421628
5484.57869836777  0.9782246
5484.62082356706  1.03101
5484.66294521552  0.9698318
5484.70506331305  0.9628034
5484.74717785952  1.043827
5484.78928885482  0.9041786
5484.83139629883  1.087125
5484.87350019144  1.004793
5484.91560053253  1.092094
5484.95769732199  1.031358
5484.9997905597  1.088221
5485.04188024554  1.189278
5485.0839663794  1.036657
5485.12604896115  1.027824
5485.1681279907  0.9596522
5485.21020346793  0.9584998
5485.2522753927  1.075855
5485.29434376492  1.074193
5485.33640858447  1.016169
5485.37846985122  0.9716864
5485.42052756507  0.9725251
5485.4625817259  1.09347
5485.5046323336  1.157972
5485.54667938805  1.059524
5485.58872288913  1.077472
5485.63076283673  1.073276
5485.67279923074  1.10197
5485.71483207104  1.051654
5485.75686135751  0.9773461
5485.79888709004  1.032417
5485.84090926852  1.008774
5485.88292789283  1.126703
5485.92494296286  1.005423
5485.96695447849  1.06151
