5649.52634705123  1.059958
5649.57861121615  1.088116
5649.63087205528  1.086247
5649.68312956838  1.037786
5649.73538375521  0.9946233
5649.78763461556  0.9570252
5649.83988214919  1.049292
5649.89212635585  1.009349
5649.94436723533  0.970494
5649.99660478738  0.9470738
5650.04883901177  0.9926736
5650.10106990827  1.050384
5650.15329747665  0.972886
5650.20552171668  0.9760982
5650.25774262811  0.9517074
5650.30996021073  0.9948514
5650.36217446429  1.026561
5650.41438538856  1.014887
5650.46659298332  1.060898
5650.51879724833  1.012895
5650.57099818335  0.9931584
5650.62319578815  0.9763051
5650.67539006251  0.9996349
5650.72758100619  0.9131961
5650.77976861895  0.9135408
5650.83195290057  1.033246
5650.88413385081  0.9518799
5650.93631146944  0.9806836
5650.98848575623  0.9596584
5651.04065671095  0.955618
5651.09282433336  0.9717215
5651.14498862324  0.9487822
5651.19714958034  1.039849
5651.24930720445  0.9385741
5651.30146149532  0.9221375
5651.35361245273  0.9371679
5651.40576007644  0.9752924
5651.45790436623  0.9841839
5651.51004532186  0.9057297
5651.56218294309  0.9846834
5651.6143172297  0.9332429
5651.66644818146  1.061139
5651.71857579814  0.9811829
5651.7707000795  1.017603
5651.82282102531  0.9570751
5651.87493863534  1.020324
5651.92705290937  1.042307
5651.97916384715  1.038538
5652.03127144846  1.065813
5652.08337571307  0.9680594
5652.13547664075  1.030812
5652.18757423126  1.036784
5652.23966848437  1.04441
5652.29175939986  1.010779
5652.34384697749  0.9915894
5652.39593121704  0.9757991
5652.44801211826  1.073654
5652.50008968094  1.081939
5652.55216390483  0.9807371
5652.60423478972  1.033592
5652.65630233536  1.051702
5652.70836654154  1.062674
5652.76042740801  0.9684319
5652.81248493456  1.06611
5652.86453912093  1.039847
5652.91658996692  1.044352
5652.96863747229  1.040327
5653.0206816368  0.9643159
5653.07272246023  1.002814
5653.12475994235  1.001856
5653.17679408292  0.987992
5653.22882488172  1.044251
5653.28085233852  1.008485
5653.33287645309  0.9543282
5653.38489722519  1.065134
5653.43691465461  1.057708
5653.4889287411  1.058245
5653.54093948444  1.047747
5653.5929468844  0.939298
5653.64495094075  1.050721
5653.69695165326  0.9755093
5653.74894902171  0.9590081
5653.80094304585  0.9556047
5653.85293372547  1.070795
5653.90492106033  1.021344
5653.9569050502  1.060505
5654.00888569486  1.07485
5654.06086299407  1.004485
5654.11283694761  1.071396
5654.16480755524  1.018753
5654.21677481675  1.006775
5654.26873873189  1.067071
5654.32069930045  1.066257
5654.37265652218  1.006784
5654.42461039687  0.9998412
5654.47656092428  1.089139
5654.52850810419  0.9803393
5654.58045193637  0.9840406
5654.63239242058  0.9774215
5654.6843295566  0.9723381
5654.73626334421  0.9867367
5654.78819378317  1.069565
5654.84012087325  1.013047
5654.89204461423  1.025116
5654.94396500587  0.966317
5654.99588204795  1.077484
5655.04779574025  0.8992611
5655.09970608253  1.031212
5655.15161307456  0.9812865
5655.20351671612  0.9518082
5655.25541700698  1.009244
5655.30731394691  0.9759526
5655.35920753568  0.954479
5655.41109777307  0.9536182
5655.46298465884  0.979587
5655.51486819278  0.9594107
5655.56674837464  0.9343935
5655.61862520422  0.9172782
5655.67049868126  0.9205408
5655.72236880556  1.005439
5655.77423557688  0.9516627
5655.82609899499  0.9532633
5655.87795905967  0.910436
5655.92981577069  0.9328402
5655.98166912782  0.9146748
5656.03351913083  0.9976295
5656.0853657795  0.913038
5656.13720907361  0.9425085
5656.18904901291  0.9546114
5656.24088559719  0.8751335
5656.29271882622  0.8726521
5656.34454869978  0.8933987
5656.39637521763  0.8709276
5656.44819837954  0.8952217
5656.5000181853  0.9895289
5656.55183463467  0.9402009
5656.60364772743  0.9374131
5656.65545746336  0.8940037
5656.70726384221  0.9057959
5656.75906686378  0.9658002
5656.81086652782  0.9286717
5656.86266283413  0.9350021
5656.91445578246  0.9023135
5656.96624537259  1.025548
5657.0180316043  0.9657418
5657.06981447736  0.984436
5657.12159399154  0.9792821
5657.17337014662  0.9735027
5657.22514294237  0.9384575
5657.27691237856  1.099869
5657.32867845498  1.0426
5657.38044117138  1.065584
5657.43220052756  1.056272
5657.48395652327  1.011809
5657.5357091583  0.899685
5657.58745843242  1.059977
5657.63920434541  1.00053
5657.69094689703  1.035194
5657.74268608707  1.041224
5657.79442191529  1.035804
5657.84615438147  1.060368
5657.89788348539  1.00614
5657.94960922682  1.021796
5658.00133160553  1.019479
5658.05305062131  0.9713721
5658.10476627392  1.011373
5658.15647856313  1.000993
5658.20818748873  0.9150479
5658.25989305049  1.038741
5658.31159524819  1.000605
5658.36329408159  0.9628136
5658.41498955048  0.9667963
5658.46668165462  0.9886708
5658.5183703938  0.9656907
5658.57005576779  0.9741822
5658.62173777636  0.9538483
5658.67341641929  0.8855136
5658.72509169636  0.9024579
5658.77676360733  1.00456
5658.82843215199  0.9293769
5658.88009733011  0.9063239
5658.93175914147  0.9246505
5658.98341758584  0.8619924
5659.035072663  0.8903166
5659.08672437272  0.8734884
5659.13837271478  0.811529
5659.19001768895  0.8004085
5659.24165929501  0.8499641
5659.29329753274  0.8108436
5659.34493240191  0.7835939
5659.3965639023  0.8032212
5659.44819203369  0.7754942
5659.49981679584  0.7732784
5659.55143818854  0.7832186
5659.60305621156  0.7750765
5659.65467086468  0.7531313
5659.70628214767  0.8147745
5659.75789006032  0.7503721
5659.80949460239  0.7561463
5659.86109577367  0.7815753
5659.91269357392  0.8279624
5659.96428800293  0.7409582
5660.01587906048  0.7966859
5660.06746674633  0.8609397
5660.11905106027  0.82464
5660.17063200208  0.7984351
5660.22220957152  0.8455679
5660.27378376838  0.907826
5660.32535459243  0.8966156
5660.37692204345  0.8384015
5660.42848612122  0.8709482
5660.48004682551  0.950042
5660.53160415611  0.967766
5660.58315811278  0.9926684
5660.63470869531  0.9896041
5660.68625590346  0.9712675
5660.73779973703  1.030952
5660.78934019579  0.9680573
5660.84087727951  0.9727124
5660.89241098796  1.000271
5660.94394132094  0.9885139
5660.99546827822  1.031879
5661.04699185957  1.071035
5661.09851206477  0.9295089
5661.15002889359  1.023154
5661.20154234583  1.050284
5661.25305242125  0.9864035
5661.30455911963  1.044764
5661.35606244075  1.058582
5661.40756238439  1.019649
5661.45905895032  0.9944874
5661.51055213833  0.9537606
5661.56204194819  1.021013
5661.61352837968  0.9762746
5661.66501143257  0.9934337
5661.71649110665  0.9633631
5661.7679674017  1.000638
5661.81944031749  1.079849
5661.8709098538  0.9849373
5661.9223760104  0.9183605
5661.97383878709  0.9678885
5662.02529818363  0.9127316
5662.0767541998  0.9594995
5662.12820683539  0.9616551
5662.17965609017  1.000557
5662.23110196391  0.994212
5662.28254445641  0.9541889
5662.33398356743  0.941776
5662.38541929676  0.9818671
5662.43685164418  1.009068
5662.48828060946  0.9697575
5662.53970619238  0.957782
5662.59112839272  1.015031
5662.64254721026  0.9898281
5662.69396264479  0.9689146
5662.74537469607  1.042277
5662.79678336389  0.9554051
5662.84818864803  0.9131673
5662.89959054826  0.9815931
5662.95098906438  0.911529
5663.00238419614  0.9345297
5663.05377594334  0.986341
5663.10516430576  0.9582757
5663.15654928317  0.965266
5663.20793087535  0.8870323
5663.25930908209  0.9223839
5663.31068390315  0.9268801
5663.36205533833  0.881161
5663.41342338741  0.9015431
5663.46478805015  0.936003
5663.51614932635  0.8809691
5663.56750721577  0.9448366
5663.61886171822  0.8293137
5663.67021283345  0.8696744
5663.72156056125  0.842785
5663.77290490141  0.9351461
5663.82424585369  0.8736053
5663.87558341789  0.8910919
5663.92691759378  0.8848758
5663.97824838115  0.9159527
5664.02957577977  0.9289805
5664.08089978942  0.9463161
5664.13222040989  0.967529
5664.18353764094  0.9087229
5664.23485148238  0.964046
5664.28616193397  1.005285
5664.3374689955  0.9218721
5664.38877266674  0.9723843
5664.44007294749  0.9352784
5664.49136983751  1.028036
5664.54266333659  1.011211
5664.59395344451  1.053574
5664.64524016106  0.9561495
5664.696523486  1.001435
5664.74780341913  0.9606835
5664.79907996022  0.9836401
5664.85035310906  0.9514016
5664.90162286543  1.048343
5664.9528892291  0.9401029
5665.00415219986  1.017803
5665.0554117775  1.009586
5665.10666796178  1.028233
5665.1579207525  1.004404
5665.20917014944  1.044114
5665.26041615237  1.042311
5665.31165876108  0.9763286
5665.36289797535  1.034865
5665.41413379496  0.9872977
5665.46536621969  1.056379
5665.51659524933  1.045547
5665.56782088366  1.004156
5665.61904312245  0.9925489
5665.6702619655  1.004981
5665.72147741258  1.026581
5665.77268946347  1.052302
5665.82389811796  1.046115
5665.87510337583  1.035226
5665.92630523686  1.047706
5665.97750370083  1.043026
5666.02869876753  1.06474
5666.07989043674  0.9887562
5666.13107870823  0.9740762
5666.1822635818  0.9936518
5666.23344505723  1.018922
5666.28462313429  1.005276
5666.33579781277  0.979134
5666.38696909246  1.014562
5666.43813697313  0.9819617
5666.48930145457  1.048223
5666.54046253656  1.028457
5666.59162021889  1.00036
5666.64277450133  1.057537
5666.69392538367  0.9766756
5666.74507286569  1.075491
5666.79621694718  1.033415
5666.84735762792  0.9854972
5666.89849490769  0.9883954
5666.94962878628  0.9688352
5667.00075926346  1.001955
5667.05188633903  1.023306
5667.10301001276  0.9803575
5667.15413028444  1.03849
5667.20524715385  1.000398
5667.25636062077  1.037824
5667.307470685  1.035575
5667.3585773463  1.025948
5667.40968060448  1.006053
5667.4607804593  1.048635
5667.51187691055  1.03052
5667.56296995802  1.019384
5667.6140596015  0.9909016
5667.66514584075  0.9804961
5667.71622867558  0.9436375
5667.76730810575  0.9727011
5667.81838413107  0.9919006
5667.8694567513  1.008314
5667.92052596624  0.9087439
5667.97159177567  0.9943049
5668.02265417937  0.9444765
5668.07371317712  0.9202227
5668.12476876872  0.9230235
5668.17582095395  0.9027362
5668.22686973258  0.9775331
5668.27791510441  0.9340493
5668.32895706922  0.9322876
5668.37999562679  0.9381709
5668.43103077691  0.9233083
5668.48206251936  0.9725814
5668.53309085393  0.9522731
5668.58411578041  0.9800143
5668.63513729857  0.952381
5668.6861554082  0.9827042
5668.73717010909  0.9813561
5668.78818140102  0.9595964
5668.83918928377  0.9357027
5668.89019375714  1.039349
5668.94119482091  0.9848031
5668.99219247486  0.9453245
5669.04318671877  0.9854372
5669.09417755244  0.9926596
5669.14516497564  1.019587
5669.19614898817  1.024671
5669.24712958981  0.962669
5669.29810678034  1.017004
5669.34908055955  1.050737
5669.40005092722  1.031348
5669.45101788315  1.070024
5669.50198142711  1.034536
5669.55294155889  0.9778987
5669.60389827828  1.008892
5669.65485158506  0.9997128
5669.70580147902  1.043109
5669.75674795995  0.9937415
5669.80769102763  1.067947
5669.85863068184  0.9618536
5669.90956692238  0.9452778
5669.96049974903  0.9530967
5670.01142916157  0.9824387
5670.06235515979  0.9875312
5670.11327774348  1.006117
5670.16419691242  1.029631
5670.2151126664  0.98486
5670.26602500521  1.008073
5670.31693392863  1.082928
5670.36783943645  0.9956384
5670.41874152846  1.035309
5670.46964020444  1.003287
5670.52053546418  1.002697
5670.57142730746  1.049178
5670.62231573408  0.9897625
5670.67320074381  1.009258
5670.72408233645  0.9764402
5670.77496051178  0.99866
5670.8258352696  0.9665712
5670.87670660968  0.999489
5670.92757453181  1.011217
5670.97843903578  1.031079
5671.02930012138  1.015224
5671.08015778839  1.036411
5671.13101203661  0.9857681
5671.18186286582  1.051852
5671.2327102758  1.038814
5671.28355426635  1.01423
5671.33439483725  1.008803
5671.38523198828  0.9450041
5671.43606571925  1.021049
5671.48689602993  0.9768873
5671.5377229201  0.9782302
5671.58854638957  0.9900575
5671.63936643811  0.9784978
5671.69018306552  1.025643
5671.74099627158  1.086103
5671.79180605608  1.033573
5671.84261241881  1.03796
5671.89341535955  1.002151
5671.9442148781  1.011452
5671.99501097424  0.9873494
5672.04580364776  1.10505
5672.09659289845  1.016801
5672.14737872609  1.007662
5672.19816113048  1.00064
5672.2489401114  1.01572
5672.29971566865  1.01229
5672.350487802  1.047729
5672.40125651125  0.9244657
5672.45202179619  1.000289
5672.5027836566  0.9967585
5672.55354209227  1.012449
5672.604297103  1.026776
5672.65504868857  1.010559
5672.70579684877  1.012787
5672.75654158338  0.993264
5672.80728289221  1.088946
5672.85802077503  1.038396
5672.90875523163  1.029557
5672.95948626181  1.054713
5673.01021386535  0.9969345
5673.06093804204  1.00847
5673.11165879168  1.045394
5673.16237611404  1.074749
5673.21309000892  1.057666
5673.26380047612  1.10463
5673.31450751541  1.067221
5673.36521112659  1.060236
5673.41591130944  1.045934
5673.46660806376  1.064988
5673.51730138934  1.006634
5673.56799128596  1.096839
5673.61867775342  1.035066
5673.6693607915  1.036894
5673.7200404  1.090627
5673.7707165787  1.088757
5673.82138932739  0.9905308
5673.87205864588  1.022782
5673.92272453393  1.040678
5673.97338699134  1.030802
5674.02404601791  1.007386
5674.07470161342  1.101007
5674.12535377767  1.101642
5674.17600251044  1.044869
5674.22664781153  1.023374
5674.27728968072  1.070594
5674.3279281178  1.079776
5674.37856312257  1.065408
5674.42919469482  1.0866
5674.47982283433  1.044114
5674.53044754089  1.065539
5674.58106881431  1.12544
5674.63168665436  1.066484
5674.68230106084  1.084234
5674.73291203354  1.030206
5674.78351957225  1.055564
5674.83412367676  1.109566
5674.88472434686  1.055817
5674.93532158234  0.9902528
5674.98591538299  1.074353
5675.03650574862  1.13849
5675.08709267899  1.033424
5675.13767617391  1.070462
5675.18825623317  1.030875
5675.23883285655  1.070172
5675.28940604386  1.080861
5675.33997579488  0.9971333
5675.3905421094  1.025867
5675.44110498721  1.023817
5675.49166442811  1.070857
5675.54222043188  1.022887
5675.59277299833  1.061021
5675.64332212723  1.04517
5675.69386781838  1.083143
5675.74441007158  1.049114
5675.79494888661  0.9988044
5675.84548426327  1.012846
5675.89601620135  0.9082745
5675.94654470064  1.012507
5675.99706976093  1.049644
5676.04759138201  1.008072
5676.09810956368  0.9901438
5676.14862430573  0.9505373
5676.19913560795  1.003796
5676.24964347013  0.9672419
5676.30014789207  0.9993311
5676.35064887355  0.9596042
5676.40114641437  0.9883215
5676.45164051433  0.9440684
5676.5021311732  0.977984
5676.5526183908  1.0036
5676.6031021669  0.9898727
5676.65358250131  0.9556837
5676.70405939381  0.9846243
5676.7545328442  0.9379517
5676.80500285226  0.9676197
5676.8554694178  0.9649847
5676.9059325406  1.037344
5676.95639222047  1.01321
5677.00684845718  0.9652846
5677.05730125054  1.014987
5677.10775060033  0.9566103
5677.15819650635  0.9953977
5677.2086389684  1.016329
5677.25907798626  1.024351
5677.30951355974  0.9876649
5677.35994568861  1.013778
5677.41037437268  1.029257
5677.46079961174  1.075417
5677.51122140559  1.063576
5677.56163975401  0.9906766
5677.61205465679  1.058832
5677.66246611375  1.019161
5677.71287412466  1.112332
5677.76327868932  1.029305
5677.81367980752  1.033024
5677.86407747906  1.055509
5677.91447170373  1.05864
5677.96486248133  1.076811
5678.01524981165  1.023171
5678.06563369449  1.078835
5678.11601412962  1.02141
5678.16639111687  1.060925
5678.216764656  0.9834141
5678.26713474683  1.013606
5678.31750138914  1.039041
5678.36786458273  1.035115
5678.41822432738  1.022678
5678.46858062291  1.03713
5678.5189334691  1.057116
5678.56928286574  1.025761
5678.61962881264  1.044918
5678.66997130958  0.9946232
5678.72031035635  1.063304
5678.77064595276  1.036185
5678.8209780986  1.101964
5678.87130679366  1.086493
5678.92163203774  1.064251
5678.97195383063  1.010634
5679.02227217213  0.9979321
5679.07258706204  1.045068
5679.12289850014  0.9437888
5679.17320648623  0.9927627
5679.22351102011  1.057496
5679.27381210157  0.999606
5679.32410973041  0.9858728
5679.37440390643  0.9940941
5679.42469462941  1.02261
5679.47498189916  1.051801
5679.52526571546  1.017777
5679.57554607812  0.9977895
5679.62582298693  0.942032
5679.67609644168  0.9578738
5679.72636644218  0.9924879
5679.77663298821  0.9428832
5679.82689607958  0.9546191
5679.87715571607  0.9710529
5679.92741189749  1.037903
5679.97766462362  0.9281554
5680.02791389427  0.9939188
5680.07815970924  1.000862
5680.12840206831  0.9814136
5680.17864097128  0.9240275
5680.22887641795  0.9848928
5680.27910840812  1.006525
5680.32933694158  0.9915637
5680.37956201813  0.9722251
5680.42978363756  0.969012
5680.48000179967  0.9823053
5680.53021650426  1.030862
5680.58042775112  0.9896125
5680.63063554005  0.9716735
5680.68083987085  1.034993
5680.73104074331  0.9464822
5680.78123815723  1.033841
5680.8314321124  0.9991161
5680.88162260863  0.9703663
5680.93180964571  1.031368
5680.98199322343  1.038878
5681.0321733416  1.039757
5681.08235  1.005658
5681.13252319845  1.012126
5681.18269293672  1.07596
5681.23285921463  0.9876838
5681.28302203196  0.9990281
5681.33318138853  0.9918216
5681.38333728411  1.045499
5681.43348971851  1.005213
5681.48363869153  0.9946621
5681.53378420296  1.02198
5681.5839262526  0.9813721
5681.63406484026  1.038593
5681.68419996571  1.010663
5681.73433162878  1.099716
5681.78445982924  0.9831499
5681.83458456691  1.063221
5681.88470584157  1.045678
5681.93482365302  1.013241
5681.98493800107  1.045886
5682.0350488855  1.072601
5682.08515630613  1.046355
5682.13526026274  1.035075
5682.18536075514  1.031796
5682.23545778311  0.9607025
5682.28555134647  1.054461
5682.335641445  1.043276
5682.38572807852  1.064459
5682.4358112468  0.9958509
5682.48589094966  0.9875762
5682.53596718689  1.064102
5682.58603995829  1.028071
5682.63610926366  1.074296
5682.68617510279  0.9726773
5682.73623747549  0.9984729
5682.78629638155  1.07074
5682.83635182078  1.024944
5682.88640379296  0.9888749
5682.9364522979  0.8938384
5682.98649733541  0.9773618
5683.03653890527  0.939348
5683.08657700728  0.9369831
5683.13661164125  0.9333377
5683.18664280697  0.9522274
5683.23667050425  0.9402954
5683.28669473288  0.9393198
5683.33671549266  0.9177403
5683.38673278339  0.9333159
5683.43674660486  0.8832073
5683.48675695689  0.889106
5683.53676383927  0.9115797
5683.58676725179  0.9474175
5683.63676719426  0.8979189
5683.68676366647  0.9068778
5683.73675666823  0.8800523
5683.78674619934  0.8798218
5683.83673225959  0.9369797
5683.88671484878  0.8542148
5683.93669396672  0.9459254
5683.9866696132  0.9195855
5684.03664178802  0.878107
5684.08661049099  0.9416999
5684.1365757219  0.9454609
5684.18653748056  0.9436965
5684.23649576676  0.9877818
5684.2864505803  0.973695
5684.33640192099  0.9945448
5684.38634978861  1.024378
5684.43629418299  1.037894
5684.4862351039  0.9836956
5684.53617255116  1.002372
5684.58610652457  1.044226
5684.63603702392  0.9559182
5684.68596404901  1.053625
5684.73588759965  0.9942456
5684.78580767564  0.9811535
5684.83572427678  1.011618
5684.88563740286  0.9836609
5684.93554705369  1.009734
5684.98545322907  0.9624932
5685.0353559288  0.9511113
5685.08525515268  0.9854022
5685.13515090051  0.9880905
5685.18504317209  0.9552261
5685.23493196723  1.000478
5685.28481728572  0.9485876
5685.33469912737  0.9331069
5685.38457749197  0.9494929
5685.43445237933  0.8991505
5685.48432378925  0.9556008
5685.53419172153  0.9573042
5685.58405617597  0.9535092
5685.63391715238  1.054362
5685.68377465055  0.9802161
5685.73362867029  0.9680688
5685.78347921139  0.8936926
5685.83332627366  0.9901422
5685.8831698569  0.949659
5685.93300996092  1.004329
5685.98284658551  0.9941112
5686.03267973047  1.0217
5686.08250939561  1.050194
5686.13233558073  1.00882
5686.18215828564  0.9968912
5686.23197751012  1.090351
5686.28179325399  1.07948
5686.33160551705  1.038634
5686.3814142991  1.060468
5686.43121959994  1.066989
5686.48102141937  1.05074
5686.5308197572  1.038748
5686.58061461323  1.084953
5686.63040598726  1.040506
5686.68019387909  1.064398
5686.72997828852  1.00599
5686.77975921537  1.048355
5686.82953665943  0.9967372
5686.8793106205  0.9739436
5686.92908109838  0.9784985
5686.97884809289  0.970942
5687.02861160381  0.9909405
5687.07837163096  0.9902227
5687.12812817413  0.9485206
5687.17788123314  0.9808927
5687.22763080778  0.9350007
5687.27737689785  0.9151317
5687.32711950316  0.8878644
5687.37685862352  1.022132
5687.42659425872  0.8983323
5687.47632640857  0.9250144
5687.52605507287  0.867743
5687.57578025142  0.9063014
5687.62550194403  0.9207329
5687.67522015051  0.9664336
5687.72493487065  0.9295006
5687.77464610425  0.9188541
5687.82435385113  0.928705
5687.87405811109  0.9818593
5687.92375888392  0.9161415
5687.97345616944  0.9537823
5688.02314996744  0.9203573
5688.07284027774  0.9988255
5688.12252710013  0.954443
5688.17221043441  0.9772805
5688.2218902804  0.9753183
5688.2715666379  1.01704
5688.3212395067  0.9793537
5688.37090888662  0.9997507
5688.42057477745  0.9987633
5688.47023717901  1.020757
5688.5198960911  1.01626
5688.56955151352  0.9031575
5688.61920344607  0.9418765
5688.66885188856  0.9484265
5688.71849684079  0.9264682
5688.76813830258  0.9272275
5688.81777627371  0.9582298
5688.86741075401  0.9555428
5688.91704174326  0.8924165
5688.96666924129  0.9459502
5689.01629324788  0.963218
5689.06591376285  0.8858044
5689.11553078601  0.9524054
5689.16514431715  0.9246069
5689.21475435608  0.9402664
5689.2643609026  0.9107505
5689.31396395653  0.9201944
5689.36356351766  0.8970567
5689.4131595858  0.9254489
5689.46275216076  0.9430178
5689.51234124234  0.9425637
5689.56192683035  0.8757212
5689.61150892459  0.8950332
5689.66108752486  0.9233909
5689.71066263098  0.9333118
5689.76023424275  0.8649302
5689.80980235997  0.9543477
5689.85936698245  0.9388772
5689.90892811  0.9582474
5689.95848574241  0.9921445
5690.00803987951  1.006259
5690.05759052108  0.9632272
5690.10713766694  0.9789118
5690.1566813169  1.007189
5690.20622147075  1.003729
5690.25575812831  1.015217
5690.30529128938  1.023237
5690.35482095377  1.033893
5690.40434712129  0.9789757
5690.45386979173  0.9442189
5690.50338896491  1.058065
5690.55290464063  1.010665
5690.6024168187  1.02067
5690.65192549892  1.041432
5690.7014306811  0.9983819
5690.75093236506  1.00241
5690.80043055058  0.9848468
5690.84992523749  1.037452
5690.89941642559  0.9603606
5690.94890411467  0.9328234
5690.99838830456  0.9730724
5691.04786899506  1.021553
5691.09734618597  0.9884614
5691.1468198771  1.043337
5691.19629006826  0.988918
5691.24575675925  0.959981
5691.29521994989  1.007892
5691.34467963997  0.9804114
5691.39413582931  0.9839708
5691.44358851771  0.9880488
5691.49303770499  1.036381
5691.54248339094  0.9688341
5691.59192557537  0.9875075
5691.6413642581  0.9517222
5691.69079943892  1.030642
5691.74023111766  0.9971418
5691.7896592941  1.002478
5691.83908396807  0.9932929
5691.88850513937  1.005419
5691.9379228078  0.9251181
5691.98733697318  0.9705956
5692.03674763531  0.979939
5692.086154794  0.9619116
5692.13555844906  0.9412759
5692.1849586003  1.006767
5692.23435524751  0.9584862
5692.28374839052  0.9609933
5692.33313802913  1.042692
5692.38252416315  1.02604
5692.43190679238  0.9944601
5692.48128591664  0.9695314
5692.53066153573  0.9830956
5692.58003364946  0.9693828
5692.62940225763  1.00973
5692.67876736007  0.996389
5692.72812895657  1.001518
5692.77748704695  1.018052
5692.826841631  0.9796126
5692.87619270855  0.9680066
5692.9255402794  1.038242
5692.97488434335  0.9882863
5693.02422490023  1.022898
5693.07356194982  0.9838343
5693.12289549196  1.065183
5693.17222552643  1.00685
5693.22155205306  1.052729
5693.27087507165  1.008218
5693.32019458201  1.033839
5693.36951058395  1.018094
5693.41882307728  1.112506
5693.4681320618  1.065186
5693.51743753733  0.9962826
5693.56673950368  1.05965
5693.61603796065  0.9733852
5693.66533290806  1.051351
5693.71462434571  1.041811
5693.76391227341  1.038381
5693.81319669098  1.056776
5693.86247759822  1.031857
5693.91175499494  1.01949
5693.96102888095  1.029049
5694.01029925606  0.9985039
5694.05956612009  0.972635
5694.10882947284  0.9910541
5694.15808931411  1.061065
5694.20734564373  0.9687343
5694.2565984615  1.01665
5694.30584776722  1.015249
5694.35509356072  1.03021
5694.4043358418  1.000746
5694.45357461027  0.9806956
5694.50280986594  0.9894503
5694.55204160862  0.998614
5694.60126983813  0.9922122
5694.65049455426  1.04893
5694.69971575684  1.01023
5694.74893344567  0.9759473
5694.79814762056  0.9842567
5694.84735828132  0.9932697
5694.89656542777  1.016424
5694.94576905972  1.018609
5694.99496917697  0.9985324
5695.04416577933  1.01293
5695.09335886662  1.030965
5695.14254843865  0.9634309
5695.19173449523  0.9754987
5695.24091703617  0.9709936
5695.29009606128  0.9653
5695.33927157037  1.01207
5695.38844356325  1.013499
5695.43761203973  1.00357
5695.48677699963  0.9853697
5695.53593844276  0.967008
5695.58509636892  1.008999
5695.63425077794  0.9834751
5695.68340166961  0.980527
5695.73254904375  1.00092
5695.78169290018  0.9803413
5695.8308332387  0.9780452
5695.87997005912  0.9884346
5695.92910336126  0.9763817
5695.97823314494  1.011369
5696.02735940995  0.9616033
5696.07648215611  0.9674619
5696.12560138324  0.9676908
5696.17471709115  0.986693
5696.22382927964  1.042306
5696.27293794854  0.9817798
5696.32204309764  0.9928892
5696.37114472677  1.019886
5696.42024283574  0.9890198
5696.46933742435  0.9710553
5696.51842849243  1.033092
5696.56751603977  0.9969724
5696.61660006621  1.023844
5696.66568057153  1.00306
5696.71475755557  1.014743
5696.76383101814  1.026465
5696.81290095903  0.9632666
5696.86196737808  1.051241
5696.91103027508  1.010094
5696.96008964985  1.022458
5697.00914550222  1.055312
5697.05819783198  0.987529
5697.10724663895  1.051394
5697.15629192294  1.025024
5697.20533368377  1.003831
5697.25437192125  1.026614
5697.30340663519  1.025065
5697.3524378254  1.031687
5697.40146549171  1.062265
5697.45048963391  1.021893
5697.49951025184  1.008467
5697.54852734528  1.078575
5697.59754091407  1.024083
5697.64655095802  1.000334
5697.69555747693  1.0037
5697.74456047062  1.022488
5697.79355993891  1.045314
5697.84255588161  1.023287
5697.89154829852  1.031602
5697.94053718948  0.9929495
5697.98952255428  0.9854466
5698.03850439275  1.02773
5698.08748270469  0.9850791
5698.13645748993  0.9862941
5698.18542874826  1.010432
5698.23439647952  0.9939079
5698.28336068351  1.037865
5698.33232136004  1.050902
5698.38127850894  1.031824
5698.43023213001  1.027047
5698.47918222307  1.004358
5698.52812878793  1.063849
5698.5770718244  1.037558
5698.62601133231  0.9939092
5698.67494731147  1.011256
5698.72387976168  0.9486038
5698.77280868277  1.027546
5698.82173407455  1.029828
5698.87065593683  1.027663
5698.91957426943  1.004674
5698.96848907217  0.9796107
5699.01740034485  0.993953
5699.06630808729  0.9631997
5699.11521229931  0.9346121
5699.16411298073  1.01129
5699.21301013135  0.971808
5699.26190375099  0.9465562
5699.31079383947  0.9062272
5699.3596803966  0.9188349
5699.4085634222  1.005786
5699.45744291608  0.9802845
5699.50631887805  0.9267585
5699.55519130794  0.9286682
5699.60406020556  0.9654037
5699.65292557072  0.9366612
5699.70178740324  0.9827124
5699.75064570294  0.9471749
5699.79950046962  0.9658177
5699.84835170311  0.9762985
5699.89719940322  0.9771991
5699.94604356976  0.9803283
5699.99488420256  0.9854549
5700.04372130142  1.001354
5700.09255486618  1.015659
5700.14138489662  0.9722241
5700.19021139259  1.061196
5700.23903435388  1.080902
5700.28785378033  1.049051
5700.33666967173  0.9777033
5700.38548202792  1.033889
5700.4342908487  1.026344
5700.48309613389  1.043467
5700.53189788331  1.02642
5700.58069609677  1.064236
5700.6294907741  1.05389
5700.6782819151  1.019302
5700.72706951959  1.013492
5700.77585358739  0.9724346
5700.82463411833  1.012402
5700.8734111122  0.9892504
5700.92218456883  1.012373
5700.97095448804  1.023881
5701.01972086964  0.9939249
5701.06848371345  0.97769
5701.11724301929  1.005898
5701.16599878697  1.027751
5701.21475101632  0.9880003
5701.26349970713  0.9915609
5701.31224485925  0.975886
5701.36098647247  0.9601484
5701.40972454662  0.9641111
5701.45845908152  0.9941416
5701.50719007698  0.985189
5701.55591753283  0.9525319
5701.60464144886  0.8661413
5701.65336182492  0.9754364
5701.7020786608  1.018542
5701.75079195634  1.025627
5701.79950171134  0.9080101
5701.84820792563  1.019974
5701.89691059901  0.9268146
5701.94560973132  0.9469047
5701.99430532237  0.9403176
5702.04299737197  0.9579304
5702.09168587995  0.966056
5702.14037084611  0.8938081
5702.18905227029  0.918507
5702.23773015229  0.9663464
5702.28640449194  0.9365192
5702.33507528905  0.9657346
5702.38374254344  0.9567631
5702.43240625493  0.8926375
5702.48106642333  0.9340652
5702.52972304848  0.92544
5702.57837613017  0.901938
5702.62702566824  0.9106296
5702.6756716625  0.9489725
5702.72431411277  0.8953474
5702.77295301887  0.8360403
5702.82158838061  0.936778
5702.87022019782  0.9163179
5702.91884847031  0.891504
5702.9674731979  0.9147077
5703.01609438041  0.8837227
5703.06471201767  0.911042
5703.11332610948  0.9170963
5703.16193665567  0.908182
5703.21054365605  0.9325404
5703.25914711045  0.9266218
5703.30774701869  0.9652138
5703.35634338058  0.9601647
5703.40493619594  0.995766
5703.45352546459  0.9382789
5703.50211118635  0.9859187
5703.55069336105  0.963677
5703.59927198849  0.9617544
5703.6478470685  1.017621
5703.6964186009  0.9791634
5703.74498658551  1.004232
5703.79355102215  0.9488751
5703.84211191063  0.9835516
5703.89066925078  0.9540395
5703.93922304241  0.9872125
5703.98777328535  0.9574539
5704.03631997942  1.017636
5704.08486312443  1.016196
5704.13340272021  0.9557577
5704.18193876657  0.9868971
5704.23047126334  1.015718
5704.27900021033  0.9827206
5704.32752560737  1.036418
5704.37604745427  0.9383792
5704.42456575086  0.9262838
5704.47308049696  0.9861085
5704.52159169238  1.033685
5704.57009933695  0.9765646
5704.61860343048  0.971569
5704.6671039728  1.029627
5704.71560096373  0.9858016
5704.76409440309  0.978064
5704.8125842907  1.003499
5704.86107062637  0.9696738
5704.90955340994  0.9953635
5704.95803264121  1.039507
5705.00650832002  0.978013
5705.05498044618  0.9801999
5705.10344901951  0.9765934
5705.15191403984  1.016087
5705.20037550699  0.9608024
5705.24883342076  0.9596233
5705.297287781  0.9780555
5705.34573858751  1.019589
5705.39418584012  1.039226
5705.44262953866  1.039667
5705.49106968293  0.9741292
5705.53950627277  1.017201
5705.58793930799  0.9848354
5705.63636878842  0.9926428
5705.68479471388  0.9642229
5705.73321708418  1.007288
5705.78163589915  1.040248
5705.83005115862  1.012859
5705.8784628624  0.9708616
5705.92687101031  0.9832451
5705.97527560218  0.9412903
5706.02367663783  0.9696379
5706.07207411708  1.01994
5706.12046803976  0.9638602
5706.16885840567  0.9521569
5706.21724521466  0.9430754
5706.26562846653  0.9734962
5706.31400816111  0.9376576
5706.36238429823  0.9523078
5706.4107568777  0.9775684
5706.45912589935  0.9686801
5706.50749136299  0.9336914
5706.55585326846  0.9334996
5706.60421161557  0.9349323
5706.65256640415  0.9310037
5706.70091763402  0.9114988
5706.749265305  0.9048148
5706.79760941691  0.9225614
5706.84594996958  0.9347912
5706.89428696283  0.8937485
5706.94262039648  0.9264683
5706.99095027035  0.8855273
5707.03927658428  0.9091247
5707.08759933807  0.9370002
5707.13591853156  0.9031877
5707.18423416456  0.9294916
5707.23254623691  0.899963
5707.28085474841  0.9095105
5707.3291596989  0.9534225
5707.3774610882  0.8591723
5707.42575891614  0.9284542
5707.47405318252  0.9324526
5707.52234388719  0.926741
5707.57063102996  0.942237
5707.61891461065  0.9124293
5707.66719462909  0.8859512
5707.7154710851  0.9100451
5707.76374397852  0.9000944
5707.81201330914  0.9346194
5707.86027907682  0.937248
5707.90854128136  0.9639475
5707.95679992259  0.9065136
5708.00505500033  0.9417048
5708.05330651441  0.9467035
5708.10155446466  0.9660048
5708.14979885089  1.009894
5708.19803967293  0.9317266
5708.2462769306  0.9806482
5708.29451062374  1.014686
5708.34274075216  0.9498322
5708.39096731568  0.9522495
5708.43919031413  0.9658577
5708.48740974734  0.9347652
5708.53562561513  0.9395493
5708.58383791732  0.9398267
5708.63204665374  0.9359929
5708.68025182422  0.9333732
5708.72845342857  0.9449819
5708.77665146662  0.9380015
5708.8248459382  0.970557
5708.87303684313  0.9299578
5708.92122418124  0.9119942
5708.96940795235  0.9288148
5709.01758815628  0.9428115
5709.06576479287  0.9803797
5709.11393786193  0.9611098
5709.16210736329  0.8701582
5709.21027329677  0.9379049
5709.25843566221  0.8921893
5709.30659445942  0.9180017
5709.35474968824  0.9050401
5709.40290134847  0.9271006
5709.45104943996  0.956121
5709.49919396253  0.8924184
5709.54733491601  0.8628095
5709.5954723002  0.9302943
5709.64360611495  0.895045
5709.69173636008  0.8937781
5709.73986303542  0.949554
5709.78798614078  0.8596253
5709.836105676  0.9006994
5709.8842216409  0.8417004
5709.93233403531  0.8603522
5709.98044285905  0.8928152
5710.02854811195  0.8672325
5710.07664979384  0.8204556
5710.12474790453  0.8412755
5710.17284244386  0.8488838
5710.22093341165  0.8639489
5710.26902080774  0.8744933
5710.31710463193  0.8399292
5710.36518488407  0.8248032
5710.41326156398  0.8511209
5710.46133467148  0.8505149
5710.5094042064  0.8134465
5710.55747016857  0.8668665
5710.60553255781  0.8268852
5710.65359137395  0.8615611
5710.70164661681  0.8127692
5710.74969828623  0.8411857
5710.79774638203  0.8619999
5710.84579090403  0.8661979
5710.89383185207  0.868823
5710.94186922597  0.8238403
5710.98990302555  0.8934533
5711.03793325065  0.8531036
5711.08595990108  0.9208798
5711.13398297669  0.9170126
5711.18200247729  0.9387097
5711.23001840271  0.9188654
5711.27803075278  0.9637371
5711.32603952732  0.9269202
5711.37404472617  0.9475463
5711.42204634915  0.9995721
5711.47004439608  0.9630879
5711.51803886681  0.9505821
5711.56602976114  0.9590876
5711.61401707891  0.9512799
5711.66200081996  0.9582366
5711.70998098409  0.9190669
5711.75795757115  0.9400368
5711.80593058097  0.9304693
5711.85390001335  0.9511333
5711.90186586815  0.9133378
5711.94982814518  0.9535244
5711.99778684427  0.9128689
5712.04574196525  0.9302235
5712.09369350795  0.9486309
5712.1416414722  0.9192457
5712.18958585782  0.9886859
5712.23752666464  0.8877239
5712.28546389249  0.8869277
5712.3333975412  0.9194234
5712.38132761059  0.8992941
5712.4292541005  0.8988652
5712.47717701076  0.9120706
5712.52509634119  0.8212264
5712.57301209161  0.8967472
5712.62092426187  0.8744894
5712.66883285179  0.7977245
5712.71673786119  0.8879826
5712.7646392899  0.8774982
5712.81253713776  0.8131059
5712.86043140459  0.9081199
5712.90832209022  0.8574236
5712.95620919448  0.8836052
5713.0040927172  0.8779856
5713.05197265821  0.9128383
5713.09984901734  0.8922693
5713.14772179441  0.8745499
5713.19559098926  0.8245477
5713.24345660171  0.886381
5713.2913186316  0.9239368
5713.33917707874  0.8653323
5713.38703194298  0.8991664
5713.43488322414  0.9053149
5713.48273092206  0.9210456
5713.53057503655  0.8610512
5713.57841556745  0.9309791
5713.62625251459  0.92261
5713.67408587781  0.9762769
5713.72191565692  0.9518133
5713.76974185175  0.9578791
5713.81756446215  0.9601192
5713.86538348794  1.012075
5713.91319892894  0.9946241
5713.96101078499  0.9825578
5714.00881905592  0.9893401
5714.05662374155  1.002655
5714.10442484172  1.030644
5714.15222235627  0.9595121
5714.20001628501  1.045072
5714.24780662777  0.9802209
5714.2955933844  1.016403
5714.34337655471  1.030702
5714.39115613855  1.03537
5714.43893213573  1.031967
5714.4867045461  0.9986686
5714.53447336947  0.9775615
5714.58223860568  1.097394
5714.63000025457  0.9820305
5714.67775831596  0.9740207
5714.72551278968  0.960055
5714.77326367557  0.9526354
5714.82101097345  1.013054
5714.86875468316  0.9777746
5714.91649480452  0.9814701
5714.96423133737  0.9711975
5715.01196428154  0.988766
5715.05969363685  1.014275
5715.10741940315  1.007446
5715.15514158026  0.9870752
5715.20286016801  0.9945888
5715.25057516623  0.9442992
5715.29828657476  1.026367
5715.34599439343  0.9655655
5715.39369862206  0.9165072
5715.4413992605  0.9650741
5715.48909630856  0.9181696
5715.53678976609  1.045491
5715.58447963291  0.9691344
5715.63216590886  0.9654109
5715.67984859376  0.9481075
5715.72752768745  0.960744
5715.77520318977  0.9471076
5715.82287510053  0.9738319
5715.87054341959  1.027816
5715.91820814675  0.9901776
5715.96586928187  0.9761422
5716.01352682476  0.9382272
5716.06118077527  0.9193284
5716.10883113322  0.9515536
5716.15647789845  0.9065582
5716.20412107079  0.9457827
5716.25176065007  0.9665762
5716.29939663612  0.9514163
5716.34702902878  0.9361905
5716.39465782788  0.9368968
5716.44228303325  0.8924748
5716.48990464472  0.9232302
5716.53752266213  0.9257894
5716.5851370853  0.9412729
5716.63274791408  0.9613663
5716.68035514829  0.9626881
5716.72795878776  0.9259961
5716.77555883234  0.9376111
5716.82315528185  0.9647687
5716.87074813613  0.9593035
5716.918337395  1.022556
5716.9659230583  0.9828545
5717.01350512587  0.9824314
5717.06108359753  1.002244
5717.10865847313  1.031068
5717.15622975249  1.018152
5717.20379743545  0.9884676
5717.25136152183  1.023737
5717.29892201148  1.044315
5717.34647890423  1.066936
5717.39403219991  1.008622
5717.44158189835  0.9889649
5717.48912799939  1.056602
5717.53667050286  0.9977412
5717.58420940859  1.003553
5717.63174471643  0.9613811
5717.67927642619  1.033289
5717.72680453772  0.9888619
5717.77432905085  0.9721327
5717.82184996542  0.9845105
5717.86936728125  1.011471
5717.91688099818  1.023255
5717.96439111606  0.9902244
5718.01189763469  0.9991656
5718.05940055394  0.996276
5718.10689987362  1.02351
5718.15439559358  1.039735
5718.20188771363  1.020755
5718.24937623364  0.9886636
5718.29686115342  0.9740201
5718.3443424728  1.005227
5718.39182019163  1.023253
5718.43929430974  0.959936
5718.48676482697  0.8936806
5718.53423174314  0.9187806
5718.58169505809  0.978819
5718.62915477166  0.9895515
5718.67661088369  0.9644833
5718.724063394  0.9615654
5718.77151230243  0.8937737
5718.81895760882  0.8987853
5718.866399313  0.9985346
5718.91383741481  0.94876
5718.96127191408  0.9180663
5719.00870281065  0.9545615
5719.05613010435  0.9318644
5719.10355379501  0.9372235
5719.15097388248  0.9857244
5719.19839036659  0.9258026
5719.24580324717  0.9409106
5719.29321252406  0.9750684
5719.3406181971  0.9371282
5719.38802026611  0.982762
5719.43541873094  0.9775701
5719.48281359142  0.987745
5719.53020484739  1.052109
5719.57759249868  1.022064
5719.62497654512  0.9990799
5719.67235698656  0.9856825
5719.71973382284  0.9991421
5719.76710705377  1.003236
5719.81447667921  0.9923092
5719.86184269899  0.999512
5719.90920511294  1.007396
5719.9565639209  0.9986905
5720.00391912271  0.9789004
5720.05127071819  1.041023
5720.0986187072  0.9517764
5720.14596308956  0.9574634
5720.19330386511  1.044778
5720.24064103369  0.9814752
5720.28797459514  1.073937
5720.33530454928  0.9872893
5720.38263089596  0.999006
5720.42995363502  1.007478
5720.47727276628  0.935421
5720.5245882896  0.9868466
5720.57190020479  0.9693328
5720.61920851171  0.9988874
5720.66651321018  1.061074
5720.71381430005  1.04442
5720.76111178115  1.016611
5720.80840565332  1.023611
5720.85569591639  0.9892201
5720.9029825702  0.9907027
5720.9502656146  1.052504
5720.99754504941  1.00566
5721.04482087448  1.00033
5721.09209308963  1.016256
5721.13936169472  0.985818
5721.18662668957  1.008339
5721.23388807402  1.007822
5721.28114584792  1.001711
5721.32840001109  1.003579
5721.37565056338  0.9840503
5721.42289750462  1.007315
5721.47014083466  0.9996417
5721.51738055332  0.9848744
5721.56461666045  1.04476
5721.61184915589  1.038122
5721.65907803946  0.9380288
5721.70630331102  1.035872
5721.7535249704  0.9610439
5721.80074301743  1.018595
5721.84795745196  0.9752693
5721.89516827382  1.052559
5721.94237548285  1.042025
5721.98957907889  0.9779665
5722.03677906177  0.9880062
5722.08397543135  1.019556
5722.13116818744  0.9815928
5722.1783573299  0.9867781
5722.22554285856  0.954713
5722.27272477326  0.9665232
5722.31990307384  1.002514
5722.36707776013  0.9961832
5722.41424883198  0.993341
5722.46141628922  1.071558
5722.5085801317  1.026562
5722.55574035924  1.038822
5722.6028969717  1.023221
5722.65004996891  1.011095
5722.6971993507  1.00886
5722.74434511692  1.002184
5722.79148726741  1.041473
5722.83862580201  1.011162
5722.88576072054  1.0068
5722.93289202287  0.9976109
5722.98001970881  1.015905
5723.02714377822  0.9896075
5723.07426423093  0.9914791
5723.12138106678  1.00284
5723.16849428561  0.9638562
5723.21560388726  1.044724
5723.26270987158  1.014301
5723.30981223839  1.022289
5723.35691098754  1.049178
5723.40400611886  0.9929116
5723.45109763221  1.043061
5723.49818552741  0.9789076
5723.54526980432  1.083938
5723.59235046276  1.011972
5723.63942750257  1.069216
5723.68650092361  1.007997
5723.7335707257  1.092347
5723.7806369087  1.05297
5723.82769947243  1.007273
5723.87475841673  1.044797
5723.92181374146  1.032961
5723.96886544645  0.9995641
5724.01591353153  0.9887368
5724.06295799656  1.0542
5724.10999884136  1.064846
5724.15703606579  0.9837371
5724.20406966967  0.9784713
5724.25109965286  1.000177
5724.29812601519  1.078824
5724.3451487565  0.986796
5724.39216787664  1.078106
5724.43918337544  1.039846
5724.48619525274  1.005345
5724.5332035084  0.9991195
5724.58020814224  0.9952813
5724.6272091541  1.009574
5724.67420654384  0.998594
5724.72120031129  1.039592
5724.76819045628  1.012097
5724.81517697867  1.036226
5724.8621598783  0.9616171
5724.909139155  1.008704
5724.95611480861  1.012067
5725.00308683898  0.9940481
5725.05005524595  1.008719
5725.09702002937  0.958676
5725.14398118906  1.009591
5725.19093872488  1.019521
5725.23789263666  1.017571
5725.28484292426  0.959794
5725.33178958749  0.9750661
5725.37873262622  1.030692
5725.42567204028  1.02716
5725.47260782952  1.048545
5725.51953999377  0.9962659
5725.56646853288  1.020061
5725.61339344669  1.038597
5725.66031473504  0.9425946
5725.70723239778  1.002388
5725.75414643474  1.035847
5725.80105684577  1.053652
5725.84796363071  0.9656769
5725.89486678941  1.027293
5725.9417663217  1.017604
5725.98866222742  1.025681
5726.03555450643  0.9970428
5726.08244315856  1.007657
5726.12932818366  1.001589
5726.17620958157  0.995595
5726.22308735212  0.9795619
5726.26996149517  1.075778
5726.31683201055  0.9829403
5726.36369889811  1.022821
5726.4105621577  1.035161
5726.45742178915  0.9910473
5726.5042777923  1.013621
5726.55113016701  0.9987931
5726.59797891311  1.002087
5726.64482403045  1.004037
5726.69166551887  0.9932837
5726.73850337821  1.075227
5726.78533760832  0.9942513
5726.83216820903  1.035733
5726.8789951802  1.030823
5726.92581852167  0.9942278
5726.97263823327  0.9864712
5727.01945431486  1.0635
5727.06626676628  1.008582
5727.11307558736  1.060367
5727.15988077796  0.9991738
5727.20668233792  0.9449127
5727.25348026708  1.042365
5727.30027456528  0.9601505
5727.34706523238  0.9433619
5727.3938522682  1.041365
5727.4406356726  0.9545966
5727.48741544543  0.9768968
5727.53419158651  0.9800884
5727.58096409571  0.9592902
5727.62773297286  0.9616081
5727.67449821781  0.9911039
5727.7212598304  0.98553
5727.76801781047  0.9542257
5727.81477215788  1.009437
5727.86152287246  0.9195864
5727.90826995405  0.9300998
5727.95501340252  0.9783508
5728.00175321768  0.9541342
5728.0484893994  0.9823516
5728.09522194753  0.9703048
5728.14195086189  1.016644
5728.18867614233  0.9603142
5728.23539778871  1.000465
5728.28211580086  0.9266418
5728.32883017864  0.9312271
5728.37554092188  0.9734482
5728.42224803043  0.964489
5728.46895150414  0.961063
5728.51565134284  0.9268096
5728.5623475464  0.965196
5728.60904011464  1.003558
5728.65572904742  0.971239
5728.70241434458  0.9601444
5728.74909600597  0.996827
5728.79577403143  0.994279
5728.84244842082  0.9322993
5728.88911917396  0.9980025
5728.93578629071  0.955162
5728.98244977091  1.015738
5729.02910961442  0.9851925
5729.07576582107  1.041864
5729.12241839071  1.004057
5729.16906732319  1.021704
5729.21571261835  1.007376
5729.26235427604  1.013732
5729.3089922961  0.989722
5729.35562667839  0.9667783
5729.40225742274  1.021053
5729.448884529  0.9988254
5729.49550799702  1.027312
5729.54212782665  0.9853793
5729.58874401772  0.9863682
5729.6353565701  1.071997
5729.68196548361  1.040728
5729.72857075812  0.9850441
5729.77517239346  0.9734082
5729.82177038949  1.023963
5729.86836474605  0.9634909
5729.91495546298  1.040768
5729.96154254013  0.9996944
5730.00812597735  0.9930403
5730.05470577449  0.9941854
5730.10128193139  0.9957052
5730.1478544479  0.9629909
5730.19442332386  1.031543
5730.24098855912  1.037437
5730.28755015354  1.019862
5730.33410810695  1.022667
5730.38066241921  1.056173
5730.42721309016  0.9883925
5730.47376011964  0.945168
5730.52030350751  1.053557
5730.56684325361  1.021791
5730.6133793578  1.012439
5730.6599118199  0.9870174
5730.70644063979  1.027645
5730.75296581729  0.9985906
5730.79948735227  0.9980646
5730.84600524456  0.9980146
5730.89251949401  1.051539
5730.93903010048  1.036839
5730.9855370638  1.0766
5731.03204038384  1.053403
5731.07854006043  1.021954
5731.12503609342  1.017192
5731.17152848266  1.014205
5731.218017228  1.020601
5731.26450232929  1.005978
5731.31098378637  1.055478
5731.35746159909  1.026182
5731.40393576731  1.005573
5731.45040629087  1.018746
5731.49687316961  0.972372
5731.54333640339  1.049052
5731.58979599205  1.065783
5731.63625193544  1.041051
5731.68270423341  1.060309
5731.72915288581  1.042631
5731.77559789249  1.038684
5731.8220392533  0.9631456
5731.86847696808  0.98654
5731.91491103669  0.9655709
5731.96134145896  1.027886
5732.00776823476  0.9899504
5732.05419136392  1.013651
5732.10061084631  0.9999902
5732.14702668176  0.9683056
5732.19343887013  1.023754
5732.23984741126  0.9507656
5732.28625230501  0.982338
5732.33265355122  0.968385
5732.37905114974  0.9218867
5732.42544510043  0.8972316
5732.47183540313  0.8740739
5732.51822205768  0.9813508
5732.56460506395  0.9521906
5732.61098442177  0.9333932
5732.65736013101  0.9780235
5732.7037321915  0.8903273
5732.7501006031  0.9055988
5732.79646536565  0.9652212
5732.84282647901  0.9162462
5732.88918394303  0.9532481
5732.93553775756  0.9785003
5732.98188792244  0.9044241
5733.02823443753  0.9397021
5733.07457730267  0.8536037
5733.12091651772  0.9317032
5733.16725208252  0.9243633
5733.21358399693  0.8986529
5733.2599122608  0.9931984
5733.30623687397  0.9178643
5733.35255783629  0.9553701
5733.39887514763  0.9833855
5733.44518880782  0.8857468
5733.49149881671  0.9223143
5733.53780517417  0.9766929
5733.58410788003  0.9718753
5733.63040693415  1.019157
5733.67670233637  0.9874535
5733.72299408656  0.9762438
5733.76928218456  0.9896076
5733.81556663022  1.034384
5733.86184742339  0.968165
5733.90812456392  0.9442817
5733.95439805166  0.9792383
5734.00066788647  1.005731
5734.04693406819  0.9884837
5734.09319659668  0.9738182
5734.13945547178  1.003743
5734.18571069335  0.9926315
5734.23196226124  1.042398
5734.2782101753  1.014985
5734.32445443538  1.042772
5734.37069504134  1.00935
5734.41693199301  1.027062
5734.46316529026  0.9678674
5734.50939493294  0.9433031
5734.5556209209  1.00593
5734.60184325399  0.9994084
5734.64806193205  1.019251
5734.69427695495  0.929305
5734.74048832254  1.007445
5734.78669603466  1.014253
5734.83290009116  1.042368
5734.87910049191  0.9542753
5734.92529723675  0.9827206
5734.97149032553  0.9567835
5735.01767975811  1.033325
5735.06386553433  1.008334
5735.11004765406  0.9624447
5735.15622611713  1.032679
5735.20240092341  0.9864289
5735.24857207274  1.018885
5735.29473956499  1.00383
5735.34090339999  0.9756177
5735.3870635776  1.022473
5735.43322009768  1.064479
5735.47937296008  0.9940951
5735.52552216465  1.016581
5735.57166771124  0.9878861
5735.6178095997  1.042535
5735.6639478299  1.018369
5735.71008240167  1.036551
5735.75621331487  1.028226
5735.80234056937  0.9736763
5735.848464165  0.9782715
5735.89458410162  1.03289
5735.94070037909  0.9604667
5735.98681299725  0.9809659
5736.03292195597  0.9942281
5736.07902725508  0.963362
5736.12512889446  1.103683
5736.17122687395  0.992444
5736.2173211934  1.018242
5736.26341185266  0.9487365
5736.3094988516  1.000337
5736.35558219006  0.9646676
5736.40166186789  0.9982576
5736.44773788495  1.013014
5736.49381024111  0.9853129
5736.53987893619  1.025242
5736.58594397007  1.010114
5736.63200534259  1.018328
5736.67806305361  0.9929831
5736.72411710298  0.9982094
5736.77016749056  1.022671
5736.81621421619  0.9795415
5736.86225727975  1.017045
5736.90829668106  1.039884
5736.95433242  0.9697856
5737.00036449642  0.9902207
5737.04639291017  0.9862945
5737.0924176611  0.9838091
5737.13843874906  0.9706907
5737.18445617392  1.01303
5737.23046993553  1.020169
5737.27648003374  0.9988587
5737.3224864684  0.9896592
5737.36848923937  1.10773
5737.41448834651  1.034067
5737.46048378967  1.029975
5737.5064755687  0.9892897
5737.55246368346  0.9745457
5737.5984481338  0.9802957
5737.64442891958  1.031603
5737.69040604065  0.9477581
5737.73637949687  0.9508397
5737.78234928809  1.035651
5737.82831541417  0.9750736
5737.87427787496  0.9942389
5737.92023667032  0.9998761
5737.9661918001  1.021263
5738.01214326416  0.9795817
5738.05809106236  1.021732
5738.10403519454  1.009586
5738.14997566056  1.006485
5738.19591246028  0.9905391
5738.24184559356  0.9895545
5738.28777506024  1.014266
5738.33370086019  1.00213
5738.37962299326  0.9977493
5738.42554145931  0.9751174
5738.47145625819  0.9510028
5738.51736738976  0.945394
5738.56327485387  0.9730334
5738.60917865037  1.023833
5738.65507877914  0.9905822
5738.70097524001  0.976389
5738.74686803285  1.014454
5738.79275715752  1.023333
5738.83864261386  0.9906431
5738.88452440174  1.009856
5738.930402521  0.9775662
5738.97627697152  0.9310848
5739.02214775314  1.019765
5739.06801486572  0.9740793
5739.11387830911  1.031816
5739.15973808318  0.9607568
5739.20559418777  0.987675
5739.25144662275  0.945932
5739.29729538797  0.9980232
5739.34314048329  1.041756
5739.38898190857  0.9935898
5739.43481966366  1.064349
5739.48065374841  0.9854645
5739.52648416269  1.027712
5739.57231090635  0.9652499
5739.61813397925  0.8638894
5739.66395338125  1.085343
5739.7097691122  1.014736
5739.75558117196  0.9595433
5739.80138956039  1.019637
5739.84719427734  0.9288684
5739.89299532267  0.9250485
5739.93879269624  0.9737116
5739.9845863979  1.01332
5740.03037642752  0.9531956
5740.07616278495  1.009306
5740.12194547004  1.004745
5740.16772448266  0.9715937
5740.21349982267  0.983754
5740.25927148991  1.02157
5740.30503948425  0.9334865
5740.35080380555  0.9929017
5740.39656445366  0.9957841
5740.44232142844  0.99683
5740.48807472975  0.9972684
5740.53382435745  0.9612084
5740.57957031139  0.9004693
5740.62531259143  0.9404556
5740.67105119743  1.004561
5740.71678612926  0.9921381
5740.76251738675  1.017424
5740.80824496979  0.8761428
5740.85396887822  0.994779
5740.89968911189  0.9921438
5740.94540567068  1.024204
5740.99111855444  0.9797983
5741.03682776302  0.9270681
5741.08253329628  1.037667
5741.12823515409  0.9627165
5741.1739333363  0.903219
5741.21962784277  0.9208896
5741.26531867336  1.05218
5741.31100582793  1.018158
5741.35668930633  1.001284
5741.40236910844  1.027676
5741.44804523409  1.03365
5741.49371768315  0.9320396
5741.53938645549  1.024044
5741.58505155096  0.9645005
5741.63071296942  1.054532
5741.67637071073  0.9833584
5741.72202477475  0.9916961
5741.76767516133  1.015134
5741.81332187034  1.028534
5741.85896490163  1.018824
5741.90460425507  1.049647
5741.95023993052  0.9624386
5741.99587192783  0.9701759
5742.04150024686  0.9242288
5742.08712488748  0.9651575
5742.13274584953  1.053082
5742.17836313289  1.039224
5742.22397673742  1.036025
5742.26958666296  0.991922
5742.31519290938  0.988353
5742.36079547655  0.923801
5742.40639436432  1.00758
5742.45198957255  1.047027
5742.4975811011  1.046594
5742.54316894982  0.9523422
5742.5887531186  0.9322234
5742.63433360727  0.9805975
5742.6799104157  0.9264478
5742.72548354376  0.9303643
5742.77105299129  1.048253
5742.81661875817  0.9653777
5742.86218084425  0.9938614
5742.9077392494  0.992864
5742.95329397346  1.03191
5742.99884501632  0.9813565
5743.04439237781  0.9548692
5743.08993605781  0.9902931
5743.13547605618  0.9808499
5743.18101237277  0.9819773
5743.22654500745  0.9751149
5743.27207396008  1.02801
5743.31759923052  1.063019
5743.36312081862  0.9633479
5743.40863872426  0.9550913
5743.45415294729  1.088079
5743.49966348757  1.055064
5743.54517034496  0.9792154
5743.59067351933  1.015507
5743.63617301054  0.9803248
5743.68166881844  1.026624
5743.72716094291  0.9542417
5743.77264938379  0.9770011
5743.81813414095  0.9954364
5743.86361521426  1.008912
5743.90909260357  1.035111
5743.95456630875  0.9767272
5744.00003632966  0.9441726
5744.04550266615  1.010714
5744.0909653181  1.00278
5744.13642428535  0.9777259
5744.18187956779  0.983504
5744.22733116526  0.9622768
5744.27277907762  0.9675263
5744.31822330475  0.9991794
5744.3636638465  1.033172
5744.40910070273  0.9808698
5744.45453387331  0.9257566
5744.4999633581  1.058419
5744.54538915696  0.9436316
5744.59081126975  0.9941111
5744.63622969634  0.9971829
5744.68164443658  0.9162019
5744.72705549034  0.9928955
5744.77246285749  0.990199
5744.81786653788  1.052722
5744.86326653138  1.034626
5744.90866283785  1.014388
5744.95405545714  1.019491
5744.99944438914  1.013526
5745.04482963369  1.003797
5745.09021119067  0.9797759
5745.13558905992  1.001294
5745.18096324133  1.101674
5745.22633373474  1.00543
5745.27170054003  1.045439
5745.31706365704  0.9295
5745.36242308566  0.969
5745.40777882574  0.9707857
5745.45313087715  1.046567
5745.49847923974  1.043764
5745.54382391338  1.070448
5745.58916489794  0.9671931
5745.63450219327  1.030514
5745.67983579925  0.9721537
5745.72516571573  0.9411421
5745.77049194258  0.9660407
5745.81581447967  1.059981
5745.86113332684  1.040466
5745.90644848398  0.9981314
5745.95175995093  0.9554945
5745.99706772758  0.9972892
5746.04237181377  1.039795
5746.08767220938  1.047355
5746.13296891427  0.9878321
5746.1782619283  0.9697698
5746.22355125134  1.005801
5746.26883688324  1.020098
5746.31411882388  1.008118
5746.35939707312  1.108836
5746.40467163082  1.035264
5746.44994249685  1.032205
5746.49520967106  1.016509
5746.54047315334  1.039104
5746.58573294353  0.9946466
5746.63098904151  0.9761157
5746.67624144713  1.007907
5746.72149016027  0.9880359
5746.76673518079  1.028246
5746.81197650855  1.070483
5746.85721414342  1.07465
5746.90244808526  1.056383
5746.94767833393  0.9852609
5746.99290488931  1.033756
5747.03812775126  0.9899304
5747.08334691963  0.9926612
5747.12856239431  1.069521
5747.17377417514  1.024104
5747.218982262  1.030236
5747.26418665475  0.996064
5747.30938735326  1.003878
5747.35458435739  1.016905
5747.39977766701  1.005732
5747.44496728198  0.9821387
5747.49015320217  1.003433
5747.53533542745  0.9977533
5747.58051395767  1.076014
5747.62568879271  1.027749
5747.67085993242  0.9940068
5747.71602737669  1.040663
5747.76119112536  1.011341
5747.80635117831  0.9693979
5747.85150753541  1.050399
5747.89666019651  1.022044
5747.94180916149  1.042524
5747.98695443021  1.029043
5748.03209600253  0.9780865
5748.07723387833  0.9928395
5748.12236805747  0.9582464
5748.16749853981  1.017847
5748.21262532522  1.042209
5748.25774841357  1.039776
5748.30286780473  1.050735
5748.34798349855  1.004332
5748.39309549491  1.023306
5748.43820379367  0.9631743
5748.4833083947  0.9411666
5748.52840929787  1.005015
5748.57350650304  0.9898322
5748.61860001007  0.9248391
5748.66368981885  0.9302053
5748.70877592922  0.9649959
5748.75385834106  0.9004297
5748.79893705424  0.9668961
5748.84401206863  0.9229572
5748.88908338408  0.9950171
5748.93415100046  0.8753371
5748.97921491766  0.8713761
5749.02427513552  0.9101551
5749.06933165392  0.9049236
5749.11438447272  0.9335426
5749.1594335918  0.9369571
5749.20447901101  0.9707206
5749.24952073023  1.044968
5749.29455874933  0.9719704
5749.33959306817  0.9173094
5749.38462368661  0.8570024
5749.42965060453  0.958846
5749.4746738218  0.8671598
5749.51969333827  1.01387
5749.56470915383  0.9529611
5749.60972126833  0.9312438
5749.65472968165  1.039877
5749.69973439365  0.9280424
5749.7447354042  0.9294926
5749.78973271317  0.9881385
5749.83472632042  1.031388
5749.87971622583  1.013761
5749.92470242926  1.119868
5749.96968493057  0.9237738
5750.01466372965  0.9872803
5750.05963882635  0.9137719
5750.10461022055  0.9962999
5750.14957791211  0.9321736
5750.19454190091  1.0432
5750.2395021868  0.9569415
5750.28445876966  0.9036893
5750.32941164935  0.9991011
5750.37436082576  0.9870447
5750.41930629873  0.8936144
5750.46424806815  0.985647
5750.50918613388  0.958657
5750.55412049579  1.027379
5750.59905115374  0.9868841
5750.64397810762  1.089721
5750.68890135728  0.9695901
5750.73382090259  1.005565
5750.77873674343  0.996421
5750.82364887966  1.023883
5750.86855731116  0.9586404
5750.91346203778  0.992318
5750.95836305941  0.9439753
5751.0032603759  0.9482251
5751.04815398714  1.043477
5751.09304389298  1.00242
5751.1379300933  1.025453
5751.18281258797  1.08126
5751.22769137686  0.8949546
5751.27256645983  1.026236
5751.31743783675  1.06203
5751.3623055075  1.014771
5751.40716947195  1.017412
5751.45202972996  1.022446
5751.4968862814  1.020301
5751.54173912616  1.026247
5751.58658826408  1.063273
5751.63143369505  1.075335
5751.67627541893  1.049294
5751.72111343559  1.038225
5751.76594774491  1.054869
5751.81077834675  0.9667883
5751.85560524099  0.9976518
5751.90042842749  0.9946349
5751.94524790613  1.096834
5751.99006367677  0.9201543
5752.03487573929  1.062528
5752.07968409355  1.004732
5752.12448873943  0.9874121
5752.1692896768  1.049652
5752.21408690552  1.030805
5752.25888042547  1.007461
5752.30367023652  0.9341144
5752.34845633854  1.008757
5752.3932387314  0.8944724
5752.43801741497  0.9191118
5752.48279238912  1.053937
5752.52756365372  0.9680988
5752.57233120865  0.9786966
5752.61709505377  1.015402
5752.66185518896  0.9394695
5752.70661161408  1.008339
5752.75136432901  0.943385
5752.79611333362  0.9165096
5752.84085862778  0.9512066
5752.88560021136  0.9346907
5752.93033808424  0.9244574
5752.97507224627  1.035675
5753.01980269735  0.9279294
5753.06452943733  0.9017892
5753.10925246609  0.9269533
5753.1539717835  0.9162653
5753.19868738943  0.9950936
5753.24339928376  1.014835
5753.28810746635  0.9694991
5753.33281193707  0.9792756
5753.37751269581  0.9239113
5753.42220974243  0.9353924
5753.4669030768  0.9586256
5753.51159269879  0.8824621
5753.55627860828  0.8719581
5753.60096080514  0.9371161
5753.64563928924  0.8808138
5753.69031406046  0.9183089
5753.73498511866  0.8667474
5753.77965246371  0.9230959
5753.8243160955  0.953437
5753.86897601389  0.963525
5753.91363221875  0.916955
5753.95828470996  0.8699269
5754.00293348739  0.9171925
5754.04757855091  0.8503951
5754.0922199004  0.9279004
5754.13685753572  0.8817605
5754.18149145676  0.7893234
5754.22612166337  0.8583827
5754.27074815545  0.9005515
5754.31537093285  0.912111
5754.35998999545  0.8729677
5754.40460534313  0.9112347
5754.44921697576  0.8836221
5754.4938248932  0.9596828
5754.53842909534  0.8236842
5754.58302958205  0.9072939
5754.62762635319  0.8792677
5754.67221940865  0.8599944
5754.7168087483  0.9821056
5754.76139437201  0.9029929
5754.80597627964  0.85799
5754.85055447109  0.992898
5754.89512894622  0.9083272
5754.9396997049  0.8622333
5754.98426674701  0.9237744
5755.02883007242  0.9879798
5755.073389681  0.937289
5755.11794557264  0.9132494
5755.16249774719  0.8512414
5755.20704620454  0.8517807
5755.25159094456  0.9439049
5755.29613196713  0.9236326
5755.34066927211  0.8457367
5755.38520285939  0.8592305
5755.42973272883  0.9696612
5755.47425888031  0.949068
5755.51878131371  0.9764462
5755.56330002889  0.8558789
5755.60781502574  0.827126
5755.65232630413  0.9223195
5755.69683386392  0.8794615
5755.74133770501  0.9457071
5755.78583782725  0.9162965
5755.83033423053  0.8965091
5755.87482691472  0.8424715
5755.9193158797  0.929947
5755.96380112533  0.9511307
5756.0082826515  0.8089864
5756.05276045807  0.9659449
5756.09723454493  0.9472399
5756.14170491195  1.010064
5756.186171559  0.9978166
5756.23063448596  0.9330525
5756.2750936927  0.9520509
5756.3195491791  1.043979
5756.36400094504  0.9063855
5756.40844899038  0.8133487
5756.45289331501  1.055365
5756.49733391879  0.9601658
5756.54177080162  1.080973
5756.58620396335  0.8720174
5756.63063340386  0.9898668
5756.67505912304  1.118585
5756.71948112075  1.035605
5756.76389939688  0.9337134
5756.80831395129  1.038897
5756.85272478386  1.065223
5756.89713189448  1.032021
5756.94153528301  0.976595
5756.98593494933  1.011593
5757.03033089331  1.011776
5757.07472311484  1.028923
5757.11911161378  0.9368842
5757.16349639002  0.9918486
5757.20787744343  0.975004
5757.25225477389  1.007446
5757.29662838127  1.062512
5757.34099826545  0.9899961
5757.3853644263  0.9884368
5757.4297268637  1.051998
5757.47408557754  1.112511
5757.51844056767  1.039918
5757.56279183399  0.9646876
5757.60713937636  1.022265
5757.65148319467  1.007773
5757.69582328879  1.044021
5757.74015965859  0.8998739
5757.78449230396  1.029886
5757.82882122476  0.9835925
5757.87314642089  0.9754011
5757.91746789221  0.9731137
5757.9617856386  1.032016
5758.00609965994  0.9971649
5758.0504099561  0.9160117
5758.09471652696  1.091322
5758.1390193724  0.9402149
5758.1833184923  0.9935158
5758.22761388653  1.045179
5758.27190555498  0.9638586
5758.31619349751  0.9549345
5758.360477714  1.070209
5758.40475820434  0.8953421
5758.4490349684  0.9978419
5758.49330800605  0.9782448
5758.53757731718  1.086447
5758.58184290166  1.004981
5758.62610475938  1.003564
5758.6703628902  1.014427
5758.71461729401  0.8945078
5758.75886797068  1.122433
5758.80311492009  1.027616
5758.84735814212  0.9606082
5758.89159763664  1.104134
5758.93583340355  0.9715052
5758.9800654427  0.9928463
5759.02429375399  1.025622
5759.06851833728  1.029591
5759.11273919247  1.024379
5759.15695631941  1.082868
5759.20116971801  1.049454
5759.24537938812  1.069239
5759.28958532964  0.9262267
5759.33378754243  1.046761
5759.37798602638  0.9951047
5759.42218078137  1.070925
5759.46637180727  0.9797456
5759.51055910397  1.010962
5759.55474267133  0.9665647
5759.59892250925  1.019613
5759.6430986176  1.019647
5759.68727099625  0.9892395
5759.7314396451  1.057904
5759.77560456401  1.060158
5759.81976575286  1.082816
5759.86392321154  0.9702463
5759.90807693992  1.027661
5759.95222693788  0.9962494
5759.99637320531  1.086502
5760.04051574207  0.9464933
5760.08465454805  1.040355
5760.12878962314  1.092432
5760.1729209672  1.011328
5760.21704858012  1.007732
5760.26117246178  1.093415
5760.30529261205  0.9055154
5760.34940903082  0.9731477
5760.39352171796  1.033045
5760.43763067337  0.9582466
