5745.33953946836  1.006198
5745.39268794372  0.959921
5745.44583303729  0.9536994
5745.49897474883  1.044876
5745.5521130781  1.073638
5745.60524802488  1.002845
5745.65837958891  0.9580045
5745.71150776997  1.067268
5745.76463256781  0.9918402
5745.8177539822  1.041188
5745.8708720129  0.9673961
5745.92398665968  1.036174
5745.97709792229  0.9412651
5746.03020580051  0.9969831
5746.08331029409  1.011286
5746.1364114028  1.023269
5746.1895091264  1.019279
5746.24260346465  0.9463472
5746.29569441732  1.109012
5746.34878198417  1.039574
5746.40186616497  0.9738521
5746.45494695947  1.002763
5746.50802436744  1.02863
5746.56109838865  0.9832479
5746.61416902286  1.062959
5746.66723626983  1.02658
5746.72030012932  1.018937
5746.77336060111  1.097084
5746.82641768495  1.012556
5746.87947138061  0.9629267
5746.93252168785  0.9910517
5746.98556860643  1.035229
5747.03861213613  0.9819985
5747.0916522767  0.9799968
5747.1446890279  1.046868
5747.19772238951  1.062132
5747.25075236129  1.025155
5747.30377894299  1.065728
5747.35680213439  1.038335
5747.40982193525  1.059274
5747.46283834534  1.052323
5747.51585136441  1.054616
5747.56886099224  0.9684196
5747.62186722858  1.047328
5747.67487007321  1.000511
5747.72786952588  0.9907805
5747.78086558637  1.023424
5747.83385825443  1.043059
5747.88684752984  1.040709
5747.93983341234  0.9807911
5747.99281590173  0.975952
5748.04579499775  1.000434
5748.09877070017  0.9064811
5748.15174300875  1.00793
5748.20471192327  0.9805926
5748.25767744349  0.9953212
5748.31063956917  0.8810005
5748.36359830007  1.026945
5748.41655363597  0.9536298
5748.46950557663  1.050694
5748.52245412181  0.9843599
5748.57539927128  0.9246459
5748.6283410248  0.9323872
5748.68127938215  0.9293171
5748.73421434308  0.9400892
5748.78714590737  0.9782636
5748.84007407477  0.9571545
5748.89299884505  0.9311203
5748.94592021799  0.9307742
5748.99883819334  0.9507416
5749.05175277087  0.9372952
5749.10466395035  0.9143383
5749.15757173154  0.930747
5749.21047611421  0.9721228
5749.26337709813  0.8824472
5749.31627468306  0.957246
5749.36916886877  0.9555906
5749.42205965502  0.9485716
5749.47494704158  1.001504
5749.52783102822  0.92268
5749.58071161471  0.9052594
5749.6335888008  0.9586681
5749.68646258627  0.9937131
5749.73933297089  0.9227026
5749.79219995441  0.9598379
5749.84506353661  0.9848958
5749.89792371726  0.9609747
5749.95078049611  1.011943
5750.00363387295  0.8931094
5750.05648384752  1.002221
5750.10933041961  0.9849133
5750.16217358898  1.039496
5750.21501335539  1.018834
5750.26784971861  1.004814
5750.32068267842  1.040675
5750.37351223457  1.008434
5750.42633838683  0.9423417
5750.47916113498  1.011962
5750.53198047877  1.039097
5750.58479641798  0.9606859
5750.63760895238  1.008582
5750.69041808172  0.9881829
5750.74322380578  1.028759
5750.79602612434  0.9808942
5750.84882503714  1.021137
5750.90162054396  1.014376
5750.95441264458  0.9783472
5751.00720133875  1.037358
5751.05998662625  1.020937
5751.11276850684  0.9986605
5751.16554698029  0.9970552
5751.21832204637  1.10658
5751.27109370485  0.9742577
5751.32386195549  1.060227
5751.37662679807  0.9515533
5751.42938823235  0.9478127
5751.4821462581  0.9626241
5751.53490087508  0.9600235
5751.58765208308  1.03048
5751.64039988184  1.008599
5751.69314427116  1.047802
5751.74588525078  1.088545
5751.79862282048  0.9770165
5751.85135698004  0.948754
5751.90408772921  1.016497
5751.95681506776  1.023125
5752.00953899548  0.9755263
5752.06225951211  1.021707
5752.11497661744  0.9641873
5752.16769031123  1.023918
5752.22040059326  0.9911349
5752.27310746328  0.9861292
5752.32581092107  0.9901642
5752.3785109664  0.9662207
5752.43120759904  1.044781
5752.48390081875  1.024856
5752.53659062531  0.9676118
5752.58927701849  0.9695044
5752.64195999804  0.9857577
5752.69463956376  0.9814044
5752.74731571539  0.9720177
5752.79998845272  0.9808462
5752.85265777551  0.9665217
5752.90532368354  0.9256814
5752.95798617656  0.9356416
5753.01064525436  0.9197978
5753.0633009167  0.9641708
5753.11595316334  0.9685048
5753.16860199407  0.8919329
5753.22124740865  0.9231941
5753.27388940686  0.9854756
5753.32652798845  0.9305496
5753.3791631532  0.936125
5753.43179490089  0.8790284
5753.48442323127  0.987775
5753.53704814413  0.8896451
5753.58966963922  0.9843089
5753.64228771633  0.8746313
5753.69490237523  0.8998955
5753.74751361567  0.9173353
5753.80012143744  0.9526476
5753.8527258403  0.9086324
5753.90532682403  0.9085716
5753.95792438839  0.8802267
5754.01051853316  0.904085
5754.0631092581  0.9212618
5754.11569656299  0.9020686
5754.1682804476  0.9164788
5754.22086091169  0.8788423
5754.27343795505  0.8880128
5754.32601157744  0.8964808
5754.37858177863  0.9129927
5754.43114855839  0.9436437
5754.48371191649  1.006184
5754.53627185272  0.9903957
5754.58882836682  0.8646338
5754.64138145859  0.885322
5754.69393112778  0.9285892
5754.74647737417  0.8418366
5754.79902019754  0.8802059
5754.85155959765  0.8394549
5754.90409557427  0.9227107
5754.95662812718  0.9418885
5755.00915725615  0.9800841
5755.06168296094  0.9826317
5755.11420524134  0.8997157
5755.16672409711  0.9492404
5755.21923952803  0.8630685
5755.27175153386  0.8979219
5755.32426011438  0.8804756
5755.37676526936  0.9190067
5755.42926699858  0.8827358
5755.4817653018  0.885972
5755.53426017879  0.8391176
5755.58675162934  0.9015997
5755.6392396532  0.9275527
5755.69172425016  0.9645133
5755.74420541998  0.905517
5755.79668316245  0.9017597
5755.84915747732  0.942461
5755.90162836438  0.8503864
5755.95409582339  0.9485549
5756.00655985413  0.8732387
5756.05902045637  0.9731297
5756.11147762989  0.9052322
5756.16393137445  0.9025342
5756.21638168983  1.002208
5756.2688285758  0.9089608
5756.32127203213  1.003373
5756.37371205861  1.013417
5756.42614865499  0.9966092
5756.47858182106  1.058441
5756.53101155658  0.9828542
5756.58343786133  1.008974
5756.63586073509  1.040489
5756.68828017762  1.044915
5756.74069618871  0.9724976
5756.79310876811  1.022195
5756.84551791561  1.029376
5756.89792363098  1.019724
5756.95032591399  0.9951141
5757.00272476442  1.014191
5757.05512018204  1.016108
5757.10751216662  1.003008
5757.15990071795  1.048661
5757.21228583578  0.9201359
5757.26466751989  0.9989151
5757.31704577007  0.9694993
5757.36942058608  0.9670854
5757.42179196769  1.008138
5757.47415991468  1.036183
5757.52652442683  0.9785312
5757.57888550391  1.003305
5757.63124314569  1.014095
5757.68359735195  1.005581
5757.73594812245  0.9620088
5757.78829545699  0.9699179
5757.84063935532  0.9818486
5757.89297981723  0.9927614
5757.94531684248  1.002477
5757.99765043086  1.002448
5758.04998058213  1.004629
5758.10230729608  0.9392276
5758.15463057247  0.9374732
5758.20695041109  0.9638129
5758.2592668117  0.9803013
5758.31157977408  1.004602
5758.36388929801  1.014472
5758.41619538326  1.0045
5758.4684980296  1.011816
5758.52079723682  0.983761
5758.57309300467  0.9995532
5758.62538533295  1.000287
5758.67767422143  0.9766626
5758.72995966987  0.9726593
5758.78224167807  1.013178
5758.83452024578  1.030838
5758.88679537279  0.9957166
5758.93906705887  0.9899217
5758.9913353038  1.000764
5759.04360010735  1.02881
5759.0958614693  1.044447
5759.14811938942  0.957751
5759.2003738675  1.024674
5759.25262490329  0.9696013
5759.30487249659  0.9983275
5759.35711664717  1.003224
5759.4093573548  1.03503
5759.46159461925  0.9778044
5759.51382844032  0.9849786
5759.56605881776  1.062615
5759.61828575135  0.9748746
5759.67050924088  0.9918328
5759.72272928612  1.07536
5759.77494588684  1.01099
5759.82715904283  0.9348597
5759.87936875385  0.9916003
5759.93157501968  1.016102
5759.98377784011  1.065187
5760.0359772149  0.9200183
5760.08817314383  1.075686
5760.14036562669  1.012233
5760.19255466324  0.9811868
5760.24474025326  1.020455
5760.29692239653  0.999562
5760.34910109282  0.9789287
5760.40127634192  1.034457
5760.4534481436  0.9793901
5760.50561649764  1.011796
5760.55778140381  0.9729308
5760.60994286188  0.9793637
5760.66210087165  0.9750424
5760.71425543288  1.012917
5760.76640654535  0.9472147
5760.81855420884  1.025134
5760.87069842313  1.026991
5760.92283918799  1.052648
5760.97497650319  1.029339
5761.02711036853  1.015019
5761.07924078377  0.9860441
5761.1313677487  1.028731
5761.18349126308  0.9850124
5761.23561132671  0.9990869
5761.28772793934  0.9763643
5761.33984110078  0.9313251
5761.39195081078  0.9719191
5761.44405706913  0.9517137
5761.49615987561  1.01419
5761.54825922999  1.019887
5761.60035513205  0.959868
5761.65244758158  0.8865163
5761.70453657834  0.9535104
5761.75662212212  0.9289968
5761.80870421269  0.9962311
5761.86078284984  0.9728025
5761.91285803333  0.9871324
5761.96492976296  0.927008
5762.01699803849  0.9940766
5762.06906285971  0.976158
5762.1211242264  0.9696878
5762.17318213832  0.9712294
5762.22523659527  0.942772
5762.27728759701  0.975199
5762.32933514334  1.008068
5762.38137923402  0.9882209
5762.43341986884  0.9415751
5762.48545704757  0.9745526
5762.53749077  0.9781144
5762.5895210359  0.9397162
5762.64154784505  1.035475
5762.69357119723  0.9544511
5762.74559109221  1.028189
5762.79760752979  0.9676374
5762.84962050974  0.9265384
5762.90163003183  1.000936
5762.95363609584  0.9483009
5763.00563870157  0.9405866
5763.05763784877  0.9833984
5763.10963353724  0.9761424
5763.16162576676  0.9566559
5763.21361453709  0.9773724
5763.26559984803  0.9272102
5763.31758169935  0.9639906
5763.36956009083  0.9710864
5763.42153502225  0.912213
5763.4735064934  0.9810433
5763.52547450404  0.876318
5763.57743905396  0.8054239
5763.62940014295  0.8820804
5763.68135777077  0.9218698
5763.73331193722  0.8252101
5763.78526264206  0.8695281
5763.83720988509  0.8459287
5763.88915366607  0.8672526
5763.9410939848  0.8769767
5763.99303084105  0.8930553
5764.04496423459  0.9078379
5764.09689416522  0.9180346
5764.14882063271  0.8767846
5764.20074363685  0.9074069
5764.2526631774  0.9071566
5764.30457925416  0.9591191
5764.3564918669  0.9198297
5764.40840101541  0.9572237
5764.46030669946  0.8965385
5764.51220891884  0.9109538
5764.56410767333  0.9056014
5764.6160029627  0.998503
5764.66789478674  0.9659033
5764.71978314522  1.001435
5764.77166803794  0.9549683
5764.82354946468  1.025328
5764.8754274252  1.013535
5764.92730191929  0.987972
5764.97917294674  1.056962
5765.03104050733  1.037568
5765.08290460083  1.0151
5765.13476522704  1.022753
5765.18662238572  0.9785625
5765.23847607666  1.001297
5765.29032629965  1.085247
5765.34217305446  0.9907733
5765.39401634087  0.9990849
5765.44585615867  1.041088
5765.49769250765  0.9989471
5765.54952538757  1.082895
5765.60135479822  1.039465
5765.65318073939  0.9564164
5765.70500321086  1.050377
5765.7568222124  1.048179
5765.80863774381  1.01939
5765.86044980485  1.045697
5765.91225839532  1.040397
5765.964063515  0.995675
5766.01586516367  1.038315
5766.0676633411  0.9970993
5766.11945804709  0.9754212
5766.17124928141  1.041552
5766.22303704386  1.008409
5766.2748213342  0.9487094
5766.32660215222  1.039219
5766.37837949772  1.000876
5766.43015337045  1.051062
5766.48192377022  0.9834393
5766.5336906968  1.057341
5766.58545414998  1.035368
5766.63721412954  1.060843
5766.68897063525  1.061657
5766.74072366692  1.045296
5766.7924732243  1.067667
5766.8442193072  0.9985703
5766.8959619154  1.053517
5766.94770104866  0.9967821
5766.99943670679  0.9877684
5767.05116888956  1.008428
5767.10289759676  1.022581
5767.15462282816  1.02732
5767.20634458356  0.9841717
5767.25806286273  0.9819106
5767.30977766547  0.9680961
5767.36148899154  1.08748
5767.41319684074  1.057749
5767.46490121285  0.9894662
5767.51660210766  0.9924408
5767.56829952494  1.035053
5767.61999346448  1.057893
5767.67168392607  1.052097
5767.72337090949  1.034657
5767.77505441451  1.034698
5767.82673444094  1.019675
5767.87841098854  1.032317
5767.93008405711  1.068982
5767.98175364643  1.012046
5768.03341975628  1.055999
5768.08508238644  1.046199
5768.13674153671  1.041099
5768.18839720686  0.9570606
5768.24004939668  0.9713213
5768.29169810596  1.001554
5768.34334333447  1.067824
5768.394985082  1.005376
5768.44662334835  1.023885
5768.49825813328  0.9770439
5768.54988943659  1.024653
5768.60151725807  0.9729645
5768.65314159748  1.007253
5768.70476245463  1.080281
5768.7563798293  1.040393
5768.80799372126  1.038388
5768.85960413031  1.032083
5768.91121105623  1.031483
5768.96281449881  1.04704
5769.01441445782  0.9933534
5769.06601093306  1.069293
5769.11760392432  1.020685
5769.16919343136  1.042379
5769.22077945399  1.006221
5769.27236199199  1.019991
5769.32394104514  1.040345
5769.37551661322  1.082299
5769.42708869603  1.036019
5769.47865729334  1.00746
5769.53022240495  0.9708764
5769.58178403064  1.041711
5769.63334217019  1.014264
5769.6848968234  0.9347302
5769.73644799004  0.9787231
5769.7879956699  1.032277
5769.83953986277  0.9840605
5769.89108056844  0.9624251
5769.94261778669  1.083985
5769.9941515173  0.9676617
5770.04568176007  0.9484964
5770.09720851477  1.032017
5770.1487317812  1.031941
5770.20025155914  1.017127
5770.25176784838  0.971614
5770.30328064869  1.013559
5770.35478995988  1.02622
5770.40629578173  1.023948
5770.45779811402  0.9901126
5770.50929695654  1.011256
5770.56079230907  0.958367
5770.61228417141  0.9825771
5770.66377254334  1.046677
5770.71525742464  1.050502
5770.7667388151  0.9696971
5770.81821671452  0.9937322
5770.86969112267  1.038216
5770.92116203934  1.029659
5770.97262946433  1.027384
5771.02409339741  1.016507
5771.07555383837  1.070261
5771.12701078701  1.013364
5771.17846424311  1.049494
5771.22991420645  1.029387
5771.28136067683  1.046753
5771.33280365402  1.001633
5771.38424313783  1.014741
5771.43567912803  1.022385
5771.48711162441  1.03143
5771.53854062676  1.037938
5771.58996613487  1.018714
5771.64138814853  1.070883
5771.69280666752  1.030156
5771.74422169163  0.9731764
5771.79563322065  1.034328
5771.84704125436  0.9991128
5771.89844579257  0.9806965
5771.94984683504  1.038071
5772.00124438157  1.001098
5772.05263843195  1.03125
5772.10402898597  1.025456
5772.15541604341  0.994635
5772.20679960407  1.065272
5772.25817966773  0.985689
5772.30955623417  1.000397
5772.3609293032  1.007946
5772.41229887459  0.9605664
5772.46366494813  1.051171
5772.51502752362  0.9448451
5772.56638660084  1.035863
5772.61774217957  0.9780641
5772.66909425962  0.9351492
5772.72044284077  0.9988587
5772.7717879228  0.9930192
5772.8231295055  1.004168
5772.87446758867  0.9512322
5772.92580217209  0.9830295
5772.97713325556  1.021187
5773.02846083885  0.9785199
5773.07978492176  0.962591
5773.13110550408  0.9642045
5773.1824225856  0.945311
5773.23373616611  0.9602169
5773.28504624539  1.010044
5773.33635282324  0.9853495
5773.38765589944  1.016323
5773.43895547379  0.9151494
5773.49025154607  0.9999444
5773.54154411607  1.00654
5773.59283318359  0.9626384
5773.6441187484  0.9454152
5773.69540081031  0.9519783
5773.7466793691  0.9718888
5773.79795442457  1.003512
5773.84922597649  1.015303
5773.90049402466  0.9814385
5773.95175856888  1.003772
5774.00301960892  0.9700855
5774.05427714459  1.021669
5774.10553117567  1.011675
5774.15678170194  1.009268
5774.20802872321  0.9925836
5774.25927223926  1.001142
5774.31051224988  1.024573
5774.36174875486  0.9842292
5774.41298175399  0.9961315
5774.46421124707  1.050073
5774.51543723388  1.073876
5774.56665971421  0.9648687
5774.61787868785  0.9805277
5774.6690941546  1.019919
5774.72030611424  0.9208775
5774.77151456657  1.010762
5774.82271951138  1.013644
5774.87392094845  0.9569873
5774.92511887758  0.9882455
5774.97631329856  1.012853
5775.02750421118  0.9874468
5775.07869161523  0.9412808
5775.1298755105  0.979647
5775.18105589678  0.9392203
5775.23223277387  0.9384987
5775.28340614155  0.9496782
5775.33457599962  0.9443165
5775.38574234787  0.9726389
5775.43690518608  0.9571277
5775.48806451406  1.031295
5775.53922033159  1.005343
5775.59037263846  0.9270427
5775.64152143446  0.9789453
5775.69266671939  0.9333306
5775.74380849304  0.9400538
5775.7949467552  0.9829047
5775.84608150566  0.9576045
5775.89721274422  0.8487865
5775.94834047065  0.9391223
5775.99946468477  0.9638541
5776.05058538635  0.9289392
5776.1017025752  0.9680086
5776.1528162511  0.994018
5776.20392641384  0.9799727
5776.25503306322  0.965672
5776.30613619903  0.9575571
5776.35723582106  0.9477233
5776.4083319291  0.9682995
5776.45942452295  0.9477016
5776.5105136024  1.015597
5776.56159916724  0.9200082
5776.61268121726  0.9726284
5776.66375975226  0.9566046
5776.71483477203  0.9719831
5776.76590627635  1.015699
5776.81697426504  0.9672112
5776.86803873786  1.025467
5776.91909969463  1.045061
5776.97015713513  0.9951913
5777.02121105916  1.014718
5777.0722614665  1.035183
5777.12330835695  1.041571
5777.17435173031  0.9854728
5777.22539158636  0.9775936
5777.27642792491  1.039191
5777.32746074573  1.020182
5777.37849004864  0.993927
5777.42951583341  0.9670269
5777.48053809985  0.9917614
5777.53155684774  0.9818466
5777.58257207688  1.056604
5777.63358378707  1.019194
5777.68459197809  0.9999425
5777.73559664975  1.032813
5777.78659780183  1.015403
5777.83759543412  1.020311
5777.88858954643  1.031593
5777.93958013854  1.009389
5777.99056721026  1.009042
5778.04155076136  0.9773438
5778.09253079165  1.048546
5778.14350730093  1.032307
5778.19448028898  1.035126
5778.24544975559  0.9684128
5778.29641570058  0.977632
5778.34737812371  1.02895
5778.3983370248  0.9956946
5778.44929240364  1.046801
5778.50024426001  1.014305
5778.55119259373  1.062589
5778.60213740457  1.023272
5778.65307869233  1.058291
5778.70401645681  1.020291
5778.7549506978  1.011056
5778.80588141511  1.015013
5778.85680860851  0.9698727
5778.90773227781  0.9833626
5778.9586524228  1.024532
5779.00956904328  0.9736009
5779.06048213904  1.010695
5779.11139170987  1.011935
5779.16229775558  0.9942837
5779.21320027595  0.9723282
5779.26409927079  0.971706
5779.31499473988  1.000966
5779.36588668302  1.03546
5779.41677510001  0.9981731
5779.46765999064  1.010004
5779.51854135471  1.028253
5779.56941919201  1.008581
5779.62029350234  0.9972451
5779.67116428549  0.987152
5779.72203154126  0.9693225
5779.77289526945  1.042635
5779.82375546985  1.002736
5779.87461214225  1.016807
5779.92546528646  0.9729496
5779.97631490226  1.014875
5780.02716098946  0.9882463
5780.07800354784  1.009202
5780.12884257721  0.9988238
5780.17967807736  0.9574903
5780.23051004809  1.017433
5780.2813384892  0.9795727
5780.33216340047  1.059789
5780.38298478171  0.9687852
5780.43380263271  1.039965
5780.48461695327  1.000031
5780.53542774318  0.999938
5780.58623500225  0.9937419
5780.63703873026  0.9623404
5780.68783892701  1.01544
5780.73863559231  0.9970157
5780.78942872594  0.9894741
5780.84021832771  0.9490029
5780.8910043974  0.9799852
5780.94178693483  0.9369545
5780.99256593977  0.937094
5781.04334141204  0.9523701
5781.09411335143  0.9536269
5781.14488175773  0.9350871
5781.19564663074  0.9520257
5781.24640797026  0.8975779
5781.29716577608  0.9160798
5781.34792004801  0.8831317
5781.39867078584  0.8844333
5781.44941798937  0.932858
5781.50016165838  0.8619155
5781.5509017927  0.8727463
5781.6016383921  0.8714835
5781.65237145638  0.8504817
5781.70310098535  0.8685341
5781.75382697881  0.8690282
5781.80454943654  0.9076068
5781.85526835835  0.8843722
5781.90598374403  0.8995273
5781.95669559339  0.9332079
5782.00740390621  0.8927213
5782.0581086823  0.8472533
5782.10880992146  0.8806728
5782.15950762348  0.9222266
5782.21020178817  0.8727322
5782.26089241531  0.8835214
5782.31157950471  0.8641111
5782.36226305617  0.9066015
5782.41294306948  0.9039332
5782.46361954444  0.8898424
5782.51429248086  0.8682079
5782.56496187852  0.8846143
5782.61562773723  0.9014137
5782.66629005678  0.8825527
5782.71694883699  0.9014825
5782.76760407763  0.9143776
5782.81825577851  0.9119602
5782.86890393944  0.9369227
5782.9195485602  0.9536431
5782.9701896406  0.92387
5783.02082718043  0.891349
5783.07146117951  0.9078079
5783.12209163761  0.9060251
5783.17271855455  0.9271066
5783.22334193012  0.895914
5783.27396176412  0.9424876
5783.32457805635  1.00695
5783.37519080661  0.9454174
5783.42580001469  0.9297679
5783.47640568041  0.8730032
5783.52700780355  0.9819146
5783.57760638392  0.8881069
5783.62820142131  0.9179705
5783.67879291553  0.9330754
5783.72938086637  0.9296578
5783.77996527364  0.9179589
5783.83054613713  0.9689445
5783.88112345664  0.9045966
5783.93169723198  0.9182478
5783.98226746293  1.001661
5784.03283414931  0.9951795
5784.08339729092  0.9683273
5784.13395688754  0.9752164
5784.18451293899  0.9472186
5784.23506544506  0.9651119
5784.28561440555  0.9759383
5784.33615982026  0.9557046
5784.386701689  1.000027
5784.43724001155  0.8879758
5784.48777478773  0.9172398
5784.53830601734  0.9123886
5784.58883370016  0.9204134
5784.63935783601  0.9053228
5784.68987842469  0.9556059
5784.74039546599  0.9748979
5784.79090895971  0.9119275
5784.84141890566  0.9513937
5784.89192530364  0.9828173
5784.94242815344  0.9420705
5784.99292745487  0.9937344
5785.04342320773  0.9063432
5785.09391541181  0.9597786
5785.14440406693  0.9047204
5785.19488917288  0.9606318
5785.24537072947  0.9398264
5785.29584873648  0.8941223
5785.34632319373  0.9124728
5785.39679410101  0.9414321
5785.44726145814  0.956105
5785.4977252649  0.9029563
5785.5481855211  0.9110973
5785.59864222654  0.9285708
5785.64909538102  0.8814611
5785.69954498434  0.971369
5785.74999103631  0.9436559
5785.80043353672  0.9521473
5785.85087248539  0.9189285
5785.9013078821  0.8897498
5785.95173972666  0.8796803
5786.00216801888  0.8909342
5786.05259275855  0.877079
5786.10301394548  0.8771847
5786.15343157947  0.8872247
5786.20384566031  0.8733972
5786.25425618782  0.8604823
5786.30466316179  0.857073
5786.35506658204  0.928766
5786.40546644835  0.9015793
5786.45586276053  0.8865754
5786.50625551838  0.8661867
5786.55664472171  0.8725669
5786.60703037031  0.8821132
5786.657412464  0.8721658
5786.70779100256  0.8994489
5786.75816598582  0.8911951
5786.80853741356  0.87389
5786.85890528559  0.8954838
5786.90926960171  0.8462619
5786.95963036173  0.9083642
5787.00998756545  0.9132774
5787.06034121267  0.9590255
5787.11069130319  0.9464662
5787.16103783682  0.9189713
5787.21138081336  0.9860688
5787.26172023261  0.9825311
5787.31205609438  0.9550432
5787.36238839846  0.9708493
5787.41271714467  0.9438644
5787.4630423328  0.9899026
5787.51336396266  0.9722433
5787.56368203405  0.9807835
5787.61399654678  0.9141205
5787.66430750064  1.005578
5787.71461489545  1.030398
5787.764918731  1.025147
5787.81521900711  0.9973081
5787.86551572356  0.9996126
5787.91580888017  1.029965
5787.96609847674  1.009433
5788.01638451307  1.042952
5788.06666698897  0.9828736
5788.11694590424  1.027653
5788.16722125868  1.040088
5788.21749305211  0.9630634
5788.26776128432  0.9951899
5788.31802595511  1.000953
5788.36828706429  1.0078
5788.41854461167  0.9957276
5788.46879859705  0.9884934
5788.51904902024  0.9559657
5788.56929588103  0.9625566
5788.61953917923  0.9570722
5788.66977891465  0.9706097
5788.72001508709  0.9498649
5788.77024769635  0.9627011
5788.82047674225  0.9702497
5788.87070222458  0.9503839
5788.92092414315  0.9564728
5788.97114249776  0.9490224
5789.02135728822  0.9507346
5789.07156851434  0.9371132
5789.12177617591  0.9871591
5789.17198027275  0.9829448
5789.22218080465  0.931897
5789.27237777143  0.9632939
5789.32257117289  0.945628
5789.37276100883  0.9771855
5789.42294727905  0.9649705
5789.47312998337  1.01715
5789.52330912159  0.9843567
5789.57348469352  0.9864728
5789.62365669895  0.9750447
5789.6738251377  0.9981491
5789.72399000957  0.9416478
5789.77415131436  0.9856195
5789.82430905189  1.000283
5789.87446322195  0.9490829
5789.92461382435  1.019722
5789.9747608589  1.006915
5790.02490432541  0.996047
5790.07504422368  1.010034
5790.12518055351  0.9977643
5790.17531331471  0.9796619
5790.22544250709  1.050088
5790.27556813045  0.9989729
5790.32569018461  1.054726
5790.37580866936  1.042589
5790.4259235845  0.9635873
5790.47603492986  1.048702
5790.52614270524  1.012944
5790.57624691043  1.035298
5790.62634754524  0.9986748
5790.6764446095  0.9840884
5790.72653810299  1.016075
5790.77662802552  1.061856
5790.82671437691  0.9258949
5790.87679715696  1.031882
5790.92687636547  1.000714
5790.97695200226  0.9927639
5791.02702406713  1.011575
5791.07709255988  0.9918333
5791.12715748032  0.9746773
5791.17721882827  1.005672
5791.22727660352  0.9795902
5791.27733080588  0.9543328
5791.32738143517  0.9694482
5791.37742849118  1.018602
5791.42747197373  0.9594666
5791.47751188262  0.994295
5791.52754821765  0.9404405
5791.57758097865  0.9450498
5791.62761016541  0.9374789
5791.67763577774  0.9575216
5791.72765781545  0.9353305
5791.77767627835  0.9275653
5791.82769116623  0.9077237
5791.87770247892  0.9263645
5791.92771021622  0.8836752
5791.97771437794  0.9135453
5792.02771496388  0.9189133
5792.07771197385  0.9118708
5792.12770540767  0.9078493
5792.17769526513  0.935631
5792.22768154604  0.9289918
5792.27766425022  0.8791159
5792.32764337747  0.9450251
5792.37761892761  0.9521151
5792.42759090043  0.9203233
5792.47755929574  0.9398694
5792.52752411337  0.9014146
5792.5774853531  0.9666432
5792.62744301475  0.9964085
5792.67739709814  0.9539178
5792.72734760306  0.9746571
5792.77729452933  1.041911
5792.82723787676  0.9702649
5792.87717764514  1.015138
5792.9271138343  1.002733
5792.97704644404  1.023401
5793.02697547418  0.993058
5793.0769009245  1.025334
5793.12682279484  1.008121
5793.17674108499  0.9859542
5793.22665579477  0.9931083
5793.27656692398  0.9705126
5793.32647447244  1.033393
5793.37637843994  1.026741
5793.42627882631  1.061011
5793.47617563135  1.025886
5793.52606885487  1.025686
5793.57595849668  0.9541236
5793.62584455659  0.9686209
5793.6757270344  1.044726
5793.72560592993  1.02037
5793.77548124299  1.003224
5793.82535297339  0.9569688
5793.87522112093  1.047989
5793.92508568542  0.971133
5793.97494666668  0.9735779
5794.02480406452  1.029969
5794.07465787874  1.020635
5794.12450810916  0.9890971
5794.17435475558  0.9738629
5794.22419781781  0.9371061
5794.27403729567  1.00713
5794.32387318897  0.9885789
5794.3737054975  0.9863604
5794.4235342211  0.9705843
5794.47335935955  0.9963893
5794.52318091269  0.9494399
5794.57299888031  0.9363037
5794.62281326222  0.9339716
5794.67262405824  0.9818786
5794.72243126818  0.9395508
5794.77223489184  0.9777207
5794.82203492904  1.00567
5794.87183137959  0.9888501
5794.9216242433  0.9749377
5794.97141351998  1.019821
5795.02119920944  0.9623242
5795.07098131148  0.9696562
5795.12075982594  1.020286
5795.1705347526  1.014258
5795.22030609129  0.9493575
5795.27007384181  0.9918482
5795.31983800398  0.9598309
5795.3695985776  0.9814347
5795.4193555625  0.9585883
5795.46910895847  1.025501
5795.51885876533  0.9863951
5795.5686049829  1.016409
5795.61834761097  0.9753194
5795.66808664937  1.037773
5795.71782209791  0.974975
5795.7675539564  0.9790865
5795.81728222464  1.024762
5795.86700690246  1.014029
5795.91672798965  1.009423
5795.96644548604  0.9855142
5796.01615939144  1.022484
5796.06586970565  0.9752877
5796.11557642849  1.026106
5796.16527955978  1.017376
5796.21497909932  1.026704
5796.26467504692  1.005684
5796.3143674024  1.01413
5796.36405616556  1.052035
5796.41374133623  0.9670289
5796.46342291422  0.9885595
5796.51310089932  1.020885
5796.56277529137  1.025166
5796.61244609017  0.9958811
5796.66211329553  1.03937
5796.71177690726  1.010563
5796.76143692518  1.022616
5796.81109334911  1.033786
5796.86074617884  1.003212
5796.9103954142  0.9743118
5796.960041055  1.033905
5797.00968310105  0.9977299
5797.05932155217  1.052143
5797.10895640816  0.9922505
5797.15858766884  0.9890178
5797.20821533402  0.9968832
5797.25783940352  1.00375
5797.30745987714  0.9548389
5797.35707675471  0.952423
5797.40669003603  0.9458485
5797.45629972092  0.9835636
5797.50590580919  1.038314
5797.55550830066  0.9960244
5797.60510719513  1.065042
5797.65470249243  0.9379221
5797.70429419235  1.001402
5797.75388229473  0.9893973
5797.80346679937  0.9381251
5797.85304770608  1.002236
5797.90262501468  0.9723116
5797.95219872499  0.9464685
5798.00176883681  0.9907306
5798.05133534996  0.9454429
5798.10089826425  0.9835784
5798.15045757951  0.9576485
5798.20001329553  0.9565069
5798.24956541214  0.9535375
5798.29911392915  0.9353729
5798.34865884637  0.957181
5798.39820016362  0.9564924
5798.44773788072  0.9328461
5798.49727199746  0.9330139
5798.54680251369  0.956596
5798.59632942919  0.9474855
5798.6458527438  0.9111549
5798.69537245731  0.9670188
5798.74488856956  0.8911877
5798.79440108035  0.9361355
5798.8439099895  0.9099098
5798.89341529682  0.9084498
5798.94291700213  0.9015585
5798.99241510523  1.001249
5799.04190960596  0.9277944
5799.09140050411  0.897875
5799.14088779951  0.9616994
5799.19037149198  0.9220623
5799.23985158131  0.9221567
5799.28932806734  0.9522095
5799.33880094988  0.9591455
5799.38827022874  0.9612315
5799.43773590373  0.9319848
5799.48719797468  0.9259965
5799.53665644139  0.9537114
5799.58611130368  0.9639089
5799.63556256138  0.9395356
5799.68501021428  0.9913403
5799.73445426221  0.9639359
5799.78389470499  0.9668271
5799.83333154243  0.9967799
5799.88276477435  0.9848376
5799.93219440055  0.9927984
5799.98162042086  0.9425261
5800.0310428351  0.9630948
5800.08046164307  1.0567
5800.1298768446  1.030283
5800.1792884395  0.9721527
5800.22869642758  1.001456
5800.27810080867  0.9649366
5800.32750158257  1.014184
5800.37689874912  1.010762
5800.42629230811  1.037562
5800.47568225936  1.027523
5800.5250686027  1.013605
5800.57445133795  0.9675015
5800.6238304649  0.9693906
5800.67320598339  1.029792
5800.72257789323  1.012554
5800.77194619424  1.000172
5800.82131088622  0.98578
5800.87067196901  1.039539
5800.92002944241  1.070966
5800.96938330624  1.033987
5801.01873356033  1.012953
5801.06808020447  1.011639
5801.1174232385  1.001683
5801.16676266224  0.993251
5801.21609847548  0.9849244
5801.26543067806  1.066969
5801.3147592698  1.010663
5801.3640842505  1.031189
5801.41340561998  1.007354
5801.46272337807  1.045811
5801.51203752458  1.001095
5801.56134805932  0.9499938
5801.61065498212  0.9470478
5801.65995829279  1.037241
5801.70925799115  0.9619745
5801.75855407702  1.038318
5801.80784655021  0.9894314
5801.85713541055  1.000017
5801.90642065784  1.020862
5801.95570229191  0.9908909
5802.00498031258  0.9483912
5802.05425471966  1.078647
5802.10352551297  0.994422
5802.15279269233  1.041457
5802.20205625756  0.9863331
5802.25131620847  0.9980302
5802.30057254489  0.9855263
5802.34982526663  0.9943793
5802.3990743735  1.061872
5802.44831986534  1.007273
5802.49756174195  1.016371
5802.54680000316  1.007763
5802.59603464878  1.012633
5802.64526567862  1.005421
5802.69449309252  1.030861
5802.74371689029  1.049277
5802.79293707175  0.9950703
5802.84215363671  0.9991194
5802.89136658499  1.016113
5802.94057591642  0.9691668
5802.98978163081  1.020965
5803.03898372798  0.9869435
5803.08818220775  0.9542295
5803.13737706994  1.054579
5803.18656831437  1.011944
5803.23575594085  0.9809498
5803.28493994921  1.067572
5803.33412033926  0.9620471
5803.38329711083  0.9791125
5803.43247026372  0.9654676
5803.48163979778  1.044649
5803.5308057128  1.004975
5803.57996800862  1.001262
5803.62912668504  1.042668
5803.6782817419  1.019717
5803.72743317901  0.9981269
5803.77658099618  1.032811
5803.82572519325  0.9622824
5803.87486577002  1.011346
5803.92400272632  1.009001
5803.97313606197  1.03118
5804.02226577679  1.03798
5804.0713918706  1.000191
5804.12051434321  0.9966521
5804.16963319445  1.001836
5804.21874842414  1.006284
5804.2678600321  1.035637
5804.31696801814  0.9795899
5804.3660723821  0.961065
5804.41517312378  0.9866832
5804.46427024301  0.9853167
5804.51336373961  0.9638169
5804.5624536134  0.960939
5804.6115398642  0.9968128
5804.66062249183  0.9983454
5804.70970149612  0.9825357
5804.75877687687  1.008412
5804.80784863392  0.960586
5804.85691676708  0.926208
5804.90598127617  0.9229525
5804.95504216102  0.9549567
5805.00409942144  0.9302586
5805.05315305726  0.963984
5805.1022030683  0.9505611
5805.15124945437  0.9140027
5805.20029221531  0.9220929
5805.24933135092  0.9484381
5805.29836686104  0.9720615
5805.34739874548  0.9209794
5805.39642700406  0.9320298
5805.44545163661  0.970211
5805.49447264295  0.9278229
5805.54349002289  0.9163145
5805.59250377626  0.9150199
5805.64151390289  0.9910555
5805.69052040258  0.9613581
5805.73952327517  0.9382855
5805.78852252048  0.9600623
5805.83751813832  0.9972525
5805.88651012853  0.9279163
5805.93549849091  0.9456571
5805.9844832253  0.9305444
5806.03346433151  0.9785244
5806.08244180937  0.9313339
5806.1314156587  0.9443721
5806.18038587931  1.014914
5806.22935247104  0.985635
5806.27831543371  0.9792809
5806.32727476713  0.9655238
5806.37623047113  0.9831458
5806.42518254554  0.9617289
5806.47413099017  0.995516
5806.52307580484  0.9679427
5806.57201698938  0.9298769
5806.62095454362  0.9572315
5806.66988846737  0.9395311
5806.71881876045  0.9665437
5806.7677454227  0.9631631
5806.81666845392  0.9680787
5806.86558785396  0.9872057
5806.91450362261  0.9660241
5806.96341575972  1.045904
5807.0123242651  0.9535964
5807.06122913858  0.9228227
5807.11013037998  1.022521
5807.15902798912  0.9702165
5807.20792196583  0.9891027
5807.25681230992  0.9508526
5807.30569902122  0.9520398
5807.35458209956  0.9955301
5807.40346154476  0.9814668
5807.45233735664  0.9564524
5807.50120953502  0.9271505
5807.55007807974  0.9748963
5807.5989429906  0.9595202
5807.64780426744  0.9620057
5807.69666191008  0.9401826
5807.74551591834  0.9752831
5807.79436629205  0.945305
5807.84321303103  0.9956887
5807.8920561351  0.9493014
5807.94089560409  0.9368446
5807.98973143782  0.9324243
5808.03856363612  0.9230964
5808.0873921988  0.9517187
5808.1362171257  0.929249
5808.18503841664  0.8955901
5808.23385607144  0.998664
5808.28267008992  0.9793631
5808.33148047192  0.9472715
5808.38028721725  1.013867
5808.42909032574  0.9415299
5808.47788979721  0.9828531
5808.52668563149  0.9876405
5808.57547782841  0.992883
5808.62426638777  1.001945
5808.67305130942  1.006913
5808.72183259318  0.9720427
5808.77061023887  0.9918756
5808.81938424631  0.9827994
5808.86815461534  0.9718881
5808.91692134577  1.00126
5808.96568443742  0.9483555
5809.01444389014  1.033918
5809.06319970373  0.9902669
5809.11195187803  1.015589
5809.16070041286  1.019834
5809.20944530804  1.025185
5809.25818656341  0.9687485
5809.30692417878  0.9989186
5809.35565815398  1.022035
5809.40438848884  0.9924544
5809.45311518318  0.9750727
5809.50183823683  0.9845605
5809.5505576496  0.9907349
5809.59927342134  0.9221839
5809.64798555187  0.9902962
5809.696694041  1.006489
5809.74539888856  0.9828141
5809.79410009439  0.9748747
5809.8427976583  0.9473341
5809.89149158013  0.9702584
5809.9401818597  0.9828691
5809.98886849683  0.9705644
5810.03755149135  0.9273676
5810.08623084308  1.034274
5810.13490655186  0.9577806
5810.18357861751  0.9873285
5810.23224703986  0.9735816
5810.28091181872  0.9668666
5810.32957295393  0.9848885
5810.37823044531  0.9647216
5810.4268842927  0.965147
5810.47553449592  0.946386
5810.52418105478  0.9454752
5810.57282396913  0.9551894
5810.62146323878  0.9910685
5810.67009886356  0.9365806
5810.71873084331  0.9521906
5810.76735917784  0.9548492
5810.81598386698  0.9522185
5810.86460491057  0.9511727
5810.91322230842  0.9696842
5810.96183606036  1.010694
5811.01044616623  1.025281
5811.05905262584  0.9718997
5811.10765543903  0.9930027
5811.15625460562  0.9581686
5811.20485012545  0.943819
5811.25344199832  1.014913
5811.30203022408  0.982173
5811.35061480256  0.9896644
5811.39919573357  0.9840658
5811.44777301695  1.002351
5811.49634665252  0.988347
5811.54491664011  1.010009
5811.59348297955  0.987756
5811.64204567067  1.006596
5811.69060471329  1.032854
5811.73916010725  0.972707
5811.78771185236  1.024407
5811.83625994846  0.9965398
5811.88480439538  1.012421
5811.93334519294  0.9632853
5811.98188234097  1.045775
5812.0304158393  0.9964368
5812.07894568776  1.010121
5812.12747188617  0.9570142
5812.17599443437  1.015074
5812.22451333218  1.00402
5812.27302857943  1.028562
5812.32154017595  1.011709
5812.37004812156  0.9848313
5812.41855241611  0.9629576
5812.4670530594  0.9924765
5812.51555005128  0.9929435
5812.56404339157  0.9705254
5812.6125330801  1.005232
5812.6610191167  1.03569
5812.7095015012  1.054448
5812.75798023342  0.9905
5812.8064553132  1.007364
5812.85492674036  0.9964018
5812.90339451473  0.9571873
5812.95185863615  1.014697
5813.00031910444  0.9929163
5813.04877591942  0.9771189
5813.09722908094  1.028773
5813.14567858882  1.026599
5813.19412444288  1.007465
5813.24256664295  1.005228
5813.29100518888  0.9877946
5813.33944008048  1.003204
5813.38787131759  1.030024
5813.43629890003  0.9890338
5813.48472282764  1.025349
5813.53314310023  0.9710302
5813.58155971766  0.9994594
5813.62997267973  1.035535
5813.67838198629  1.025383
5813.72678763716  1.004094
5813.77518963218  1.03704
5813.82358797116  1.032386
5813.87198265395  0.9719175
5813.92037368037  1.001309
5813.96876105025  1.037185
5814.01714476343  0.9853513
5814.06552481973  1.015985
5814.11390121898  0.9728843
5814.16227396101  1.062129
5814.21064304566  0.9840608
5814.25900847275  0.9738972
5814.30737024212  1.027925
5814.35572835359  0.9889501
5814.40408280699  0.9811228
5814.45243360217  1.033333
5814.50078073893  1.029812
5814.54912421713  1.013875
5814.59746403658  0.9800357
5814.64580019712  0.9983367
5814.69413269858  1.016911
5814.74246154079  0.9836466
5814.79078672358  1.010339
5814.83910824678  1.032135
5814.88742611023  0.961652
5814.93574031375  0.9934449
5814.98405085717  0.9819314
5815.03235774033  1.023203
5815.08066096306  0.9601357
5815.12896052519  1.015548
5815.17725642654  0.9581927
5815.22554866696  0.9887947
5815.27383724627  0.943063
5815.32212216431  0.9893911
5815.3704034209  0.9695125
5815.41868101587  0.94775
5815.46695494907  0.9629226
5815.51522522032  1.006169
5815.56349182945  0.9886782
5815.61175477629  0.9588939
5815.66001406068  1.016596
5815.70826968244  1.050082
5815.75652164142  0.9941818
5815.80476993744  0.961109
5815.85301457033  0.9642442
5815.90125553992  0.9748526
5815.94949284605  1.021175
5815.99772648856  0.9973021
5816.04595646726  0.9979436
5816.094182782  0.9838094
5816.14240543261  0.9906992
5816.19062441891  1.003281
5816.23883974075  0.9963847
5816.28705139795  0.9748986
5816.33525939034  0.9797051
5816.38346371776  0.9908394
5816.43166438005  0.9348084
5816.47986137703  0.9360625
5816.52805470854  0.9948723
5816.5762443744  0.9654048
5816.62443037446  0.9533552
5816.67261270854  0.9830948
5816.72079137648  0.9685752
5816.76896637811  0.9594797
5816.81713771327  0.945587
5816.86530538178  0.9404516
5816.91346938349  0.9093895
5816.96162971821  0.9983159
5817.00978638579  1.010116
5817.05793938607  0.9561411
5817.10608871886  0.9243603
5817.15423438401  0.910882
5817.20237638135  0.9616014
5817.25051471072  0.9235333
5817.29864937194  0.8953092
5817.34678036485  0.9661259
5817.39490768928  0.9088621
5817.44303134508  0.9348369
5817.49115133206  0.9364964
5817.53926765007  0.9305491
5817.58738029894  0.9425437
5817.63548927849  0.9576819
5817.68359458858  0.9150137
5817.73169622903  0.8932123
5817.77979419967  0.8594977
5817.82788850034  0.8975383
5817.87597913087  0.9986457
5817.9240660911  0.899618
5817.97214938086  0.9240286
5818.02022899999  0.9642663
5818.06830494831  0.9314547
5818.11637722567  0.9769385
5818.1644458319  0.9830456
5818.21251076683  0.9805852
5818.2605720303  1.012818
5818.30862962214  0.9610608
5818.35668354218  1.038108
5818.40473379027  0.9631816
5818.45278036623  0.9956982
5818.5008232699  0.9910705
5818.54886250112  1.030917
5818.59689805972  1.014207
5818.64492994553  1.01178
5818.69295815839  1.052563
5818.74098269814  0.9833424
5818.78900356461  1.030823
5818.83702075763  1.032508
5818.88503427705  1.004296
5818.93304412269  1.044119
5818.98105029439  1.010235
5819.02905279198  0.9983343
5819.07705161531  1.02472
5819.1250467642  1.06044
5819.1730382385  0.9750756
5819.22102603804  1.01808
5819.26901016264  1.052448
5819.31699061216  1.005821
5819.36496738642  1.029547
5819.41294048526  1.02585
5819.46090990852  1.047737
5819.50887565603  1.053316
5819.55683772763  0.9969918
5819.60479612315  0.9698917
5819.65275084243  0.9852384
5819.7007018853  1.026765
5819.74864925161  1.014315
5819.79659294119  1.017539
5819.84453295387  1.014337
5819.89246928948  1.056428
5819.94040194788  0.981434
5819.98833092889  0.9984941
5820.03625623235  1.035718
5820.08417785809  0.9952105
5820.13209580595  0.9811112
5820.18001007578  1.01513
5820.22792066739  0.9986622
5820.27582758064  0.9487641
5820.32373081536  0.945376
5820.37163037138  1.024086
5820.41952624855  1.010763
5820.46741844669  0.9860918
5820.51530696565  1.018443
5820.56319180526  1.039394
5820.61107296536  0.9884123
5820.65895044578  1.044131
5820.70682424637  1.083463
5820.75469436696  0.9672355
5820.80256080738  1.044096
5820.85042356748  1.009078
5820.8982826471  0.9926851
5820.94613804606  1.021998
5820.99398976421  0.9834142
5821.04183780138  0.9817408
5821.08968215741  1.052204
5821.13752283214  0.9952099
5821.18535982541  0.975328
5821.23319313706  1.014974
5821.28102276691  0.995424
5821.32884871482  1.037308
5821.37667098061  1.029858
5821.42448956412  1.013505
5821.4723044652  0.9229341
5821.52011568368  1.02797
5821.5679232194  1.002106
5821.6157270722  1.046447
5821.66352724191  1.006841
5821.71132372837  1.030716
5821.75911653142  0.9861891
5821.80690565091  1.024538
5821.85469108666  1.033126
5821.90247283851  1.007379
5821.95025090632  1.054172
5821.9980252899  1.049169
5822.0457959891  1.053248
5822.09356300377  1.007301
5822.14132633373  1.000349
5822.18908597883  0.9755443
5822.2368419389  1.021844
5822.28459421379  1.03309
5822.33234280333  1.044252
5822.38008770736  0.9655108
5822.42782892572  1.028406
5822.47556645826  0.9983448
5822.5233003048  1.018153
5822.57103046519  1.065223
5822.61875693926  1.012819
5822.66647972686  1.002372
5822.71419882782  1.014161
5822.76191424199  0.9556546
5822.8096259692  1.048639
5822.85733400929  0.9815299
5822.90503836211  1.035126
5822.95273902749  1.02863
5823.00043600526  1.018968
5823.04812929528  1.005225
5823.09581889738  0.9753747
5823.14350481139  1.017344
5823.19118703717  1.016067
5823.23886557454  0.972057
5823.28654042335  1.024968
5823.33421158344  1.009586
5823.38187905465  0.9746146
5823.42954283681  1.009589
5823.47720292978  1.014082
5823.52485933338  1.036107
5823.57251204746  0.9658884
5823.62016107186  1.005219
5823.66780640641  1.038892
5823.71544805097  1.001135
5823.76308600536  1.020516
5823.81072026943  1.005757
5823.85835084302  0.9580323
5823.90597772597  1.016883
5823.95360091812  0.9827968
5824.00122041932  0.9918706
5824.04883622939  1.042103
5824.09644834818  1.007203
5824.14405677554  0.9400263
5824.1916615113  0.9499407
5824.23926255531  0.9674885
5824.2868599074  1.02679
5824.33445356741  1.029533
5824.38204353519  0.9412278
5824.42962981058  0.9571992
5824.47721239342  1.016442
5824.52479128355  1.022762
5824.57236648081  0.9647824
5824.61993798503  1.037608
5824.66750579608  1.016153
5824.71506991377  0.9208393
5824.76263033797  1.001237
5824.8101870685  0.9729176
5824.85774010521  0.9677885
5824.90528944793  1.023085
5824.95283509652  1.02109
5825.00037705081  1.042916
5825.04791531065  0.9487339
5825.09544987587  1.016681
5825.14298074632  0.9496185
5825.19050792184  1.006563
5825.23803140227  1.026714
5825.28555118746  0.985006
5825.33306727724  1.022595
5825.38057967145  0.989472
5825.42808836995  0.9521989
5825.47559337257  1.028525
5825.52309467915  0.9951323
5825.57059228953  0.9498783
5825.61808620357  1.008564
5825.66557642109  1.025086
5825.71306294195  0.9579731
5825.76054576598  0.9412458
5825.80802489302  1.01181
5825.85550032293  1.013829
5825.90297205554  1.003828
5825.95044009069  1.026712
5825.99790442823  0.9985845
5826.045365068  1.016068
5826.09282200984  0.9800794
5826.1402752536  1.027874
5826.18772479912  1.029454
5826.23517064624  1.033226
5826.28261279479  1.021615
5826.33005124464  1.028287
5826.37748599562  0.9721856
5826.42491704757  1.01063
5826.47234440033  0.9841918
5826.51976805376  0.9772771
5826.56718800769  1.01174
5826.61460426196  0.982192
5826.66201681642  1.000895
5826.70942567091  0.9894521
5826.75683082528  0.9439574
5826.80423227937  0.9993009
5826.85163003302  1.02912
5826.89902408608  0.9420563
5826.94641443838  1.043676
5826.99380108978  1.021627
5827.04118404012  1.036903
5827.08856328924  1.039038
5827.13593883698  1.031266
5827.18331068319  0.9745849
5827.23067882772  1.007354
5827.2780432704  0.9702676
5827.32540401107  1.037737
5827.3727610496  0.9886107
5827.42011438581  0.9938397
5827.46746401956  1.067696
5827.51480995068  1.002267
5827.56215217903  1.027285
5827.60949070443  0.9962078
5827.65682552676  1.002506
5827.70415664583  0.9829643
5827.7514840615  0.9790336
5827.79880777362  0.9966006
5827.84612778202  1.015138
5827.89344408656  0.8965719
5827.94075668707  0.9987
5827.9880655834  0.9988226
5828.0353707754  1.011014
5828.08267226292  0.9199403
5828.12997004579  1.00726
5828.17726412385  1.022431
5828.22455449697  1.054541
5828.27184116498  0.9898689
5828.31912412772  1.03065
5828.36640338504  0.9712626
5828.41367893679  0.9778818
5828.46095078282  0.9825099
5828.50821892295  0.9804056
5828.55548335705  1.016205
5828.60274408496  1.001267
5828.65000110652  0.9658071
5828.69725442158  0.9739541
5828.74450402999  0.9528732
5828.79174993158  0.970792
5828.83899212621  0.9629661
5828.88623061372  0.9842204
5828.93346539395  0.9934613
5828.98069646676  1.030718
5829.02792383198  1.008991
5829.07514748947  0.9940879
5829.12236743907  0.9605994
5829.16958368063  0.9671692
5829.21679621398  1.031656
5829.26400503898  1.005263
5829.31121015548  0.9409096
5829.35841156332  1.039044
5829.40560926234  0.95912
5829.4528032524  0.9357364
5829.49999353334  0.9305246
5829.547180105  0.9855865
5829.59436296723  1.023704
5829.64154211988  0.9784398
5829.68871756279  1.074764
5829.73588929582  1.046987
5829.7830573188  1.001724
5829.83022163159  0.9596958
5829.87738223403  0.9908727
5829.92453912596  0.9941506
5829.97169230725  1.040536
5830.01884177772  1.008176
5830.06598753723  0.9856175
5830.11312958563  1.012849
5830.16026792276  0.9917201
5830.20740254846  0.9950826
5830.2545334626  1.082615
5830.30166066501  0.9631188
5830.34878415554  1.008933
5830.39590393403  1.027051
5830.44302000035  1.011891
5830.49013235432  1.020005
5830.53724099581  0.9717022
5830.58434592465  0.9782651
5830.6314471407  1.052871
5830.6785446438  0.9663032
5830.72563843381  0.969545
5830.77272851055  1.012159
5830.8198148739  0.9873146
5830.86689752369  1.032289
5830.91397645977  0.995001
5830.96105168199  1.062037
5831.0081231902  1.012021
5831.05519098424  0.9931597
5831.10225506397  0.9951705
5831.14931542922  1.001956
5831.19637207986  0.9297528
5831.24342501572  1.003043
5831.29047423666  1.043369
5831.33751974252  1.038807
5831.38456153315  0.9672426
5831.43159960841  0.9654748
5831.47863396813  1.013721
5831.52566461217  0.9949131
5831.57269154038  0.973728
5831.6197147526  0.9514993
5831.66673424869  1.011238
5831.71375002848  0.9919853
5831.76076209184  1.049999
5831.80777043861  0.9915805
5831.85477506863  0.9846463
5831.90177598176  0.9669857
5831.94877317785  0.9953673
5831.99576665674  1.040316
5832.04275641828  0.9612464
5832.08974246233  0.9535201
5832.13672478873  1.044695
5832.18370339733  0.9309886
5832.23067828798  0.9080278
5832.27764946053  0.9873111
5832.32461691483  0.988017
5832.37158065073  0.9408303
5832.41854066807  0.9895226
5832.46549696672  0.9810057
5832.51244954651  0.9678792
5832.55939840729  1.020421
5832.60634354892  0.9911309
5832.65328497125  0.9685724
5832.70022267412  1.016328
5832.74715665739  1.004137
5832.7940869209  0.9838346
5832.8410134645  0.9750675
5832.88793628805  0.9153965
5832.9348553914  1.011238
5832.98177077439  0.9848565
5833.02868243687  1.014021
5833.0755903787  0.9851589
5833.12249459972  0.9308591
5833.16939509979  0.9874703
5833.21629187875  1.006141
5833.26318493646  1.068577
5833.31007427276  1.042818
5833.35695988752  0.983594
5833.40384178056  0.9705404
5833.45071995176  1.040583
5833.49759440095  0.9461815
5833.54446512799  1.005298
5833.59133213273  1.001438
5833.63819541502  1.036924
5833.68505497471  1.034673
5833.73191081165  1.015453
5833.7787629257  1.017689
5833.8256113167  1.031136
5833.8724559845  1.118847
5833.91929692896  0.9778587
5833.96613414992  1.022895
5834.01296764724  0.9698575
5834.05979742077  1.025734
5834.10662347035  1.004126
5834.15344579585  1.004055
5834.20026439712  1.015555
5834.24707927399  1.017513
5834.29389042633  1.006097
5834.34069785399  1.012704
5834.38750155681  1.037719
5834.43430153466  0.99359
5834.48109778737  0.9923332
5834.52789031481  1.019425
5834.57467911683  0.9782189
5834.62146419327  1.016501
5834.66824554398  1.003046
5834.71502316883  1.016321
5834.76179706766  1.006249
5834.80856724032  0.9531824
5834.85533368667  0.9486386
5834.90209640656  0.9555012
5834.94885539983  1.028993
5834.99561066636  0.9461561
5835.04236220597  0.9690842
5835.08911001853  0.9627491
5835.13585410389  1.0029
5835.1825944619  1.018503
5835.22933109241  0.9526348
5835.27606399528  1.046639
5835.32279317036  0.9822309
5835.3695186175  0.9787762
5835.41624033656  0.927789
5835.46295832738  0.9436569
5835.50967258982  1.037947
5835.55638312373  0.8802997
5835.60308992897  0.9916797
5835.64979300539  0.9226736
5835.69649235283  1.001048
5835.74318797116  0.9461098
5835.78987986023  1.017596
5835.83656801988  0.9846019
5835.88325244998  0.9797432
5835.92993315038  0.9876363
5835.97661012092  0.9566412
5836.02328336146  0.9588428
5836.06995287187  0.9720239
5836.11661865198  1.000862
5836.16328070165  0.9608913
5836.20993902074  0.9253713
5836.2565936091  0.9802785
5836.30324446658  0.9767602
5836.34989159304  0.9288889
5836.39653498833  0.9640924
5836.4431746523  0.8939747
5836.48981058481  0.9460965
5836.53644278571  0.9707152
5836.58307125486  0.9425806
5836.6296959921  0.9961994
5836.67631699731  1.000132
5836.72293427031  0.9620848
5836.76954781098  1.043231
5836.81615761917  0.9209015
5836.86276369472  0.995563
5836.9093660375  1.004957
5836.95596464735  0.9941198
5837.00255952414  1.066945
5837.04915066772  0.9847476
5837.09573807794  1.016791
5837.14232175465  0.9807726
5837.18890169771  1.008651
5837.23547790698  0.9394917
5837.2820503823  0.9676309
5837.32861912354  1.020522
5837.37518413055  1.020056
5837.42174540319  1.043041
5837.4683029413  1.006399
5837.51485674474  0.9615597
5837.56140681338  1.029183
5837.60795314705  0.9909717
5837.65449574563  0.9610008
5837.70103460895  1.049052
5837.74756973689  0.9547237
5837.79410112929  0.9586002
5837.840628786  1.007697
5837.8871527069  1.052133
5837.93367289182  1.019833
5837.98018934062  0.9814897
5838.02670205316  1.003406
5838.07321102931  0.9955954
5838.1197162689  1.007903
5838.1662177718  0.965453
5838.21271553786  0.9358967
5838.25920956693  0.9903289
5838.30569985889  1.00237
5838.35218641357  1.003798
5838.39866923083  0.9794032
5838.44514831054  0.9627591
5838.49162365254  0.9871162
5838.5380952567  0.9701549
5838.58456312287  0.9961153
5838.6310272509  0.9651773
5838.67748764065  0.9881266
5838.72394429198  1.043753
5838.77039720474  0.9163339
5838.81684637879  1.031302
5838.86329181399  0.9939417
5838.90973351019  0.9327119
5838.95617146725  0.9435508
5839.00260568502  0.9244742
5839.04903616337  0.9109702
5839.09546290214  0.9674804
5839.1418859012  0.9126267
5839.1883051604  0.9487838
5839.2347206796  0.9897465
5839.28113245865  0.9689025
5839.32754049742  0.9549913
5839.37394479575  0.9623941
5839.42034535351  0.9662197
5839.46674217056  1.022427
5839.51313524674  0.9190996
5839.55952458192  0.9592371
5839.60591017595  0.9888566
5839.6522920287  0.9634889
5839.69867014001  0.9274257
5839.74504450975  0.9209028
5839.79141513777  0.9955482
5839.83778202393  0.9634379
5839.88414516808  0.9777176
5839.9305045701  1.026823
5839.97686022982  0.9300336
5840.02321214712  1.005238
5840.06956032184  0.9767241
5840.11590475385  0.9953158
5840.162245443  1.032237
5840.20858238916  1.009112
5840.25491559217  0.9497425
5840.30124505189  0.9642778
5840.3475707682  1.039234
5840.39389274093  1.04891
5840.44021096995  0.9879317
5840.48652545513  1.016812
5840.53283619631  0.973904
5840.57914319335  1.045094
5840.62544644612  0.9671659
5840.67174595447  1.010787
5840.71804171826  1.016773
5840.76433373735  0.9946927
5840.81062201159  1.030811
5840.85690654084  0.9970517
5840.90318732498  0.9433807
5840.94946436384  0.979709
5840.99573765729  1.003129
5841.0420072052  1.04373
5841.0882730074  0.9457819
5841.13453506378  1.026145
5841.18079337418  1.02347
5841.22704793847  0.9253109
5841.2732987565  1.101023
5841.31954582813  1.002989
5841.36578915323  0.9928111
5841.41202873164  1.000501
5841.45826456323  1.037253
5841.50449664786  1.055978
5841.55072498539  1.043432
5841.59694957568  1.013229
5841.64317041858  0.9976145
5841.68938751396  1.0199
5841.73560086167  0.9698812
5841.78181046158  1.04066
5841.82801631354  1.032265
5841.87421841742  0.9837754
5841.92041677307  1.06959
5841.96661138035  0.9843399
5842.01280223912  1.049596
5842.05898934925  1.067806
5842.10517271059  0.9930712
5842.151352323  1.023556
5842.19752818634  0.9876235
5842.24370030048  1.017889
5842.28986866527  0.9937133
5842.33603328057  1.012135
5842.38219414624  0.9909927
5842.42835126214  1.056364
5842.47450462814  1.040213
5842.52065424409  0.9576851
5842.56680010985  0.978742
5842.61294222529  0.9803807
5842.65908059026  0.9963301
5842.70521520462  0.9929979
5842.75134606824  1.067016
5842.79747318097  1.011066
5842.84359654269  1.018021
5842.88971615323  0.99989
5842.93583201248  0.9785374
5842.98194412028  0.9912661
5843.0280524765  0.983608
5843.07415708101  1.012304
5843.12025793365  0.9767669
5843.16635503429  1.019286
5843.2124483828  1.006843
5843.25853797904  0.9758794
5843.30462382285  1.017365
5843.35070591411  1.032491
5843.39678425269  1.02165
5843.44285883842  0.9932235
5843.48892967119  1.07271
5843.53499675085  0.9524974
5843.58106007727  1.056486
5843.62711965029  0.9815434
5843.6731754698  1.000574
5843.71922753564  1.005542
5843.76527584767  1.009627
5843.81132040577  1.02055
5843.8573612098  0.9914961
5843.9033982596  1.022414
5843.94943155505  1.046816
5843.99546109601  1.047263
5844.04148688234  0.9915318
5844.0875089139  1.024101
5844.13352719056  1.065277
5844.17954171217  0.9796534
5844.2255524786  1.012001
5844.2715594897  1.103264
5844.31756274535  0.9306948
5844.36356224541  1.007004
5844.40955798973  0.9742039
5844.45554997818  0.9721173
5844.50153821062  1.068263
5844.54752268692  0.9969456
5844.59350340693  0.9993019
5844.63948037052  1.059209
5844.68545357756  1.014973
5844.7314230279  1.022516
5844.7773887214  0.9835047
5844.82335065794  1.095286
5844.86930883736  1.017133
5844.91526325955  1.009185
5844.96121392435  1.048844
5845.00716083163  1.008911
5845.05310398126  0.9443499
5845.09904337309  1.061364
5845.144979007  0.9619836
5845.19091088284  1.018141
5845.23683900048  1.006604
5845.28276335978  1.050341
5845.3286839606  0.9532686
5845.3746008028  1.04652
5845.42051388626  0.9822917
5845.46642321084  1.06971
5845.51232877638  0.9799779
5845.55823058277  0.9829902
5845.60412862987  0.9940169
5845.65002291753  0.8949204
5845.69591344563  0.9984411
5845.74180021402  1.024115
5845.78768322257  0.9853364
5845.83356247114  0.9576705
5845.87943795961  0.9670537
5845.92530968782  0.9249783
5845.97117765564  1.025218
5846.01704186295  0.9705881
5846.0629023096  1.02493
5846.10875899546  1.040826
5846.15461192039  1.021455
5846.20046108426  0.950532
5846.24630648692  1.031038
5846.29214812826  0.9821059
5846.33798600812  0.9536359
5846.38382012637  0.9662255
5846.42965048288  0.979993
5846.47547707752  1.051351
5846.52129991014  1.032859
5846.56711898062  1.038563
5846.61293428881  1.035745
5846.65874583459  0.9515986
5846.70455361781  0.9599148
5846.75035763834  1.071277
5846.79615789604  1.033236
5846.84195439079  0.9198933
5846.88774712245  1.093054
5846.93353609087  1.115926
5846.97932129594  0.9932992
5847.0251027375  0.961804
5847.07088041543  0.9832187
5847.1166543296  1.057326
5847.16242447985  0.9668122
5847.20819086608  0.9555713
5847.25395348813  1.030638
5847.29971234587  0.9528073
5847.34546743918  0.9259091
5847.3912187679  0.9633801
5847.43696633192  0.9855786
5847.4827101311  1.006874
5847.52845016529  0.9654745
5847.57418643438  0.9530976
5847.61991893821  1.044097
5847.66564767667  0.9889186
5847.71137264961  1.034343
5847.7570938569  0.969278
5847.80281129841  1.10139
5847.848524974  1.047947
5847.89423488355  0.9850175
5847.9399410269  0.9997664
5847.98564340394  0.9182003
5848.03134201453  1.010358
5848.07703685853  1.047468
5848.12272793581  1.022607
5848.16841524624  0.9695209
5848.21409878968  0.9872718
5848.259778566  0.9612453
5848.30545457507  0.9870584
5848.35112681675  1.005947
5848.39679529091  0.9815012
5848.44245999742  1.034833
5848.48812093614  0.9447897
5848.53377810694  1.021076
5848.57943150969  0.9890025
5848.62508114425  0.9162608
5848.67072701049  0.9705353
5848.71636910828  1.0337
5848.76200743749  0.9303549
5848.80764199798  0.8899634
5848.85327278961  0.9579533
5848.89889981227  0.9944067
5848.9445230658  1.028711
5848.9901425501  1.051175
5849.035758265  0.9663919
5849.0813702104  1.068535
5849.12697838614  1.021479
5849.17258279211  1.014415
5849.21818342816  0.9707768
5849.26378029417  0.9648079
5849.30937339001  1.013663
5849.35496271554  0.9674965
5849.40054827062  0.9873489
5849.44613005513  0.9003038
5849.49170806894  0.9663454
5849.53728231191  0.9735659
5849.58285278391  1.066198
5849.62841948481  0.9794833
5849.67398241448  1.016384
5849.71954157278  0.9776841
5849.76509695959  1.011843
5849.81064857476  0.9474753
5849.85619641818  0.9457868
5849.9017404897  1.062971
5849.9472807892  1.058486
5849.99281731655  0.9328067
5850.03835007161  0.9856609
5850.08387905425  1.035572
5850.12940426434  0.9751325
5850.17492570175  1.010038
5850.22044336634  1.01319
5850.265957258  1.02073
5850.31146737657  0.983571
5850.35697372195  1.002871
5850.40247629398  1.033043
5850.44797509255  0.9563968
5850.49347011752  0.9899777
5850.53896136875  1.015397
5850.58444884613  0.9840478
5850.62993254951  0.988017
5850.67541247877  0.9913579
5850.72088863378  1.01093
5850.7663610144  0.9833612
5850.81182962051  0.9990544
5850.85729445197  0.9333303
5850.90275550866  1.005049
5850.94821279043  1.014594
5850.99366629718  1.069529
5851.03911602875  1.007432
5851.08456198502  0.9990802
5851.13000416587  1.042384
5851.17544257116  1.044202
5851.22087720076  1.027516
5851.26630805454  0.9521502
5851.31173513237  0.9895708
5851.35715843412  0.9547176
5851.40257795966  0.9739001
5851.44799370886  1.002955
5851.49340568159  1.050874
5851.53881387773  1.024153
5851.58421829713  1.055802
5851.62961893968  1.02372
5851.67501580523  0.9341255
5851.72040889367  1.068849
5851.76579820486  1.095805
5851.81118373868  1.053074
5851.85656549499  1.007767
5851.90194347365  0.9957661
5851.94731767456  1.021716
5851.99268809757  1.135819
5852.03805474255  1.043189
5852.08341760938  1.00303
5852.12877669793  1.04923
5852.17413200807  1.021178
5852.21948353966  1.087721
5852.26483129258  0.9713343
5852.31017526671  1.106086
5852.3555154619  1.064501
5852.40085187804  0.9966208
5852.44618451499  0.9959653
5852.49151337263  0.9561025
5852.53683845082  1.090186
5852.58215974944  1.076872
5852.62747726836  0.9724517
5852.67279100745  0.9961211
5852.71810096658  0.959195
5852.76340714562  1.036128
5852.80870954445  1.082852
5852.85400816293  0.9468204
5852.89930300094  1.063625
5852.94459405835  0.9925148
5852.98988133504  1.023785
5853.03516483086  0.9538153
5853.0804445457  1.029688
5853.12572047942  0.9691368
5853.17099263191  0.9382632
5853.21626100303  0.9325925
5853.26152559264  0.9989176
5853.30678640063  1.037443
5853.35204342687  0.9203925
5853.39729667123  1.056967
5853.44254613357  0.9163917
5853.48779181379  1.032418
5853.53303371173  1.020763
5853.57827182729  1.005668
5853.62350616032  0.9516573
5853.66873671071  1.010853
5853.71396347832  0.992413
5853.75918646303  0.9563299
5853.80440566472  1.06402
5853.84962108324  0.9771468
5853.89483271848  0.937942
5853.94004057031  0.9699464
5853.98524463861  1.000261
5854.03044492323  1.035273
5854.07564142407  1.013345
5854.12083414098  1.001597
5854.16602307385  0.9875133
5854.21120822254  1.038861
5854.25638958693  0.9687407
5854.3015671669  0.9302514
5854.34674096231  0.9453941
5854.39191097304  0.974434
5854.43707719897  0.9381291
5854.48223963995  0.9530627
5854.52739829589  0.9399591
5854.57255316663  0.930163
5854.61770425205  0.8755785
5854.66285155204  0.8598583
5854.70799506646  0.9762501
5854.75313479519  0.9793194
5854.7982707381  1.028618
5854.84340289507  1.044175
5854.88853126596  0.9181409
5854.93365585065  0.9362435
5854.97877664903  0.9540516
5855.02389366095  1.039441
5855.06900688629  0.9392011
5855.11411632494  0.9893635
5855.15922197676  0.9077181
5855.20432384162  0.9435166
5855.24942191941  1.000646
5855.29451620999  0.8860188
5855.33960671324  1.039632
5855.38469342903  0.9898
5855.42977635724  0.9656601
5855.47485549774  0.9793859
5855.51993085042  0.9528435
5855.56500241513  1.025568
5855.61007019176  1.028043
5855.65513418018  1.058212
5855.70019438027  0.9987922
5855.7452507919  1.009099
5855.79030341494  1.061317
5855.83535224927  1.040694
5855.88039729477  1.04156
5855.92543855131  1.117904
5855.97047601877  0.9898266
5856.01550969701  0.9850785
5856.06053958592  1.027966
5856.10556568537  1.041627
5856.15058799524  1.065979
5856.1956065154  1.071689
5856.24062124572  1.0371
5856.28563218609  1.110048
5856.33063933637  1.129337
5856.37564269644  0.9428262
5856.42064226619  1.060055
5856.46563804548  0.9443276
5856.51063003419  1.02232
5856.55561823219  0.9442473
5856.60060263936  0.9996763
5856.64558325558  0.9872187
5856.69056008073  0.9200385
5856.73553311467  1.065616
5856.78050235728  1.061593
5856.82546780845  0.9767315
5856.87042946804  1.013012
5856.91538733593  1.031773
5856.960341412  1.021845
5857.00529169613  0.9903827
5857.05023818819  0.9438294
5857.09518088806  1.06065
5857.1401197956  1.064334
5857.18505491071  1.028359
5857.22998623326  0.9686605
5857.27491376311  0.9104307
5857.31983750016  1.092656
5857.36475744427  0.9909869
5857.40967359533  0.9657807
5857.4545859532  0.9731495
5857.49949451777  1.001055
5857.54439928891  1.09268
5857.58930026651  0.9233058
5857.63419745042  0.9735416
5857.67909084054  1.038312
5857.72398043674  0.8583272
5857.7688662389  1.008521
5857.8137482469  1.007048
5857.8586264606  1.021785
5857.90350087989  1.001792
5857.94837150465  0.8948197
5857.99323833476  0.9680319
5858.03810137008  0.9186935
5858.0829606105  1.00284
5858.12781605589  0.8509634
