5947.04747366939  0.9651425
5947.10248389176  0.9615721
5947.15749061443  1.02079
5947.21249383714  1.002684
5947.26749355964  0.990042
5947.32248978169  1.02332
5947.37748250304  1.056759
5947.43247172345  1.080262
5947.48745744268  1.105402
5947.54243966047  0.9984739
5947.59741837658  1.047006
5947.65239359076  1.043981
5947.70736530278  1.069865
5947.76233351238  1.045825
5947.81729821931  1.010966
5947.87225942335  1.054093
5947.92721712422  1.08365
5947.98217132171  1.067709
5948.03712201555  0.9725637
5948.0920692055  1.028897
5948.14701289132  0.9843876
5948.20195307277  0.9307964
5948.25688974959  1.056967
5948.31182292154  0.9922258
5948.36675258839  1.092172
5948.42167874988  1.039554
5948.47660140576  1.083953
5948.5315205558  1.004656
5948.58643619975  1.046876
5948.64134833736  1.00469
5948.69625696839  0.9954668
5948.7511620926  1.009975
5948.80606370974  1.013667
5948.86096181957  1.048527
5948.91585642184  0.9986386
5948.97074751631  1.035025
5949.02563510273  1.035959
5949.08051918086  0.9696418
5949.13539975046  0.9974757
5949.19027681128  0.9588766
5949.24515036308  0.9062189
5949.30002040561  0.9192648
5949.35488693863  0.9147609
5949.40974996189  0.9859462
5949.46460947516  1.018528
5949.51946547819  1.000979
5949.57431797073  0.9735587
5949.62916695254  0.9164343
5949.68401242338  0.9121994
5949.738854383  0.9530696
5949.79369283117  0.8838835
5949.84852776763  0.9452837
5949.90335919214  0.963088
5949.95818710447  0.9782575
5950.01301150436  0.8874205
5950.06783239157  0.9799785
5950.12264976587  0.9513572
5950.177463627  0.961602
5950.23227397473  0.907419
5950.2870808088  1.027233
5950.34188412899  0.9395936
5950.39668393504  0.9810502
5950.45148022671  1.024297
5950.50627300376  0.9839823
5950.56106226595  0.9859342
5950.61584801303  1.010623
5950.67063024477  0.9705446
5950.72540896091  0.9706191
5950.78018416122  0.9394302
5950.83495584545  0.9984202
5950.88972401337  1.028871
5950.94448866472  0.9780549
5950.99924979927  0.9396538
5951.05400741677  0.9939929
5951.10876151698  1.044955
5951.16351209967  0.9953817
5951.21825916458  1.0179
5951.27300271147  1.018291
5951.32774274011  1.012211
5951.38247925025  0.9951982
5951.43721224165  1.015486
5951.49194171407  1.015438
5951.54666766726  1.015809
5951.60139010099  1.009622
5951.656109015  1.029914
5951.71082440907  1.040845
5951.76553628295  1.081373
5951.82024463639  1.0124
5951.87494946916  0.9881886
5951.92965078101  1.002607
5951.98434857171  1.020247
5952.03904284101  1.039432
5952.09373358866  1.062801
5952.14842081444  1.003772
5952.20310451809  0.9938068
5952.25778469938  0.9648815
5952.31246135806  1.046907
5952.3671344939  1.038112
5952.42180410665  1.028828
5952.47647019607  1.027234
5952.53113276192  1.071814
5952.58579180396  1.070814
5952.64044732195  1.034347
5952.69509931565  1.010812
5952.74974778482  0.9871179
5952.80439272922  1.078009
5952.8590341486  1.003294
5952.91367204273  1.05254
5952.96830641136  1.058262
5953.02293725426  1.039649
5953.07756457118  1.035899
5953.13218836189  1.023055
5953.18680862613  0.9537443
5953.24142536369  1.088771
5953.29603857431  0.980823
5953.35064825775  0.9371652
5953.40525441377  0.9812263
5953.45985704214  0.9392242
5953.51445614261  0.8939378
5953.56905171494  0.9126813
5953.6236437589  0.8821336
5953.67823227424  0.9539621
5953.73281726072  0.9640145
5953.78739871811  0.8767548
5953.84197664616  0.9196563
5953.89655104463  0.9791476
5953.9511219133  0.9489475
5954.0056892519  0.8378952
5954.06025306022  0.9376721
5954.11481333799  0.9746014
5954.169370085  0.89755
5954.223923301  0.9100204
5954.27847298574  0.9257748
5954.33301913899  0.9750366
5954.38756176052  0.9362079
5954.44210085007  0.924769
5954.49663640742  0.9477244
5954.55116843231  0.9587336
5954.60569692453  0.9224802
5954.66022188381  0.9587815
5954.71474330994  0.9803382
5954.76926120266  0.9382505
5954.82377556174  1.030562
5954.87828638694  0.9808608
5954.93279367802  0.9789322
5954.98729743475  0.9978864
5955.04179765688  1.052244
5955.09629434417  1.015723
5955.15078749639  0.9903315
5955.2052771133  0.99872
5955.25976319467  1.057753
5955.31424574024  1.005779
5955.36872474979  1.023037
5955.42320022307  0.9917999
5955.47767215985  1.005303
5955.53214055989  1.016337
5955.58660542295  0.9721233
5955.6410667488  0.9305391
5955.69552453719  0.9902908
5955.74997878789  1.069271
5955.80442950066  1.022373
5955.85887667526  0.9688537
5955.91332031146  0.9788721
5955.96776040901  1.019904
5956.02219696768  1.031833
5956.07662998723  0.966561
5956.13105946743  1.025608
5956.18548540803  0.9737058
5956.23990780881  1.028516
5956.29432666951  1.027129
5956.34874198991  0.9802935
5956.40315376976  0.9410228
5956.45756200884  0.9615076
5956.5119667069  1.016763
5956.5663678637  0.9908354
5956.62076547902  0.9592335
5956.6751595526  1.00437
5956.72955008422  0.9453597
5956.78393707364  1.007317
5956.83832052062  0.9930649
5956.89270042492  0.9835296
5956.94707678631  0.9718275
5957.00144960455  1.012538
5957.05581887941  1.092439
5957.11018461064  0.9307812
5957.16454679801  0.9614569
5957.21890544129  0.9929737
5957.27326054024  0.9885899
5957.32761209462  1.013631
5957.38196010419  0.9597464
5957.43630456872  0.9745444
5957.49064548798  0.9949849
5957.54498286172  0.9664676
5957.59931668971  0.8975756
5957.65364697172  1.015576
5957.7079737075  0.9287137
5957.76229689683  0.8587936
5957.81661653946  0.9063307
5957.87093263517  0.8308379
5957.92524518371  0.9068836
5957.97955418485  0.9620582
5958.03385963835  0.9659575
5958.08816154398  0.919026
5958.1424599015  0.9495175
5958.19675471068  0.9129282
5958.25104597128  0.9284351
5958.30533368306  0.9840889
5958.3596178458  0.9910582
5958.41389845925  1.010036
5958.46817552318  0.9845676
5958.52244903735  0.9729967
5958.57671900153  1.021598
5958.63098541549  0.9514891
5958.68524827899  0.9279976
5958.73950759179  0.9731544
5958.79376335365  1.074003
5958.84801556436  0.9556977
5958.90226422366  0.999465
5958.95650933132  1.014498
5959.01075088712  1.015033
5959.0649888908  0.9565772
5959.11922334215  1.00503
5959.17345424093  0.9670556
5959.22768158689  0.9969646
5959.28190537981  0.9924166
5959.33612561946  1.014025
5959.39034230559  0.9485024
5959.44455543797  0.9613553
5959.49876501637  1.036496
5959.55297104056  1.002825
5959.6071735103  0.9460404
5959.66137242535  0.9368275
5959.71556778548  1.002483
5959.76975959046  0.9888635
5959.82394784006  1.011201
5959.87813253404  1.053935
5959.93231367216  0.9921674
5959.98649125419  0.9911059
5960.0406652799  0.9633546
5960.09483574906  0.8898754
5960.14900266143  0.963681
5960.20316601677  0.9588359
5960.25732581486  1.006148
5960.31148205546  0.9850605
5960.36563473833  0.9486845
5960.41978386325  0.9795949
5960.47392942997  1.008726
5960.52807143828  1.044127
5960.58220988792  0.9661116
5960.63634477868  1.02636
5960.69047611031  0.985234
5960.74460388259  0.996596
5960.79872809528  1.011973
5960.85284874814  0.9947836
5960.90696584095  0.9901336
5960.96107937347  0.9869446
5961.01518934546  1.000548
5961.06929575671  0.9846714
5961.12339860697  0.9697477
5961.177497896  0.9797882
5961.23159362359  1.027912
5961.28568578949  0.994344
5961.33977439347  1.008749
5961.3938594353  1.010916
5961.44794091475  1.022873
5961.50201883159  1.020721
5961.55609318557  1.002648
5961.61016397648  0.952738
5961.66423120408  0.9981729
5961.71829486813  1.022489
5961.7723549684  0.9886435
5961.82641150467  0.9784483
5961.8804644767  1.017778
5961.93451388425  0.982578
5961.9885597271  0.9860327
5962.04260200502  0.986705
5962.09664071776  0.989724
5962.15067586511  1.069421
5962.20470744682  1.038907
5962.25873546267  1.007506
5962.31275991243  0.9608487
5962.36678079586  1.023659
5962.42079811273  1.068402
5962.47481186281  1.003319
5962.52882204587  1.040858
5962.58282866168  1.06895
5962.63683171  0.9415582
5962.69083119061  0.991619
5962.74482710328  1.002174
5962.79881944776  0.9784259
5962.85280822384  0.9517259
5962.90679343128  1.028489
5962.96077506984  0.9980961
5963.01475313931  1.01204
5963.06872763944  0.9812768
5963.12269857001  0.9879991
5963.17666593079  0.997782
5963.23062972154  1.089234
5963.28458994203  1.008985
5963.33854659204  1.067487
5963.39249967133  1.017884
5963.44644917968  1.014666
5963.50039511684  1.025659
5963.5543374826  1.02248
5963.60827627672  1.019604
5963.66221149897  0.9770753
5963.71614314912  1.030019
5963.77007122694  1.02631
5963.8239957322  1.011647
5963.87791666467  0.987516
5963.93183402412  1.012673
5963.98574781032  1.023015
5964.03965802305  1.004093
5964.09356466206  0.9641618
5964.14746772713  1.003821
5964.20136721803  1.028145
5964.25526313453  1.021024
5964.3091554764  0.9816137
5964.36304424341  1.040154
5964.41692943534  0.9967119
5964.47081105194  1.030811
5964.524689093  1.009757
5964.57856355828  1.004732
5964.63243444756  1.038795
5964.68630176059  0.9803191
5964.74016549717  0.9861194
5964.79402565705  0.9990957
5964.84788224  1.020429
5964.9017352458  0.9897097
5964.95558467422  0.9581236
5965.00943052503  1.014007
5965.063272798  1.030584
5965.1171114929  0.9905426
5965.1709466095  1.087248
5965.22477814758  0.9918363
5965.2786061069  0.9708131
5965.33243048723  1.037484
5965.38625128835  1.009953
5965.44006851003  1.021215
5965.49388215204  1.018707
5965.54769221415  0.9784852
5965.60149869614  1.079364
5965.65530159777  1.018929
5965.70910091881  1.00845
5965.76289665904  1.022167
5965.81668881823  1.037844
5965.87047739615  1.045931
5965.92426239258  0.9918855
5965.97804380727  1.068
5966.03182164002  1.044467
5966.08559589058  0.9922894
5966.13936655874  0.982685
5966.19313364426  1.028862
5966.24689714691  0.972665
5966.30065706647  0.9766071
5966.3544134027  0.9947187
5966.40816615539  0.9820034
5966.46191532431  0.9893883
5966.51566090922  0.9707384
5966.5694029099  0.9768247
5966.62314132612  0.982857
5966.67687615765  0.9194925
5966.73060740427  0.9765947
5966.78433506575  1.009675
5966.83805914186  0.9588265
5966.89177963237  0.9628696
5966.94549653706  0.9736532
5966.9992098557  0.989094
5967.05291958807  0.9872626
5967.10662573393  0.9886957
5967.16032829306  0.9997538
5967.21402726523  0.936524
5967.26772265021  0.9648401
5967.32141444779  0.9809639
5967.37510265772  1.007141
5967.42878727979  0.9913963
5967.48246831377  0.9469985
5967.53614575943  0.9724604
5967.58981961654  1.049104
5967.64348988489  0.9573942
5967.69715656423  0.9836791
5967.75081965435  1.059611
5967.80447915502  1.018194
5967.85813506601  0.9817404
5967.9117873871  1.013851
5967.96543611806  1.017033
5968.01908125866  0.9910941
5968.07272280868  0.9898995
5968.12636076789  1.029556
5968.17999513607  0.9505555
5968.23362591298  0.9693912
5968.28725309841  0.9951501
5968.34087669213  0.9743234
5968.39449669391  1.011194
5968.44811310353  0.9890013
5968.50172592075  0.9869393
5968.55533514537  1.054374
5968.60894077714  1.026598
5968.66254281585  1.014048
5968.71614126126  1.000153
5968.76973611316  1.015598
5968.82332737131  0.9970276
5968.8769150355  0.9842511
5968.9304991055  1.009965
5968.98407958107  0.9966984
5969.03765646201  1.013281
5969.09122974807  0.9737631
5969.14479943904  0.9904529
5969.19836553469  1.059482
5969.2519280348  1.022362
5969.30548693914  0.9713383
5969.35904224749  0.9553215
5969.41259395961  0.9784037
5969.4661420753  0.9949281
5969.51968659431  1.01371
5969.57322751644  0.9448676
5969.62676484144  0.9817634
5969.68029856911  0.9688969
5969.73382869921  1.019857
5969.78735523152  0.9926032
5969.84087816581  0.9865897
5969.89439750186  1.009629
5969.94791323945  0.9973642
5970.00142537835  1.020463
5970.05493391834  1.009675
5970.1084388592  1.074421
5970.16194020069  1.022191
5970.21543794259  1.051368
5970.26893208469  1.056844
5970.32242262676  0.974352
5970.37590956857  1.000865
5970.4293929099  1.023813
5970.48287265053  0.9936654
5970.53634879022  0.999734
5970.58982132877  1.009672
5970.64329026594  0.981896
5970.69675560152  0.996494
5970.75021733526  1.018291
5970.80367546697  0.9755939
5970.8571299964  1.001178
5970.91058092335  1.026922
5970.96402824757  0.9793447
5971.01747196886  1.020068
5971.07091208698  1.001202
5971.12434860172  1.037945
5971.17778151285  1.048002
5971.23121082015  1.004572
5971.28463652339  0.9614202
5971.33805862236  0.9914443
5971.39147711682  1.026469
5971.44489200656  1.006159
5971.49830329136  1.016153
5971.55171097099  1.015028
5971.60511504522  0.9839809
5971.65851551384  0.9998091
5971.71191237662  1.00773
5971.76530563334  1.084246
5971.81869528378  1.029614
5971.87208132772  0.9948685
5971.92546376493  1.007556
5971.97884259519  0.9787365
5972.03221781827  0.983955
5972.08558943396  0.9283878
5972.13895744204  1.041787
5972.19232184228  1.022124
5972.24568263446  1.026438
5972.29903981835  1.075249
5972.35239339374  0.9837356
5972.40574336041  1.001807
5972.45908971812  1.017226
5972.51243246667  1.035022
5972.56577160582  1.004286
5972.61910713536  1.013826
5972.67243905507  0.9550205
5972.72576736472  1.0268
5972.77909206409  0.9745157
5972.83241315295  0.9642213
5972.8857306311  1.016636
5972.93904449831  0.9828756
5972.99235475435  1.018815
5973.045661399  1.015237
5973.09896443205  1.023496
5973.15226385327  1.030444
5973.20555966244  0.9860311
5973.25885185934  1.01947
5973.31214044375  0.9813036
5973.36542541544  1.023641
5973.4187067742  1.034344
5973.47198451981  1.013642
5973.52525865204  1.050293
5973.57852917068  0.9923112
5973.6317960755  1.073935
5973.68505936628  0.986379
5973.73831904281  1.001376
5973.79157510485  1.017194
5973.8448275522  1.0295
5973.89807638462  1.05829
5973.95132160191  1.008203
5974.00456320383  1.054953
5974.05780119018  0.9869208
5974.11103556072  1.00219
5974.16426631524  1.035019
5974.21749345352  0.9851725
5974.27071697534  1.012921
5974.32393688048  1.025261
5974.37715316871  0.9968315
5974.43036583982  0.9510238
5974.48357489359  0.9943394
5974.5367803298  0.9926894
5974.58998214823  1.042041
5974.64318034865  1.054202
5974.69637493086  1.013668
5974.74956589462  0.9704468
5974.80275323972  1.030698
5974.85593696595  0.9949844
5974.90911707307  1.011374
5974.96229356088  1.009176
5975.01546642914  0.9789805
5975.06863567765  1.001442
5975.12180130619  1.002934
5975.17496331452  1.02083
5975.22812170244  1.018313
5975.28127646973  1.045568
5975.33442761616  1.007226
5975.38757514152  1.037467
5975.44071904559  0.9986368
5975.49385932815  0.9843717
5975.54699598897  1.0221
5975.60012902785  1.025818
5975.65325844456  1.033896
5975.70638423889  0.9563499
5975.75950641061  1.04899
5975.81262495951  0.9408382
5975.86573988536  1.016615
5975.91885118796  0.9263128
5975.97195886708  0.9752028
5976.0250629225  0.9739563
5976.078163354  1.014754
5976.13126016137  0.9786541
5976.18435334439  0.9616138
5976.23744290284  0.9899117
5976.2905288365  0.9622016
5976.34361114515  0.942777
5976.39668982857  0.9405521
5976.44976488656  0.9529031
5976.50283631888  0.9308167
5976.55590412532  0.9547858
5976.60896830567  0.958598
5976.66202885971  0.9829801
5976.7150857872  0.9739552
5976.76813908796  0.9694396
5976.82118876174  0.9236622
5976.87423480834  0.9373758
5976.92727722753  0.9729285
5976.98031601911  0.9532263
5977.03335118284  0.9581857
5977.08638271853  0.9733892
5977.13941062594  0.9512404
5977.19243490485  0.9761979
5977.24545555507  0.9851171
5977.29847257636  0.9469814
5977.3514859685  0.9882909
5977.40449573129  0.9594135
5977.45750186451  0.9424999
5977.51050436793  0.9692812
5977.56350324134  0.9346247
5977.61649848452  0.9136113
5977.66949009726  0.9142781
5977.72247807935  0.8730966
5977.77546243055  0.9161484
5977.82844315066  0.9100396
5977.88142023947  0.9515554
5977.93439369674  0.9232293
5977.98736352227  0.9405108
5978.04032971584  0.9862896
5978.09329227724  0.974928
5978.14625120625  0.9604387
5978.19920650264  0.963157
5978.25215816622  0.9421398
5978.30510619675  0.9423938
5978.35805059402  0.9756042
5978.41099135782  0.9790652
5978.46392848793  0.9555447
5978.51686198413  1.020922
5978.56979184622  0.9608456
5978.62271807396  0.9742427
5978.67564066715  1.035387
5978.72855962558  1.048427
5978.78147494902  0.9928133
5978.83438663726  0.9971201
5978.88729469008  1.042757
5978.94019910727  0.9896958
5978.99309988861  0.9997877
5979.0459970339  0.9742351
5979.0988905429  0.9533644
5979.15178041541  0.9736388
5979.20466665121  0.9871719
5979.25754925009  1.035008
5979.31042821182  0.9689268
5979.36330353621  0.9708038
5979.41617522302  0.9925526
5979.46904327205  0.985938
5979.52190768307  0.9884312
5979.57476845589  0.9402869
5979.62762559027  0.9632972
5979.68047908601  0.9210509
5979.73332894289  0.9385644
5979.7861751607  0.9931564
5979.83901773922  0.9559332
5979.89185667823  0.9310926
5979.94469197752  0.9641672
5979.99752363689  1.037211
5980.0503516561  0.9769065
5980.10317603496  0.9726692
5980.15599677323  0.9700183
5980.20881387072  0.9742897
5980.2616273272  0.9724098
5980.31443714247  0.9687592
5980.3672433163  0.9799717
5980.42004584848  1.02909
5980.47284473881  0.9964446
5980.52563998705  1.014181
5980.57843159301  1.001605
5980.63121955646  1.037779
5980.6840038772  1.050266
5980.736784555  1.051836
5980.78956158966  1.0196
5980.84233498096  1.016951
5980.89510472869  1.044881
5980.94787083263  1.036228
5981.00063329258  1.062277
5981.05339210831  1.080115
5981.10614727961  0.9966934
5981.15889880627  1.00024
5981.21164668808  0.9912295
5981.26439092483  1.020613
5981.31713151629  1.003746
5981.36986846226  1.020138
5981.42260176252  1.012224
5981.47533141687  1.007033
5981.52805742508  1.009712
5981.58077978694  1.00499
5981.63349850225  0.9955135
5981.68621357079  1.05471
5981.73892499234  1.074212
5981.79163276669  0.9926625
5981.84433689364  1.044983
5981.89703737296  0.9879169
5981.94973420445  1.066161
5982.00242738788  1.015844
5982.05511692306  1.039523
5982.10780280977  1.049099
5982.16048504779  1.072405
5982.21316363691  1.033631
5982.26583857692  1.041255
5982.31850986761  1.066008
5982.37117750877  1.047354
5982.42384150017  1.033599
5982.47650184163  1.054756
5982.5291585329  1.013351
5982.5818115738  1.011476
5982.6344609641  1.024801
5982.68710670359  1.015182
5982.73974879206  1.008482
5982.79238722931  0.9901359
5982.84502201511  0.9708048
5982.89765314926  0.9923185
5982.95028063154  1.007532
5983.00290446174  0.9749793
5983.05552463965  1.012563
5983.10814116507  0.9942282
5983.16075403777  1.009143
5983.21336325755  1.049047
5983.26596882419  1.008523
5983.31857073749  0.9461182
5983.37116899723  1.016507
5983.4237636032  0.9990296
5983.47635455519  0.9806418
5983.52894185299  0.9866585
5983.58152549639  1.004119
5983.63410548517  0.947448
5983.68668181913  1.006827
5983.73925449806  0.9806795
5983.79182352174  1.011434
5983.84438888997  1.065572
5983.89695060252  1.057933
5983.9495086592  0.9840049
5984.00206305979  1.034254
5984.05461380408  0.9548471
5984.10716089187  0.9775157
5984.15970432293  0.9674328
5984.21224409706  0.9432421
5984.26478021405  0.9716985
5984.31731267369  0.9604451
5984.36984147576  0.9033185
5984.42236662007  0.8972633
5984.47488810639  0.9583265
5984.52740593452  0.9565865
5984.57992010425  0.9101155
5984.63243061537  0.9360353
5984.68493746766  0.9564136
5984.73744066093  0.9911381
5984.78994019495  0.9446379
5984.84243606951  0.966018
5984.89492828442  0.9368854
5984.94741683946  0.9137261
5984.99990173441  0.9437774
5985.05238296908  0.9600277
5985.10486054324  0.932495
5985.1573344567  0.9487341
5985.20980470923  0.954546
5985.26227130064  0.9380495
5985.31473423071  0.8804018
5985.36719349923  0.9154039
5985.41964910599  0.8735415
5985.47210105079  0.9136277
5985.52454933342  0.9366483
5985.57699395366  0.9290718
5985.62943491131  0.9131746
5985.68187220615  0.936049
5985.73430583799  0.9171368
5985.78673580661  0.9091827
5985.8391621118  0.9869052
5985.89158475335  0.9175574
5985.94400373105  0.9783992
5985.9964190447  0.9469329
5986.04883069408  0.9548553
5986.101238679  0.9354179
5986.15364299923  0.9141445
5986.20604365458  0.9241766
5986.25844064482  0.9512148
5986.31083396977  0.947527
5986.36322362919  0.9232764
5986.4156096229  0.9688343
5986.46799195067  0.95107
5986.52037061231  1.013988
5986.5727456076  0.9943253
5986.62511693633  0.9987723
5986.6774845983  0.9916337
5986.7298485933  0.9427145
5986.78220892112  0.970543
5986.83456558156  1.013988
5986.8869185744  1.018246
5986.93926789944  0.9587796
5986.99161355647  1.004925
5987.04395554528  0.9555603
5987.09629386566  1.030692
5987.14862851742  1.002696
5987.20095950033  1.005277
5987.2532868142  0.9715905
5987.3056104588  1.055136
5987.35793043395  1.087398
5987.41024673943  0.9992914
5987.46255937503  0.9998218
5987.51486834055  1.008028
5987.56717363578  0.986652
5987.6194752605  0.9591297
5987.67177321453  0.9956512
5987.72406749764  0.9488494
5987.77635810962  0.9356748
5987.82864505029  0.9990202
5987.88092831942  0.9526079
5987.93320791681  0.9457334
5987.98548384226  0.9392478
5988.03775609555  0.9358181
5988.09002467648  0.9332949
5988.14228958485  0.9669957
5988.19455082045  0.9236652
5988.24680838306  0.9370098
5988.29906227249  0.9418235
5988.35131248853  0.9549507
5988.40355903096  0.9719496
5988.4558018996  0.9739934
5988.50804109422  0.9500451
5988.56027661463  1.021333
5988.61250846061  0.9520373
5988.66473663196  0.9903074
5988.71696112848  0.9085736
5988.76918194996  0.985298
5988.82139909619  1.002059
5988.87361256697  0.9801938
5988.92582236209  1.006556
5988.97802848134  0.9792671
5989.03023092453  0.9560525
5989.08242969143  0.9639224
5989.13462478186  0.9823645
5989.1868161956  1.001609
5989.23900393245  0.9680212
5989.2911879922  1.047938
5989.34336837465  0.953946
5989.39554507959  0.9581816
5989.44771810682  1.005268
5989.49988745612  0.9732182
5989.5520531273  1.066304
5989.60421512016  1.022403
5989.65637343448  0.9763446
5989.70852807006  0.9529096
5989.76067902669  1.000905
5989.81282630418  1.00424
5989.86496990231  0.9563985
5989.91710982088  0.9890088
5989.96924605969  0.9755814
5990.02137861853  0.9739231
5990.0735074972  0.9902687
5990.12563269549  0.9635172
5990.1777542132  1.008007
5990.22987205012  0.9878946
5990.28198620606  0.996114
5990.33409668079  0.9992299
5990.38620347413  0.9936295
5990.43830658586  0.9968688
5990.49040601578  1.010671
5990.54250176369  0.99495
5990.59459382938  0.9925578
5990.64668221266  1.025108
5990.6987669133  0.9416693
5990.75084793112  1.005935
5990.80292526591  1.013116
5990.85499891746  1.020401
5990.90706888557  1.03673
5990.95913517003  1.048294
5991.01119777065  1.005927
5991.06325668721  0.9800069
5991.11531191952  1.010521
5991.16736346737  0.9871995
5991.21941133056  1.058259
5991.27145550888  1.026414
5991.32349600213  1.056509
5991.37553281011  1.028625
5991.42756593262  1.032172
5991.47959536944  1.001861
5991.53162112038  1.018718
5991.58364318524  0.9869007
5991.63566156381  0.9826428
5991.68767625589  0.9625531
5991.73968726127  1.006764
5991.79169457975  0.9888047
5991.84369821113  1.026461
5991.89569815521  0.99549
5991.94769441178  1.010946
5991.99968698065  0.9722331
5992.0516758616  0.9751606
5992.10366105443  0.9966951
5992.15564255896  1.010554
5992.20762037496  0.9850307
5992.25959450223  0.9939016
5992.31156494059  1.005689
5992.36353168982  0.9580049
5992.41549474971  1.004292
5992.46745412008  0.9958606
5992.51940980071  1.02342
5992.57136179141  0.9815236
5992.62331009197  0.9286752
5992.67525470218  0.9635512
5992.72719562186  0.9759385
5992.77913285079  0.9926376
5992.83106638878  0.9881582
5992.88299623562  0.983532
5992.93492239111  1.026343
5992.98684485504  0.9474961
5993.03876362723  0.9515437
5993.09067870745  0.9648168
5993.14259009552  0.9427056
5993.19449779124  0.9661882
5993.24640179439  1.030153
5993.29830210479  1.024928
5993.35019872222  1.010372
5993.40209164648  1.007158
5993.45398087738  1.015059
5993.50586641472  1.019465
5993.55774825829  1.014881
5993.60962640789  0.998757
5993.66150086331  1.037063
5993.71337162437  1.017401
5993.76523869086  1.02022
5993.81710206257  1.003506
5993.86896173931  1.034714
5993.92081772088  1.05644
5993.97267000706  1.042006
5994.02451859768  1.023469
5994.07636349251  1.057285
5994.12820469137  0.9844029
5994.18004219405  0.99938
5994.23187600036  1.073501
5994.28370611008  1.033691
5994.33553252302  1.045894
5994.38735523899  1.064032
5994.43917425777  1.055956
5994.49098957917  0.9746619
5994.542801203  1.03224
5994.59460912904  1.01175
5994.6464133571  1.011075
5994.69821388698  1.013135
5994.75001071848  0.999171
5994.8018038514  1.021016
5994.85359328553  0.982551
5994.90537902069  1.039496
5994.95716105667  0.9962443
5995.00893939326  0.9782643
5995.06071403028  1.0076
5995.11248496751  0.9958001
5995.16425220477  0.9866512
5995.21601574185  1.036982
5995.26777557855  1.035001
5995.31953171467  0.9729609
5995.37128415001  1.022703
5995.42303288438  1.007249
5995.47477791757  0.9784831
5995.52651924939  1.005115
5995.57825687963  1.032121
5995.6299908081  1.004974
5995.6817210346  1.068449
5995.73344755892  1.037951
5995.78517038088  1.012821
5995.83688950026  1.02404
5995.88860491688  1.025426
5995.94031663053  1.067219
5995.99202464101  1.02056
5996.04372894813  1.062917
5996.09542955169  0.967149
5996.14712645148  1.005744
5996.19881964731  1.01941
5996.25050913899  1.005509
5996.3021949263  1.021009
5996.35387700906  1.024827
5996.40555538707  1.024151
5996.45723006013  1.023117
5996.50890102803  1.007807
5996.56056829058  1.05265
5996.61223184759  1.012739
5996.66389169885  0.997497
5996.71554784417  1.059036
5996.76720028335  1.037938
5996.81884901618  1.037161
5996.87049404248  1.006089
5996.92213536205  0.9956122
5996.97377297468  0.9689007
5997.02540688018  0.9660301
5997.07703707835  0.972094
5997.128663569  1.004243
5997.18028635192  1.01765
5997.23190542693  0.9832856
5997.28352079381  0.93418
5997.33513245238  1.013877
5997.38674040243  0.9890713
5997.43834464377  1.028768
5997.48994517621  0.985052
5997.54154199954  0.9783089
5997.59313511357  0.9867039
5997.64472451809  1.026868
5997.69631021293  1.000418
5997.74789219786  0.9839388
5997.79947047271  0.9981728
5997.85104503727  0.9837138
5997.90261589134  0.9664738
5997.95418303474  0.9687436
5998.00574646725  0.9565934
5998.05730618869  0.9937379
5998.10886219886  0.9804331
5998.16041449757  0.9821403
5998.2119630846  0.9699895
5998.26350795978  0.9178625
5998.3150491229  0.9736812
5998.36658657376  0.9037821
5998.41812031218  0.9442764
5998.46965033794  0.953336
5998.52117665087  0.9610189
5998.57269925075  0.9531156
5998.6242181374  0.9740943
5998.67573331062  0.9333692
5998.72724477022  0.9437991
5998.77875251598  0.9187345
5998.83025654773  0.9413806
5998.88175686527  0.9324186
5998.93325346839  0.9616758
5998.98474635691  0.9502022
5999.03623553062  0.9672894
5999.08772098934  0.9267916
5999.13920273286  0.949746
5999.19068076099  1.000175
5999.24215507354  0.9588236
5999.29362567031  0.9787086
5999.3450925511  0.93841
5999.39655571572  1.02465
5999.44801516397  0.9899314
5999.49947089566  1.009684
5999.5509229106  0.9949971
5999.60237120858  0.9940194
5999.65381578941  0.9886985
5999.70525665291  0.9936205
5999.75669379886  0.9845812
5999.80812722709  1.004758
5999.85955693738  0.9695728
5999.91098292956  1.013599
5999.96240520341  1.067392
6000.01382375876  1.03541
6000.0652385954  0.9939303
6000.11664971314  1.017389
6000.16805711178  1.008178
6000.21946079113  1.033157
6000.270860751  1.014828
6000.32225699119  1.030351
6000.3736495115  1.027734
6000.42503831175  0.9568658
6000.47642339174  1.028204
6000.52780475126  1.034414
6000.57918239014  1.0479
6000.63055630817  0.9362587
6000.68192650517  1.011106
6000.73329298093  0.9719208
6000.78465573527  1.00823
6000.83601476798  1.020413
6000.88737007888  1.013027
6000.93872166777  0.956485
6000.99006953446  0.9862763
6001.04141367876  0.9965413
6001.09275410046  0.9737597
6001.14409079938  1.062163
6001.19542377532  0.9746906
6001.2467530281  1.019417
6001.29807855751  1.075954
6001.34940036336  1.009503
6001.40071844546  1.025512
6001.45203280362  0.9753016
6001.50334343764  1.011694
6001.55465034734  1.008264
6001.6059535325  1.022549
6001.65725299295  0.998309
6001.7085487285  0.9670647
6001.75984073893  0.972928
6001.81112902408  1.059109
6001.86241358373  1.014443
6001.9136944177  0.9982308
6001.96497152581  1.020882
6002.01624490784  0.9860761
6002.06751456361  1.017478
6002.11878049293  1.043025
6002.17004269561  0.9525586
6002.22130117145  1.038039
6002.27255592026  1.030618
6002.32380694184  1.003942
6002.37505423602  0.9682552
6002.42629780258  1.026897
6002.47753764135  1.060466
6002.52877375212  1.027384
6002.58000613472  0.9589986
6002.63123478893  1.006554
6002.68245971458  1.082156
6002.73368091147  0.9870155
6002.7848983794  1.004216
6002.8361121182  1.028631
6002.88732212766  1.005743
6002.93852840758  1.007111
6002.98973095779  1.037114
6003.0409297781  1.016795
6003.09212486829  0.9961107
6003.1433162282  1.00684
6003.19450385761  1.028872
6003.24568775635  1.033176
6003.29686792423  1.050047
6003.34804436104  0.9936308
6003.3992170666  0.9856728
6003.45038604072  0.9981397
6003.5015512832  1.004059
6003.55271279386  0.9847841
6003.6038705725  0.9461985
6003.65502461894  0.945517
6003.70617493298  0.9595174
6003.75732151442  0.9233639
6003.80846436309  0.9287416
6003.85960347879  0.9111151
6003.91073886132  0.9431587
6003.9618705105  0.9132264
6004.01299842614  0.971336
6004.06412260804  0.9691277
6004.11524305602  0.9731129
6004.16635976989  0.990167
6004.21747274944  0.9583502
6004.2685819945  0.9448126
6004.31968750488  0.9940805
6004.37078928038  0.9033376
6004.42188732081  0.8936769
6004.47298162598  0.9253955
6004.5240721957  0.9795364
6004.57515902979  1.012779
6004.62624212804  0.9568304
6004.67732149028  0.9881777
6004.72839711632  0.9887875
6004.77946900595  0.9831619
6004.83053715899  0.9906566
6004.88160157526  0.9910766
6004.93266225456  1.016061
6004.9837191967  0.9951408
6005.03477240149  1.026986
6005.08582186875  0.9842288
6005.13686759828  1.007895
6005.18790958989  0.9811358
6005.2389478434  1.068215
6005.28998235861  0.9808821
6005.34101313534  1.006122
6005.3920401734  0.9900314
6005.44306347259  1.053228
6005.49408303273  1.020006
6005.54509885363  1.018225
6005.59611093509  1.054788
6005.64711927694  0.989083
6005.69812387898  1.06075
6005.74912474103  1.015196
6005.80012186288  1.026532
6005.85111524436  1.062483
6005.90210488528  0.9855824
6005.95309078544  0.9612021
6006.00407294466  1.03174
6006.05505136275  1.033924
6006.10602603952  0.986958
6006.15699697479  1.031152
6006.20796416835  0.9970822
6006.25892762004  1.028174
6006.30988732965  1.032381
6006.36084329699  0.9863185
6006.41179552189  0.9728332
6006.46274400415  1.044713
6006.51368874359  0.987398
6006.56462974001  0.9803723
6006.61556699323  0.9765794
6006.66650050306  1.001641
6006.71743026931  1.004383
6006.76835629179  0.9831368
6006.81927857032  0.9831406
6006.87019710471  0.9818758
6006.92111189476  1.030012
6006.9720229403  0.9908565
6007.02293024114  1.000585
6007.07383379708  0.9928005
6007.12473360794  0.9753652
6007.17562967353  0.9694898
6007.22652199367  1.005338
6007.27741056816  1.003844
6007.32829539682  0.9799199
6007.37917647947  1.032565
6007.43005381591  0.9756853
6007.48092740596  1.004505
6007.53179724943  1.006352
6007.58266334613  1.016604
6007.63352569588  0.9983881
6007.68438429849  0.9820792
6007.73523915377  0.9787812
6007.78609026154  1.05847
6007.83693762161  0.9989952
6007.88778123379  1.029205
6007.93862109789  0.9878863
6007.98945721373  1.050227
6008.04028958112  1.006648
6008.09111819988  0.9645917
6008.14194306982  0.9835449
6008.19276419075  1.022439
6008.24358156248  1.013067
6008.29439518484  0.9615064
6008.34520505763  0.9560884
6008.39601118066  0.9641338
6008.44681355375  0.9353598
6008.49761217672  0.9295013
6008.54840704938  1.008089
6008.59919817154  0.9418556
6008.64998554301  0.9572953
6008.70076916362  0.9349951
6008.75154903316  0.9326861
6008.80232515147  0.9114807
6008.85309751835  0.8975351
6008.90386613362  0.9473196
6008.95463099708  0.9009905
6009.00539210857  0.8958487
6009.05614946788  0.8940658
6009.10690307483  0.8977528
6009.15765292925  0.903524
6009.20839903093  0.9297002
6009.25914137971  0.881907
6009.30987997538  0.8910608
6009.36061481778  0.8985332
6009.4113459067  0.8962263
6009.46207324197  0.9102334
6009.5127968234  0.8975124
6009.56351665081  0.9059849
6009.61423272401  0.8620131
6009.66494504282  0.9182014
6009.71565360705  0.8747991
6009.76635841651  0.9065578
6009.81705947102  0.9113159
6009.8677567704  0.9625872
6009.91845031447  0.9205809
6009.96914010303  0.9476591
6010.0198261359  0.9251536
6010.0705084129  0.9609803
6010.12118693385  0.9123519
6010.17186169855  0.9648829
6010.22253270682  0.9376147
6010.27319995849  0.9674371
6010.32386345337  0.9506508
6010.37452319126  0.9582824
6010.42517917199  0.985594
6010.47583139538  1.00685
6010.52647986123  1.000659
6010.57712456937  1.097823
6010.62776551961  1.018322
6010.67840271176  1.016911
6010.72903614565  1.051942
6010.77966582109  1.017844
6010.83029173789  0.9573677
6010.88091389588  1.004843
6010.93153229486  1.014813
6010.98214693466  0.9847775
6011.03275781508  0.9968126
6011.08336493596  1.014665
6011.1339682971  1.00557
6011.18456789831  1.052911
6011.23516373943  1.037561
6011.28575582025  1.019914
6011.33634414061  1.009824
6011.38692870031  1.028704
6011.43750949918  1.046756
6011.48808653703  0.992189
6011.53865981367  0.9831912
6011.58922932893  1.033499
6011.63979508262  1.003546
6011.69035707456  1.009731
6011.74091530456  0.9747759
6011.79146977245  1.002476
6011.84202047803  1.026002
6011.89256742113  1.000659
6011.94311060157  1.059486
6011.99365001916  1.072052
6012.04418567372  1.012816
6012.09471756506  1.099486
6012.14524569301  1.062328
6012.19577005738  0.9856504
6012.24629065799  0.9844238
6012.29680749465  0.9868916
6012.34732056719  1.018179
6012.39782987542  1.010125
6012.44833541917  0.9682833
6012.49883719824  0.9427093
6012.54933521246  0.9858663
6012.59982946164  0.989845
6012.6503199456  0.995052
6012.70080666417  0.9802113
6012.75128961715  1.009773
6012.80176880437  0.9693174
6012.85224422564  0.9809043
6012.90271588079  1.009362
6012.95318376963  0.9873297
6013.00364789197  0.9946759
6013.05410824765  1.026778
6013.10456483647  0.9720454
6013.15501765826  0.9877209
6013.20546671283  0.9704341
6013.25591200001  0.985526
6013.30635351961  0.9762392
6013.35679127144  0.9711791
6013.40722525534  0.9716037
6013.45765547111  0.9673287
6013.50808191858  1.006034
6013.55850459757  0.9735875
6013.60892350789  0.9834039
6013.65933864936  1.023758
6013.70975002181  0.9756781
6013.76015762505  0.9981586
6013.8105614589  0.9749904
6013.86096152318  0.9388176
6013.91135781771  0.877022
6013.96175034231  0.9504375
6014.0121390968  0.9425266
6014.062524081  0.9590647
6014.11290529473  0.9264048
6014.1632827378  0.9431415
6014.21365641004  0.9529637
6014.26402631126  0.9474245
6014.3143924413  0.8939863
6014.36475479995  0.9706648
6014.41511338706  0.9085882
6014.46546820243  0.9047204
6014.51581924588  0.9344873
6014.56616651725  0.9351635
6014.61651001633  0.9414889
6014.66684974297  0.9423277
6014.71718569697  0.9253427
6014.76751787815  0.9539135
6014.81784628635  0.9277455
6014.86817092137  0.9366623
6014.91849178303  0.9415922
6014.96880887117  0.9677328
6015.01912218559  0.9420088
6015.06943172612  0.9471442
6015.11973749259  0.9485034
6015.1700394848  0.9669775
6015.22033770258  0.9390413
6015.27063214575  0.9972342
6015.32092281414  0.9698864
6015.37120970755  0.9686239
6015.42149282583  1.011264
6015.47177216877  0.9320294
6015.52204773621  0.996672
6015.57231952797  1.000529
6015.62258754387  1.021536
6015.67285178373  0.96043
6015.72311224736  1.022671
6015.7733689346  1.013946
6015.82362184526  1.051467
6015.87387097916  1.04292
6015.92411633613  1.01605
6015.97435791598  0.9808291
6016.02459571855  0.982924
6016.07482974364  1.006401
6016.12505999109  1.031335
6016.1752864607  1.006922
6016.22550915232  0.9779763
6016.27572806575  0.9969344
6016.32594320081  0.989075
6016.37615455734  1.008282
6016.42636213515  0.9910194
6016.47656593407  1.003261
6016.52676595391  1.007235
6016.5769621945  0.9972727
6016.62715465566  1.012359
6016.67734333721  0.9952756
6016.72752823897  1.009346
6016.77770936077  1.040463
6016.82788670244  1.018761
6016.87806026378  0.9814703
6016.92823004463  1.017431
6016.9783960448  1.01598
6017.02855826413  0.9681414
6017.07871670242  0.9694153
6017.12887135951  0.98641
6017.17902223522  0.9513855
6017.22916932936  0.9200317
6017.27931264177  0.9846553
6017.32945217226  0.916894
6017.37958792067  0.9385441
6017.4297198868  0.9497915
6017.47984807049  0.8925754
6017.52997247155  0.9307278
6017.58009308981  0.9255659
6017.6302099251  0.9470379
6017.68032297723  0.9668248
6017.73043224604  0.9329963
6017.78053773134  0.9421244
6017.83063943295  0.9423596
6017.8807373507  0.9076179
6017.93083148442  0.9824787
6017.98092183392  0.9301332
6018.03100839904  0.898885
6018.08109117959  0.9228871
6018.13117017539  0.9281191
6018.18124538628  0.9190605
6018.23131681207  0.9394546
6018.28138445259  0.9288327
6018.33144830767  0.9491343
6018.38150837712  1.004137
6018.43156466077  0.9510527
6018.48161715845  1.009952
6018.53166586997  0.9992895
6018.58171079517  1.007043
6018.63175193387  0.9799557
6018.68178928589  0.98545
6018.73182285105  1.00928
6018.78185262918  1.046934
6018.83187862011  1.01793
6018.88190082366  0.9690912
6018.93191923964  0.9851274
6018.9819338679  0.9650307
6019.03194470825  0.9772008
6019.08195176052  1.032695
6019.13195502453  0.9571886
6019.1819545001  1.012043
6019.23195018707  1.009298
6019.28194208525  1.001953
6019.33193019447  1.015809
6019.38191451456  1.004331
6019.43189504534  0.9987148
6019.48187178664  0.9488579
6019.53184473828  0.9872685
6019.58181390008  0.9673579
6019.63177927188  0.9605165
6019.68174085349  0.9423535
6019.73169864474  0.9685696
6019.78165264547  0.9503965
6019.83160285548  0.9667122
6019.88154927461  1.00829
6019.93149190269  0.9812388
6019.98143073954  0.970129
6020.03136578498  0.9690654
6020.08129703884  1.008875
6020.13122450095  0.9916108
6020.18114817113  0.9995824
6020.23106804921  1.004976
6020.28098413502  0.9665121
6020.33089642837  1.0164
6020.3808049291  1.0152
6020.43070963703  0.9985735
6020.48061055199  0.9822454
6020.5305076738  0.9868497
6020.5804010023  0.9422123
6020.6302905373  0.9500807
6020.68017627863  0.9414407
6020.73005822612  0.9144809
6020.7799363796  0.9046311
6020.82981073889  0.9461895
6020.87968130382  0.9013111
6020.92954807421  0.9054835
6020.9794110499  0.891866
6021.0292702307  0.8988629
6021.07912561645  0.9006379
6021.12897720697  0.8850784
6021.17882500209  0.9049606
6021.22866900164  0.939917
6021.27850920543  0.8866594
6021.32834561331  0.9125302
6021.37817822509  0.9042306
6021.42800704061  0.8556133
6021.47783205968  0.9306338
6021.52765328215  0.8908799
6021.57747070783  0.908249
6021.62728433655  0.8778144
6021.67709416814  0.8873242
6021.72690020243  0.9192208
6021.77670243924  0.8991805
6021.82650087841  0.9220489
6021.87629551976  0.9324118
6021.92608636311  0.8887011
6021.97587340829  0.9403143
6022.02565665514  1.048314
6022.07543610348  1.024191
6022.12521175313  1.003885
6022.17498360394  1.006463
6022.22475165571  0.9841854
6022.27451590829  0.9618509
6022.32427636149  0.9693949
6022.37403301516  0.9424796
6022.42378586911  0.9422925
6022.47353492317  0.9487994
6022.52328017717  0.9058833
6022.57302163095  0.948224
6022.62275928432  0.9337142
6022.67249313713  0.9334226
6022.72222318918  0.9012088
6022.77194944032  0.9284242
6022.82167189037  0.9020124
6022.87139053916  0.8991815
6022.92110538653  0.9065817
6022.97081643229  0.8581392
6023.02052367628  0.8962744
6023.07022711832  0.9149687
6023.11992675825  0.9476297
6023.16962259589  0.9153615
6023.21931463107  0.8889815
6023.26900286362  0.9103167
6023.31868729338  0.8920933
6023.36836792016  0.958139
6023.41804474381  0.9655894
6023.46771776414  0.9875956
6023.51738698098  1.012285
6023.56705239417  0.9444885
6023.61671400354  1.014238
6023.66637180892  0.9608808
6023.71602581012  0.9641576
6023.76567600699  0.9911898
6023.81532239936  1.060523
6023.86496498705  0.985279
6023.91460376989  1.02212
6023.96423874771  1.003519
6024.01386992034  0.9436502
6024.06349728762  1.024216
6024.11312084937  0.9375727
6024.16274060542  1.008703
6024.2123565556  1.05059
6024.26196869974  1.028209
6024.31157703767  0.9951209
6024.36118156923  0.9940767
6024.41078229424  0.9505985
6024.46037921253  0.9747233
6024.50997232393  0.9713175
6024.55956162828  0.9883408
6024.6091471254  0.9358004
6024.65872881512  0.9739612
6024.70830669727  0.9432439
6024.75788077169  0.9375819
6024.80745103821  0.9631225
6024.85701749665  0.9203723
6024.90658014684  0.8791026
6024.95613898863  0.8684663
6025.00569402183  0.9567131
6025.05524524628  0.9165695
6025.10479266181  0.9469432
6025.15433626825  0.9501868
6025.20387606544  0.9025231
6025.25341205319  0.9309121
6025.30294423135  0.8947333
6025.35247259974  0.9220572
6025.4019971582  0.901983
6025.45151790656  0.9526921
6025.50103484464  0.9081652
6025.55054797229  0.9174471
6025.60005728932  0.9112784
6025.64956279558  0.9273205
6025.69906449089  0.9395212
6025.74856237509  0.9493519
6025.79805644801  0.9363177
6025.84754670947  0.9621964
6025.89703315932  0.937633
6025.94651579738  1.051981
6025.99599462348  0.9731866
6026.04546963746  1.012398
6026.09494083914  0.9855629
6026.14440822837  0.9975449
6026.19387180497  1.017874
6026.24333156877  0.9915897
6026.29278751961  1.083778
6026.34223965732  0.9718887
6026.39168798173  1.005482
6026.44113249267  0.9864264
6026.49057318998  1.003792
6026.54001007348  1.022128
6026.58944314302  0.9772761
6026.63887239841  1.003884
6026.6882978395  0.96943
6026.73771946612  0.9774374
6026.78713727811  0.9892722
6026.83655127528  0.9897724
6026.88596145748  0.9638515
6026.93536782453  0.9968625
6026.98477037628  0.9758737
6027.03416911256  1.00562
6027.08356403319  1.000695
6027.13295513801  0.9914829
6027.18234242685  0.9533892
6027.23172589955  1.025278
6027.28110555594  0.9786227
6027.33048139586  0.990646
6027.37985341912  0.9941159
6027.42922162558  0.9764302
6027.47858601506  0.9859667
6027.5279465874  0.9552749
6027.57730334242  0.9447169
6027.62665627997  0.9617561
6027.67600539988  0.9784139
6027.72535070198  0.9770375
6027.7746921861  0.9513803
6027.82402985208  1.017688
6027.87336369975  0.9544381
6027.92269372894  0.9962788
6027.97201993949  0.9637942
6028.02134233124  0.9393059
6028.07066090401  0.9548238
6028.11997565765  0.9567749
6028.16928659198  1.019884
6028.21859370684  0.9705527
6028.26789700206  0.9067273
6028.31719647748  0.9717128
6028.36649213293  0.9498658
6028.41578396825  0.9614388
6028.46507198327  0.9252478
6028.51435617783  0.92484
6028.56363655175  0.9654487
6028.61291310488  0.969314
6028.66218583705  0.9177924
6028.71145474809  0.9783517
6028.76071983784  0.9918883
6028.80998110613  1.007124
6028.8592385528  0.9947829
6028.90849217768  1.001857
6028.95774198061  0.9937576
6029.00698796142  0.9599556
6029.05623011995  0.9690841
6029.10546845603  1.030386
6029.15470296951  0.9997684
6029.2039336602  1.006548
6029.25316052795  0.9569386
6029.30238357259  1.012427
6029.35160279397  1.033275
6029.4008181919  0.9859205
6029.45002976624  0.9970747
6029.49923751681  0.981868
6029.54844144345  1.021861
6029.597641546  0.9500411
6029.64683782428  1.01246
6029.69603027815  0.9643956
6029.74521890743  1.033104
6029.79440371196  0.9903476
6029.84358469157  1.004682
6029.89276184611  0.9932995
6029.94193517539  1.071806
6029.99110467928  1.028323
6030.04027035759  0.9947929
6030.08943221016  1.032432
6030.13859023684  0.9810989
6030.18774443745  0.9821919
6030.23689481184  1.027557
6030.28604135983  1.045749
6030.33518408128  1.043058
6030.384322976  0.9800383
6030.43345804384  0.9961917
6030.48258928464  1.012326
6030.53171669823  1.031125
6030.58084028445  1.00555
6030.62996004313  1.060099
6030.67907597412  1.009846
6030.72818807724  1.014784
6030.77729635234  1.012091
6030.82640079925  1.044767
6030.87550141781  1.01915
6030.92459820785  1.056219
6030.97369116922  1.014185
6031.02278030175  1.090402
6031.07186560528  0.985818
6031.12094707964  1.013143
6031.17002472467  0.96999
6031.21909854022  1.008393
6031.2681685261  1.028144
6031.31723468218  0.9823162
6031.36629700827  1.012867
6031.41535550422  1.014661
6031.46441016987  0.9892914
6031.51346100505  0.9794842
6031.56250800961  0.9927495
6031.61155118337  1.009688
6031.66059052618  0.9839799
6031.70962603787  0.9937315
6031.75865771829  1.01231
6031.80768556726  1.00915
6031.85670958464  1.0155
6031.90572977025  0.9733388
6031.95474612394  1.033157
6032.00375864554  0.9861078
6032.05276733489  0.9675035
6032.10177219183  0.9944836
6032.15077321619  0.9930041
6032.19977040782  1.00689
6032.24876376656  0.9962198
6032.29775329223  0.969578
6032.34673898469  1.060762
6032.39572084377  1.033343
6032.4446988693  0.9475335
6032.49367306113  0.9415197
6032.5426434191  1.040194
6032.59160994304  0.9824095
6032.64057263279  1.005955
6032.6895314882  1.044055
6032.73848650909  0.9817467
6032.78743769532  0.9623401
6032.83638504671  1.043429
6032.88532856311  1.021629
6032.93426824435  1.013585
6032.98320409028  1.043835
6033.03213610074  0.9853453
6033.08106427556  0.9830356
6033.12998861458  1.039547
6033.17890911765  0.9727123
6033.2278257846  0.9606736
6033.27673861527  1.025632
6033.32564760949  1.019253
6033.37455276713  1.004555
6033.423454088  1.038099
6033.47235157195  1.020725
6033.52124521882  1.060733
6033.57013502844  1.061032
6033.61902100067  0.9726182
6033.66790313534  1.057259
6033.71678143228  0.9975682
6033.76565589135  1.0119
6033.81452651237  1.044757
6033.86339329519  1.035814
6033.91225623965  1.039988
6033.96111534559  0.9831601
6034.00997061285  1.034647
6034.05882204127  0.9806497
6034.10766963069  1.040739
6034.15651338095  1.017311
6034.20535329189  0.9959251
6034.25418936335  1.018781
6034.30302159517  0.9961603
6034.35184998719  0.9787582
6034.40067453926  1.078963
6034.44949525121  1.000344
6034.49831212289  1.047296
6034.54712515413  1.000218
6034.59593434478  1.060048
6034.64473969467  1.01203
6034.69354120365  0.9305758
6034.74233887156  0.9401582
6034.79113269824  1.003577
6034.83992268353  0.9819124
6034.88870882728  0.9998247
6034.93749112931  0.9933755
6034.98626958948  1.037999
6035.03504420763  1.059085
6035.0838149836  1.004945
6035.13258191722  0.9851353
6035.18134500834  0.9648325
6035.23010425681  0.9916575
6035.27885966245  1.016747
6035.32761122513  1.000258
6035.37635894466  1.007856
6035.42510282091  1.028135
6035.47384285371  0.9985312
6035.5225790429  1.041147
6035.57131138832  1.018026
6035.62003988982  0.9877793
6035.66876454723  1.037138
6035.71748536041  0.9669871
6035.76620232919  0.9739367
6035.81491545341  1.003857
6035.86362473291  0.9882578
6035.91233016755  0.9779615
6035.96103175715  0.9949641
6036.00972950157  1.021599
6036.05842340065  1.00622
6036.10711345422  0.9892657
6036.15579966213  1.068709
6036.20448202422  0.992556
6036.25316054034  0.9920803
6036.30183521033  0.9892561
6036.35050603403  1.016355
6036.39917301128  1.016708
6036.44783614192  0.9637051
6036.49649542581  1.014482
6036.54515086278  0.9710034
6036.59380245267  0.9428814
6036.64245019533  0.9781644
6036.6910940906  0.9737134
6036.73973413833  0.9907447
6036.78837033835  1.017789
6036.83700269051  1.036491
6036.88563119466  1.004664
6036.93425585063  0.9974847
6036.98287665828  0.9945338
6037.03149361744  1.003765
6037.08010672795  1.019145
6037.12871598967  1.034217
6037.17732140243  0.9417438
6037.22592296608  0.9858674
6037.27452068046  0.9805918
6037.32311454541  1.00011
6037.37170456079  0.9697784
6037.42029072643  0.9641032
6037.46887304217  0.970366
6037.51745150787  0.9683568
6037.56602612336  0.9629402
6037.61459688849  0.9990643
6037.6631638031  1.00012
6037.71172686703  1.003151
6037.76028608015  1.009602
6037.80884144227  0.9870963
6037.85739295326  0.9658265
6037.90594061295  1.021201
6037.95448442119  1.064323
6038.00302437782  1.020446
6038.05156048269  1.007632
6038.10009273564  1.028819
6038.14862113652  1.036217
6038.19714568517  0.9533761
6038.24566638143  0.9987504
6038.29418322516  0.9577706
6038.34269621619  0.9840856
6038.39120535437  1.005125
6038.43971063955  0.9602758
6038.48821207157  1.00951
6038.53670965027  1.037862
6038.5852033755  0.9843646
6038.63369324711  0.996949
6038.68217926494  1.044225
6038.73066142884  0.9961066
6038.77913973864  1.006222
6038.82761419421  1.039206
6038.87608479537  1.003013
6038.92455154199  1.008116
6038.9730144339  1.046675
6039.02147347094  0.9823236
6039.06992865297  1.046996
6039.11837997982  0.9616638
6039.16682745136  1.07081
6039.21527106741  1.044826
6039.26371082783  1.02368
6039.31214673247  1.037866
6039.36057878116  1.009537
6039.40900697376  0.9725041
6039.45743131011  0.9717629
6039.50585179005  1.020175
6039.55426841344  1.038296
6039.60268118012  1.004978
6039.65109008993  0.9728079
6039.69949514272  0.97513
6039.74789633834  1.012946
6039.79629367663  1.015512
6039.84468715745  1.038289
6039.89307678063  1.055464
6039.94146254602  0.9371707
6039.98984445348  1.056415
6040.03822250284  0.984679
6040.08659669395  1.050095
6040.13496702667  0.963262
6040.18333350083  1.042685
6040.23169611628  0.9876939
6040.28005487288  1.022384
6040.32840977046  0.9965514
6040.37676080888  0.9747028
6040.42510798798  0.9877641
6040.4734513076  0.9675653
6040.52179076761  0.9403555
6040.57012636783  1.012344
6040.61845810812  1.029768
6040.66678598834  0.9286867
6040.71511000832  1.010383
6040.7634301679  1.038048
6040.81174646695  1.026749
6040.86005890531  0.9897292
6040.90836748282  0.9783384
6040.95667219933  1.001881
6041.00497305469  0.9552531
6041.05327004875  0.937026
6041.10156318136  0.9331653
6041.14985245235  1.026174
6041.19813786159  0.94779
6041.24641940891  0.9776239
6041.29469709418  1.002356
6041.34297091723  0.9642923
6041.39124087791  1.03336
6041.43950697607  0.9778607
6041.48776921156  1.012927
6041.53602758423  1.037295
6041.58428209393  0.995944
6041.6325327405  1.01571
6041.68077952379  0.9924323
6041.72902244365  1.030042
6041.77726149993  1.034647
6041.82549669248  1.003071
6041.87372802114  0.930316
6041.92195548577  0.9881684
6041.97017908621  1.027047
6042.01839882232  1.01157
6042.06661469393  1.012134
6042.11482670091  1.021843
6042.1630348431  1.036643
6042.21123912034  1.021621
6042.25943953249  0.9893185
6042.30763607939  0.9587648
6042.3558287609  1.048125
6042.40401757687  1.028224
6042.45220252713  1.02513
6042.50038361155  1.047641
6042.54856082998  0.9547403
6042.59673418225  0.9089348
6042.64490366822  0.9423074
6042.69306928775  0.9715795
6042.74123104067  0.8816688
6042.78938892684  0.9532425
6042.83754294611  0.9544451
6042.88569309833  0.9525418
6042.93383938335  0.9457231
6042.98198180101  0.9590799
6043.03012035117  0.9908118
6043.07825503369  0.9137973
6043.12638584839  1.016961
6043.17451279515  0.9544792
6043.2226358738  0.9524232
6043.2707550842  1.004503
6043.3188704262  0.9560453
6043.36698189964  0.9745566
6043.41508950439  0.9186512
6043.46319324028  0.9770634
6043.51129310717  1.013307
6043.55938910491  0.9444106
6043.60748123334  0.9269841
6043.65556949233  0.9461774
6043.70365388173  1.01885
6043.75173440136  0.975522
6043.79981105111  0.9498069
6043.8478838308  1.008154
6043.8959527403  0.9508992
6043.94401777945  0.9761715
6043.99207894811  1.030895
6044.04013624612  1.07026
6044.08818967334  1.063917
6044.13623922961  1.027072
6044.1842849148  1.04845
6044.23232672874  1.058645
6044.2803646713  1.003719
6044.32839874231  1.000489
6044.37642894165  1.032974
6044.42445526914  1.070449
6044.47247772465  0.9892308
6044.52049630803  1.037099
6044.56851101913  0.9869294
6044.6165218578  1.023849
6044.66452882389  0.9708703
6044.71253191726  1.03233
6044.76053113775  0.9871478
6044.80852648522  1.030186
6044.85651795951  0.9791172
6044.90450556049  0.9728786
6044.952489288  0.9934945
6045.0004691419  0.9807046
6045.04844512202  1.027643
6045.09641722824  1.027434
6045.1443854604  1.013414
6045.19234981836  0.9793394
6045.24031030195  1.044638
6045.28826691105  1.031311
6045.33621964549  1.065716
6045.38416850514  0.9514948
6045.43211348984  0.9976932
6045.48005459945  1.009864
6045.52799183381  1.011477
6045.57592519279  0.9524987
6045.62385467623  0.9935932
6045.67178028399  0.9338565
6045.71970201592  1.025002
6045.76761987187  0.9923129
6045.8155338517  1.021196
6045.86344395525  1.032925
6045.91135018239  1.03129
6045.95925253296  1.006912
6046.00715100682  1.000616
6046.05504560381  0.9594138
6046.1029363238  0.9960952
6046.15082316664  1.000896
6046.19870613218  0.9780928
6046.24658522026  0.9860898
6046.29446043076  1.055421
6046.34233176351  0.983665
6046.39019921838  0.9945732
6046.43806279522  1.010644
6046.48592249387  0.9832528
6046.5337783142  0.9726565
6046.58163025605  1.047531
6046.62947831929  1.040649
6046.67732250376  0.9927595
6046.72516280931  0.9868736
6046.77299923582  0.9776995
6046.82083178311  0.9711456
6046.86866045106  0.988076
6046.91648523951  1.00457
6046.96430614832  0.9771825
6047.01212317734  1.043547
6047.05993632643  0.9699473
6047.10774559544  0.9867271
6047.15555098422  1.014172
6047.20335249264  1.020107
6047.25115012053  0.945863
6047.29894386777  0.9814016
6047.34673373419  0.9142078
6047.39451971966  0.9892339
6047.44230182404  1.024148
6047.49008004717  1.051024
6047.53785438891  1.032989
6047.58562484912  0.9738397
6047.63339142765  1.041295
6047.68115412435  1.053299
6047.72891293908  1.042969
6047.7766678717  0.9825515
6047.82441892205  0.9759057
6047.87216609  1.009093
6047.9199093754  0.9866697
6047.96764877811  1.03703
6048.01538429798  1.004237
6048.06311593486  1.022327
6048.11084368861  0.8877123
6048.15856755909  1.021853
6048.20628754615  1.03041
6048.25400364965  1.007358
6048.30171586944  0.9780027
6048.34942420537  0.9965315
6048.39712865731  0.9979829
6048.44482922511  1.046344
6048.49252590863  0.9740536
6048.54021870771  0.9153588
6048.58790762223  1.030237
6048.63559265202  1.05408
6048.68327379695  0.9769783
6048.73095105688  1.013434
6048.77862443165  1.000002
6048.82629392114  1.002629
6048.87395952518  1.01369
6048.92162124365  0.9870357
6048.96927907638  0.9656313
6049.01693302325  0.9297203
6049.06458308411  1.026259
6049.11222925881  1.076673
6049.15987154721  1.034948
6049.20750994917  1.036288
6049.25514446453  1.024613
6049.30277509317  1.014728
6049.35040183494  1.011234
6049.39802468969  0.9911016
6049.44564365727  1.019209
6049.49325873756  1.036665
6049.5408699304  0.9451758
6049.58847723565  1.012417
6049.63608065316  0.9422673
6049.6836801828  1.053293
6049.73127582442  1.040262
6049.77886757788  1.007828
6049.82645544303  1.092407
6049.87403941973  1.096801
6049.92161950785  1.018655
6049.96919570723  0.994558
6050.01676801774  0.9601684
6050.06433643923  0.9603475
6050.11190097156  1.041196
6050.15946161458  1.024218
6050.20701836816  1.008806
6050.25457123215  1.006936
6050.30212020641  1.048568
6050.3496652908  1.046114
6050.39720648517  0.9603431
6050.44474378939  0.9578252
6050.49227720331  0.9745616
6050.53980672678  1.072887
6050.58733235967  1.024608
6050.63485410184  0.9636281
6050.68237195314  1.010312
6050.72988591343  1.009196
6050.77739598257  1.012612
6050.82490216041  0.9947015
6050.87240444683  0.9648355
6050.91990284166  1.008457
6050.96739734478  1.001868
6051.01488795604  0.9848637
6051.0623746753  1.033683
6051.10985750241  0.994437
6051.15733643724  1.045944
6051.20481147965  1.045798
6051.25228262949  1.11562
6051.29974988662  1.031081
6051.3472132509  0.9479554
6051.3946727222  1.047799
6051.44212830036  0.9667109
6051.48957998525  1.034705
6051.53702777672  0.9930746
6051.58447167465  1.052613
6051.63191167887  0.9851298
6051.67934778926  1.077971
6051.72678000568  1.063178
6051.77420832798  0.9822581
6051.82163275602  1.035328
6051.86905328966  0.9655454
6051.91646992876  1.002008
6051.96388267318  1.050013
6052.01129152278  0.9652171
6052.05869647742  1.044132
6052.10609753696  0.9995778
6052.15349470125  1.018731
6052.20088797017  1.021508
6052.24827734356  0.9978924
6052.29566282129  0.9992228
6052.34304440322  1.019096
6052.39042208921  0.9841021
6052.43779587911  0.9899814
6052.48516577279  1.029286
6052.53253177011  1.073565
6052.57989387093  1.014978
6052.6272520751  1.031679
6052.6746063825  1.074505
6052.72195679297  1.02664
6052.76930330638  0.9961597
6052.81664592259  1.039903
6052.86398464146  1.026563
6052.91131946285  1.003587
6052.95865038662  1.06413
6053.00597741263  1.045229
6053.05330054074  0.992031
6053.10061977082  1.022907
6053.14793510272  1.00659
6053.1952465363  0.9867994
6053.24255407143  1.028443
6053.28985770797  0.9690136
6053.33715744577  0.9791854
6053.3844532847  1.034885
6053.43174522462  1.053303
6053.47903326539  1.002308
6053.52631740687  1.036892
6053.57359764892  0.9734696
6053.62087399141  0.989897
6053.66814643419  1.01874
6053.71541497713  1.055164
6053.76267962008  1.022154
6053.80994036292  1.079274
6053.8571972055  0.95123
6053.90445014767  0.9167932
6053.95169918932  0.9219785
6053.99894433029  1.079815
6054.04618557044  1.007167
6054.09342290965  1.014781
6054.14065634777  0.9914239
6054.18788588466  0.9479621
6054.23511152018  0.9833651
6054.2823332542  1.010115
6054.32955108658  1.006348
6054.37676501718  1.005106
6054.42397504587  0.9884778
6054.4711811725  0.9600156
6054.51838339694  0.964258
6054.56558171905  0.9038496
6054.61277613869  0.9764357
6054.65996665573  0.9269474
6054.70715327002  0.9705062
6054.75433598143  0.9416711
6054.80151478983  0.9694247
6054.84868969507  0.9988803
6054.89586069701  0.9928498
6054.94302779553  0.9582443
6054.99019099048  1.007363
6055.03735028173  0.9989945
6055.08450566913  0.9783646
6055.13165715256  0.9953181
6055.17880473187  1.005056
6055.22594840693  1.011199
6055.2730881776  1.011511
6055.32022404374  0.9599515
6055.36735600523  0.9761416
6055.41448406191  1.00476
6055.46160821365  0.9296933
6055.50872846032  0.9425398
6055.55584480178  0.9910611
6055.6029572379  1.038507
6055.65006576853  0.9783483
6055.69717039354  1.01021
6055.7442711128  1.014662
6055.79136792616  1.059967
6055.8384608335  0.9619902
6055.88554983467  1.057702
6055.93263492954  1.01638
6055.97971611798  1.0292
6056.02679339984  1.050851
6056.07386677499  0.9936029
6056.1209362433  1.020664
6056.16800180462  1.047614
6056.21506345883  0.9776235
6056.26212120579  0.9913197
6056.30917504535  0.9844183
6056.3562249774  0.9412206
6056.40327100178  0.8825912
6056.45031311837  1.030078
6056.49735132702  0.9663122
6056.54438562761  1.029037
6056.59141602  0.9490246
6056.63844250405  0.9897062
6056.68546507962  0.9672667
6056.73248374659  0.9844781
6056.77949850481  1.013952
6056.82650935416  0.9835116
6056.87351629449  0.9232857
6056.92051932567  0.9406899
6056.96751844757  0.9813302
6057.01451366005  0.9827721
6057.06150496297  0.9637893
6057.10849235621  0.9937237
6057.15547583961  0.9863399
6057.20245541307  0.9823078
6057.24943107643  0.973918
6057.29640282956  0.9921759
6057.34337067232  0.9264361
6057.39033460459  0.9153354
6057.43729462623  1.066637
6057.4842507371  0.9641002
6057.53120293707  0.9225188
6057.578151226  0.965462
6057.62509560376  0.962197
6057.67203607023  0.9058333
6057.71897262525  0.988919
6057.7659052687  0.9987144
6057.81283400044  1.039624
6057.85975882034  1.026784
6057.90667972826  0.9434813
6057.95359672409  0.9962419
6058.00050980766  0.9336955
6058.04741897886  0.9765855
6058.09432423755  1.07942
6058.14122558359  1.030809
6058.18812301685  1.036147
6058.23501653721  1.024585
6058.28190614452  1.038304
6058.32879183865  0.9427959
6058.37567361946  0.9511282
6058.42255148684  0.9540915
6058.46942544063  0.9589506
6058.51629548071  1.048734
6058.56316160695  0.9921221
6058.6100238192  0.9853315
6058.65688211734  1.088621
6058.70373650124  0.9761369
6058.75058697076  1.042597
6058.79743352576  0.9245048
6058.84427616613  1.054533
6058.89111489171  1.057
6058.93794970238  0.9688541
6058.98478059802  1.077785
6059.03160757847  1.016653
6059.07843064361  0.9746458
6059.12524979332  1.140244
6059.17206502745  1.000075
6059.21887634587  1.022898
6059.26568374845  1.01187
6059.31248723506  1.0138
6059.35928680557  1.017665
6059.40608245984  0.9590822
6059.45287419773  0.9877541
6059.49966201913  0.9614727
6059.5464459239  0.9355887
6059.5932259119  0.9158959
6059.640001983  0.9431185
6059.68677413707  0.9878762
6059.73354237398  0.9636478
6059.7803066936  0.9487465
6059.82706709579  1.053529
6059.87382358042  1.012012
6059.92057614736  0.9737898
6059.96732479648  1.045861
6060.01406952765  0.942875
6060.06081034073  0.9741312
6060.1075472356  0.9386381
6060.15428021212  1.023625
6060.20100927016  1.078458
6060.24773440958  0.9964043
6060.29445563027  1.005121
6060.34117293208  1.033778
6060.38788631489  0.9945294
6060.43459577856  1.006769
6060.48130132296  0.9703987
6060.52800294797  0.9971226
6060.57470065345  1.052387
6060.62139443926  0.9136683
6060.66808430528  1.110617
6060.71477025138  0.9616485
6060.76145227743  1.029225
6060.80813038329  0.9931517
6060.85480456884  0.9919837
6060.90147483394  1.012906
6060.94814117847  1.041495
6060.99480360228  0.9952815
6061.04146210526  0.9335861
6061.08811668728  0.9785298
6061.13476734819  0.9786433
6061.18141408787  1.094528
6061.2280569062  0.9776489
6061.27469580303  0.9956537
6061.32133077824  0.9551826
6061.36796183171  1.026387
6061.41458896329  0.952489
6061.46121217286  1.057235
6061.50783146029  1.103281
6061.55444682545  1.065495
6061.60105826821  1.001929
6061.64766578844  1.113401
6061.69426938601  0.9102416
6061.74086906079  1.043467
6061.78746481265  0.9962166
6061.83405664145  0.9720933
6061.88064454708  0.9969011
6061.92722852941  0.9916991
6061.97380858829  1.018716
6062.0203847236  0.9595358
6062.06695693521  1.068904
6062.113525223  0.9235117
6062.16008958684  0.8997493
6062.20665002658  1.046548
6062.25320654211  0.8912767
6062.2997591333  1.035931
6062.34630780002  1.004364
6062.39285254213  1.006824
6062.43939335951  1.158897
6062.48593025203  0.9921389
6062.53246321957  0.9670787
6062.57899226198  0.9608829
6062.62551737915  1.017443
6062.67203857094  1.046067
6062.71855583723  0.9932631
6062.76506917788  1.010471
6062.81157859277  1.010619
6062.85808408178  1.009243
6062.90458564476  1.053907
6062.9510832816  0.9391092
6062.99757699216  1.027668
6063.04406677632  1.017337
6063.09055263394  0.9912593
6063.13703456491  1.029046
6063.18351256908  1.042643
6063.22998664634  1.00838
6063.27645679655  1.054186
6063.32292301959  0.9739224
6063.36938531533  1.020501
6063.41584368364  0.9807574
6063.4622981244  1.034343
6063.50874863747  0.9673595
6063.55519522272  0.9282861
6063.60163788004  1.051949
6063.64807660929  1.023013
6063.69451141034  1.005105
6063.74094228307  0.9581265
6063.78736922735  1.105085
