6519.17609729195  0.9837879
6519.23638911212  0.9297016
6519.29667709733  1.054404
6519.35696124731  0.9478812
6519.41724156181  0.993225
6519.47751804053  0.9647716
6519.53779068323  0.966066
6519.59805948963  0.9623635
6519.65832445945  0.997831
6519.71858559244  1.021423
6519.77884288832  0.9772548
6519.83909634682  0.9871415
6519.89934596768  0.9794304
6519.95959175062  0.970794
6520.01983369538  0.9958016
6520.0800718017  0.9462935
6520.14030606929  0.9991663
6520.20053649789  0.9851431
6520.26076308724  0.9992254
6520.32098583707  1.040421
6520.3812047471  1.046323
6520.44141981707  0.9743847
6520.50163104671  0.9303487
6520.56183843576  1.024836
6520.62204198394  1.027752
6520.68224169098  0.9904575
6520.74243755663  1.028239
6520.80262958061  1.052202
6520.86281776265  1.061518
6520.92300210249  1.031832
6520.98318259985  0.9588442
6521.04335925448  0.99446
6521.1035320661  1.023486
6521.16370103444  1.056005
6521.22386615924  1.067164
6521.28402744024  1.008569
6521.34418487715  0.9343631
6521.40433846972  1.016202
6521.46448821768  1.081548
6521.52463412076  1.009189
6521.5847761787  0.987136
6521.64491439122  1.082894
6521.70504875807  1.03241
6521.76517927896  1.040751
6521.82530595365  0.9448147
6521.88542878185  0.988626
6521.9455477633  1.058604
6522.00566289774  1.002776
6522.0657741849  0.9662387
6522.12588162451  0.974461
6522.18598521631  1.00388
6522.24608496003  1.021749
6522.3061808554  1.012953
6522.36627290216  1.054139
6522.42636110003  1.034872
6522.48644544877  1.017384
6522.54652594808  0.9699332
6522.60660259772  0.9730333
6522.66667539742  1.077029
6522.7267443469  1.070313
6522.78680944591  1.00769
6522.84687069418  0.9998804
6522.90692809143  1.002618
6522.96698163741  1.013859
6523.02703133185  1.037121
6523.08707717449  1.00384
6523.14711916505  1.023007
6523.20715730327  1.012167
6523.2671915889  0.9973516
6523.32722202165  1.012582
6523.38724860127  0.9779735
6523.44727132749  0.9674559
6523.50729020004  1.066815
6523.56730521867  1.032194
6523.62731638309  0.9891558
6523.68732369306  1.017487
6523.7473271483  0.9663587
6523.80732674855  1.001831
6523.86732249355  1.01362
6523.92731438302  1.046694
6523.98730241671  1.013449
6524.04728659435  0.9790192
6524.10726691567  1.013751
6524.16724338041  0.9932868
6524.22721598831  1.026842
6524.2871847391  1.028448
6524.34714963251  0.9942485
6524.40711066828  0.995436
6524.46706784615  0.9897504
6524.52702116585  1.000319
6524.58697062712  0.9944267
6524.6469162297  1.01139
6524.70685797331  1.000121
6524.7667958577  1.061327
6524.8267298826  0.9628217
6524.88666004774  0.9380395
6524.94658635287  0.9786088
6525.00650879772  0.9832214
6525.06642738202  0.998181
6525.12634210551  1.081738
6525.18625296793  1.023701
6525.24615996902  0.9975992
6525.3060631085  0.9882177
6525.36596238612  1.004172
6525.42585780161  1.036683
6525.48574935471  0.9741763
6525.54563704516  0.9736123
6525.60552087269  0.9797013
6525.66540083703  0.9962345
6525.72527693793  1.017007
6525.78514917512  0.9604326
6525.84501754835  0.9955841
6525.90488205733  1.016803
6525.96474270182  1.036993
6526.02459948156  1.030475
6526.08445239626  1.055121
6526.14430144568  0.960996
6526.20414662955  0.9941084
6526.26398794761  0.986293
6526.32382539959  1.011718
6526.38365898524  0.996125
6526.44348870428  1.019251
6526.50331455646  0.9645859
6526.56313654152  0.9861412
6526.62295465919  1.01438
6526.68276890921  1.000708
6526.74257929131  0.9690536
6526.80238580524  1.00501
6526.86218845074  1.057176
6526.92198722753  1.028715
6526.98178213536  1.014115
6527.04157317397  0.9860727
6527.10136034309  0.9587774
6527.16114364246  1.043625
6527.22092307183  1.053472
6527.28069863091  0.9973671
6527.34047031947  0.9840848
6527.40023813724  1.013479
6527.46000208394  0.9815584
6527.51976215933  0.9785648
6527.57951836313  1.001691
6527.6392706951  1.020815
6527.69901915496  0.9963538
6527.75876374245  0.8934764
6527.81850445732  0.9582965
6527.8782412993  0.9365011
6527.93797426814  0.9341916
6527.99770336356  0.9219245
6528.05742858531  0.9801111
6528.11714993313  0.9775813
6528.17686740675  0.9533584
6528.23658100592  0.9205343
6528.29629073038  0.935333
6528.35599657985  0.9815703
6528.41569855409  0.985661
6528.47539665284  0.9530395
6528.53509087582  0.9379328
6528.59478122279  0.9434254
6528.65446769347  0.9421102
6528.71415028762  0.9957263
6528.77382900496  0.9500479
6528.83350384524  0.9665327
6528.8931748082  0.9530357
6528.95284189358  0.9117411
6529.01250510111  0.9745836
6529.07216443055  1.001633
6529.13181988162  1.009805
6529.19147145406  1.051157
6529.25111914762  0.9872113
6529.31076296204  1.009034
6529.37040289706  0.9680328
6529.43003895241  1.019302
6529.48967112784  1.013423
6529.54929942309  0.9283793
6529.6089238379  0.9801499
6529.668544372  0.9668692
6529.72816102514  1.064159
6529.78777379706  0.9610099
6529.8473826875  0.9582053
6529.9069876962  0.967408
6529.9665888229  1.015765
6530.02618606734  0.981271
6530.08577942926  0.9678931
6530.14536890841  1.012016
6530.20495450452  0.9704356
6530.26453621733  1.027335
6530.32411404659  0.9778389
6530.38368799203  1.017974
6530.4432580534  1.02136
6530.50282423044  1.000874
6530.56238652289  0.9867357
6530.62194493049  0.9995923
6530.68149945298  0.9979867
6530.7410500901  1.011466
6530.8005968416  1.052087
6530.86013970721  0.9386768
6530.91967868668  1.046355
6530.97921377975  0.9955549
6531.03874498617  0.9648015
6531.09827230566  0.9774713
6531.15779573798  0.9972167
6531.21731528286  0.9905521
6531.27683094005  0.9674836
6531.33634270929  0.9639589
6531.39585059032  1.009866
6531.45535458288  1.028037
6531.51485468672  1.003316
6531.57435090158  0.9993017
6531.6338432272  1.010743
6531.69333166331  0.9831027
6531.75281620968  1.001683
6531.81229686602  1.033086
6531.8717736321  0.990572
6531.93124650765  0.9548216
6531.99071549241  0.9940549
6532.05018058613  1.047226
6532.10964178854  0.9808031
6532.1690990994  0.9866537
6532.22855251844  1.005863
6532.28800204541  1.016637
6532.34744768005  0.9325395
6532.4068894221  0.9797596
6532.4663272713  0.9607477
6532.52576122741  0.9858331
6532.58519129015  0.9535964
6532.64461745928  0.9961897
6532.70403973454  1.02817
6532.76345811566  0.9950706
6532.8228726024  1.030352
6532.8822831945  0.9912871
6532.9416898917  1.019974
6533.00109269374  1.021528
6533.06049160038  1.021987
6533.11988661134  0.9617071
6533.17927772637  1.036238
6533.23866494523  0.9632865
6533.29804826764  1.01478
6533.35742769337  0.9998797
6533.41680322214  0.9596013
6533.47617485371  0.9390499
6533.53554258781  0.9944582
6533.59490642419  0.9798803
6533.6542663626  1.011691
6533.71362240278  1.038719
6533.77297454447  0.9485499
6533.83232278742  0.9720278
6533.89166713137  1.010749
6533.95100757607  0.9568267
6534.01034412126  0.9957992
6534.06967676668  0.9513366
6534.12900551208  0.9979891
6534.18833035721  0.9721454
6534.24765130181  0.9559208
6534.30696834561  1.007069
6534.36628148838  0.9742897
6534.42559072984  0.9414337
6534.48489606976  0.949549
6534.54419750787  0.9336396
6534.60349504392  0.9947552
6534.66278867764  0.9909825
6534.7220784088  0.9908652
6534.78136423712  0.9324386
6534.84064616237  0.9777097
6534.89992418428  0.9530764
6534.95919830259  1.036217
6535.01846851706  0.9163375
6535.07773482742  0.943792
6535.13699723343  0.9314623
6535.19625573483  0.9423456
6535.25551033136  1.034032
6535.31476102278  1.004827
6535.37400780882  1.021307
6535.43325068923  1.01264
6535.49248966376  0.987951
6535.55172473215  0.993445
6535.61095589415  0.965063
6535.6701831495  0.9588503
6535.72940649796  1.00644
6535.78862593926  0.9773304
6535.84784147316  0.9697368
6535.90705309939  0.9710956
6535.96626081771  0.9915712
6536.02546462787  1.0251
6536.08466452959  1.068545
6536.14386052265  0.9846337
6536.20305260677  1.04144
6536.26224078171  1.00897
6536.32142504722  0.9934503
6536.38060540303  0.9904109
6536.4397818489  1.023141
6536.49895438458  0.9763402
6536.5581230098  0.9896947
6536.61728772432  0.9817688
6536.67644852789  0.9738935
6536.73560542024  0.9825495
6536.79475840113  0.9579332
6536.85390747031  0.9961635
6536.91305262752  0.9845721
6536.97219387251  1.01186
6537.03133120502  0.980461
6537.09046462481  0.9981695
6537.14959413161  0.9831776
6537.20871972519  0.9722785
6537.26784140528  0.9773225
6537.32695917163  1.017772
6537.38607302399  1.015235
6537.44518296211  0.9484383
6537.50428898573  1.021352
6537.56339109461  1.049555
6537.62248928849  1.036163
6537.68158356712  0.9711752
6537.74067393024  0.9755989
6537.79976037761  0.9896296
6537.85884290897  0.9882218
6537.91792152407  1.018859
6537.97699622265  0.9991685
6538.03606700447  0.9605858
6538.09513386928  0.9722972
6538.15419681682  0.9945861
6538.21325584684  0.9938506
6538.27231095909  0.9679489
6538.33136215332  1.045848
6538.39040942927  1.013907
6538.4494527867  1.00005
6538.50849222535  0.9801332
6538.56752774498  0.988174
6538.62655934532  0.9847419
6538.68558702613  0.9792842
6538.74461078716  1.0038
6538.80363062816  0.9825816
6538.86264654887  0.9566599
6538.92165854905  0.9589167
6538.98066662844  0.9848367
6539.03967078679  0.9680232
6539.09867102386  1.017113
6539.15766733938  1.003503
6539.21665973312  0.9513417
6539.27564820481  0.9930092
6539.33463275422  0.9932168
6539.39361338108  1.005567
6539.45259008515  1.020321
6539.51156286617  1.011025
6539.5705317239  1.018186
6539.62949665809  1.016944
6539.68845766848  1.0119
6539.74741475483  0.9520478
6539.80636791688  0.96776
6539.86531715439  0.9775733
6539.92426246711  0.9815727
6539.98320385478  1.053082
6540.04214131715  0.9688413
6540.10107485398  1.000618
6540.16000446501  1.042712
6540.21893015  1.047304
6540.2778519087  1.035879
6540.33676974085  0.9916597
6540.3956836462  0.963781
6540.45459362451  1.019142
6540.51349967553  1.001669
6540.57240179901  0.9281809
6540.63129999469  1.00876
6540.69019426233  1.025114
6540.74908460168  0.9911849
6540.80797101249  1.077781
6540.86685349451  0.9632021
6540.92573204749  0.9678634
6540.98460667119  1.014304
6541.04347736535  1.015488
6541.10234412972  1.047697
6541.16120696405  1.008813
6541.22006586811  0.9942553
6541.27892084163  0.9922665
6541.33777188436  0.9975948
6541.39661899607  0.9937723
6541.4554621765  0.9873831
6541.5143014254  1.027188
6541.57313674253  1.026422
6541.63196812763  0.970122
6541.69079558046  1.044693
6541.74961910076  1.037161
6541.8084386883  1.007587
6541.86725434282  1.026453
6541.92606606407  1.004652
6541.98487385181  1.017414
6542.04367770578  0.9894212
6542.10247762575  0.9899891
6542.16127361145  0.997215
6542.22006566265  0.9816921
6542.27885377909  0.9162388
6542.33763796053  0.984894
6542.39641820672  0.9524472
6542.45519451742  0.9684187
6542.51396689236  0.988547
6542.57273533132  1.031368
6542.63149983403  0.9828601
6542.69026040025  0.9658712
6542.74901702974  1.014314
6542.80776972225  0.941099
6542.86651847752  0.9797443
6542.92526329531  1.012457
6542.98400417538  0.9433194
6543.04274111748  1.001757
6543.10147412136  0.9844357
6543.16020318677  0.9896215
6543.21892831347  1.057855
6543.2776495012  0.970225
6543.33636674973  0.9802396
6543.39508005881  0.9919632
6543.45378942818  0.9485753
6543.5124948576  0.985519
6543.57119634683  1.003842
6543.62989389562  1.03601
6543.68858750372  1.030597
6543.74727717089  1.012727
6543.80596289687  0.9489225
6543.86464468143  0.9626149
6543.92332252432  0.9787686
6543.98199642528  0.9632733
6544.04066638408  1.024039
6544.09933240046  1.001533
6544.15799447419  1.028589
6544.21665260501  1.006769
6544.27530679268  1.004923
6544.33395703695  0.9902816
6544.39260333758  1.013335
6544.45124569432  0.9469741
6544.50988410693  1.038386
6544.56851857516  1.064931
6544.62714909876  1.008166
6544.68577567749  1.018569
6544.7443983111  1.001499
6544.80301699935  1.014834
6544.861631742  1.010194
6544.92024253878  1.011375
6544.97884938947  1.010392
6545.03745229382  0.9620846
6545.09605125157  1.025586
6545.15464626249  0.9947703
6545.21323732634  1.011692
6545.27182444285  1.032828
6545.3304076118  1.014754
6545.38898683293  1.033262
6545.447562106  1.014666
6545.50613343077  0.9620665
6545.56470080698  1.008889
6545.6232642344  1.003771
6545.68182371279  1.017651
6545.74037924189  1.01519
6545.79893082146  0.9794985
6545.85747845126  1.012413
6545.91602213104  0.9945016
6545.97456186055  1.046108
6546.03309763957  0.9666399
6546.09162946783  1.011223
6546.1501573451  1.045581
6546.20868127113  1.00586
6546.26720124567  1.017413
6546.32571726849  1.01194
6546.38422933934  1.075443
6546.44273745797  0.9792924
6546.50124162414  1.007883
6546.55974183761  0.9722527
6546.61823809813  0.94284
6546.67673040546  0.9959814
6546.73521875936  0.9653066
6546.79370315958  1.00656
6546.85218360587  0.9543045
6546.910660098  0.9370977
6546.96913263573  0.9464856
6547.0276012188  0.9466397
6547.08606584698  0.9160079
6547.14452652001  0.9357156
6547.20298323767  0.9209062
6547.2614359997  0.9309028
6547.31988480586  0.9293897
6547.3783296559  0.9436229
6547.4367705496  0.903394
6547.4952074867  0.9304609
6547.55364046696  0.9409394
6547.61206949013  0.8449115
6547.67049455597  0.8909981
6547.72891566425  0.9178721
6547.78733281472  0.9483314
6547.84574600713  0.920259
6547.90415524124  0.911097
6547.96256051681  0.9460884
6548.02096183361  0.9202483
6548.07935919137  0.9321409
6548.13775258988  0.9531854
6548.19614202887  0.9754814
6548.25452750811  1.010367
6548.31290902735  0.9449552
6548.37128658636  1.032907
6548.42966018489  0.996372
6548.48802982271  0.9781492
6548.54639549955  0.9609591
6548.6047572152  0.9608187
6548.6631149694  0.992644
6548.72146876191  0.9940175
6548.7798185925  0.9992383
6548.83816446091  1.015324
6548.8965063669  1.039477
6548.95484431025  0.9947348
6549.0131782907  1.015563
6549.071508308  1.001779
6549.12983436193  0.9881438
6549.18815645224  1.035909
6549.24647457869  0.9966477
6549.30478874104  1.048072
6549.36309893904  1.0317
6549.42140517245  0.9867831
6549.47970744104  0.9910811
6549.53800574456  1.005562
6549.59630008277  1.04289
6549.65459045543  1.025325
6549.7128768623  1.043503
6549.77115930314  1.034841
6549.82943777771  1.002666
6549.88771228577  0.9706459
6549.94598282707  1.073164
6550.00424940137  0.9965781
6550.06251200845  1.010569
6550.12077064804  0.9964052
6550.17902531992  1.058716
6550.23727602385  1.003891
6550.29552275958  1.012359
6550.35376552687  0.9990355
6550.41200432549  1.054108
6550.47023915518  0.9889386
6550.52847001572  1.038014
6550.58669690687  1.005565
6550.64491982837  0.9985516
6550.70313878  1.024855
6550.76135376151  1.035208
6550.81956477266  1.004701
6550.87777181322  0.9917847
6550.93597488294  1.042927
6550.99417398158  1.033423
6551.05236910891  0.9685053
6551.11056026469  1.000939
6551.16874744866  1.023387
6551.2269306606  0.9846653
6551.28510990028  0.9887766
6551.34328516743  0.9680031
6551.40145646183  1.050841
6551.45962378324  1.028981
6551.51778713142  1.003994
6551.57594650613  0.9347323
6551.63410190714  1.038877
6551.69225333419  1.02915
6551.75040078705  1.034445
6551.80854426549  1.021756
6551.86668376927  0.9981591
6551.92481929814  1.023923
6551.98295085187  1.001432
6552.04107843022  1.001129
6552.09920203294  0.988691
6552.15732165981  0.9847054
6552.21543731059  0.9825458
6552.27354898502  1.010613
6552.33165668289  1.0118
6552.38976040394  0.9913583
6552.44786014794  1.020547
6552.50595591465  0.9533957
6552.56404770384  0.9119982
6552.62213551526  0.9412256
6552.68021934867  0.9388779
6552.73829920385  0.9427505
6552.79637508055  0.9781919
6552.85444697853  1.026524
6552.91251489755  1.023961
6552.97057883739  1.01553
6553.02863879779  1.02426
6553.08669477852  1.028657
6553.14474677935  0.9924541
6553.20279480004  1.019235
6553.26083884034  1.015753
6553.31887890003  0.9921287
6553.37691497886  1.017598
6553.4349470766  1.023554
6553.492975193  0.9987782
6553.55099932784  1.006005
6553.60901948088  1.002549
6553.66703565187  1.054505
6553.72504784058  1.046494
6553.78305604678  1.017552
6553.84106027023  0.9543762
6553.89906051068  1.029653
6553.95705676791  1.010952
6554.01504904168  1.010209
6554.07303733174  1.038282
6554.13102163787  1.019473
6554.18900195982  1.021374
6554.24697829736  1.04385
6554.30495065026  0.9890536
6554.36291901827  1.05818
6554.42088340116  1.026467
6554.4788437987  0.9696335
6554.53680021064  1.035098
6554.59475263676  1.000611
6554.65270107681  0.9920048
6554.71064553056  1.018608
6554.76858599777  0.9932526
6554.82652247821  1.001304
6554.88445497164  1.010193
6554.94238347783  0.9826906
6555.00030799653  0.9571995
6555.05822852752  0.9806761
6555.11614507056  1.001043
6555.1740576254  1.002509
6555.23196619183  1.004228
6555.28987076959  0.9776066
6555.34777135846  1.020953
6555.4056679582  0.9515051
6555.46356056857  0.9883773
6555.52144918934  0.9559991
6555.57933382027  0.9728073
6555.63721446114  0.9414858
6555.69509111169  0.9517333
6555.75296377171  0.9856398
6555.81083244094  0.9703189
6555.86869711917  0.9271832
6555.92655780614  0.9384876
6555.98441450164  0.9340149
6556.04226720542  0.9734126
6556.10011591724  0.9615589
6556.15796063688  0.9844595
6556.21580136409  0.942631
6556.27363809865  0.941083
6556.33147084033  0.904104
6556.38929958887  1.007771
6556.44712434406  0.9733889
6556.50494510565  0.9656273
6556.56276187341  0.9655636
6556.62057464711  0.896293
6556.67838342651  0.9118192
6556.73618821138  0.9546771
6556.79398900149  0.9184183
6556.85178579659  0.9302231
6556.90957859647  0.9404441
6556.96736740087  0.9372231
6557.02515220958  0.9775405
6557.08293302235  0.9126502
6557.14070983894  0.8979211
6557.19848265914  0.9213281
6557.2562514827  0.934121
6557.31401630939  0.9655774
6557.37177713897  0.9169005
6557.42953397122  0.9414405
6557.48728680589  0.9812815
6557.54503564276  0.9072158
6557.6027804816  0.9868038
6557.66052132216  0.9789154
6557.71825816422  0.9611958
6557.77599100754  1.003469
6557.83371985189  1.033088
6557.89144469703  1.007612
6557.94916554274  1.01357
6558.00688238878  1.034743
6558.06459523492  1.003731
6558.12230408091  1.036447
6558.18000892654  1.038597
6558.23770977157  1.073969
6558.29540661577  1.079674
6558.3530994589  1.0181
6558.41078830073  1.044516
6558.46847314102  1.067794
6558.52615397955  1.117211
6558.58383081609  1.145373
6558.6415036504  1.118158
6558.69917248224  1.143735
6558.75683731139  1.129832
6558.81449813762  1.208983
6558.87215496068  1.232947
6558.92980778036  1.180478
6558.98745659641  1.257065
6559.04510140861  1.191424
6559.10274221672  1.307688
6559.16037902051  1.229042
6559.21801181975  1.220205
6559.27564061422  1.226265
6559.33326540366  1.26516
6559.39088618787  1.287091
6559.44850296659  1.276978
6559.50611573961  1.248145
6559.56372450669  1.327495
6559.62132926759  1.344664
6559.67893002209  1.327401
6559.73652676996  1.325676
6559.79411951097  1.317902
6559.85170824487  1.405662
6559.90929297145  1.381469
6559.96687369047  1.420133
6560.0244504017  1.43367
6560.0820231049  1.402819
6560.13959179986  1.414795
6560.19715648633  1.422267
6560.25471716409  1.4142
6560.3122738329  1.47305
6560.36982649254  1.472635
6560.42737514277  1.507386
6560.48491978337  1.460059
6560.5424604141  1.465806
6560.59999703473  1.50191
6560.65752964503  1.512414
6560.71505824478  1.520356
6560.77258283373  1.481369
6560.83010341167  1.524543
6560.88761997836  1.506023
6560.94513253356  1.542653
6561.00264107706  1.566728
6561.06014560862  1.52691
6561.11764612801  1.594216
6561.175142635  1.551062
6561.23263512935  1.577068
6561.29012361085  1.544898
6561.34760807926  1.506892
6561.40508853435  1.561306
6561.46256497589  1.498091
6561.52003740366  1.530135
6561.57750581741  1.561007
6561.63497021693  1.573328
6561.69243060198  1.523509
6561.74988697234  1.490158
6561.80733932776  1.535107
6561.86478766804  1.542913
6561.92223199293  1.538627
6561.97967230221  1.456804
6562.03710859564  1.50334
6562.094540873  1.554639
6562.15196913406  1.425979
6562.20939337859  1.408077
6562.26681360637  1.465817
6562.32422981715  1.397246
6562.38164201072  1.457635
6562.43905018685  1.466335
6562.4964543453  1.493711
6562.55385448585  1.553939
6562.61125060827  1.523605
6562.66864271233  1.589535
6562.7260307978  1.637383
6562.78341486445  1.667328
6562.84079491207  1.716334
6562.8981709404  1.755109
6562.95554294924  1.779527
6563.01291093835  1.875253
6563.0702749075  1.920937
6563.12763485646  1.985455
6563.18499078501  2.077061
6563.24234269292  2.190544
6563.29969057996  2.234865
6563.3570344459  2.366933
6563.41437429052  2.522501
6563.47171011359  2.54661
6563.52904191487  2.669629
6563.58636969415  2.818514
6563.64369345119  3.047774
6563.70101318576  3.140761
6563.75832889765  3.27912
6563.81564058662  3.361867
6563.87294825244  3.426613
6563.93025189489  3.527935
6563.98755151374  3.63077
6564.04484710876  3.641268
6564.10213867973  3.699967
6564.15942622642  3.752713
6564.2167097486  3.776654
6564.27398924604  3.891681
6564.33126471852  3.9786
6564.38853616581  3.985025
6564.44580358768  4.005051
6564.50306698391  4.055853
6564.56032635428  4.065532
6564.61758169854  3.930037
6564.67483301649  3.936002
6564.73208030788  3.918229
6564.7893235725  3.800757
6564.84656281011  3.764729
6564.9037980205  3.78792
6564.96102920343  3.644749
6565.01825635868  3.615111
6565.07547948603  3.670829
6565.13269858524  3.593757
6565.18991365609  3.553807
6565.24712469835  3.486798
6565.30433171181  3.484652
6565.36153469622  3.416604
6565.41873365137  3.4584
6565.47592857704  3.463334
6565.53311947298  3.374999
6565.59030633899  3.392518
6565.64748917483  3.37739
6565.70466798028  3.43823
6565.76184275511  3.381894
6565.8190134991  3.330378
6565.87618021202  3.365716
6565.93334289365  3.297338
6565.99050154376  3.208411
6566.04765616212  3.234136
6566.10480674851  3.321465
6566.16195330271  3.177817
6566.21909582449  3.0643
6566.27623431362  3.134769
6566.33336876989  3.156426
6566.39049919306  3.089184
6566.44762558291  3.103339
6566.50474793921  3.068127
6566.56186626175  3.011771
6566.61898055029  2.917455
6566.67609080461  2.88208
6566.73319702449  2.892493
6566.7902992097  2.901933
6566.84739736002  2.855407
6566.90449147523  2.758807
6566.96158155509  2.730406
6567.01866759939  2.766188
6567.0757496079  2.726539
6567.13282758039  2.61995
6567.18990151665  2.559114
6567.24697141644  2.570327
6567.30403727954  2.509963
6567.36109910574  2.367774
6567.41815689481  2.462617
6567.47521064651  2.389482
6567.53226036063  2.303612
6567.58930603695  2.259308
6567.64634767524  2.198928
6567.70338527527  2.209041
6567.76041883683  2.157723
6567.81744835969  2.188007
6567.87447384363  2.095207
6567.93149528842  1.982331
6567.98851269383  1.993848
6568.04552605966  1.954729
6568.10253538566  1.913661
6568.15954067163  1.958158
6568.21654191733  1.95199
6568.27353912255  1.821172
6568.33053228705  1.803144
6568.38752141063  1.865851
6568.44450649305  1.763298
6568.50148753409  1.787224
6568.55846453353  1.667277
6568.61543749114  1.648171
6568.67240640671  1.645801
6568.72937128001  1.618755
6568.78633211082  1.586004
6568.84328889891  1.556902
6568.90024164407  1.571419
6568.95719034606  1.543556
6569.01413500467  1.542705
6569.07107561968  1.533739
6569.12801219087  1.421826
6569.184944718  1.441358
6569.24187320086  1.447606
6569.29879763924  1.440716
6569.35571803289  1.426836
6569.41263438161  1.398288
6569.46954668517  1.371866
6569.52645494335  1.31639
6569.58335915592  1.267704
6569.64025932267  1.3427
6569.69715544338  1.316026
6569.75404751781  1.259038
6569.81093554576  1.243726
6569.867819527  1.22834
6569.9246994613  1.272763
6569.98157534845  1.20468
6570.03844718822  1.186375
6570.0953149804  1.166804
6570.15217872476  1.214615
6570.20903842108  1.207606
6570.26589406914  1.206199
6570.32274566871  1.153235
6570.37959321959  1.146865
6570.43643672154  1.14536
6570.49327617434  1.101435
6570.55011157778  1.151538
6570.60694293164  1.106246
6570.66377023569  1.130384
6570.7205934897  1.097711
6570.77741269347  1.120865
6570.83422784677  1.087352
6570.89103894939  1.079659
6570.94784600109  1.087892
6571.00464900166  1.060486
6571.06144795087  1.07859
6571.11824284852  1.071039
6571.17503369438  1.10647
6571.23182048822  1.103843
6571.28860322983  1.081568
6571.34538191899  1.098882
6571.40215655548  1.117565
6571.45892713907  1.093001
6571.51569366955  1.083006
6571.5724561467  1.11252
6571.6292145703  1.081141
6571.68596894013  1.101737
6571.74271925596  1.11222
6571.79946551758  1.079907
6571.85620772477  1.055342
6571.91294587731  1.064642
6571.96967997498  1.079273
6572.02641001756  1.062488
6572.08313600483  1.015579
6572.13985793658  1.022947
6572.19657581257  1.031395
6572.2532896326  1.046515
6572.30999939645  1.03137
6572.36670510388  1.045554
6572.4234067547  1.044978
6572.48010434867  1.057586
6572.53679788558  1.038244
6572.5934873652  1.112842
6572.65017278733  1.120667
6572.70685415174  1.040613
6572.76353145821  1.081563
6572.82020470652  1.040332
6572.87687389646  1.069362
6572.93353902781  1.061806
6572.99020010034  1.028026
6573.04685711385  1.047795
6573.1035100681  1.046915
6573.16015896289  1.069292
6573.21680379799  1.049428
6573.27344457319  1.023945
6573.33008128827  1.045564
6573.386713943  1.067225
6573.44334253718  1.017126
6573.49996707058  1.009848
6573.55658754299  1.012591
6573.61320395418  1.002818
6573.66981630395  0.9897053
6573.72642459207  0.9747674
6573.78302881832  0.9892538
6573.83962898249  0.9932598
6573.89622508436  0.9585398
6573.95281712371  1.031478
6574.00940510032  1.008682
6574.06598901398  1.03174
6574.12256886447  1.001068
6574.17914465157  0.9718311
6574.23571637507  0.9936944
6574.29228403474  1.034996
6574.34884763037  1.015167
6574.40540716175  0.9823013
6574.46196262865  0.9830588
6574.51851403086  0.970144
6574.57506136817  0.995611
6574.63160464034  1.030556
6574.68814384718  0.9797695
6574.74467898846  0.9611263
6574.80121006396  1.001032
6574.85773707347  0.9753335
6574.91426001677  0.9789139
6574.97077889364  0.9938477
6575.02729370387  1.011029
6575.08380444725  1.005504
6575.14031112354  1.022044
6575.19681373255  1.01657
6575.25331227405  0.9813081
6575.30980674783  0.9880012
6575.36629715367  0.97956
6575.42278349135  0.9450638
6575.47926576065  1.008203
6575.53574396137  0.9891108
6575.59221809329  0.962515
6575.64868815618  0.9890554
6575.70515414984  0.9823829
6575.76161607405  0.9641883
6575.81807392859  0.959819
6575.87452771324  0.9552404
6575.9309774278  0.9730842
6575.98742307204  0.9558373
6576.04386464575  0.957923
6576.10030214872  0.9967984
6576.15673558072  0.9692555
6576.21316494155  0.9516948
6576.26959023098  0.9758057
6576.32601144881  1.001068
6576.38242859482  0.9587822
6576.43884166879  0.9724123
6576.49525067051  0.9274439
6576.55165559976  0.9617535
6576.60805645632  0.9541177
6576.66445323999  0.9335972
6576.72084595055  0.9692602
6576.77723458778  0.968469
6576.83361915147  0.9323805
6576.8899996414  1.002585
6576.94637605736  1.01544
6577.00274839913  0.9943423
6577.0591166665  0.9807667
6577.11548085926  1.054928
6577.17184097719  1.046728
6577.22819702008  0.9939376
6577.2845489877  1.006411
6577.34089687986  1.023163
6577.39724069633  0.998265
6577.45358043689  1.066749
6577.50991610135  1.033929
6577.56624768947  1.021671
6577.62257520105  1.019114
6577.67889863587  1.01463
6577.73521799373  1.01868
6577.7915332744  1.005351
6577.84784447767  0.9780573
6577.90415160332  1.016648
6577.96045465115  1.014802
6578.01675362095  1.035958
6578.07304851249  1.058347
6578.12933932556  1.04773
6578.18562605996  1.021031
6578.24190871546  0.9873075
6578.29818729185  1.054772
6578.35446178893  1.031273
6578.41073220647  1.024421
6578.46699854426  1.046309
6578.5232608021  1.025415
6578.57951897976  1.057287
6578.63577307704  0.9957336
6578.69202309372  1.017096
6578.74826902959  1.057897
6578.80451088443  1.026306
6578.86074865804  1.049532
6578.9169823502  0.9876219
6578.9732119607  1.00696
6579.02943748932  0.9859549
6579.08565893585  1.028394
6579.14187630009  1.057189
6579.19808958181  1.008745
6579.25429878081  1.038702
6579.31050389686  1.007958
6579.36670492978  1.024778
6579.42290187932  1.017269
6579.4790947453  1.037615
6579.53528352749  1.041565
6579.59146822568  1.042754
6579.64764883966  1.007794
6579.70382536922  1.0633
6579.75999781415  1.021806
6579.81616617423  1.041655
6579.87233044925  1.022474
6579.92849063901  1.039843
6579.98464674328  1.006573
6580.04079876186  0.9774451
6580.09694669454  1.047611
6580.1530905411  1.030715
6580.20923030134  1.031318
6580.26536597504  1.003906
6580.32149756198  0.9808999
6580.37762506197  1.014747
6580.43374847478  0.9915536
6580.48986780021  1.045048
6580.54598303805  0.993105
6580.60209418808  1.042368
6580.65820125009  1.043421
6580.71430422388  1.01454
6580.77040310923  0.9893817
6580.82649790593  0.9942821
6580.88258861377  1.012269
6580.93867523254  1.03064
6580.99475776202  1.031619
6581.05083620202  0.9858911
6581.10691055231  1.001864
6581.16298081269  0.9920138
6581.21904698294  0.9987814
6581.27510906287  1.049422
6581.33116705224  0.9921629
6581.38722095086  1.051612
6581.44327075852  1.016711
6581.499316475  1.004767
6581.5553581001  1.045599
6581.6113956336  0.9830411
6581.6674290753  0.9993145
6581.72345842498  1.00729
6581.77948368244  0.9825201
6581.83550484746  1.004205
6581.89152191984  1.020029
6581.94753489936  1.015197
6582.00354378582  1.001707
6582.059548579  0.9763758
6582.1155492787  0.9858832
6582.17154588471  0.9939521
6582.22753839681  1.017506
6582.28352681481  0.9372555
6582.33951113848  0.9808874
6582.39549136762  0.9736615
6582.45146750202  0.9874171
6582.50743954148  1.023788
6582.56340748577  1.033161
6582.6193713347  1.000928
6582.67533108805  1.024056
6582.73128674562  0.9979932
6582.78723830719  0.9935617
6582.84318577256  0.9640661
6582.89912914152  1.02181
6582.95506841386  0.962284
6583.01100358937  0.982161
6583.06693466784  1.042725
6583.12286164906  1.041047
6583.17878453283  1.013239
6583.23470331894  0.9996068
6583.29061800717  1.012197
6583.34652859733  1.020758
6583.4024350892  0.9967364
6583.45833748257  1.019996
6583.51423577723  1.037603
6583.57012997298  1.017507
6583.62602006962  1.043354
6583.68190606692  0.9818613
6583.73778796468  1.019271
6583.7936657627  1.042449
6583.84953946077  1.043056
6583.90540905868  1.042703
6583.96127455622  1.038356
6584.01713595318  1.031479
6584.07299324936  0.997087
6584.12884644455  1.033528
6584.18469553853  1.025646
6584.24054053111  0.9897714
6584.29638142208  1.015203
6584.35221821123  1.009347
6584.40805089835  0.9677417
6584.46387948323  1.051453
6584.51970396567  0.9942295
6584.57552434546  1.010186
6584.6313406224  1.036318
6584.68715279626  1.0406
6584.74296086686  1.009256
6584.79876483398  1.005584
6584.85456469742  1.019271
6584.91036045696  0.9869595
6584.96615211241  0.9339159
6585.02193966355  0.9718959
6585.07772311017  1.013101
6585.13350245209  1.015215
6585.18927768907  0.9950066
6585.24504882092  1.003652
6585.30081584744  0.9874511
6585.35657876841  1.005347
6585.41233758363  1.005707
6585.4680922929  1.00918
6585.523842896  1.014168
6585.57958939273  1.014585
6585.63533178288  0.9352188
6585.69107006626  0.9972259
6585.74680424265  0.9839335
6585.80253431184  1.014048
6585.85826027364  0.9538827
6585.91398212783  1.016098
6585.96969987421  0.998848
6586.02541351258  0.9851038
6586.08112304272  0.9896621
6586.13682846443  0.9673095
6586.19252977751  0.9832969
6586.24822698176  1.010004
6586.30392007696  1.056578
6586.35960906291  0.9963586
6586.4152939394  1.009616
6586.47097470623  0.9964315
6586.5266513632  0.9742823
6586.5823239101  0.998903
6586.63799234673  0.969612
6586.69365667287  0.9796612
6586.74931688833  0.9735312
6586.8049729929  0.9293232
6586.86062498637  0.9740722
6586.91627286854  0.978257
6586.97191663921  0.989873
6587.02755629816  0.9528819
6587.08319184521  0.9594214
6587.13882328013  0.9435266
6587.19445060273  0.9866377
6587.2500738128  0.9334733
6587.30569291014  1.012056
6587.36130789455  0.9678929
6587.41691876581  0.9937866
6587.47252552373  0.9709107
6587.52812816809  0.961079
6587.58372669871  0.9644064
6587.63932111536  0.9871094
6587.69491141786  0.9714327
6587.75049760599  0.9713554
6587.80607967955  0.9722027
6587.86165763833  0.9362153
6587.91723148214  0.9571937
6587.97280121077  0.936395
6588.02836682401  0.9634158
6588.08392832166  0.9660491
6588.13948570352  0.97909
6588.19503896938  1.004367
6588.25058811905  0.994861
6588.30613315231  1.029975
6588.36167406897  0.9638612
6588.41721086881  1.020056
6588.47274355165  0.9740648
6588.52827211726  1.002715
6588.58379656546  0.9835531
6588.63931689604  1.028174
6588.69483310879  1.009074
6588.75034520351  1.005236
6588.80585318001  0.9995986
6588.86135703806  0.9839256
6588.91685677748  1.041428
6588.97235239806  1.016132
6589.0278438996  0.9833674
6589.08333128189  0.9994077
6589.13881454474  1.017153
6589.19429368794  0.9678597
6589.24976871128  1.02399
6589.30523961456  1.052081
6589.36070639759  0.983157
6589.41616906016  0.949151
6589.47162760207  0.9736996
6589.52708202311  1.014974
6589.58253232309  1.00922
6589.63797850179  1.005016
6589.69342055903  0.985379
6589.74885849459  0.9952042
6589.80429230828  1.024574
6589.85972199989  1.021689
6589.91514756923  0.9801585
6589.97056901608  0.9998061
6590.02598634025  0.992502
6590.08139954153  1.014575
6590.13680861973  0.9800101
6590.19221357465  1.003303
6590.24761440607  1.030116
6590.30301111381  0.9899715
6590.35840369766  0.9831331
6590.41379215741  0.97939
6590.46917649287  1.036723
6590.52455670383  0.9831412
6590.5799327901  1.015624
6590.63530475146  1.050939
6590.69067258774  1.014054
6590.74603629871  0.9713236
6590.80139588418  1.050155
6590.85675134395  0.9541238
6590.91210267781  0.9704636
6590.96744988558  1.00321
6591.02279296704  1.001998
6591.07813192199  0.9732936
6591.13346675025  0.9595287
6591.18879745159  1.006195
6591.24412402583  1.015403
6591.29944647276  1.030046
6591.35476479218  1.004384
6591.4100789839  0.9916428
6591.46538904771  0.9856538
6591.52069498341  1.010226
6591.57599679081  0.970941
6591.6312944697  0.9921987
6591.68658801987  0.9919146
6591.74187744114  0.9799722
6591.7971627333  1.029954
6591.85244389616  0.9973655
6591.9077209295  0.9764566
6591.96299383314  0.9901541
6592.01826260687  0.9703315
6592.07352725049  1.029747
6592.1287877638  1.001176
6592.18404414661  0.9908385
6592.23929639872  0.9683517
6592.29454451991  0.9698566
6592.34978851001  0.9749025
6592.40502836879  0.9893109
6592.46026409608  0.9836365
6592.51549569166  0.9897277
6592.57072315534  0.9928153
6592.62594648692  0.9868319
6592.6811656862  0.9704062
6592.73638075298  0.9926525
6592.79159168706  0.976123
6592.84679848825  0.9466794
6592.90200115633  0.9664407
6592.95719969113  0.9763775
6593.01239409243  0.9819385
6593.06758436004  0.9610454
6593.12277049376  0.9691864
6593.17795249338  0.9520284
6593.23313035872  0.9948606
6593.28830408958  0.9460664
6593.34347368575  0.9524533
6593.39863914703  0.9607796
6593.45380047324  0.9726516
6593.50895766416  0.9554228
6593.56411071961  0.9404553
6593.61925963938  0.935863
6593.67440442328  0.8844333
6593.7295450711  0.8617377
6593.78468158266  0.8892281
6593.83981395775  0.9067138
6593.89494219617  0.8889476
6593.95006629772  0.8773302
6594.00518626222  0.8864673
6594.06030208946  0.8945648
6594.11541377923  0.9200719
6594.17052133136  0.8731936
6594.22562474563  0.8993718
6594.28072402186  0.8683113
6594.33581915983  0.8343259
6594.39091015937  0.8891576
6594.44599702026  0.8654229
6594.50107974231  0.8871667
6594.55615832533  0.8628089
6594.61123276911  0.9022518
6594.66630307347  0.8038785
6594.72136923819  0.8474187
6594.77643126309  0.88208
6594.83148914797  0.8791178
6594.88654289264  0.8562821
6594.94159249689  0.9152333
6594.99663796052  0.9243374
6595.05167928335  0.9152256
6595.10671646518  0.9592032
6595.1617495058  0.9305508
6595.21677840502  0.9111125
6595.27180316265  0.9496756
6595.32682377849  0.9695284
6595.38184025234  0.9177057
6595.43685258401  0.8823237
6595.4918607733  0.9363548
6595.54686482001  0.90516
6595.60186472395  0.9836667
6595.65686048492  0.9650186
6595.71185210273  0.9148306
6595.76683957717  0.9698023
6595.82182290806  1.003296
6595.8768020952  1.0254
6595.93177713839  0.9366977
6595.98674803744  1.013953
6596.04171479215  0.9696275
6596.09667740231  0.9605325
6596.15163586776  1.019199
6596.20659018827  1.002244
6596.26154036367  1.016878
6596.31648639374  1.023072
6596.3714282783  0.9804921
6596.42636601716  0.9845132
6596.48129961011  1.022818
6596.53622905697  0.9959441
6596.59115435753  0.976564
6596.6460755116  1.046154
6596.70099251899  1.034862
6596.75590537949  1.009577
6596.81081409293  1.011296
6596.8657186591  0.9748284
6596.9206190778  1.023388
6596.97551534885  1.015312
6597.03040747204  0.9892796
6597.08529544719  1.006101
6597.14017927409  0.9826041
6597.19505895256  0.9824223
6597.2499344824  0.9893346
6597.30480586341  1.028866
6597.3596730954  1.016362
6597.41453617818  1.032365
6597.46939511154  0.9696437
6597.52424989531  1.010152
6597.57910052928  1.034093
6597.63394701326  0.9916279
6597.68878934705  1.027774
6597.74362753047  1.021791
6597.79846156331  1.006606
6597.85329144538  1.011252
6597.90811717649  1.029948
6597.96293875645  1.046978
6598.01775618506  0.9606507
6598.07256946213  0.9644089
6598.12737858746  0.9839718
6598.18218356087  0.9751242
6598.23698438215  0.9823223
6598.29178105112  0.9665076
6598.34657356757  1.01123
6598.40136193133  0.9805012
6598.45614614219  0.9351813
6598.51092619995  0.945151
6598.56570210444  0.9891878
6598.62047385545  0.979785
6598.6752414528  0.9548247
6598.73000489627  1.006823
6598.7847641857  0.9490021
6598.83951932088  1.029489
6598.89427030162  0.9471819
6598.94901712773  1.007857
6599.00375979901  0.9797359
6599.05849831527  0.9292655
6599.11323267632  0.9628885
6599.16796288197  0.9620821
6599.22268893202  0.9750926
6599.27741082628  0.9381756
6599.33212856457  0.936266
6599.38684214668  0.965126
6599.44155157242  0.9530439
6599.49625684161  1.016974
6599.55095795404  0.9392848
6599.60565490954  0.9910259
6599.6603477079  0.9850063
6599.71503634893  0.9621797
6599.76972083245  1.007119
6599.82440115825  0.9883888
6599.87907732616  1.028132
6599.93374933597  0.9588832
6599.98841718749  1.056641
6600.04308088054  1.001882
6600.09774041492  1.005757
6600.15239579044  0.9954222
6600.20704700691  1.011369
6600.26169406414  1.001074
6600.31633696193  0.9721744
6600.37097570009  0.9547266
6600.42561027844  0.9600351
6600.48024069678  0.9631827
6600.53486695492  0.9688211
6600.58948905267  1.007694
6600.64410698983  1.015189
6600.69872076623  0.9936413
6600.75333038166  1.002755
6600.80793583593  1.009058
6600.86253712886  1.061727
6600.91713426026  0.9893707
6600.97172722993  0.971506
6601.02631603768  1.029774
6601.08090068332  1.024504
6601.13548116666  1.013469
6601.19005748751  1.031114
6601.24462964569  1.016268
6601.29919764099  1.029437
6601.35376147323  1.007868
6601.40832114222  0.9924234
6601.46287664777  0.9962627
6601.51742798969  0.9652855
6601.57197516779  1.012369
6601.62651818188  1.030184
6601.68105703176  1.02496
6601.73559171725  1.011608
6601.79012223817  0.9960213
6601.84464859431  1.03266
6601.89917078549  1.04755
6601.95368881152  0.9901724
6602.0082026722  1.020505
6602.06271236736  0.9700914
6602.1172178968  0.9549807
6602.17171926033  0.98212
6602.22621645776  1.00852
6602.2807094889  1.010178
6602.33519835357  1.009488
6602.38968305156  1.06296
6602.44416358271  0.9928366
6602.4986399468  0.9830986
6602.55311214366  0.9882011
6602.6075801731  0.9741336
6602.66204403493  1.018426
6602.71650372896  1.021862
6602.77095925499  1.042814
6602.82541061285  0.9790556
6602.87985780233  1.059049
6602.93430082326  1.01925
6602.98873967545  0.9807236
6603.0431743587  1.048171
6603.09760487283  0.9951964
6603.15203121765  1.03923
6603.20645339297  0.9966255
6603.2608713986  1.009361
6603.31528523435  0.981074
6603.36969490004  1.000054
6603.42410039548  1.048972
6603.47850172047  1.060493
6603.53289887484  0.9781715
6603.58729185839  1.002447
6603.64168067093  0.9755018
6603.69606531228  1.017358
6603.75044578225  1.009631
6603.80482208065  1.01734
6603.85919420729  1.017822
6603.91356216199  1.006506
6603.96792594455  0.9853815
6604.0222855548  1.012721
6604.07664099253  1.036711
6604.13099225757  1.017187
6604.18533934973  0.9907349
6604.23968226882  0.9726498
6604.29402101465  1.056646
6604.34835558704  1.033555
6604.4026859858  1.022619
6604.45701221073  1.001715
6604.51133426166  0.9657318
6604.5656521384  1.028921
6604.61996584075  1.028884
6604.67427536854  1.018574
6604.72858072157  0.994092
6604.78288189966  0.9904664
6604.83717890263  1.009993
6604.89147173028  1.00603
6604.94576038243  1.029801
6605.00004485889  1.028139
6605.05432515947  1.016997
6605.10860128399  0.9754397
6605.16287323227  0.9657782
6605.21714100411  0.9761884
6605.27140459933  0.9672084
6605.32566401774  1.007473
6605.37991925917  0.9875591
6605.43417032341  0.9439212
6605.48841721028  0.9624904
6605.5426599196  0.9993644
6605.59689845119  0.967792
6605.65113280485  0.9665611
6605.70536298041  0.9672135
6605.75958897766  0.9922299
6605.81381079644  0.9898812
6605.86802843655  0.9815134
6605.9222418978  0.9541592
6605.97645118002  0.9814373
6606.03065628302  0.9819492
6606.0848572066  0.9815395
6606.13905395059  0.965588
6606.1932465148  0.9265081
6606.24743489904  1.004008
6606.30161910313  0.9912305
6606.35579912689  0.9906791
6606.40997497012  0.9607816
6606.46414663265  0.992579
6606.51831411428  0.9700792
6606.57247741484  0.9379885
6606.62663653414  0.988413
6606.68079147198  1.013372
6606.7349422282  0.9857945
6606.7890888026  0.9810399
6606.843231195  0.9860878
6606.89736940522  1.044031
6606.95150343306  0.9714379
6607.00563327834  0.9652269
6607.05975894089  0.9836999
6607.11388042051  0.9742943
6607.16799771703  0.9875325
6607.22211083025  1.001908
6607.27621975999  1.033131
6607.33032450607  0.9699737
6607.38442506831  1.006727
6607.43852144651  0.9868264
6607.4926136405  1.017465
6607.54670165009  1.012764
6607.6007854751  1.012294
6607.65486511534  0.9832223
6607.70894057064  1.015316
6607.7630118408  0.9627835
6607.81707892564  0.9986658
6607.87114182498  0.9495054
6607.92520053863  0.9570339
6607.97925506642  1.03762
6608.03330540815  1.026768
6608.08735156365  0.9687691
6608.14139353273  0.9878225
6608.19543131521  0.9948655
6608.24946491089  0.9769228
6608.30349431961  0.9672107
6608.35751954118  0.9806898
6608.41154057542  1.004175
6608.46555742213  0.9814216
6608.51957008114  0.9571635
6608.57357855227  0.9941476
6608.62758283532  1.028787
6608.68158293013  0.9724774
6608.7355788365  0.9552042
6608.78957055426  0.9765711
6608.84355808322  0.9927747
6608.8975414232  0.990694
6608.95152057401  0.9649557
6609.00549553548  0.9921014
6609.05946630741  1.014941
6609.11343288964  0.9780256
6609.16739528197  1.025964
6609.22135348422  0.9572743
6609.27530749622  0.994194
6609.32925731777  0.9688749
6609.3832029487  1.009822
6609.43714438883  0.9775919
6609.49108163797  0.9784575
6609.54501469594  0.9040514
6609.59894356255  0.9433241
6609.65286823763  0.9692187
6609.706788721  0.9395046
6609.76070501247  0.9293442
6609.81461711187  0.9273492
6609.868525019  0.9174307
6609.92242873369  0.9842052
6609.97632825576  0.9162351
6610.03022358502  0.920202
6610.08411472129  0.9694914
6610.1380016644  0.8843635
6610.19188441416  0.9088604
6610.24576297039  0.9568949
6610.2996373329  0.9255038
6610.35350750152  0.9729623
6610.40737347607  0.9719093
6610.46123525636  0.9672655
6610.51509284222  0.9880082
6610.56894623346  0.937191
6610.62279542991  0.9083757
6610.67664043137  0.8976779
6610.73048123767  0.8994775
6610.78431784864  0.9078523
6610.83815026408  0.9737247
6610.89197848382  0.9583614
6610.94580250768  0.9742988
6610.99962233547  0.9162518
6611.05343796702  0.9397053
6611.10724940215  0.9572133
6611.16105664067  0.9838275
6611.21485968242  0.9619218
6611.26865852719  0.9983726
6611.32245317482  0.9633529
6611.37624362513  1.018482
6611.43002987793  0.9610775
6611.48381193304  0.9804485
6611.53758979029  1.002107
6611.5913634495  1.036029
6611.64513291048  0.978614
6611.69889817306  1.017739
6611.75265923705  1.030617
6611.80641610228  0.9837633
6611.86016876856  0.9591807
6611.91391723572  1.026168
6611.96766150358  1.031479
6612.02140157196  1.037983
6612.07513744068  0.981001
6612.12886910955  0.9918199
6612.1825965784  1.000188
6612.23631984706  0.959027
6612.29003891533  1.020126
6612.34375378305  1.050369
6612.39746445003  1.037704
6612.4511709161  1.023847
6612.50487318107  1.016856
6612.55857124477  1.025142
6612.61226510701  1.006097
6612.66595476762  1.007641
6612.71964022643  0.9657038
6612.77332148324  1.017199
6612.82699853789  0.9817774
6612.88067139019  1.009112
6612.93434003996  0.9662647
6612.98800448704  0.903517
6613.04166473123  0.985276
6613.09532077236  1.016172
6613.14897261025  1.008054
6613.20262024473  0.9626663
6613.25626367561  0.8995026
6613.30990290272  1.006597
6613.36353792588  1.00614
6613.41716874491  1.023423
6613.47079535963  0.9925166
6613.52441776987  1.002398
6613.57803597544  1.038291
6613.63164997618  1.023221
6613.68525977189  1.042872
6613.73886536241  1.044387
6613.79246674756  1.041985
6613.84606392715  1.020297
6613.89965690102  1.006552
6613.95324566898  0.9498445
6614.00683023086  0.9755672
6614.06041058648  0.9985668
6614.11398673566  0.9561504
6614.16755867822  0.9736526
6614.22112641399  1.001413
6614.27468994279  0.9758078
6614.32824926444  0.9643924
6614.38180437877  0.9679481
6614.4353552856  0.964837
6614.48890198475  0.9707057
6614.54244447604  0.973667
6614.59598275931  0.9921099
6614.64951683436  0.9337467
6614.70304670103  0.956849
6614.75657235914  0.9327492
6614.81009380851  0.9470731
6614.86361104897  0.9945342
6614.91712408033  0.9873604
6614.97063290243  0.9315591
6615.02413751508  0.9435434
6615.07763791811  0.9383424
6615.13113411134  0.9432591
6615.18462609461  0.9580444
6615.23811386772  0.9397117
6615.2915974305  1.009809
6615.34507678279  1.009729
6615.3985519244  0.9035729
6615.45202285516  1.009131
6615.50548957489  0.943785
6615.55895208341  0.9768274
6615.61241038055  0.9815794
6615.66586446614  0.9884666
6615.71931433999  1.009424
6615.77276000194  0.9867055
6615.8262014518  1.002634
6615.8796386894  0.9990352
6615.93307171457  1.077376
6615.98650052713  1.039457
6616.03992512691  1.006401
6616.09334551373  1.012293
6616.14676168741  1.009506
6616.20017364778  0.9788572
6616.25358139466  0.9535766
6616.30698492789  1.036842
6616.36038424728  1.046924
6616.41377935265  1.034305
6616.46717024385  1.02807
6616.52055692068  0.9940019
6616.57393938298  0.9974495
6616.62731763057  1.010062
6616.68069166327  1.00143
6616.73406148092  0.9800799
6616.78742708333  1.008079
6616.84078847033  1.004656
6616.89414564175  1.001047
6616.94749859742  1.013388
6617.00084733715  1.007139
6617.05419186078  1.022885
6617.10753216813  0.9416119
6617.16086825902  0.9611018
6617.21420013329  0.9996098
6617.26752779076  1.042614
6617.32085123124  0.9829922
6617.37417045458  1.019805
6617.4274854606  1.006789
6617.48079624912  0.9710684
6617.53410281996  1.004055
6617.58740517296  0.9637979
6617.64070330795  1.006276
6617.69399722474  1.039137
6617.74728692316  0.9717901
6617.80057240305  0.9880369
6617.85385366422  0.9967911
6617.9071307065  1.011752
6617.96040352973  0.9998583
6618.01367213372  0.9892801
6618.06693651831  0.9826398
6618.12019668332  0.9986278
6618.17345262857  1.006781
6618.2267043539  1.015374
6618.27995185913  0.9611292
6618.33319514409  0.9328098
6618.38643420861  1.021072
6618.43966905251  1.02171
6618.49289967562  1.003443
6618.54612607776  1.0246
6618.59934825877  1.007962
6618.65256621848  0.9482585
6618.7057799567  0.9743162
6618.75898947327  0.9703817
6618.81219476801  0.9808306
6618.86539584076  1.039115
6618.91859269133  1.029838
6618.97178531957  1.008499
6619.02497372528  1.014278
6619.07815790832  0.962478
6619.13133786849  1.001503
6619.18451360563  1.043438
6619.23768511957  1.055331
6619.29085241013  1.060557
6619.34401547715  1.057568
6619.39717432045  0.9856036
6619.45032893985  1.040621
6619.5034793352  1.035481
6619.55662550631  1.050265
6619.60976745302  0.9881115
6619.66290517514  0.9907284
6619.71603867252  0.99221
6619.76916794498  0.968584
6619.82229299235  1.050529
6619.87541381446  1.020916
6619.92853041113  1.031371
6619.98164278219  1.025702
6620.03475092748  0.9932643
6620.08785484682  0.9758376
6620.14095454004  0.9701003
6620.19405000698  1.035028
6620.24714124745  0.9804301
6620.30022826129  1.012114
6620.35331104833  0.9930485
6620.40638960839  1.033262
6620.45946394131  1.021187
6620.51253404692  1.028435
6620.56559992504  1.022219
6620.6186615755  1.003396
6620.67171899814  1.021504
6620.72477219278  0.9970546
6620.77782115925  1.000515
6620.83086589739  0.9887494
6620.88390640701  0.9964447
6620.93694268797  1.017491
6620.98997474007  1.056886
6621.04300256315  1.001951
6621.09602615704  1.013821
6621.14904552158  0.995588
6621.20206065659  1.038522
6621.25507156189  1.011408
6621.30807823733  1.005488
6621.36108068274  1.021741
6621.41407889793  0.9819471
6621.46707288274  1.018577
6621.52006263702  0.978441
6621.57304816057  1.012525
6621.62602945323  1.045126
6621.67900651485  0.9843057
6621.73197934523  0.9944503
6621.78494794422  1.049972
6621.83791231165  1.07108
6621.89087244734  1.038223
6621.94382835113  0.9976037
6621.99678002285  1.018284
6622.04972746233  1.025108
6622.1026706694  1.038685
6622.15560964389  0.9683484
6622.20854438563  1.031596
6622.26147489446  0.9954053
6622.3144011702  1.034464
6622.36732321269  1.068448
6622.42024102176  1.019828
6622.47315459723  1.013248
6622.52606393895  0.9532204
6622.57896904673  0.9627081
6622.63186992042  1.081078
6622.68476655985  1.015813
6622.73765896484  1.06601
6622.79054713523  0.9648606
6622.84343107085  1.035306
6622.89631077153  0.9834949
6622.9491862371  0.9921433
6623.0020574674  0.9758345
6623.05492446226  0.9749967
6623.10778722151  1.011977
6623.16064574497  1.020074
6623.2135000325  0.9784637
6623.2663500839  0.9655787
6623.31919589903  1.010291
6623.37203747771  1.019694
6623.42487481976  0.9756807
6623.47770792504  1.00168
6623.53053679336  1.011195
6623.58336142456  1.036734
6623.63618181848  1.009605
6623.68899797494  1.064107
6623.74180989378  0.9824929
6623.79461757482  0.9841223
6623.84742101792  1.0368
6623.90022022288  1.002952
6623.95301518956  0.9850729
6624.00580591778  1.001419
6624.05859240738  1.039264
6624.11137465818  1.02387
6624.16415267003  1.009566
6624.21692644275  1.008163
6624.26969597618  1.026207
6624.32246127015  1.067649
6624.37522232449  1.080323
6624.42797913904  1.039934
6624.48073171364  1.023332
6624.5334800481  1.005169
6624.58622414228  0.986328
6624.638963996  0.9923292
6624.69169960909  1.017893
6624.7444309814  1.025476
6624.79715811274  1.019837
6624.84988100297  0.9693287
6624.90259965191  1.03278
6624.95531405939  1.002593
6625.00802422525  0.963573
6625.06073014932  0.9927426
6625.11343183144  0.9844019
6625.16612927144  1.026326
6625.21882246916  1.014698
6625.27151142443  1.007493
6625.32419613708  1.050634
6625.37687660695  1.023785
6625.42955283388  1.010443
6625.48222481769  1.01212
6625.53489255822  0.9712759
6625.58755605531  1.029482
6625.64021530879  1.037614
6625.6928703185  0.9357422
6625.74552108427  1.022061
6625.79816760594  1.024908
6625.85080988333  0.9516724
6625.90344791629  0.9785867
6625.95608170466  1.019752
6626.00871124825  0.9963412
6626.06133654692  0.9448283
6626.1139576005  0.9762782
6626.16657440882  0.9622337
6626.21918697171  1.012578
6626.27179528901  1.025409
6626.32439936057  0.9748091
6626.3769991862  1.024234
6626.42959476575  1.015854
6626.48218609906  1.025902
6626.53477318596  0.988623
6626.58735602628  0.9609095
6626.63993461987  0.9141432
6626.69250896654  0.9297914
6626.74507906616  0.9788614
6626.79764491854  1.021596
6626.85020652352  1.008334
6626.90276388094  0.9898508
6626.95531699065  1.052785
6627.00786585246  1.006033
6627.06041046622  1.004878
6627.11295083177  1.010428
6627.16548694894  1.011664
6627.21801881756  1.052963
6627.27054643748  1.037197
6627.32306980853  1.067655
6627.37558893055  1.011088
6627.42810380337  0.9954429
6627.48061442683  1.030321
6627.53312080077  0.9946512
6627.58562292501  1.062779
6627.63812079941  1.064554
6627.6906144238  1.005237
6627.74310379801  1.009181
6627.79558892188  1.005213
6627.84806979525  1.034762
6627.90054641796  1.01701
6627.95301878983  1.042209
6628.00548691072  1.04944
6628.05795078045  1.038326
6628.11041039886  1.005037
6628.1628657658  1.00631
6628.21531688109  1.03086
6628.26776374458  1.010582
6628.32020635611  1.020339
6628.3726447155  0.9962805
6628.4250788226  1.018246
6628.47750867725  0.9711943
6628.52993427928  1.0189
6628.58235562854  0.9313803
6628.63477272485  0.9905869
6628.68718556806  0.9602843
6628.739594158  0.9698318
6628.79199849452  1.019628
6628.84439857745  0.9612913
6628.89679440663  0.9959358
6628.94918598189  1.003816
6629.00157330309  0.9433442
6629.05395637004  0.9485423
6629.1063351826  1.033723
6629.1587097406  0.9792504
6629.21108004387  0.9713327
6629.26344609227  0.9888692
6629.31580788562  0.9848526
6629.36816542377  1.003337
6629.42051870654  0.9944044
6629.47286773379  1.034486
6629.52521250536  1.02615
6629.57755302106  0.9815114
6629.62988928077  1.025474
6629.68222128429  0.9556137
6629.73454903149  0.983088
6629.78687252218  1.016374
6629.83919175623  1.005187
6629.89150673346  0.9986936
6629.9438174537  1.022662
6629.99612391681  0.9538825
6630.04842612263  1.039055
6630.10072407098  1.006944
6630.15301776172  0.9890702
6630.20530719467  1.041312
6630.25759236968  0.9479239
6630.3098732866  1.013245
6630.36214994525  1.007239
6630.41442234548  1.053901
6630.46669048712  0.9720321
6630.51895437003  1.026783
6630.57121399403  1.053676
6630.62346935897  1.020931
6630.67572046469  0.9919906
6630.72796731102  0.9894638
6630.78020989781  0.9924387
6630.8324482249  1.02364
6630.88468229213  0.9847943
6630.93691209934  1.017089
6630.98913764636  1.020095
6631.04135893305  1.002815
6631.09357595923  0.9779931
6631.14578872475  1.007483
6631.19799722945  0.9673054
6631.25020147318  1.046269
6631.30240145577  1.008271
6631.35459717705  1.046608
6631.40678863688  0.978821
6631.4589758351  0.9734632
6631.51115877154  0.9927749
6631.56333744604  1.017236
6631.61551185846  1.019327
6631.66768200861  0.9524943
6631.71984789636  1.030293
6631.77200952154  0.9558299
6631.82416688399  1.006681
6631.87631998355  1.011815
6631.92846882007  0.9575369
6631.98061339338  0.9970428
6632.03275370332  1.049835
6632.08488974975  0.9876014
6632.13702153249  1.000818
6632.18914905139  0.9642156
6632.2412723063  0.9813571
6632.29339129705  1.002175
6632.34550602349  1.016316
6632.39761648545  0.9529079
6632.44972268279  1.071446
6632.50182461533  1.001059
6632.55392228293  1.044756
6632.60601568543  0.9774813
6632.65810482266  0.9358441
6632.71018969447  1.00054
6632.76227030071  0.9281688
6632.81434664121  0.9841419
6632.86641871581  1.048843
6632.91848652437  1.059655
6632.97055006671  1.025263
6633.02260934269  1.02262
6633.07466435215  1.030002
6633.12671509492  1.005823
6633.17876157085  1.004857
6633.23080377979  1.019822
6633.28284172158  1.032646
6633.33487539606  1.036299
6633.38690480306  0.9596145
6633.43892994245  1.050619
6633.49095081405  1.027627
6633.54296741771  0.9988035
6633.59497975328  1.042612
6633.6469878206  0.9697683
6633.69899161951  1.006147
6633.75099114985  1.040937
6633.80298641147  0.991017
6633.8549774042  0.9940965
6633.90696412791  0.9806252
6633.95894658242  0.9708175
6634.01092476758  0.9624237
6634.06289868323  0.9635908
6634.11486832923  0.9966982
6634.1668337054  0.9725836
6634.21879481161  0.9023616
6634.27075164768  0.9726525
6634.32270421346  0.9503317
6634.3746525088  0.9594848
6634.42659653354  1.001639
6634.47853628753  0.9753094
6634.53047177061  0.9330301
6634.58240298262  0.918243
6634.63432992341  0.9003401
6634.68625259282  0.9680459
6634.73817099069  0.924175
6634.79008511688  0.884632
6634.84199497122  0.9491101
6634.89390055356  0.9169524
6634.94580186374  1.008045
6634.99769890162  0.8793714
6635.04959166702  0.9036556
6635.1014801598  0.8792718
6635.15336437981  0.924247
6635.20524432688  0.9073156
6635.25712000086  0.9457637
6635.3089914016  0.9338023
6635.36085852895  0.9743567
6635.41272138273  0.9275459
6635.46457996282  0.9584641
6635.51643426903  0.9473245
6635.56828430123  0.9698261
6635.62013005926  0.989553
6635.67197154296  0.9737608
6635.72380875218  0.8882105
6635.77564168676  0.9414037
6635.82747034655  1.01013
6635.8792947314  0.9964088
6635.93111484114  0.9519409
6635.98293067563  0.985927
6636.03474223471  0.9420871
6636.08654951823  0.9733246
6636.13835252603  1.004431
6636.19015125796  1.013888
6636.24194571386  0.9086909
6636.29373589359  1.014779
6636.34552179698  0.9337819
6636.39730342388  0.9329873
6636.44908077414  0.9985982
6636.50085384761  0.9687417
6636.55262264412  1.026907
6636.60438716354  1.024877
6636.65614740569  0.9805598
6636.70790337044  0.9608552
6636.75965505762  1.011363
6636.81140246709  1.024935
6636.86314559869  1.014179
6636.91488445226  1.020725
6636.96661902765  1.009276
6637.01834932472  0.9660806
6637.07007534329  1.018391
6637.12179708324  1.009761
6637.17351454439  1.021305
6637.2252277266  1.011066
6637.27693662971  1.020897
6637.32864125358  0.9429049
6637.38034159804  1.014141
6637.43203766294  1.074117
6637.48372944814  0.9613998
6637.53541695348  1.014851
6637.58710017881  0.9889411
6637.63877912397  1.018317
6637.69045378881  1.016791
6637.74212417318  0.9936816
6637.79379027693  1.022799
6637.8454520999  1.045921
6637.89710964194  1.040697
6637.9487629029  1.032016
6638.00041188263  1.068731
6638.05205658098  0.9628094
6638.10369699779  1.002315
6638.15533313291  0.9880077
6638.20696498619  0.9788886
6638.25859255748  1.017581
6638.31021584662  1.041444
6638.36183485347  1.045912
6638.41344957786  1.020826
6638.46506001966  1.079773
6638.51666617871  0.9836813
6638.56826805485  1.005528
6638.61986564793  1.044936
6638.67145895781  1.00126
6638.72304798433  0.9936254
6638.77463272735  0.9847104
6638.8262131867  0.9390845
6638.87778936224  0.9306865
6638.92936125382  0.9921786
6638.98092886128  0.9706899
6639.03249218448  1.069364
6639.08405122326  0.9930085
6639.13560597747  1.043263
6639.18715644696  0.9701794
6639.23870263159  0.9747625
6639.29024453119  1.034394
6639.34178214562  1.00487
6639.39331547473  1.049572
6639.44484451837  0.9881795
6639.49636927639  1.021629
6639.54788974863  1.049163
6639.59940593494  1.034464
6639.65091783519  0.9867349
6639.7024254492  0.9883622
6639.75392877685  1.040722
6639.80542781796  1.023517
6639.8569225724  0.9660755
6639.90841304001  1.000233
6639.95989922065  1.012484
6640.01138111416  0.9997695
6640.06285872039  0.9570267
6640.1143320392  0.9784768
6640.16580107043  1.008399
6640.21726581393  0.9950027
6640.26872626957  1.071186
6640.32018243717  1.067165
6640.37163431659  1.062614
6640.4230819077  1.008953
6640.47452521032  1.005257
6640.52596422432  0.9364925
6640.57739894955  0.9881366
6640.62882938586  1.014668
6640.68025553309  0.9633543
6640.73167739111  0.9981119
6640.78309495975  0.9902208
6640.83450823887  1.051861
6640.88591722832  1.009971
6640.93732192795  0.9675084
6640.98872233762  0.9727129
6641.04011845716  0.944019
6641.09151028645  0.9910603
6641.14289782532  0.9655325
6641.19428107362  0.9736949
6641.24566003122  1.008624
6641.29703469795  1.018239
6641.34840507367  0.9401922
6641.39977115824  1.036958
6641.4511329515  0.974888
6641.50249045331  0.9816381
6641.55384366351  0.9882055
6641.60519258196  0.9191285
6641.65653720851  0.9953841
6641.70787754302  1.031649
6641.75921358532  0.9684853
6641.81054533529  0.9929761
6641.86187279276  0.9895363
6641.91319595758  0.9573134
6641.96451482963  1.083187
6642.01582940873  0.9845836
6642.06713969475  0.9810728
6642.11844568754  0.9500541
6642.16974738695  1.017425
6642.22104479282  1.025862
6642.27233790503  0.9722152
6642.32362672341  0.9805202
6642.37491124782  0.998427
6642.42619147812  1.050629
6642.47746741415  1.109096
6642.52873905576  1.036522
6642.58000640282  0.9687593
6642.63126945517  1.028237
6642.68252821266  1.057974
6642.73378267515  1.031526
6642.7850328425  0.9770656
6642.83627871455  1.033805
6642.88752029115  1.019193
6642.93875757217  0.9729205
6642.98999055745  1.07974
6643.04121924684  0.9375016
6643.09244364021  0.9933081
6643.1436637374  0.9693533
6643.19487953827  0.9716576
6643.24609104266  1.006719
6643.29729825044  0.9787281
6643.34850116146  1.034478
6643.39969977556  0.9760098
6643.45089409261  1.038271
6643.50208411246  0.9889044
6643.55326983496  0.9768637
6643.60445125997  1.030456
6643.65562838733  1.006147
6643.70680121691  0.965197
6643.75796974855  1.014186
6643.80913398212  0.986588
6643.86029391746  1.032419
6643.91144955443  1.040308
6643.96260089288  1.033568
6644.01374793267  0.9105452
6644.06489067365  0.9593112
6644.11602911568  0.9832933
6644.16716325861  0.9955448
6644.21829310229  0.9898472
6644.26941864659  0.9264725
6644.32053989135  0.9820158
6644.37165683642  0.9867005
6644.42276948167  0.9925572
6644.47387782695  0.911651
6644.52498187211  0.9444733
6644.57608161701  0.8853759
6644.62717706151  0.8530979
6644.67826820544  0.8952262
6644.72935504869  1.000171
6644.78043759109  0.914725
6644.8315158325  0.8857748
6644.88258977278  0.9750374
6644.93365941178  0.8607427
6644.98472474937  0.8828699
6645.03578578538  0.9028729
6645.08684251969  0.9815602
6645.13789495214  0.9506523
6645.18894308259  1.019719
6645.23998691089  0.9670503
6645.29102643691  0.9361142
6645.34206166049  0.9574159
6645.3930925815  1.000803
6645.44411919979  0.9572367
6645.4951415152  0.9048883
6645.54615952761  0.8703446
6645.59717323687  1.016863
6645.64818264283  1.047424
6645.69918774535  1.018853
6645.75018854428  0.9175575
6645.80118503948  0.987736
6645.8521772308  1.029256
6645.90316511812  1.015219
6645.95414870126  1.017488
6646.00512798011  0.999504
6646.05610295451  0.9843081
6646.10707362431  0.9834377
6646.15803998939  1.020562
6646.20900204958  0.9550964
6646.25995980475  0.9699481
6646.31091325476  1.058971
6646.36186239946  1.000074
6646.41280723871  0.987341
6646.46374777236  0.9530019
6646.51468400028  1.040005
6646.56561592231  0.9865161
6646.61654353832  0.978164
6646.66746684817  0.9779261
6646.71838585171  1.049838
6646.76930054879  0.9855791
6646.82021093928  1.054123
6646.87111702303  1.014604
6646.9220187999  0.9586906
6646.97291626976  0.9780338
6647.02380943244  1.114931
6647.07469828782  1.01266
6647.12558283575  0.9640745
