8071.996140542  0.9319319
8072.07077328649  0.9703844
8072.14540128393  1.00125
8072.22002453397  1.050798
8072.29464303628  1.004354
8072.36925679052  1.007765
8072.44386579635  0.9622003
8072.51847005343  1.015809
8072.59306956141  1.040649
8072.66766431997  1.000812
8072.74225432876  1.044869
8072.81683958744  0.9986206
8072.89142009568  0.9994787
8072.96599585314  0.9746795
8073.04056685947  1.056421
8073.11513311434  1.009936
8073.18969461742  1.026958
8073.26425136835  0.9933004
8073.33880336681  1.005431
8073.41335061246  1.044201
8073.48789310495  0.9956058
8073.56243084395  1.028449
8073.63696382913  0.9860802
8073.71149206014  0.9355583
8073.78601553664  0.9761319
8073.86053425831  0.9965766
8073.93504822479  0.9425439
8074.00955743576  1.041872
8074.08406189087  0.9876907
8074.1585615898  1.054488
8074.23305653219  0.9577343
8074.30754671772  0.9917423
8074.38203214604  1.003766
8074.45651281683  1.064347
8074.53098872973  0.95645
8074.60545988443  0.9850438
8074.67992628057  1.014037
8074.75438791782  1.001781
8074.82884479585  1.011041
8074.90329691432  1.002679
8074.97774427289  1.026311
8075.05218687122  0.9835003
8075.12662470898  0.9989483
8075.20105778584  0.9464719
8075.27548610146  1.016484
8075.34990965549  0.9749391
8075.42432844761  1.027607
8075.49874247747  0.9560053
8075.57315174475  1.052595
8075.64755624911  0.9980768
8075.7219559902  0.9912995
8075.79635096771  1.019711
8075.87074118128  0.9895217
8075.94512663058  0.9477496
8076.01950731529  1.014899
8076.09388323506  1.018899
8076.16825438955  0.9667612
8076.24262077844  0.9135048
8076.31698240138  0.9673198
8076.39133925805  0.9730982
8076.4656913481  0.9381497
8076.54003867121  0.9728627
8076.61438122703  0.9766078
8076.68871901524  0.9607551
8076.76305203549  1.004831
8076.83738028746  0.9849541
8076.91170377081  0.9658471
8076.9860224852  0.9835757
8077.0603364303  0.9910439
8077.13464560578  0.9881361
8077.2089500113  1.007465
8077.28324964652  0.9776895
8077.35754451112  1.005107
8077.43183460476  1.028955
8077.5061199271  1.039
8077.58040047782  1.012282
8077.65467625657  0.9946625
8077.72894726303  0.9871494
8077.80321349685  1.02498
8077.87747495772  1.049053
8077.95173164529  0.997803
8078.02598355922  1.064002
8078.1002306992  1.024382
8078.17447306488  1.027325
8078.24871065593  1.019735
8078.32294347201  1.051729
8078.3971715128  1.082994
8078.47139477796  0.9638171
8078.54561326716  1.031585
8078.61982698007  1.026265
8078.69403591635  1.004975
8078.76824007567  1.035274
8078.8424394577  0.986811
8078.9166340621  1.020456
8078.99082388855  0.9914665
8079.0650089367  1.020026
8079.13918920624  0.9966145
8079.21336469682  1.023376
8079.28753540812  1.039359
8079.3617013398  1.051935
8079.43586249153  0.9827524
8079.51001886298  1.061294
8079.58417045382  1.030884
8079.65831726371  1.026622
8079.73245929232  1.02205
8079.80659653933  1.012629
8079.8807290044  1.022263
8079.9548566872  0.9933579
8080.02897958739  0.9891444
8080.10309770465  1.047155
8080.17721103865  0.9843293
8080.25131958906  1.004851
8080.32542335553  1.016703
8080.39952233775  1.038368
8080.47361653538  1.012029
8080.5477059481  1.035171
8080.62179057556  1.042487
8080.69587041745  1.012651
8080.76994547342  1.007726
8080.84401574315  1.079927
8080.91808122631  0.9955664
8080.99214192257  0.9851198
8081.0661978316  0.975062
8081.14024895307  0.995326
8081.21429528664  0.9775652
8081.28833683199  0.9945751
8081.3623735888  1.000371
8081.43640555672  0.9889365
8081.51043273542  0.9949036
8081.58445512459  0.9969086
8081.65847272389  1.016378
8081.73248553298  0.9850752
8081.80649355155  0.9630144
8081.88049677926  0.9861054
8081.95449521578  1.041764
8082.02848886078  0.9853104
8082.10247771394  1.007553
8082.17646177492  1.027699
8082.25044104339  0.9495164
8082.32441551904  0.9727468
8082.39838520152  1.014848
8082.47235009051  0.9198055
8082.54631018568  1.046267
8082.6202654867  1.011021
8082.69421599325  1.016575
8082.76816170499  1.006223
8082.8421026216  0.9572174
8082.91603874274  0.9573831
8082.9899700681  0.9428093
8083.06389659734  0.9582878
8083.13781833013  0.9551563
8083.21173526615  0.9480103
8083.28564740507  1.032228
8083.35955474655  0.9416625
8083.43345729029  1.026229
8083.50735503593  0.9989649
8083.58124798317  0.9566941
8083.65513613166  0.9873332
8083.72901948108  0.9666828
8083.80289803111  1.000462
8083.87677178142  1.011158
8083.95064073168  0.9861811
8084.02450488157  1.011467
8084.09836423075  1.004597
8084.1722187789  1.024971
8084.24606852569  0.9856793
8084.3199134708  1.006316
8084.3937536139  1.007478
8084.46758895466  0.9535598
8084.54141949276  0.9804725
8084.61524522786  0.9974523
8084.68906615965  0.9965761
8084.7628822878  0.9718007
8084.83669361198  1.004506
8084.91050013186  0.986977
8084.98430184712  0.9907066
8085.05809875744  1.030956
8085.13189086248  1.022418
8085.20567816192  0.9469686
8085.27946065543  0.9783182
8085.3532383427  0.9932987
8085.42701122339  0.9280912
8085.50077929718  1.005466
8085.57454256373  1.004616
8085.64830102274  0.9538692
8085.72205467387  0.9502825
8085.79580351679  0.9613003
8085.86954755119  0.9264233
8085.94328677673  0.9542142
8086.01702119309  0.9617191
8086.09075079995  0.9784873
8086.16447559698  0.9938465
8086.23819558386  0.9790449
8086.31191076026  0.8539096
8086.38562112586  0.8920767
8086.45932668033  0.9290015
8086.53302742335  0.9407922
8086.60672335459  0.9163852
8086.68041447373  0.9159355
8086.75410078045  0.9779328
8086.82778227442  0.9250313
8086.90145895531  0.8963386
8086.97513082281  0.9674508
8087.0487978766  0.968283
8087.12246011633  0.9439541
8087.19611754169  0.938195
8087.26977015237  0.9419051
8087.34341794802  0.9520973
8087.41706092834  0.9808751
8087.490699093  1.025976
8087.56433244167  0.9600893
8087.63796097403  0.9416129
8087.71158468976  1.002818
8087.78520358853  0.9983541
8087.85881767002  1.044216
8087.93242693392  0.999011
8088.00603137988  1.05642
8088.0796310076  0.9844302
8088.15322581675  0.9829801
8088.22681580701  0.9796693
8088.30040097805  0.9926431
8088.37398132955  1.032426
8088.44755686119  1.004633
8088.52112757265  1.036573
8088.59469346361  1.012314
8088.66825453373  1.013066
8088.74181078271  1.019148
8088.81536221021  0.9775578
8088.88890881592  0.9917591
8088.96245059952  1.021814
8089.03598756068  1.01449
8089.10951969908  1.049442
8089.18304701439  0.9492853
8089.25656950631  0.9608195
8089.3300871745  1.040474
8089.40360001865  1.03792
8089.47710803843  0.9737155
8089.55061123352  0.9904235
8089.6241096036  1.005132
8089.69760314835  1.058521
8089.77109186745  1.014777
8089.84457576058  1.014324
8089.91805482741  1.007778
8089.99152906763  1.053781
8090.06499848092  1.036593
8090.13846306695  1.016521
8090.2119228254  1.016486
8090.28537775596  1.040545
8090.35882785829  0.9615216
8090.4322731321  0.9812675
8090.50571357704  0.9973336
8090.57914919281  0.9828978
8090.65257997907  0.9903785
8090.72600593553  0.982266
8090.79942706183  0.9851432
8090.87284335769  0.9436458
8090.94625482276  1.02014
8091.01966145674  0.9826248
8091.0930632593  0.9930229
8091.16646023012  0.981452
8091.23985236889  1.040185
8091.31323967528  1.055086
8091.38662214897  1.018365
8091.45999978966  1.010159
8091.533372597  0.9738111
8091.6067405707  0.9769102
8091.68010371042  1.017078
8091.75346201585  0.9747301
8091.82681548668  1.025277
8091.90016412257  0.9958501
8091.97350792322  0.9995753
8092.0468468883  0.9899908
8092.12018101749  0.9992195
8092.19351031049  0.9934027
8092.26683476696  0.9815342
8092.34015438659  0.9945586
8092.41346916906  1.014798
8092.48677911406  1.006778
8092.56008422127  1.037688
8092.63338449036  0.9782123
8092.70667992102  1.026
8092.77997051293  0.9555134
8092.85325626578  0.9834083
8092.92653717924  1.003636
8092.999813253  0.9995919
8093.07308448674  0.9870721
8093.14635088015  0.9649803
8093.2196124329  1.001743
8093.29286914468  1.001877
8093.36612101517  0.9855533
8093.43936804406  0.9513607
8093.51261023103  0.9452084
8093.58584757575  0.9622691
8093.65908007792  1.02036
8093.73230773721  0.9944953
8093.80553055332  0.972278
8093.87874852591  0.9800496
8093.95196165468  0.9822628
8094.02516993931  0.9482884
8094.09837337949  0.9392926
8094.17157197489  0.9232038
8094.2447657252  0.9157993
8094.31795463011  0.9158605
8094.39113868929  0.9671247
8094.46431790244  0.9628246
8094.53749226923  0.9086927
8094.61066178936  0.952
8094.68382646249  0.9436923
8094.75698628833  0.9078305
8094.83014126654  0.9240876
8094.90329139683  0.9622406
8094.97643667886  0.9873896
8095.04957711233  0.981764
8095.12271269692  1.000648
8095.19584343232  0.9654424
8095.26896931821  0.9159619
8095.34209035427  0.9458907
8095.41520654019  0.9718771
8095.48831787565  0.9361688
8095.56142436035  0.9797716
8095.63452599396  0.9390259
8095.70762277617  0.9432797
8095.78071470667  0.9754662
8095.85380178513  1.034396
8095.92688401125  0.9963998
8095.99996138472  0.9988444
8096.07303390521  0.9672876
8096.14610157241  0.9517113
8096.21916438602  1.044035
8096.2922223457  1.013366
8096.36527545116  0.9757801
8096.43832370208  0.9902604
8096.51136709813  1.005364
8096.58440563902  0.9751117
8096.65743932442  0.9859436
8096.73046815402  1.012754
8096.80349212751  1.014917
8096.87651124457  0.9747899
8096.94952550489  0.9669042
8097.02253490817  0.9692419
8097.09553945407  0.9780329
8097.1685391423  0.9691851
8097.24153397253  0.9580513
8097.31452394446  1.056608
8097.38750905776  0.9000362
8097.46048931215  0.9795814
8097.53346470727  1.00361
8097.60643524285  0.9718784
8097.67940091856  0.991618
8097.75236173408  0.9438971
8097.82531768911  0.9415575
8097.89826878333  0.9816632
8097.97121501643  1.002906
8098.0441563881  1.026592
8098.11709289803  0.9521617
8098.1900245459  0.9856586
8098.26295133139  0.9876857
8098.33587325421  1.014384
8098.40879031404  0.9606206
8098.48170251056  0.9612877
8098.55460984347  0.9247339
8098.62751231245  0.9625324
8098.70040991719  0.9460017
8098.77330265737  0.9263672
8098.8461905327  0.9534793
8098.91907354285  0.9398239
8098.99195168752  0.992516
8099.06482496639  0.9962525
8099.13769337915  0.9692215
8099.2105569255  0.9755791
8099.28341560511  0.9323209
8099.35626941769  0.9750728
8099.42911836292  0.962092
8099.50196244048  0.9681216
8099.57480165007  0.9491835
8099.64763599137  0.9788465
8099.72046546408  0.9768334
8099.79329006789  0.9494145
8099.86610980249  0.9566939
8099.93892466756  0.9388193
8100.01173466279  0.937171
8100.08453978788  0.9572837
8100.15734004251  0.9560174
8100.23013542638  0.9822573
8100.30292593918  0.9856243
8100.37571158058  0.9708031
8100.4484923503  0.9944466
8100.52126824801  0.956939
8100.59403927341  0.9737884
8100.66680542618  0.9488714
8100.73956670602  0.9865815
8100.81232311261  1.00297
8100.88507464566  0.9756546
8100.95782130484  1.005049
8101.03056308986  0.9574357
8101.10330000039  0.9227809
8101.17603203614  0.924116
8101.24875919679  0.9727585
8101.32148148204  1.016495
8101.39419889157  0.9994451
8101.46691142508  0.9860936
8101.53961908225  0.9924065
8101.61232186279  0.9540468
8101.68501976638  0.9545827
8101.75771279271  0.9715723
8101.83040094148  0.9862701
8101.90308421237  1.008181
8101.97576260508  1.024167
8102.0484361193  0.9937972
8102.12110475473  1.033901
8102.19376851105  1.037055
8102.26642738795  1.038402
8102.33908138514  0.9928871
8102.41173050229  1.028366
8102.48437473911  0.9998034
8102.55701409529  1.001923
8102.62964857052  1.03718
8102.70227816448  0.9314006
8102.77490287689  1.035402
8102.84752270741  1.048459
8102.92013765576  1.014799
8102.99274772162  0.9823181
8103.06535290469  0.9895553
8103.13795320466  1.002067
8103.21054862122  0.9779666
8103.28313915406  0.9941936
8103.35572480289  1.029328
8103.42830556738  1.027261
8103.50088144724  1.059642
8103.57345244217  0.9799371
8103.64601855184  0.9703138
8103.71857977596  1.033438
8103.79113611423  1.031005
8103.86368756632  1.046376
8103.93623413195  1.018772
8104.00877581079  1.052865
8104.08131260256  0.9997234
8104.15384450694  1.008292
8104.22637152362  1.021341
8104.2988936523  1.032158
8104.37141089267  0.9834219
8104.44392324444  1.010877
8104.51643070728  0.9639736
8104.58893328091  1.025962
8104.66143096501  0.9922422
8104.73392375927  0.9739113
8104.80641166339  0.9936107
8104.87889467708  0.9701514
8104.95137280001  0.9481904
8105.0238460319  1.038712
8105.09631437242  1.012398
8105.16877782129  0.9735571
8105.24123637819  1.037609
8105.31369004282  0.9787092
8105.38613881487  0.9561723
8105.45858269404  0.9891718
8105.53102168002  1.06066
8105.60345577252  0.9858375
8105.67588497122  0.9894156
8105.74830927583  0.9029197
8105.82072868604  0.9550708
8105.89314320154  0.9717836
8105.96555282203  0.9541678
8106.03795754721  0.9957115
8106.11035737678  0.9857023
8106.18275231042  0.9658706
8106.25514234784  1.034461
8106.32752748874  1.035598
8106.3999077328  0.9859014
8106.47228307973  1.083549
8106.54465352923  0.966608
8106.61701908098  1.01051
8106.68937973469  0.9777415
8106.76173549006  1.009628
8106.83408634677  1.048194
8106.90643230453  1.008242
8106.97877336304  0.9898491
8107.051109522  1.038432
8107.12344078109  1.016893
8107.19576714002  1.010747
8107.26808859848  0.9840523
8107.34040515618  1.032935
8107.41271681281  0.9911542
8107.48502356806  0.9917561
8107.55732542164  1.038573
8107.62962237325  0.9861231
8107.70191442258  0.9698323
8107.77420156932  0.9308006
8107.84648381319  0.9515733
8107.91876115387  1.003255
8107.99103359107  0.9450476
8108.06330112448  0.9671748
8108.1355637538  0.9991922
8108.20782147873  1.021128
8108.28007429897  0.9787471
8108.35232221421  1.017789
8108.42456522417  1.017803
8108.49680332853  0.9547526
8108.56903652699  1.002172
8108.64126481925  1.02594
8108.71348820502  0.9916021
8108.78570668399  0.9386088
8108.85792025586  1.004501
8108.93012892033  0.9700549
8109.0023326771  0.9675083
8109.07453152587  0.920755
8109.14672546633  0.9378378
8109.21891449819  1.022096
8109.29109862115  1.026619
8109.36327783491  1.036954
8109.43545213916  0.9996439
8109.50762153362  0.955157
8109.57978601796  0.9909618
8109.65194559191  1.01013
8109.72410025515  1.006391
8109.7962500074  1.009754
8109.86839484833  0.9672979
8109.94053477767  0.998937
8110.01266979511  0.9904517
8110.08479990034  1.001215
8110.15692509308  1.020879
8110.22904537301  0.9977469
8110.30116073985  0.9909542
8110.37327119329  0.9948508
8110.44537673304  1.009252
8110.51747735878  1.039339
8110.58957307024  0.9813182
8110.6616638671  0.9877568
8110.73374974906  1.059002
8110.80583071584  0.9208247
8110.87790676713  1.062076
8110.94997790263  1.03179
8111.02204412205  1.027507
8111.09410542507  1.013238
8111.16616181142  1.041796
8111.23821328079  0.9625784
8111.31025983287  1.019462
8111.38230146738  0.9983199
8111.45433818401  1.002879
8111.52636998248  0.9933909
8111.59839686246  1.014709
8111.67041882368  1.036222
8111.74243586584  1.014547
8111.81444798863  0.9961494
8111.88645519176  0.9833171
8111.95845747492  0.991272
8112.03045483784  0.9627333
8112.1024472802  1.009028
8112.17443480171  0.9857917
8112.24641740207  0.9781216
8112.31839508098  1.005124
8112.39036783816  1.006584
8112.46233567329  0.9073702
8112.5342985861  1.012822
8112.60625657626  0.9680549
8112.6782096435  1.000795
8112.75015778751  1.008884
8112.82210100801  0.9905351
8112.89403930468  0.9970914
8112.96597267724  0.9914854
8113.03790112538  1.021495
8113.10982464883  0.9963171
8113.18174324726  1.016158
8113.2536569204  0.9894612
8113.32556566794  0.9810826
8113.3974694896  1.014141
8113.46936838506  0.9934458
8113.54126235404  0.9946265
8113.61315139624  0.9412948
8113.68503551137  0.924101
8113.75691469913  0.9507275
8113.82878895923  0.9329967
8113.90065829136  0.8762281
8113.97252269524  0.9223049
8114.04438217057  0.954002
8114.11623671705  0.9261259
8114.18808633439  1.028783
8114.2599310223  1.036869
8114.33177078047  0.9872763
8114.40360560862  0.9705464
8114.47543550645  1.015897
8114.54726047367  1.00365
8114.61908050998  1.013143
8114.69089561508  1.028423
8114.76270578868  1.005076
8114.83451103049  0.9685256
8114.90631134022  1.030483
8114.97810671757  0.9931287
8115.04989716223  1.024006
8115.12168267393  1.018273
8115.19346325237  1.004033
8115.26523889725  1.029695
8115.33700960828  0.9741464
8115.40877538517  1.01657
8115.48053622762  1.035653
8115.55229213533  1.028164
8115.62404310802  0.9830307
8115.6957891454  0.9746113
8115.76753024716  1.00972
8115.83926641302  0.9881828
8115.91099764267  0.9501343
8115.98272393584  0.9575464
8116.05444529222  1.000965
8116.12616171153  1.035246
8116.19787319346  1.057991
8116.26957973774  1.021058
8116.34128134405  0.9871526
8116.41297801212  1.026268
8116.48466974165  1.002
8116.55635653235  1.004851
8116.62803838391  1.070042
8116.69971529607  0.976934
8116.77138726851  0.9946597
8116.84305430095  1.028043
8116.91471639309  0.9893575
8116.98637354465  1.031947
8117.05802575533  1.033836
8117.12967302485  0.9788915
8117.20131535289  1.012415
8117.27295273919  0.9628951
8117.34458518344  1.006045
8117.41621268535  1.009979
8117.48783524464  1.041481
8117.559452861  1.011518
8117.63106553416  0.9913638
8117.70267326381  0.9379613
8117.77427604967  1.007936
8117.84587389144  0.9451435
8117.91746678884  1.012715
8117.98905474158  1.025758
8118.06063774936  0.9610181
8118.13221581188  0.9903141
8118.20378892888  1.004352
8118.27535710004  0.9985594
8118.34692032508  0.9704407
8118.41847860371  0.9935841
8118.49003193564  0.9814281
8118.56158032058  1.037754
8118.63312375824  0.9898373
8118.70466224832  0.9105154
8118.77619579055  0.9485435
8118.84772438463  0.91637
8118.91924803026  1.037081
8118.99076672716  0.9504523
8119.06228047505  0.99256
8119.13378927362  0.9988014
8119.20529312259  0.9908377
8119.27679202167  1.021605
8119.34828597058  0.994156
8119.41977496901  0.9922218
8119.49125901669  1.013784
8119.56273811332  1.007152
8119.63421225861  1.065679
8119.70568145228  1.013492
8119.77714569404  1.061278
8119.84860498359  1.018173
8119.92005932065  0.9826758
8119.99150870493  0.9902125
8120.06295313614  1.03113
8120.134392614  0.9991074
8120.2058271382  1.01642
8120.27725670848  1.044342
8120.34868132452  1.022929
8120.42010098606  1.06509
8120.4915156928  0.9965758
8120.56292544445  1.004428
8120.63433024073  0.9519645
8120.70573008134  0.9498772
8120.777124966  0.9637468
8120.84851489442  1.000758
8120.91989986631  0.9806949
8120.99127988139  1.005402
8121.06265493936  0.9941381
8121.13402503994  0.9880549
8121.20539018285  0.9426864
8121.27675036779  0.942705
8121.34810559449  0.9399311
8121.41945586264  0.9432622
8121.49080117196  1.018485
8121.56214152217  0.9868789
8121.63347691299  1.064762
8121.70480734411  0.9846429
8121.77613281526  0.9867709
8121.84745332615  1.001958
8121.91876887649  0.9942141
8121.990079466  0.9892687
8122.06138509439  1.081261
8122.13268576137  0.9522002
8122.20398146665  1.025206
8122.27527220996  1.010797
8122.346557991  1.010516
8122.41783880949  1.089776
8122.48911466514  0.9464455
8122.56038555767  0.967527
8122.63165148679  0.9649423
8122.70291245221  0.934566
8122.77416845365  0.9687588
8122.84541949082  0.9467751
8122.91666556344  0.9211125
8122.98790667123  0.9728595
8123.05914281388  1.021953
8123.13037399113  1.01903
8123.20160020269  1.036579
8123.27282144827  1.003997
8123.34403772758  0.9942892
8123.41524904035  1.026334
8123.48645538627  1.038534
8123.55765676508  0.9607376
8123.62885317649  1.033318
8123.70004462021  0.9479297
8123.77123109595  1.022178
8123.84241260344  1.034872
8123.91358914238  0.9787042
8123.9847607125  0.9986454
8124.0559273135  0.9995939
8124.12708894511  1.006951
8124.19824560704  0.9616362
8124.26939729901  1.026412
8124.34054402073  0.970315
8124.41168577191  0.9644562
8124.48282255229  0.9910479
8124.55395436156  0.9855955
8124.62508119944  0.9823023
8124.69620306567  0.9959184
8124.76731995994  1.054293
8124.83843188197  0.9952656
8124.9095388315  0.9858584
8124.98064080822  0.9623831
8125.05173781185  0.9578928
8125.12282984212  1.039814
8125.19391689874  0.9626445
8125.26499898143  0.9773673
8125.3360760899  0.9779806
8125.40714822387  0.9355712
8125.47821538306  0.9948051
8125.54927756719  0.9342721
8125.62033477597  1.04614
8125.69138700912  1.025818
8125.76243426635  0.99208
8125.8334765474  0.9449272
8125.90451385196  0.9842457
8125.97554617977  1.0466
8126.04657353054  1.017438
8126.11759590398  0.9444504
8126.18861329982  1.008732
8126.25962571777  1.024087
8126.33063315755  1.002118
8126.40163561888  1.000179
8126.47263310148  0.9754341
8126.54362560506  1.031716
8126.61461312935  1.01365
8126.68559567407  1.019313
8126.75657323892  0.9615018
8126.82754582363  0.928135
8126.89851342792  0.9685901
8126.96947605151  0.9590987
8127.04043369412  0.9423249
8127.11138635546  0.9856975
8127.18233403526  0.962563
8127.25327673323  1.024219
8127.3242144491  0.9642926
8127.39514718258  0.9868001
8127.46607493338  0.9744195
8127.53699770124  1.021025
8127.60791548588  0.9891545
8127.678828287  1.027667
8127.74973610433  0.9875541
8127.82063893759  1.005268
8127.8915367865  1.033101
8127.96242965079  0.9608384
8128.03331753016  0.9995024
8128.10420042434  1.033572
8128.17507833305  1.020218
8128.24595125601  1.001969
8128.31681919294  1.009813
8128.38768214357  0.9925881
8128.4585401076  1.026447
8128.52939308477  0.9414049
8128.60024107478  1.027349
8128.67108407738  1.005283
8128.74192209226  1.005375
8128.81275511916  0.9807971
8128.8835831578  0.9661453
8128.95440620789  0.994777
8129.02522426917  0.9853302
8129.09603734134  0.9723172
8129.16684542413  0.9804073
8129.23764851726  1.022748
8129.30844662046  1.045351
8129.37923973344  1.029103
8129.45002785593  0.9819647
8129.52081098764  0.97004
8129.5915891283  0.9722607
8129.66236227764  0.9902858
8129.73313043537  1.012069
8129.80389360121  1.015887
8129.87465177489  0.9774519
8129.94540495613  0.9801676
8130.01615314465  0.9251015
8130.08689634018  0.9510466
8130.15763454243  0.933323
8130.22836775113  0.9273927
8130.299095966  0.961764
8130.36981918676  0.881179
8130.44053741314  0.8649383
8130.51125064486  0.934252
8130.58195888164  0.95486
8130.6526621232  1.026627
8130.72336036927  0.9906842
8130.79405361957  0.9840037
8130.86474187383  0.9796249
8130.93542513176  0.9649541
8131.00610339309  0.9846567
8131.07677665755  1.035341
8131.14744492485  0.9854442
8131.21810819472  0.9705922
8131.28876646688  0.9991767
8131.35941974107  0.9997191
8131.43006801699  0.9387089
8131.50071129438  1.032704
8131.57134957296  0.9709963
8131.64198285245  1.005544
8131.71261113258  1.012138
8131.78323441307  1.046776
8131.85385269364  1.018285
8131.92446597402  1.040485
8131.99507425394  0.9056022
8132.06567753311  1.005377
8132.13627581127  0.9540835
8132.20686908813  0.990966
8132.27745736343  0.9862192
8132.34804063688  0.9588563
8132.41861890822  0.985954
8132.48919217716  1.006383
8132.55976044343  1.012546
8132.63032370676  0.9851672
8132.70088196687  1.017926
8132.77143522348  0.9414393
8132.84198347633  0.9818839
8132.91252672513  0.9825565
8132.98306496962  0.9674034
8133.05359820952  0.9787516
8133.12412644455  0.9912968
8133.19464967444  0.9850566
8133.26516789891  0.9537433
8133.3356811177  0.9844825
8133.40618933052  0.989607
8133.4766925371  0.973262
8133.54719073717  0.9448481
8133.61768393046  0.9159878
8133.68817211669  0.7833733
8133.75865529559  0.7542072
8133.82913346688  0.760024
8133.89960663029  0.8669416
8133.97007478555  0.9372483
8134.04053793238  0.941897
8134.11099607051  0.9745199
8134.18144919967  0.9608807
8134.25189731958  1.034883
8134.32234042997  1.041991
8134.39277853057  1.018864
8134.46321162111  1.028622
8134.53363970131  0.9674931
8134.60406277089  1.044574
8134.67448082959  1.009643
8134.74489387714  1.035775
8134.81530191325  0.9674159
8134.88570493766  0.885465
8134.9561029501  0.8395273
8135.0264959503  0.7690282
8135.09688393798  0.7835127
8135.16726691286  0.8852347
8135.23764487468  0.8881162
8135.30801782317  0.99537
8135.37838575805  0.974261
8135.44874867905  0.990036
8135.5191065859  0.9837792
8135.58945947833  0.969715
8135.65980735607  1.035463
8135.73015021884  1.014815
8135.80048806638  1.014105
8135.8708208984  1.01376
8135.94114871465  1.002718
8136.01147151484  1.022058
8136.08178929872  0.9692024
8136.152102066  0.9904964
8136.22240981642  0.9906366
8136.2927125497  0.9768752
8136.36301026558  1.044304
8136.43330296378  0.9897895
8136.50359064403  0.9651064
8136.57387330607  0.9359196
8136.64415094961  0.9579926
8136.7144235744  1.031672
8136.78469118016  1.007799
8136.85495376662  1.019566
8136.92521133351  1.038609
8136.99546388056  1.02482
8137.0657114075  0.9984033
8137.13595391406  0.9670937
8137.20619139997  0.9823626
8137.27642386496  0.9531139
8137.34665130877  0.9877395
8137.41687373111  0.992768
8137.48709113172  0.9721206
8137.55730351034  0.9826334
8137.62751086668  1.020674
8137.6977132005  1.017898
8137.7679105115  0.9633132
8137.83810279943  1.027465
8137.90829006401  1.039887
8137.97847230498  0.9882623
8138.04864952207  1.045638
8138.118821715  1.0238
8138.18898888352  0.997901
8138.25915102734  1.032214
8138.32930814621  1.048328
8138.39946023985  1.025324
8138.46960730799  1.008874
8138.53974935038  1.026239
8138.60988636672  0.9996375
8138.68001835677  1.003906
8138.75014532025  1.016603
8138.82026725689  1.036107
8138.89038416643  1.01297
8138.9604960486  1.014621
8139.03060290313  1.015377
8139.10070472974  0.9871166
8139.17080152818  1.012677
8139.24089329818  1.044834
8139.31098003947  1.036794
8139.38106175177  0.9651978
8139.45113843483  1.022539
8139.52121008838  1.009778
8139.59127671214  1.012536
8139.66133830586  0.9595958
8139.73139486926  0.9190089
8139.80144640208  0.93061
8139.87149290405  1.017205
8139.9415343749  1.054481
8140.01157081437  1.043471
8140.08160222219  0.9916562
8140.15162859809  1.029542
8140.22164994181  1.033217
8140.29166625308  0.9950221
8140.36167753164  1.02939
8140.43168377721  1.017639
8140.50168498953  0.9309542
8140.57168116834  0.8453728
8140.64167231336  0.7641174
8140.71165842434  0.7951515
8140.78163950101  0.8461583
8140.85161554309  0.8955637
8140.92158655033  0.9255853
8140.99155252247  1.023155
8141.06151345922  1.022157
8141.13146936033  1.030115
8141.20142022554  1.001319
8141.27136605457  0.9815474
8141.34130684716  1.011671
8141.41124260306  1.009023
8141.48117332198  1.044452
8141.55109900367  1.038636
8141.62101964786  0.9726533
8141.69093525428  0.901446
8141.76084582268  0.9118678
8141.83075135279  0.8295401
8141.90065184433  0.7671722
8141.97054729705  0.735079
8142.04043771069  0.8573415
8142.11032308498  0.947246
8142.18020341964  0.9771493
8142.25007871443  1.010122
8142.31994896907  1.002162
8142.3898141833  1.012279
8142.45967435686  1.026769
8142.52952948948  1.028327
8142.5993795809  0.9743987
8142.66922463086  0.9733378
8142.73906463909  1.062732
8142.80889960532  1.003595
8142.8787295293  1.030367
8142.94855441076  1.035942
8143.01837424943  1.003549
8143.08818904506  0.9516202
8143.15799879738  1.053711
8143.22780350613  1.037708
8143.29760317103  1.00287
8143.36739779184  1.018534
8143.43718736829  0.9970947
8143.50697190011  0.9684255
8143.57675138704  0.993873
8143.64652582882  0.9630185
8143.71629522518  0.9177737
8143.78605957588  0.9000589
8143.85581888062  0.8595332
8143.92557313918  0.9774173
8143.99532235126  0.9507002
8144.06506651662  0.9589068
8144.13480563499  0.9327829
8144.20453970611  0.9409717
8144.27426872971  0.9702148
8144.34399270554  0.956425
8144.41371163334  1.005588
8144.48342551283  0.9726866
8144.55313434377  0.9187676
8144.62283812588  0.9574435
8144.69253685891  1.040384
8144.76223054259  0.9805263
8144.83191917667  0.9930016
8144.90160276087  0.9969822
8144.97128129495  1.013251
8145.04095477864  0.9899864
8145.11062321168  1.01215
8145.18028659379  0.9917851
8145.24994492474  0.9900522
8145.31959820426  0.9938905
8145.38924643207  0.9585328
8145.45888960793  0.9798103
8145.52852773158  0.9820721
8145.59816080274  1.028705
8145.66778882116  0.9936772
8145.73741178659  0.9744514
8145.80702969876  1.057004
8145.87664255741  1.019134
8145.94625036227  0.980302
8146.0158531131  0.948566
8146.08545080963  0.9585603
8146.15504345159  0.8600017
8146.22463103874  0.8555192
8146.29421357081  0.8931586
8146.36379104753  0.9851822
8146.43336346866  0.953008
8146.50293083392  1.024562
8146.57249314307  0.9474236
8146.64205039585  0.9768359
8146.71160259198  1.025353
8146.78114973122  1.022876
8146.8506918133  0.97567
8146.92022883796  0.9775046
8146.98976080495  1.001689
8147.05928771401  0.9084318
8147.12880956487  0.850051
8147.19832635729  0.8285629
8147.26783809099  0.8800898
8147.33734476573  0.9469953
8147.40684638124  0.9698454
8147.47634293726  0.9972959
8147.54583443354  0.9870352
8147.61532086981  1.005124
8147.68480224583  0.9566556
8147.75427856133  1.018422
8147.82374981604  0.9628685
8147.89321600973  0.9687538
8147.96267714212  0.9422441
8148.03213321296  0.9280246
8148.10158422199  0.9195732
8148.17103016896  0.9261891
8148.24047105359  0.8992943
8148.30990687565  0.7984953
8148.37933763487  0.7466102
8148.44876333099  0.8176253
8148.51818396376  0.9467999
8148.58759953291  0.953415
8148.6570100382  1.015162
8148.72641547936  1.012592
8148.79581585613  0.9842702
8148.86521116827  1.022959
8148.93460141551  0.9757547
8149.0039865976  1.007191
8149.07336671427  1.026405
8149.14274176528  0.99269
8149.21211175036  0.950969
8149.28147666927  0.9382807
8149.35083652174  0.9564334
8149.42019130751  0.9711754
8149.48954102634  0.9505276
8149.55888567795  0.946929
8149.62822526211  0.826804
8149.69755977855  0.7883072
8149.76688922702  0.8537604
8149.83621360725  0.8185982
8149.905532919  0.9112552
8149.97484716201  0.9401394
8150.04415633603  1.015303
8150.11346044078  0.9949431
8150.18275947604  1.000419
8150.25205344152  0.9863605
8150.321342337  0.9720851
8150.39062616219  1.024416
8150.45990491685  1.004767
8150.52917860074  1.042734
8150.59844721358  0.9856683
8150.66771075513  1.021366
8150.73696922513  1.003327
8150.80622262332  1.058237
8150.87547094946  0.9304612
8150.94471420328  0.9832086
8151.01395238453  1.064324
8151.08318549296  0.9635095
8151.15241352831  1.008756
8151.22163649034  1.02705
8151.29085437878  0.9470661
8151.36006719337  0.974878
8151.42927493387  1.008966
8151.49847760003  1.01898
8151.56767519158  0.9688341
8151.63686770828  0.9626884
8151.70605514986  0.999223
8151.77523751609  1.022712
8151.8444148067  1.016592
8151.91358702143  1.050876
8151.98275416005  0.9969039
8152.05191622228  1.021162
8152.12107320788  1.004791
8152.1902251166  0.9597162
8152.25937194818  0.9778317
8152.32851370238  0.9445519
8152.39765037892  0.898988
8152.46678197758  0.7905129
8152.53590849808  0.7492507
8152.60502994018  0.8592233
8152.67414630362  0.9266441
8152.74325758816  0.9622172
8152.81236379354  1.057389
8152.8814649195  0.9729301
8152.9505609658  1.002953
8153.01965193219  0.9544553
8153.0887378184  0.981871
8153.15781862419  1.015303
8153.22689434931  1.022297
8153.2959649935  1.004687
8153.36503055651  0.9910941
8153.4340910381  1.016173
8153.503146438  0.967151
8153.57219675597  0.9220024
8153.64124199176  0.8801904
8153.7102821451  0.8386134
8153.77931721577  0.9252146
8153.84834720349  0.9232495
8153.91737210802  1.018462
8153.98639192911  1.019589
8154.05540666651  0.9523767
8154.12441631995  0.9420163
8154.19342088921  0.9989485
8154.26242037402  0.9396379
8154.33141477414  0.9261546
8154.4004040893  0.8547992
8154.46938831927  0.8293584
8154.53836746379  0.7140799
8154.60734152261  0.6107243
8154.67631049548  0.5387358
8154.74527438214  0.6535395
8154.81423318236  0.8536859
8154.88318689588  0.9302474
8154.95213552244  0.9095983
8155.02107906181  0.9666691
8155.09001751372  0.9679407
8155.15895087793  0.9822249
8155.22787915419  1.001815
8155.29680234225  0.9962671
8155.36572044186  1.081086
8155.43463345277  0.9957213
8155.50354137473  1.047332
8155.57244420748  0.9450198
8155.6413419508  1.01555
8155.71023460441  1.019743
8155.77912216807  1.000833
8155.84800464155  0.9927127
8155.91688202457  0.9956161
8155.9857543169  1.004413
8156.05462151828  1.00559
8156.12348362848  1.022307
8156.19234064723  0.9886441
8156.26119257429  0.9388678
8156.33003940942  1.064893
8156.39888115236  0.9793708
8156.46771780286  1.022638
8156.53654936068  1.063432
8156.60537582557  0.9731438
8156.67419719727  1.051776
8156.74301347555  1.028684
8156.81182466016  1.028722
8156.88063075084  0.9772981
8156.94943174734  0.9730189
8157.01822764943  1.000319
8157.08701845684  0.9960313
8157.15580416935  1.024305
8157.22458478669  0.9863616
8157.29336030861  1.037304
8157.36213073488  0.995082
8157.43089606525  1.001713
8157.49965629946  0.9847577
8157.56841143727  0.9640761
8157.63716147844  0.9986006
8157.7059064227  1.026483
8157.77464626983  0.98684
8157.84338101957  0.8593308
8157.91211067168  0.7675447
8157.9808352259  0.623375
8158.049554682  0.6297792
8158.11826903972  0.7611472
8158.18697829882  0.9098172
8158.25568245905  0.9807067
8158.32438152016  0.9817969
8158.39307548192  1.012362
8158.46176434407  0.9891877
8158.53044810636  1.023583
8158.59912676856  1.00046
8158.66780033041  1.011364
8158.73646879167  1.013508
8158.80513215209  0.9813057
8158.87379041143  1.04487
8158.94244356945  1.028932
8159.01109162588  1.030058
8159.0797345805  0.9784135
8159.14837243306  1.030013
8159.2170051833  1.070331
8159.28563283099  1.002047
8159.35425537588  1.049366
8159.42287281772  0.9739494
8159.49148515627  0.9957626
8159.56009239129  0.9824629
8159.62869452252  1.004137
8159.69729154973  0.9637169
8159.76588347267  0.9760177
8159.8344702911  1.027394
8159.90305200476  1.049607
8159.97162861342  1.013112
8160.04020011683  1.063758
8160.10876651475  0.9738508
8160.17732780693  1.044741
8160.24588399314  1.005348
8160.31443507311  1.037265
8160.38298104662  1.006479
8160.45152191341  0.988937
8160.52005767324  1.022283
8160.58858832588  1.002118
8160.65711387107  0.94362
8160.72563430857  0.9824798
8160.79414963814  0.9959015
8160.86265985953  1.019519
8160.93116497251  1.044696
8160.99966497681  0.9666597
8161.06815987222  1.034452
8161.13664965848  1.034472
8161.20513433534  0.927292
8161.27361390257  0.8572167
8161.34208835993  0.6969155
8161.41055770716  0.5769278
8161.47902194403  0.5845549
8161.54748107029  0.737452
8161.6159350857  0.9220374
8161.68438399002  0.9147721
8161.75282778301  0.9457012
8161.82126646442  0.904154
8161.88970003401  0.7919546
8161.95812849154  0.7360973
8162.02655183676  0.746031
8162.09497006945  0.8322216
8162.16338318934  0.7753456
8162.23179119621  0.7055764
8162.3001940898  0.5387489
8162.36859186988  0.5080374
8162.43698453621  0.6443983
8162.50537208853  0.7979399
8162.57375452662  0.8655022
8162.64213185024  0.9228088
8162.71050405913  0.9757376
8162.77887115306  0.935746
8162.84723313178  0.9292076
8162.91558999506  0.9991338
8162.98394174266  0.9440353
8163.05228837433  0.9830574
8163.12062988983  0.9851103
8163.18896628892  0.9988368
8163.25729757136  1.034746
8163.32562373691  0.9695331
8163.39394478533  1.042767
8163.46226071638  0.9773951
8163.53057152982  0.9461549
8163.59887722541  0.9779854
8163.6671778029  0.9464498
8163.73547326206  0.9800599
8163.80376360265  0.9405503
8163.87204882443  0.9222344
8163.94032892715  0.9569094
8164.00860391058  0.9467885
8164.07687377447  0.9325864
8164.1451385186  0.916519
8164.21339814271  0.8633124
8164.28165264657  0.8737131
8164.34990202994  0.7855452
8164.41814629257  0.623366
8164.48638543424  0.3851322
8164.5546194547  0.3565271
8164.62284835371  0.480848
8164.69107213102  0.7215236
8164.75929078642  0.8677392
8164.82750431964  0.929595
8164.89571273047  0.9452423
8164.96391601864  0.9638258
8165.03211418394  0.9385763
8165.10030722611  0.9862936
8165.16849514493  0.9387099
8165.23667794014  0.916368
8165.30485561152  0.8796203
8165.37302815882  0.899512
8165.44119558181  0.9706119
8165.50935788024  0.9966091
8165.57751505389  0.9851524
8165.64566710251  1.024383
8165.71381402586  1.004214
8165.78195582371  1.032038
8165.85009249581  0.9647363
8165.91822404194  0.9890607
8165.98635046185  1.005514
8166.0544717553  1.0218
8166.12258792206  0.991398
8166.19069896189  0.9726751
8166.25880487456  0.9908375
8166.32690565982  0.9700336
8166.39500131743  0.9462245
8166.46309184717  0.9841824
8166.53117724879  0.9538755
8166.59925752206  1.002862
8166.66733266674  0.94723
8166.73540268259  1.026385
8166.80346756937  0.9399503
8166.87152732686  1.027404
8166.93958195481  1.019047
8167.00763145299  0.967666
8167.07567582115  1.019733
8167.14371505907  1.042892
8167.21174916651  0.9731274
8167.27977814323  1.018931
8167.34780198899  1.013533
8167.41582070356  1.003745
8167.48383428671  0.9647391
8167.55184273819  1.005938
8167.61984605778  1.015251
8167.68784424522  1.040722
8167.7558373003  1.030314
8167.82382522277  0.9616785
8167.89180801241  0.9570946
8167.95978566896  1.011998
8168.0277581922  1.041574
8168.0957255819  0.96257
8168.16368783781  1.02765
8168.2316449597  1.016902
8168.29959694735  1.059047
8168.3675438005  0.9622709
8168.43548551893  0.9951504
8168.5034221024  0.9674605
8168.57135355068  1.015554
8168.63927986354  0.9218026
8168.70720104073  0.843887
8168.77511708202  0.7665206
8168.84302798719  0.7071066
8168.91093375599  0.8163139
8168.9788343882  0.8705193
8169.04672988356  0.9533122
8169.11462024186  0.946673
8169.18250546286  0.9878104
8169.25038554633  0.9115815
8169.31826049202  0.8135445
8169.38613029971  0.8061349
8169.45399496916  0.8187631
8169.52185450015  0.9315844
8169.58970889243  0.9395941
8169.65755814577  0.9713892
8169.72540225994  0.9117929
8169.7932412347  0.8461008
8169.86107506983  0.7108675
8169.92890376509  0.5322586
8169.99672732024  0.4161544
8170.06454573506  0.5302109
8170.13235900931  0.6899505
8170.20016714275  0.8996098
8170.26797013515  0.9509999
8170.33576798629  0.9532816
8170.40356069593  1.025113
8170.47134826383  0.9674793
8170.53913068977  0.9979288
8170.6069079735  0.9699354
8170.67468011481  0.9729791
8170.74244711346  1.005363
8170.8102089692  0.99551
8170.87796568182  1.033477
8170.94571725109  1.046241
8171.01346367675  0.973546
8171.0812049586  0.9948941
8171.14894109639  0.9872015
8171.21667208989  1.027455
8171.28439793888  1.011615
8171.35211864311  0.9878634
8171.41983420237  1.012636
8171.48754461641  0.9967805
8171.555249885  0.9799656
8171.62295000792  0.9799141
8171.69064498493  1.011027
8171.75833481581  1.022111
8171.82601950031  0.9878099
8171.89369903822  1.071832
8171.96137342929  0.9921108
8172.0290426733  1.020572
8172.09670677002  0.9664701
8172.16436571922  1.055222
8172.23201952066  1.005486
8172.29966817412  1.001789
8172.36731167937  0.9831845
8172.43495003617  0.9862532
8172.50258324429  0.9799723
8172.57021130351  0.9558306
8172.6378342136  1.006216
8172.70545197432  0.9728916
8172.77306458544  0.9656802
8172.84067204674  1.032446
8172.90827435798  0.9713573
8172.97587151894  0.9471611
8173.04346352939  0.9939346
8173.11105038909  1.003053
8173.17863209781  0.98032
8173.24620865534  0.994102
8173.31378006143  1.001869
8173.38134631586  1.012625
8173.4489074184  0.972917
8173.51646336882  1.022237
8173.58401416689  0.9705719
8173.65155981239  0.9358515
8173.71910030508  1.015088
8173.78663564473  1.034905
8173.85416583112  1.002952
8173.92169086401  1.006804
8173.98921074319  1.012156
8174.05672546842  1.007797
8174.12423503946  1.005803
8174.19173945611  1.048036
8174.25923871811  1.016992
8174.32673282526  0.9545738
8174.39422177731  1.018756
8174.46170557405  1.009085
8174.52918421524  1.007433
8174.59665770065  0.9758397
8174.66412603006  0.9434632
8174.73158920324  0.9440318
8174.79904721997  0.9895577
8174.86650008  1.005087
8174.93394778313  1.018884
8175.00139032912  1.043116
8175.06882771774  0.9982207
8175.13625994876  0.9864045
8175.20368702197  0.9925223
8175.27110893712  0.9940349
8175.338525694  0.9979666
8175.40593729237  0.9993587
8175.47334373202  0.9436038
8175.54074501271  0.9915054
8175.60814113421  1.020486
8175.67553209631  1.013563
8175.74291789877  0.9944555
8175.81029854137  1.007683
8175.87767402388  1.023095
8175.94504434607  1.01949
8176.01240950773  1.039516
8176.07976950861  1.007222
8176.1471243485  0.9795095
8176.21447402717  1.017678
8176.2818185444  0.9715334
8176.34915789996  0.9560367
8176.41649209361  0.9678171
8176.48382112515  0.986186
8176.55114499433  0.984116
8176.61846370094  0.974941
8176.68577724475  0.9424378
8176.75308562554  0.861415
8176.82038884308  0.7242222
8176.88768689714  0.518123
8176.9549797875  0.3486293
8177.02226751394  0.3773386
8177.08955007622  0.5810975
8177.15682747413  0.7620532
8177.22409970744  0.9048201
8177.29136677593  0.9191855
8177.35862867936  0.9365687
8177.42588541752  0.9858681
8177.49313699019  0.9695302
8177.56038339712  0.9723551
8177.62762463811  0.9808138
8177.69486071293  0.9599349
8177.76209162135  0.9481503
8177.82931736316  0.7623921
8177.89653793811  0.7281173
8177.963753346  0.7403542
8178.0309635866  0.7740989
8178.09816865968  0.8830875
8178.16536856502  0.9376327
8178.2325633024  0.9898272
8178.29975287159  0.9619238
8178.36693727237  0.938648
8178.43411650452  0.9313053
8178.50129056781  0.8548203
8178.56845946202  0.8518455
8178.63562318692  0.9036966
8178.7027817423  1.010004
8178.76993512793  0.9861375
8178.83708334358  0.9466766
8178.90422638904  0.8101318
8178.97136426408  0.8010666
8179.03849696848  0.6450349
8179.10562450201  0.7336938
8179.17274686446  0.7962307
8179.2398640556  0.9016876
8179.30697607521  0.9471018
8179.37408292306  0.9052442
8179.44118459894  1.018933
8179.50828110262  1.001322
8179.57537243388  1.012884
8179.64245859249  0.9930043
8179.70953957824  0.9544294
8179.77661539091  1.000607
8179.84368603026  0.9874052
8179.91075149609  0.9511771
8179.97781178817  0.9996845
8180.04486690627  1.003054
8180.11191685017  1.041631
8180.17896161967  1.017756
8180.24600121452  1.00165
8180.31303563451  0.9961498
8180.38006487943  0.9837855
8180.44708894904  1.001885
8180.51410784313  1.027746
8180.58112156148  1.022006
8180.64813010387  0.9911385
8180.71513347007  1.003987
8180.78213165986  1.02629
8180.84912467303  1.0204
8180.91611250935  1.01516
8180.98309516861  1.00273
8181.05007265057  0.976405
8181.11704495503  0.9624291
8181.18401208177  0.9584786
8181.25097403055  0.9661394
8181.31793080116  0.9827507
8181.38488239339  0.967243
8181.45182880701  0.9299811
8181.5187700418  0.9596644
8181.58570609754  0.9866238
8181.65263697401  0.9547209
8181.719562671  0.7973712
8181.78648318828  0.6570352
8181.85339852563  0.5624353
8181.92030868284  0.6449138
8181.98721365968  0.8249266
8182.05411345594  0.9161944
8182.12100807139  0.96972
8182.18789750583  0.9623731
8182.25478175901  0.9609441
8182.32166083074  0.9382748
8182.38853472079  0.9922187
8182.45540342894  0.9300366
8182.52226695498  0.9228624
8182.58912529868  0.9476491
8182.65597845982  0.9896026
8182.72282643819  0.9168523
8182.78966923357  0.9857081
8182.85650684574  1.016342
8182.92333927449  0.9816282
8182.99016651958  0.9466131
8183.05698858082  0.9384124
8183.12380545797  0.9221296
8183.19061715082  0.9578605
8183.25742365915  1.015259
8183.32422498276  0.9942271
8183.3910211214  0.9775164
8183.45781207487  0.9968212
8183.52459784296  1.004975
8183.59137842544  1.01362
8183.6581538221  0.9782454
8183.72492403272  0.949759
8183.79168905707  0.9660429
8183.85844889496  0.9036022
8183.92520354615  0.9490232
8183.99195301043  0.9143782
8184.05869728759  0.8703089
8184.1254363774  0.8629905
8184.19217027966  0.900156
8184.25889899414  0.9023561
8184.32562252062  0.9100709
8184.3923408589  0.8728929
8184.45905400875  0.8429837
8184.52576196995  0.8904218
8184.59246474231  0.8713293
8184.65916232558  0.8089126
8184.72585471957  0.8634065
8184.79254192404  0.848395
8184.8592239388  0.8743469
8184.92590076361  0.904796
8184.99257239827  0.8558533
8185.05923884256  0.8783188
8185.12590009626  0.8576082
8185.19255615916  0.8773789
8185.25920703105  0.9218145
8185.3258527117  0.86511
8185.3924932009  0.9154608
8185.45912849844  0.9149168
8185.5257586041  0.8515383
8185.59238351767  0.9089884
8185.65900323892  0.9206855
8185.72561776766  0.9691423
8185.79222710365  0.9206279
8185.85883124669  0.9625493
8185.92543019657  0.9235803
8185.99202395306  0.9833111
8186.05861251595  0.9978929
8186.12519588503  0.9447076
8186.19177406008  0.9436653
8186.2583470409  0.7763278
8186.32491482725  0.6616983
8186.39147741894  0.6515198
8186.45803481574  0.7264354
8186.52458701745  0.8824155
8186.59113402384  0.9987762
8186.65767583471  0.9944377
8186.72421244984  0.9837532
8186.79074386901  0.9775095
8186.85727009202  0.9949811
8186.92379111865  1.015276
8186.99030694868  1.033661
8187.05681758191  1.030733
8187.12332301811  1.003139
8187.18982325708  0.9770721
8187.25631829861  0.9841737
8187.32280814247  1.049415
8187.38929278846  0.9840325
8187.45577223637  0.9761076
8187.52224648597  1.043549
8187.58871553706  0.9490213
8187.65517938943  1.00517
8187.72163804286  1.050006
8187.78809149714  1.039846
8187.85453975206  0.9187707
8187.9209828074  0.9970263
8187.98742066295  0.9998572
8188.0538533185  0.9342658
8188.12028077385  0.9814037
8188.18670302877  0.9862404
8188.25312008305  1.021798
8188.31953193648  0.9732035
8188.38593858886  1.070157
8188.45234003996  0.9831122
8188.51873628958  1.01519
8188.5851273375  1.003777
8188.65151318352  0.9239242
8188.71789382741  0.9729779
8188.78426926898  0.9088688
8188.85063950801  0.9420733
8188.91700454428  0.9929808
8188.9833643776  0.8542239
8189.04971900773  0.7751773
8189.11606843448  0.7519845
8189.18241265764  0.4799398
8189.24875167699  0.3568455
8189.31508549232  0.4000539
8189.38141410341  0.5915728
8189.44773751007  0.7968742
8189.51405571208  0.8865889
8189.58036870923  0.8901306
8189.64667650131  0.9349365
8189.7129790881  0.9589453
8189.77927646941  0.9383729
8189.84556864501  0.9592621
8189.9118556147  0.9753687
8189.97813737827  1.010075
8190.0444139355  1.003004
8190.1106852862  0.9459734
8190.17695143014  1.002586
8190.24321236712  0.9870281
8190.30946809693  1.018387
8190.37571861936  0.95705
8190.4419639342  1.002771
8190.50820404124  1.035991
8190.57443894027  0.9781844
8190.64066863108  1.020429
8190.70689311346  1.035066
8190.77311238721  0.9737716
8190.83932645211  1.013894
8190.90553530796  1.017104
8190.97173895454  0.9523026
8191.03793739166  1.01448
8191.10413061909  0.9242838
8191.17031863663  0.9941571
8191.23650144408  1.014791
8191.30267904121  0.9930059
8191.36885142784  1.055002
8191.43501860374  1.062533
8191.5011805687  1.022357
8191.56733732253  1.084603
8191.63348886501  0.9977271
8191.69963519594  0.9710689
8191.7657763151  1.04208
8191.83191222229  0.9975026
8191.8980429173  0.9946684
8191.96416839992  1.048347
8192.03028866995  1.023559
8192.09640372718  1.009535
8192.16251357139  0.990118
8192.22861820239  1.00647
8192.29471761997  0.9934018
8192.36081182391  1.034527
8192.42690081402  1.014511
8192.49298459007  0.9915404
8192.55906315188  1.01108
8192.62513649923  0.921734
8192.69120463191  0.9076079
8192.75726754971  0.9717231
8192.82332525244  1.006946
8192.88937773988  0.9556611
8192.95542501182  0.7927412
8193.02146706807  0.6219179
8193.08750390841  0.5126597
8193.15353553263  0.494308
8193.21956194054  0.6792229
8193.28558313192  0.8735492
8193.35159910657  0.9893002
8193.41760986429  0.9595817
8193.48361540486  0.9808443
8193.54961572808  1.056225
8193.61561083375  1.021079
8193.68160072166  0.9996668
8193.7475853916  1.002793
8193.81356484337  0.9491265
8193.87953907677  0.9757235
8193.94550809158  1.000317
8194.01147188761  0.9993502
8194.07743046464  1.037656
8194.14338382247  0.9827528
8194.2093319609  0.9815323
8194.27527487973  0.9922376
8194.34121257874  0.9838923
8194.40714505773  1.022751
8194.4730723165  0.9844955
8194.53899435484  1.011803
8194.60491117255  1.016341
8194.67082276942  0.9866351
8194.73672914526  1.037205
8194.80263029985  0.9522988
8194.86852623299  1.007992
8194.93441694447  0.975722
8195.0003024341  1.021857
8195.06618270167  0.9919262
8195.13205774696  1.024736
8195.19792756979  0.9722236
8195.26379216995  0.9989368
8195.32965154723  0.982541
8195.39550570143  1.004047
8195.46135463234  0.9667984
8195.52719833977  0.950844
8195.5930368235  0.9255272
8195.65887008334  0.9326898
8195.72469811908  0.8906658
8195.79052093052  0.8749103
8195.85633851745  0.8054237
8195.92215087968  0.8126409
8195.98795801699  0.9036688
8196.05375992919  0.8913082
8196.11955661608  0.9392392
8196.18534807745  0.8385023
8196.25113431309  0.8090497
8196.31691532281  0.8919478
8196.38269110641  0.8098836
8196.44846166367  0.8001398
8196.5142269944  0.8388455
8196.5799870984  0.8941717
8196.64574197546  0.8597633
8196.71149162539  0.7949404
8196.77723604797  0.8383269
8196.84297524301  0.8404503
8196.90870921031  0.7857276
8196.97443794966  0.7836725
8197.04016146086  0.8776733
8197.10587974372  0.8436067
8197.17159279802  0.8532802
8197.23730062357  0.8837543
8197.30300322016  0.9369181
8197.3687005876  0.8460695
8197.43439272569  0.8785174
8197.50007963421  0.8262638
8197.56576131298  0.6748937
8197.63143776178  0.5259784
8197.69710898043  0.3801884
8197.76277496871  0.4264146
8197.82843572644  0.6216428
8197.89409125339  0.8059211
8197.95974154939  0.8489507
8198.02538661422  0.9984258
8198.09102644768  0.9752836
8198.15666104958  0.9812696
8198.22229041971  1.01678
8198.28791455788  0.9689059
8198.35353346388  0.9792135
8198.41914713751  0.9656417
8198.48475557858  0.9960443
8198.55035878688  1.04492
8198.61595676221  1.030616
8198.68154950438  0.9936788
8198.74713701318  0.998081
8198.81271928842  1.00119
8198.87829632989  0.9308702
8198.9438681374  0.8912258
8199.00943471074  0.8702093
8199.07499604972  0.8578523
8199.14055215414  0.9582493
8199.20610302379  0.9823025
8199.27164865849  1.038837
8199.33718905802  1.047244
8199.40272422219  1.064488
8199.46825415081  0.9968674
8199.53377884367  1.025853
8199.59929830058  1.063336
8199.66481252133  0.9897305
8199.73032150573  0.9875833
8199.79582525358  0.9603061
8199.86132376468  0.8812625
8199.92681703883  0.9140078
8199.99230507583  0.8125026
8200.0577878755  0.8864036
8200.12326543761  0.8961363
8200.18873776199  0.9548193
8200.25420484843  0.9360933
8200.31966669674  0.9622289
8200.38512330671  0.9890856
8200.45057467814  0.9839247
8200.51602081085  0.9254429
8200.58146170464  0.8391633
8200.6468973593  0.7407585
8200.71232777463  0.7430604
8200.77775295045  0.8654587
8200.84317288655  0.896008
8200.90858758274  0.9772426
8200.97399703882  0.8884268
8201.03940125459  1.043445
8201.10480022985  0.9676512
8201.17019396442  0.989689
8201.23558245808  0.9960557
8201.30096571065  0.9979383
8201.36634372193  1.025728
8201.43171649172  1.057087
8201.49708401983  0.986555
8201.56244630606  1.035749
8201.6278033502  0.9937428
8201.69315515208  0.9132051
8201.75850171149  0.9936882
8201.82384302823  0.9302624
8201.88917910211  1.004694
8201.95450993293  0.9724867
8202.0198355205  1.024555
8202.08515586462  0.9709054
8202.15047096509  0.991831
8202.21578082172  1.006937
8202.28108543432  0.9779966
8202.34638480269  1.025017
8202.41167892663  0.9773386
8202.47696780595  0.9415346
8202.54225144044  1.018397
8202.60752982993  1.008675
8202.67280297421  1.019734
8202.73807087308  0.992597
8202.80333352636  0.9642062
8202.86859093385  0.9868582
8202.93384309535  0.9966066
8202.99909001066  0.9807116
8203.0643316796  0.9837773
8203.12956810197  0.9775684
8203.19479927758  1.009981
8203.26002520622  1.004003
8203.32524588771  0.9692745
8203.39046132185  1.046768
8203.45567150845  0.9561568
8203.52087644731  0.9609343
8203.58607613824  0.9914598
8203.65127058105  0.9969163
8203.71645977554  0.960981
8203.78164372151  1.051797
8203.84682241878  1.055279
8203.91199586715  1.030809
8203.97716406643  1.009513
8204.04232701642  0.9973844
8204.10748471693  1.03991
8204.17263716777  0.973427
8204.23778436874  1.028271
8204.30292631965  1.029435
8204.36806302032  1.013467
8204.43319447053  1.079854
8204.4983206701  0.9869282
8204.56344161885  0.9928697
8204.62855731657  1.047989
8204.69366776307  0.9775172
8204.75877295817  0.9666817
8204.82387290166  1.022634
8204.88896759336  1.010223
8204.95405703307  0.9950529
8205.0191412206  1.025275
8205.08422015577  1.046956
8205.14929383836  1.050953
8205.21436226821  1.016003
8205.2794254451  1.02296
8205.34448336886  1.000615
8205.40953603928  0.9602103
8205.47458345619  1.081208
8205.53962561938  1.025241
8205.60466252866  0.8139102
8205.66969418385  0.9919272
8205.73472058474  1.016043
8205.79974173116  0.9824618
8205.8647576229  1.047723
8205.92976825978  1.030993
8205.99477364161  0.9705859
8206.05977376819  1.000891
8206.12476863934  0.9844171
8206.18975825486  1.00518
8206.25474261456  1.041777
8206.31972171826  0.9671751
8206.38469556575  0.9666972
8206.44966415685  0.9722616
8206.51462749138  1.007689
8206.57958556913  0.9500561
8206.64453838993  1.070309
8206.70948595356  1.053862
8206.77442825987  1.02781
8206.83936530864  1.065001
8206.90429709968  0.9682604
8206.96922363282  1.010874
8207.03414490785  1.018323
8207.09906092459  1.024741
8207.16397168286  1.098236
8207.22887718245  1.063845
8207.29377742318  1.032803
8207.35867240486  1.062941
8207.4235621273  0.9726539
8207.48844659032  1.041051
8207.55332579372  1.058425
8207.6181997373  0.9911851
8207.6830684209  0.9980758
8207.74793184431  0.9573882
8207.81279000734  1.022341
8207.87764290981  1.062287
8207.94249055153  1.020009
8208.00733293231  1.002545
8208.07217005196  1.014937
8208.13700191029  1.017297
8208.20182850712  1.041348
8208.26664984225  1.043254
8208.3314659155  1.028344
8208.39627672667  1.028159
8208.46108227559  1.037468
8208.52588256206  0.9769907
8208.5906775859  1.036537
8208.65546734691  0.9551609
8208.72025184491  0.9672654
8208.78503107972  0.9568316
8208.84980505113  1.002564
8208.91457375897  0.9998437
8208.97933720305  1.018638
8209.04409538318  0.9919175
8209.10884829917  1.008502
8209.17359595084  0.9829848
8209.23833833799  0.9726744
8209.30307546045  0.9185445
8209.36780731802  0.9973894
8209.43253391052  0.9992923
8209.49725523776  0.9891914
8209.56197129956  0.9243253
8209.62668209571  0.9186753
8209.69138762605  0.9844116
8209.75608789039  0.9953716
8209.82078288852  1.004421
8209.88547262028  0.9657602
8209.95015708548  0.94971
8210.01483628392  0.9784569
8210.07951021542  1.024673
8210.1441788798  1.026053
8210.20884227686  1.037104
8210.27350040643  0.9335992
8210.33815326832  1.005897
8210.40280086234  0.9879032
8210.4674431883  0.9679246
8210.53208024602  1.034394
8210.59671203532  1.00609
8210.66133855601  1.049322
8210.72595980789  1.010277
8210.7905757908  1.055358
8210.85518650454  0.9886697
8210.91979194893  1.016915
8210.98439212377  1.085555
8211.0489870289  1.056704
8211.11357666412  1.022881
8211.17816102924  1.021996
8211.24274012409  0.9045877
8211.30731394847  1.046925
8211.37188250221  1.03272
8211.43644578511  1.049424
8211.501003797  1.058195
8211.56555653768  1.017302
8211.63010400698  1.023715
8211.69464620472  1.038792
8211.75918313069  1.044618
8211.82371478473  1.0164
8211.88824116665  1.011388
8211.95276227626  0.9360937
8212.01727811338  0.9064261
8212.08178867783  0.8301728
8212.14629396942  0.8114029
8212.21079398797  0.8507696
8212.27528873329  0.9810036
8212.3397782052  1.007181
8212.40426240353  1.012109
8212.46874132808  0.972628
8212.53321497867  1.004559
8212.59768335511  1.024547
8212.66214645723  1.015003
8212.72660428485  1.057558
8212.79105683777  1.008006
8212.85550411582  1.064399
8212.91994611881  0.9843634
8212.98438284656  0.9874792
8213.04881429889  1.046028
8213.11324047562  1.043687
8213.17766137656  1.038978
8213.24207700153  1.012627
8213.30648735034  0.9566975
8213.37089242282  0.9605969
8213.43529221879  1.009837
8213.49968673805  1.017308
8213.56407598044  1.014745
8213.62845994576  0.9308104
8213.69283863384  0.9593096
8213.75721204449  0.9784138
8213.82158017753  1.01357
8213.88594303279  0.9517075
8213.95030061007  0.9872242
8214.01465290919  1.029338
8214.07899992999  0.9488676
8214.14334167227  1.01911
8214.20767813584  0.898722
8214.27200932055  0.9303406
8214.33633522619  0.8930639
8214.40065585259  0.9424639
8214.46497119957  0.9177746
8214.52928126695  0.939223
8214.59358605454  1.012003
8214.65788556217  0.9391478
8214.72217978966  0.9748673
8214.78646873681  0.8965474
8214.85075240347  1.013203
8214.91503078944  0.9608626
8214.97930389454  0.9749143
8215.04357171859  0.9742923
8215.10783426141  0.9052719
8215.17209152284  0.9490806
8215.23634350267  0.9922616
8215.30059020073  0.9394957
8215.36483161685  0.9691873
8215.42906775084  1.017506
8215.49329860253  0.9598604
8215.55752417172  1.039856
8215.62174445826  1.032586
8215.68595946194  0.9279574
8215.7501691826  0.9762017
8215.81437362006  0.9643295
8215.87857277413  0.9812454
8215.94276664465  1.012887
8216.00695523141  1.011907
8216.07113853426  1.012121
8216.13531655301  1.02619
8216.19948928748  1.04814
8216.26365673749  0.9120318
8216.32781890287  1.02473
8216.39197578343  0.9450047
8216.456127379  0.9855996
8216.52027368939  1.000718
8216.58441471444  0.9920616
8216.64855045395  0.972958
8216.71268090776  0.9567639
8216.77680607569  1.001393
8216.84092595755  0.9293684
8216.90504055317  0.9554685
8216.96914986237  1.03108
8217.03325388497  1.029409
8217.0973526208  0.9900661
8217.16144606967  0.9663272
8217.22553423142  0.9901881
8217.28961710586  0.9649531
8217.35369469281  0.9580989
8217.4177669921  0.9972264
8217.48183400355  0.9925901
8217.54589572698  0.997464
8217.60995216222  1.017938
8217.67400330908  1.027435
8217.7380491674  0.9521582
8217.80208973699  1.034616
8217.86612501768  1.005196
8217.93015500929  0.9758731
8217.99417971164  0.7938969
8218.05819912456  0.7514136
8218.12221324787  0.6851998
8218.1862220814  0.7456589
8218.25022562496  0.8296369
8218.31422387838  0.9545915
8218.3782168415  0.9935329
8218.44220451412  1.081075
8218.50618689607  1.005504
8218.57016398718  1.011256
8218.63413578727  1.026313
8218.69810229616  0.9784654
8218.76206351369  0.9867793
8218.82601943967  1.01149
8218.88997007393  0.9902747
8218.95391541628  1.009856
8219.01785546657  0.9852511
8219.08179022461  1.053283
8219.14571969023  1.045225
8219.20964386324  1.017271
8219.27356274348  1.027699
8219.33747633077  1.036433
8219.40138462494  0.9374402
8219.46528762581  1.010926
8219.52918533321  1.002367
8219.59307774695  1.038134
8219.65696486688  0.9684768
8219.72084669281  0.9547846
8219.78472322455  1.021115
8219.84859446196  1.081152
8219.91246040484  1.041858
8219.97632105303  0.9878896
8220.04017640635  1.028883
8220.10402646462  1.031051
8220.16787122768  0.9940355
8220.23171069535  1.031078
8220.29554486744  0.9601229
8220.3593737438  0.9927149
8220.42319732425  1.007255
8220.4870156086  0.996249
8220.55082859669  0.9836269
8220.61463628835  0.9972419
8220.67843868341  1.015704
8220.74223578168  0.9212941
8220.80602758299  0.9391582
8220.86981408718  1.008625
8220.93359529407  0.9924746
8220.99737120348  0.9436426
8221.06114181525  0.9550033
8221.12490712919  0.9714676
8221.18866714514  0.8811547
8221.25242186293  0.9774841
8221.31617128238  0.8429184
8221.37991540332  0.8814042
8221.44365422557  0.8622041
8221.50738774896  0.8155841
8221.57111597333  0.7332526
8221.6348388985  0.7625583
8221.6985565243  0.8590544
8221.76226885055  0.8763806
8221.82597587708  0.8413934
8221.88967760372  0.9240955
8221.9533740303  0.8262323
8222.01706515666  0.9049635
8222.0807509826  0.9390894
8222.14443150797  0.9788402
8222.20810673259  0.8577791
8222.27177665629  0.9165449
8222.3354412789  0.9237621
8222.39910060025  0.9414574
8222.46275462016  0.891739
8222.52640333847  0.95477
8222.59004675501  0.8588609
8222.6536848696  0.9434434
8222.71731768207  0.9274393
8222.78094519225  0.9077865
8222.84456739996  0.9745829
8222.90818430506  0.9807482
8222.97179590735  1.005347
8223.03540220666  0.9743208
8223.09900320284  1.003206
8223.1625988957  0.9686862
8223.22618928508  1.047001
8223.2897743708  0.9968234
8223.35335415271  1.012491
8223.41692863062  0.9988796
8223.48049780436  1.058145
8223.54406167377  1.070059
8223.60762023868  1.018243
8223.67117349891  1.045474
8223.7347214543  0.95965
8223.79826410468  0.9663798
8223.86180144988  0.8558916
8223.92533348972  0.8175683
8223.98886022405  0.8525688
8224.05238165268  0.8725601
8224.11589777545  0.8812981
8224.1794085922  1.00546
8224.24291410274  0.9964169
8224.30641430691  0.9351093
8224.36990920456  0.9654856
8224.43339879549  0.925477
8224.49688307956  0.9524531
8224.56036205657  1.024031
8224.62383572638  1.001423
8224.68730408881  1.006679
8224.75076714369  1.028495
8224.81422489085  1.010425
8224.87767733013  1.065575
8224.94112446135  1.01682
8225.00456628436  1.01985
8225.06800279897  0.983823
8225.13143400502  1.053102
8225.19485990235  1.032897
8225.25828049079  0.9944447
8225.32169577016  1.043294
8225.38510574031  1.007964
8225.44851040105  1.020312
8225.51190975224  0.9203254
8225.57530379369  0.9320652
8225.63869252524  0.8709205
8225.70207594672  0.8346775
8225.76545405797  0.8360822
8225.82882685882  0.916231
8225.89219434911  0.9578495
8225.95555652865  1.009898
8226.0189133973  0.9789024
8226.08226495487  0.955826
8226.14561120121  1.024196
8226.20895213614  1.000065
8226.27228775951  0.9979523
8226.33561807115  1.029032
8226.39894307087  0.9437664
8226.46226275853  0.9552093
8226.52557713396  0.9667704
8226.58888619698  0.9489278
8226.65218994744  0.9060514
8226.71548838516  0.9388725
8226.77878150998  0.8454165
8226.84206932174  0.613127
8226.90535182027  0.4613842
8226.96862900539  0.3537208
8227.03190087696  0.5245867
8227.0951674348  0.6564918
8227.15842867874  0.835757
8227.22168460862  0.9233562
8227.28493522428  0.9642702
8227.34818052555  0.9298646
8227.41142051226  0.9591153
8227.47465518425  0.9438546
8227.53788454136  0.9981588
8227.60110858341  0.9370525
8227.66432731025  0.9704014
8227.72754072171  0.9744141
8227.79074881762  0.8907492
8227.85395159782  0.8361682
8227.91714906215  0.6960453
8227.98034121044  0.6650879
8228.04352804252  0.602169
8228.10670955824  0.5755795
8228.16988575742  0.5492225
8228.23305663991  0.4192943
8228.29622220554  0.3265778
8228.35938245414  0.4014788
8228.42253738555  0.5746442
8228.48568699961  0.8463722
8228.54883129615  0.7910032
8228.61197027501  0.8075052
8228.67510393603  0.5945451
8228.73823227904  0.6350324
8228.80135530388  0.6517243
8228.86447301038  0.7728992
8228.92758539838  0.8606744
8228.99069246773  0.8584501
8229.05379421824  0.9808635
8229.11689064977  0.918637
8229.17998176215  0.955684
8229.24306755522  1.009819
8229.30614802881  1.009681
8229.36922318275  0.9684662
8229.4322930169  0.9337301
8229.49535753108  0.9326802
8229.55841672513  0.8391604
8229.62147059889  0.966022
8229.6845191522  0.8170404
8229.74756238489  0.6274474
8229.81060029681  0.7969026
8229.87363288778  0.8427883
8229.93666015765  0.9019807
8229.99968210626  0.9730421
8230.06269873345  0.9871548
8230.12571003904  0.9789665
8230.18871602289  1.065927
8230.25171668482  0.9791626
8230.31471202468  1.00232
8230.37770204231  0.9853324
