5214.66260298613  3.695355E-14
5214.71085349342  3.439051E-14
5214.75910092966  3.629384E-14
5214.80734529461  3.602516E-14
5214.85558658807  3.280450E-14
5214.90382480983  3.480580E-14
5214.95205995966  3.251554E-14
5215.00029203736  3.798102E-14
5215.0485210427  3.263001E-14
5215.09674697548  3.437818E-14
5215.14496983547  3.480279E-14
5215.19318962247  3.214767E-14
5215.24140633626  3.636524E-14
5215.28961997663  3.643585E-14
5215.33783054336  3.423405E-14
5215.38603803623  3.345021E-14
5215.43424245504  3.520957E-14
5215.48244379956  3.279469E-14
5215.53064206959  3.437042E-14
5215.57883726492  2.974734E-14
5215.62702938531  3.215460E-14
5215.67521843057  2.904981E-14
5215.72340440048  3.119295E-14
5215.77158729482  3.086054E-14
5215.81976711338  2.953108E-14
5215.86794385595  3.014797E-14
5215.9161175223  3.078352E-14
5215.96428811224  2.942930E-14
5216.01245562554  3.075437E-14
5216.060620062  3.017181E-14
5216.10878142139  3.078831E-14
5216.15693970351  2.940794E-14
5216.20509490814  2.996820E-14
5216.25324703506  3.369913E-14
5216.30139608407  3.324413E-14
5216.34954205494  3.098450E-14
5216.39768494748  2.887177E-14
5216.44582476146  2.950993E-14
5216.49396149666  2.887659E-14
5216.54209515288  3.385178E-14
5216.59022572991  2.994935E-14
5216.63835322753  2.910886E-14
5216.68647764553  2.886803E-14
5216.73459898369  2.720975E-14
5216.7827172418  2.986836E-14
5216.83083241965  2.745451E-14
5216.87894451703  3.143489E-14
5216.92705353372  2.774064E-14
5216.9751594695  3.085082E-14
5217.02326232418  3.169921E-14
5217.07136209753  3.109994E-14
5217.11945878934  2.952152E-14
5217.1675523994  3.325835E-14
5217.2156429275  2.874518E-14
5217.26373037342  2.881838E-14
5217.31181473695  3.065796E-14
5217.35989601788  3.144608E-14
5217.40797421599  3.500876E-14
5217.45604933108  3.179559E-14
5217.50412136293  2.960772E-14
5217.55219031134  3.046601E-14
5217.60025617607  2.923023E-14
5217.64831895694  3.072789E-14
5217.69637865371  3.011182E-14
5217.74443526619  3.154706E-14
5217.79248879416  2.778165E-14
5217.8405392374  2.993950E-14
5217.8885865957  3.100746E-14
5217.93663086886  3.174769E-14
5217.98467205666  2.589636E-14
5218.03271015889  2.822449E-14
5218.08074517533  2.973649E-14
5218.12877710578  2.861657E-14
5218.17680595003  3.188141E-14
5218.22483170785  3.094811E-14
5218.27285437905  3.094877E-14
5218.32087396341  2.995359E-14
5218.36889046071  2.981250E-14
5218.41690387075  3.182645E-14
5218.46491419331  3.016204E-14
5218.51292142819  2.788551E-14
5218.56092557516  2.802204E-14
5218.60892663403  3.173165E-14
5218.65692460458  3.010389E-14
5218.70491948659  2.830778E-14
5218.75291127986  2.910126E-14
5218.80089998418  2.515868E-14
5218.84888559933  2.933937E-14
5218.89686812511  3.242133E-14
5218.94484756129  3.068468E-14
5218.99282390768  3.086206E-14
5219.04079716406  3.029914E-14
5219.08876733022  3.162033E-14
5219.13673440595  3.516019E-14
5219.18469839104  3.460265E-14
5219.23265928527  3.402200E-14
5219.28061708844  3.298466E-14
5219.32857180034  3.321702E-14
5219.37652342075  3.538592E-14
5219.42447194947  3.328876E-14
5219.47241738628  2.992056E-14
5219.52035973098  3.457500E-14
5219.56829898335  3.354194E-14
5219.61623514319  3.383121E-14
5219.66416821027  3.215815E-14
5219.7120981844  3.483966E-14
5219.76002506537  3.767871E-14
5219.80794885295  3.720155E-14
5219.85586954695  3.225365E-14
5219.90378714715  3.654635E-14
5219.95170165334  3.678635E-14
5219.99961306532  3.424687E-14
5220.04752138287  3.374785E-14
5220.09542660577  3.655589E-14
5220.14332873384  3.300456E-14
5220.19122776684  3.592044E-14
5220.23912370458  3.375498E-14
5220.28701654684  3.702361E-14
5220.33490629342  3.207525E-14
5220.38279294409  3.508098E-14
5220.43067649867  3.527975E-14
5220.47855695692  3.501623E-14
5220.52643431866  3.504239E-14
5220.57430858366  3.260096E-14
5220.62217975171  3.508932E-14
5220.67004782261  3.598546E-14
5220.71791279615  3.616948E-14
5220.76577467212  3.287220E-14
5220.81363345031  3.184032E-14
5220.86148913051  3.160708E-14
5220.90934171251  3.656064E-14
5220.9571911961  3.174051E-14
5221.00503758108  3.553035E-14
5221.05288086722  3.257042E-14
5221.10072105434  2.924393E-14
5221.1485581422  3.389815E-14
5221.19639213062  3.336166E-14
5221.24422301937  3.557136E-14
5221.29205080826  3.624616E-14
5221.33987549706  3.519135E-14
5221.38769708558  3.098211E-14
5221.4355155736  3.450656E-14
5221.48333096091  3.455129E-14
5221.53114324732  3.330398E-14
5221.57895243259  3.299428E-14
5221.62675851654  3.661308E-14
5221.67456149895  3.570013E-14
5221.72236137961  3.468539E-14
5221.77015815832  3.333941E-14
5221.81795183486  3.527996E-14
5221.86574240904  3.587967E-14
5221.91352988062  3.528809E-14
5221.96131424942  3.521387E-14
5222.00909551523  3.543761E-14
5222.05687367783  3.671127E-14
5222.10464873701  3.285015E-14
5222.15242069258  3.067500E-14
5222.20018954432  3.506486E-14
5222.24795529202  3.222018E-14
5222.29571793547  3.646995E-14
5222.34347747448  3.331077E-14
5222.39123390883  3.434364E-14
5222.4389872383  3.332352E-14
5222.4867374627  3.240850E-14
5222.53448458182  3.496203E-14
5222.58222859545  3.628983E-14
5222.62996950338  3.708956E-14
5222.67770730541  3.402205E-14
5222.72544200132  3.333288E-14
5222.77317359091  3.603227E-14
5222.82090207398  3.379635E-14
5222.86862745031  3.565783E-14
5222.9163497197  3.452591E-14
5222.96406888194  3.482682E-14
5223.01178493682  3.505127E-14
5223.05949788414  3.134883E-14
5223.10720772369  3.267627E-14
5223.15491445526  3.333400E-14
5223.20261807865  3.456112E-14
5223.25031859364  3.464290E-14
5223.29801600004  3.134165E-14
5223.34571029763  3.411571E-14
5223.39340148621  3.696697E-14
5223.44108956557  3.258583E-14
5223.48877453551  3.299250E-14
5223.53645639581  3.446798E-14
5223.58413514628  3.424386E-14
5223.6318107867  3.234339E-14
5223.67948331687  3.249309E-14
5223.72715273658  3.131963E-14
5223.77481904562  3.556372E-14
5223.8224822438  3.208262E-14
5223.8701423309  3.315180E-14
5223.91779930671  2.978991E-14
5223.96545317103  3.384056E-14
5224.01310392366  3.340172E-14
5224.06075156439  3.102204E-14
5224.108396093  3.389510E-14
5224.15603750931  3.497603E-14
5224.20367581309  3.278352E-14
5224.25131100414  3.069166E-14
5224.29894308227  3.350440E-14
5224.34657204725  3.390088E-14
5224.39419789889  3.410824E-14
5224.44182063698  3.415980E-14
5224.48944026132  3.401214E-14
5224.53705677169  3.583137E-14
5224.5846701679  3.622273E-14
5224.63228044973  3.508450E-14
5224.67988761699  3.557358E-14
5224.72749166946  3.378162E-14
5224.77509260694  3.230725E-14
5224.82269042923  3.267386E-14
5224.87028513612  3.160382E-14
5224.9178767274  3.455373E-14
5224.96546520287  3.334827E-14
5225.01305056233  3.122745E-14
5225.06063280556  3.039655E-14
5225.10821193237  3.420574E-14
5225.15578794254  3.584484E-14
5225.20336083588  3.315062E-14
5225.25093061218  3.135527E-14
5225.29849727123  3.148019E-14
5225.34606081283  2.971255E-14
5225.39362123677  2.764439E-14
5225.44117854286  3.371054E-14
5225.48873273087  2.821923E-14
5225.53628380062  3.280302E-14
5225.58383175189  3.089004E-14
5225.63137658448  3.216428E-14
5225.67891829818  3.060411E-14
5225.7264568928  2.911979E-14
5225.77399236812  2.994963E-14
5225.82152472394  2.698168E-14
5225.86905396006  3.013868E-14
5225.91658007627  3.084964E-14
5225.96410307237  3.099362E-14
5226.01162294815  3.130007E-14
5226.05913970342  2.900954E-14
5226.10665333796  2.922081E-14
5226.15416385157  2.907043E-14
5226.20167124404  3.050842E-14
5226.24917551518  3.037732E-14
5226.29667666478  3.126327E-14
5226.34417469264  2.615737E-14
5226.39166959855  2.811944E-14
5226.4391613823  2.926520E-14
5226.48665004369  2.821264E-14
5226.53413558253  3.005835E-14
5226.5816179986  3.122223E-14
5226.62909729171  3.203967E-14
5226.67657346164  3.325238E-14
5226.72404650819  2.822325E-14
5226.77151643117  3.093804E-14
5226.81898323037  3.139774E-14
5226.86644690558  3.070187E-14
5226.91390745659  2.632793E-14
5226.96136488322  2.873297E-14
5227.00881918525  2.953398E-14
5227.05627036248  2.841561E-14
5227.10371841471  2.602930E-14
5227.15116334174  2.871341E-14
5227.19860514335  2.805066E-14
5227.24604381935  2.542904E-14
5227.29347936953  2.643344E-14
5227.3409117937  2.804401E-14
5227.38834109165  2.642095E-14
5227.43576726317  2.844555E-14
5227.48319030807  2.571171E-14
5227.53061022613  2.291802E-14
5227.57802701716  2.383217E-14
5227.62544068095  2.288329E-14
5227.67285121731  2.256011E-14
5227.72025862602  2.095500E-14
5227.76766290689  2.192390E-14
5227.81506405972  2.052570E-14
5227.86246208429  2.221104E-14
5227.90985698042  2.213916E-14
5227.95724874789  2.006853E-14
5228.0046373865  2.031402E-14
5228.05202289606  2.276145E-14
5228.09940527635  2.262825E-14
5228.14678452718  2.388490E-14
5228.19416064834  2.376264E-14
5228.24153363964  2.264050E-14
5228.28890350086  2.385526E-14
5228.33627023182  2.694148E-14
5228.3836338323  2.685529E-14
5228.4309943021  2.817827E-14
5228.47835164103  2.673031E-14
5228.52570584888  2.653405E-14
5228.57305692544  2.894446E-14
5228.62040487052  2.739910E-14
5228.66774968391  2.931435E-14
5228.71509136542  3.074899E-14
5228.76242991484  3.092894E-14
5228.80976533197  3.492797E-14
5228.8570976166  3.056581E-14
5228.90442676854  3.137006E-14
5228.95175278759  2.994138E-14
5228.99907567354  3.307500E-14
5229.04639542619  3.256588E-14
5229.09371204534  3.424756E-14
5229.14102553079  2.899119E-14
5229.18833588233  3.527692E-14
5229.23564309978  3.205126E-14
5229.28294718292  3.436331E-14
5229.33024813155  3.390687E-14
5229.37754594548  3.559966E-14
5229.4248406245  3.060549E-14
5229.47213216841  3.456792E-14
5229.51942057701  3.270224E-14
5229.56670585009  3.168899E-14
5229.61398798747  3.091802E-14
5229.66126698894  3.227208E-14
5229.70854285428  3.599849E-14
5229.75581558332  3.517467E-14
5229.80308517584  3.597452E-14
5229.85035163165  3.129037E-14
5229.89761495054  3.488881E-14
5229.94487513231  3.683355E-14
5229.99213217676  3.643203E-14
5230.0393860837  3.582438E-14
5230.08663685292  3.746655E-14
5230.13388448422  3.460037E-14
5230.1811289774  3.470971E-14
5230.22837033226  3.364872E-14
5230.27560854861  3.683515E-14
5230.32284362623  3.188789E-14
5230.37007556493  3.231398E-14
5230.41730436451  3.233455E-14
5230.46453002478  2.901800E-14
5230.51175254552  3.101067E-14
5230.55897192654  3.067218E-14
5230.60618816764  3.150253E-14
5230.65340126863  2.719150E-14
5230.70061122929  3.154747E-14
5230.74781804943  3.174076E-14
5230.79502172885  3.012520E-14
5230.84222226736  3.241335E-14
5230.88941966474  3.044393E-14
5230.93661392081  2.858006E-14
5230.98380503536  3.043330E-14
5231.03099300819  2.974560E-14
5231.07817783911  2.953717E-14
5231.1253595279  3.001579E-14
5231.17253807439  3.100344E-14
5231.21971347836  2.940849E-14
5231.26688573961  3.037074E-14
5231.31405485794  2.999243E-14
5231.36122083317  3.293308E-14
5231.40838366509  3.381231E-14
5231.45554335349  3.328845E-14
5231.50269989818  3.466169E-14
5231.54985329896  3.443417E-14
5231.59700355564  3.497674E-14
5231.644150668  3.502973E-14
5231.69129463586  3.533796E-14
5231.73843545902  3.260533E-14
5231.78557313727  3.490810E-14
5231.83270767042  3.332094E-14
5231.87983905827  3.498842E-14
5231.92696730062  3.368644E-14
5231.97409239726  3.311276E-14
5232.02121434802  3.602501E-14
5232.06833315267  3.524174E-14
5232.11544881103  3.436355E-14
5232.1625613229  3.501466E-14
5232.20967068808  3.462587E-14
5232.25677690636  3.551202E-14
5232.30387997757  3.397795E-14
5232.35097990148  3.598059E-14
5232.39807667791  4.036986E-14
5232.44517030666  3.680092E-14
5232.49226078752  3.691920E-14
5232.53934812031  3.620239E-14
5232.58643230482  3.819335E-14
5232.63351334085  3.378636E-14
5232.68059122822  3.707158E-14
5232.72766596671  3.587899E-14
5232.77473755613  3.295660E-14
5232.82180599629  3.673889E-14
5232.86887128698  3.453042E-14
5232.91593342801  3.350980E-14
5232.96299241918  3.658903E-14
5233.0100482603  3.446464E-14
5233.05710095116  3.600788E-14
5233.10415049156  3.700491E-14
5233.15119688132  3.502854E-14
5233.19824012023  3.330479E-14
5233.24528020809  3.291989E-14
5233.29231714472  3.016751E-14
5233.3393509299  2.808237E-14
5233.38638156344  3.140363E-14
5233.43340904516  3.022172E-14
5233.48043337484  3.049885E-14
5233.52745455229  2.690702E-14
5233.57447257732  2.647785E-14
5233.62148744973  3.145242E-14
5233.66849916931  2.682438E-14
5233.71550773588  2.853858E-14
5233.76251314923  2.826517E-14
5233.80951540918  2.677783E-14
5233.85651451552  2.818290E-14
5233.90351046805  2.771717E-14
5233.95050326659  2.747482E-14
5233.99749291092  2.582617E-14
5234.04447940087  2.643328E-14
5234.09146273622  2.857062E-14
5234.13844291678  2.633283E-14
5234.18541994236  2.583607E-14
5234.23239381277  2.856366E-14
5234.27936452779  2.998558E-14
5234.32633208724  3.004131E-14
5234.37329649093  3.094142E-14
5234.42025773864  3.159409E-14
5234.4672158302  3.051094E-14
5234.5141707654  3.088965E-14
5234.56112254404  3.230719E-14
5234.60807116593  3.132989E-14
5234.65501663088  3.139724E-14
5234.70195893869  3.321786E-14
5234.74889808915  3.691137E-14
5234.79583408208  3.592856E-14
5234.84276691729  3.325840E-14
5234.88969659456  3.399566E-14
5234.93662311372  3.617637E-14
5234.98354647455  3.722533E-14
5235.03046667688  3.273152E-14
5235.07738372049  3.179141E-14
5235.12429760521  3.259453E-14
5235.17120833082  3.417989E-14
5235.21811589713  3.211539E-14
5235.26502030395  3.061341E-14
5235.31192155109  2.920509E-14
5235.35881963835  3.132109E-14
5235.40571456553  3.371477E-14
5235.45260633243  3.296999E-14
5235.49949493887  3.404474E-14
5235.54638038465  3.118792E-14
5235.59326266957  3.257929E-14
5235.64014179343  3.000939E-14
5235.68701775605  3.186603E-14
5235.73389055722  2.993871E-14
5235.78076019675  3.122701E-14
5235.82762667446  2.965422E-14
5235.87448999013  2.981531E-14
5235.92135014358  2.843186E-14
5235.96820713461  3.165288E-14
5236.01506096303  2.964036E-14
5236.06191162865  2.795296E-14
5236.10875913126  3.197423E-14
5236.15560347067  3.194712E-14
5236.2024446467  3.191841E-14
5236.24928265913  2.952205E-14
5236.29611750779  3.145261E-14
5236.34294919247  3.078328E-14
5236.38977771299  3.446112E-14
5236.43660306914  3.432174E-14
5236.48342526073  3.326685E-14
5236.53024428757  3.195309E-14
5236.57706014947  3.186038E-14
5236.62387284623  3.222597E-14
5236.67068237764  3.277512E-14
5236.71748874354  3.237250E-14
5236.76429194371  3.467460E-14
5236.81109197796  3.085923E-14
5236.8578888461  3.139678E-14
5236.90468254794  3.313101E-14
5236.95147308329  3.274416E-14
5236.99826045193  3.611894E-14
5237.0450446537  3.431991E-14
5237.09182568838  3.573650E-14
5237.13860355579  3.441898E-14
5237.18537825573  3.577394E-14
5237.23214978802  3.398723E-14
5237.27891815245  3.211894E-14
5237.32568334883  3.512347E-14
5237.37244537697  3.508695E-14
5237.41920423668  3.256345E-14
5237.46595992776  3.651672E-14
5237.51271245001  3.597465E-14
5237.55946180326  3.446683E-14
5237.6062079873  3.484425E-14
5237.65295100193  3.147453E-14
5237.69969084697  3.518371E-14
5237.74642752223  3.345741E-14
5237.79316102751  3.451083E-14
5237.83989136261  3.396023E-14
5237.88661852735  3.289468E-14
5237.93334252153  3.433703E-14
5237.98006334496  3.668900E-14
5238.02678099744  3.409267E-14
5238.07349547879  3.402153E-14
5238.1202067888  3.324413E-14
5238.16691492729  3.403638E-14
5238.21361989407  3.201249E-14
5238.26032168894  3.476022E-14
5238.30702031171  3.308817E-14
5238.35371576219  3.617422E-14
5238.40040804018  3.462945E-14
5238.44709714549  3.120974E-14
5238.49378307794  3.579014E-14
5238.54046583732  3.321337E-14
5238.58714542345  3.524096E-14
5238.63382183613  3.362546E-14
5238.68049507517  3.377061E-14
5238.72716514038  3.657897E-14
5238.77383203156  3.547519E-14
5238.82049574854  3.779608E-14
5238.8671562911  3.444040E-14
5238.91381365907  3.610947E-14
5238.96046785224  3.530706E-14
5239.00711887043  3.449963E-14
5239.05376671344  3.687385E-14
5239.10041138109  3.472018E-14
5239.14705287318  3.413431E-14
5239.19369118952  3.711786E-14
5239.24032632992  3.463565E-14
5239.28695829419  3.611849E-14
5239.33358708212  3.326940E-14
5239.38021269355  3.713170E-14
5239.42683512826  3.520862E-14
5239.47345438608  3.782338E-14
5239.5200704668  3.694243E-14
5239.56668337024  3.450583E-14
5239.61329309622  3.461170E-14
5239.65989964452  3.704380E-14
5239.70650301497  3.626593E-14
5239.75310320737  3.447861E-14
5239.79970022153  3.589105E-14
5239.84629405727  3.746400E-14
5239.89288471438  3.553769E-14
5239.93947219269  3.563928E-14
5239.98605649199  3.596842E-14
5240.0326376121  3.553675E-14
5240.07921555282  3.839427E-14
5240.12579031397  3.635987E-14
5240.17236189536  3.500848E-14
5240.21893029679  3.394763E-14
5240.26549551807  3.299907E-14
5240.31205755902  3.503540E-14
5240.35861641944  3.496164E-14
5240.40517209914  3.230226E-14
5240.45172459793  3.359076E-14
5240.49827391562  3.353198E-14
5240.54482005202  3.292366E-14
5240.59136300694  3.291119E-14
5240.63790278019  3.867458E-14
5240.68443937158  3.330435E-14
5240.73097278093  3.366328E-14
5240.77750300802  3.460005E-14
5240.82403005269  3.399869E-14
5240.87055391474  3.568776E-14
5240.91707459398  3.437853E-14
5240.96359209021  3.412822E-14
5241.01010640326  3.047790E-14
5241.05661753292  3.422217E-14
5241.10312547901  3.420081E-14
5241.14963024135  3.397702E-14
5241.19613181973  3.339345E-14
5241.24263021397  3.236628E-14
5241.28912542389  3.499086E-14
5241.33561744928  3.481208E-14
5241.38210628996  3.162988E-14
5241.42859194575  3.471760E-14
5241.47507441645  3.700970E-14
5241.52155370187  3.359364E-14
5241.56802980183  3.473808E-14
5241.61450271612  3.465482E-14
5241.66097244458  3.655675E-14
5241.707438987  3.523127E-14
5241.75390234319  3.587819E-14
5241.80036251297  3.753865E-14
5241.84681949616  3.544814E-14
5241.89327329254  3.874866E-14
5241.93972390195  3.786708E-14
5241.98617132419  3.803542E-14
5242.03261555908  3.781723E-14
5242.07905660641  3.595360E-14
5242.12549446601  3.694820E-14
5242.17192913768  3.508782E-14
5242.21836062124  3.914695E-14
5242.26478891651  3.474643E-14
5242.31121402327  3.792147E-14
5242.35763594136  3.504797E-14
5242.40405467058  3.627691E-14
5242.45047021075  3.690193E-14
5242.49688256167  3.682511E-14
5242.54329172315  3.586823E-14
5242.58969769502  3.655620E-14
5242.63610047707  3.584908E-14
5242.68250006912  3.632774E-14
5242.72889647099  3.680101E-14
5242.77528968249  3.833888E-14
5242.82167970341  3.491853E-14
5242.8680665336  3.422616E-14
5242.91445017284  3.411689E-14
5242.96083062095  3.342063E-14
5243.00720787774  3.576221E-14
5243.05358194304  3.586379E-14
5243.09995281664  3.488413E-14
5243.14632049836  3.247001E-14
5243.19268498802  3.186831E-14
5243.23904628542  3.251441E-14
5243.28540439038  3.575650E-14
5243.3317593027  3.373012E-14
5243.37811102222  3.186645E-14
5243.42445954872  3.147790E-14
5243.47080488203  3.452742E-14
5243.51714702197  3.306146E-14
5243.56348596833  3.395287E-14
5243.60982172094  3.221583E-14
5243.6561542796  3.386948E-14
5243.70248364414  3.286855E-14
5243.74880981436  3.326520E-14
5243.79513279008  3.208174E-14
5243.8414525711  3.191764E-14
5243.88776915724  3.066231E-14
5243.93408254832  3.289318E-14
5243.98039274415  3.279449E-14
5244.02669974453  3.350057E-14
5244.07300354929  3.479264E-14
5244.11930415824  3.450296E-14
5244.16560157118  3.585680E-14
5244.21189578794  3.316089E-14
5244.25818680832  3.542485E-14
5244.30447463214  3.201466E-14
5244.35075925922  3.641335E-14
5244.39704068936  3.068655E-14
5244.44331892237  3.189302E-14
5244.48959395809  3.211153E-14
5244.5358657963  3.109462E-14
5244.58213443684  3.281929E-14
5244.62839987951  3.456761E-14
5244.67466212413  3.210901E-14
5244.72092117051  3.400826E-14
5244.76717701846  3.482278E-14
5244.8134296678  3.441683E-14
5244.85967911834  3.475465E-14
5244.90592536989  3.305740E-14
5244.95216842228  3.387263E-14
5244.99840827531  3.525004E-14
5245.0446449288  3.461932E-14
5245.09087838256  3.496021E-14
5245.1371086364  3.717881E-14
5245.18333569015  3.795858E-14
5245.2295595436  3.592567E-14
5245.27578019659  3.585922E-14
5245.32199764892  3.601523E-14
5245.3682119004  3.569832E-14
5245.41442295086  3.728243E-14
5245.4606308001  3.588304E-14
5245.50683544794  3.568268E-14
5245.55303689419  3.917899E-14
5245.59923513868  3.869039E-14
5245.6454301812  3.750973E-14
5245.69162202159  3.599539E-14
5245.73781065965  3.898246E-14
5245.78399609519  4.032242E-14
5245.83017832804  3.612346E-14
5245.87635735801  3.771755E-14
5245.9225331849  3.751077E-14
5245.96870580854  3.823044E-14
5246.01487522875  3.433064E-14
5246.06104144533  3.847823E-14
5246.1072044581  3.818936E-14
5246.15336426688  3.772217E-14
5246.19952087148  3.502521E-14
5246.24567427172  3.647378E-14
5246.29182446741  3.561862E-14
5246.33797145836  3.940111E-14
5246.3841152444  3.940616E-14
5246.43025582534  3.627118E-14
5246.476393201  3.738421E-14
5246.52252737118  3.669429E-14
5246.5686583357  3.869872E-14
5246.61478609439  3.704215E-14
5246.66091064704  3.772821E-14
5246.7070319935  3.650016E-14
5246.75315013355  3.693521E-14
5246.79926506704  3.633272E-14
5246.84537679375  3.574559E-14
5246.89148531352  3.668033E-14
5246.93759062617  3.606408E-14
5246.9836927315  3.666687E-14
5247.02979162932  3.383324E-14
5247.07588731947  3.500683E-14
5247.12197980175  3.371587E-14
5247.16806907598  3.623696E-14
5247.21415514198  3.532548E-14
5247.26023799955  3.610114E-14
5247.30631764853  3.317036E-14
5247.35239408872  3.404891E-14
5247.39846731994  3.781357E-14
5247.44453734201  3.375809E-14
5247.49060415474  3.515266E-14
5247.53666775795  3.361219E-14
5247.58272815146  3.240608E-14
5247.62878533508  3.293556E-14
5247.67483930863  3.154092E-14
5247.72089007192  3.359089E-14
5247.76693762478  3.402866E-14
5247.81298196702  3.332725E-14
5247.85902309845  3.006930E-14
5247.90506101889  3.265638E-14
5247.95109572817  3.201340E-14
5247.99712722609  3.105075E-14
5248.04315551247  3.087952E-14
5248.08918058714  3.231984E-14
5248.1352024499  3.197572E-14
5248.18122110058  3.075455E-14
5248.22723653899  2.878735E-14
5248.27324876494  2.848473E-14
5248.31925777827  3.084872E-14
5248.36526357877  3.048012E-14
5248.41126616628  2.946721E-14
5248.4572655406  3.167415E-14
5248.50326170156  3.163247E-14
5248.54925464897  3.218027E-14
5248.59524438265  3.223692E-14
5248.64123090242  3.377852E-14
5248.6872142081  3.102853E-14
5248.73319429949  3.334152E-14
5248.77917117643  3.276290E-14
5248.82514483872  3.258467E-14
5248.87111528619  3.092013E-14
5248.91708251866  3.274609E-14
5248.96304653593  3.243916E-14
5249.00900733784  3.380463E-14
5249.05496492419  3.228467E-14
5249.1009192948  3.586128E-14
5249.1468704495  3.670195E-14
5249.1928183881  3.726565E-14
5249.23876311042  3.493773E-14
5249.28470461627  3.456694E-14
5249.33064290549  3.613294E-14
5249.37657797787  3.664990E-14
5249.42250983325  3.610695E-14
5249.46843847143  3.715788E-14
5249.51436389225  3.707873E-14
5249.56028609551  3.757983E-14
5249.60620508104  3.699489E-14
5249.65212084865  3.660514E-14
5249.69803339817  3.418644E-14
5249.7439427294  3.391488E-14
5249.78984884218  3.499810E-14
5249.83575173631  3.610865E-14
5249.88165141162  3.657802E-14
5249.92754786793  3.549691E-14
5249.97344110505  3.792963E-14
5250.0193311228  3.637507E-14
5250.06521792101  3.637377E-14
5250.11110149949  3.338211E-14
5250.15698185806  3.103886E-14
5250.20285899653  3.274525E-14
5250.24873291474  3.630326E-14
5250.29460361249  3.524036E-14
5250.34047108961  3.246627E-14
5250.38633534592  3.289118E-14
5250.43219638123  3.279573E-14
5250.47805419537  3.618801E-14
5250.52390878815  3.365849E-14
5250.5697601594  3.544308E-14
5250.61560830892  3.501187E-14
5250.66145323655  3.243819E-14
5250.7072949421  3.354795E-14
5250.75313342539  3.311873E-14
5250.79896868625  3.102423E-14
5250.84480072448  3.312111E-14
5250.89062953992  3.179986E-14
5250.93645513237  3.242330E-14
5250.98227750166  3.215595E-14
5251.02809664762  3.164490E-14
5251.07391257005  3.188907E-14
5251.11972526878  3.105087E-14
5251.16553474363  3.028141E-14
5251.21134099443  3.171053E-14
5251.25714402098  3.034102E-14
5251.30294382311  3.053524E-14
5251.34874040064  3.009291E-14
5251.3945337534  2.886912E-14
5251.44032388119  3.012122E-14
5251.48611078384  3.042153E-14
5251.53189446117  2.838334E-14
5251.57767491301  3.154588E-14
5251.62345213917  2.936834E-14
5251.66922613947  3.224736E-14
5251.71499691373  3.043313E-14
5251.76076446178  3.076267E-14
5251.80652878343  3.136643E-14
5251.8522898785  3.329276E-14
5251.89804774682  3.198786E-14
5251.94380238821  3.261644E-14
5251.98955380248  3.209397E-14
5252.03530198946  3.288571E-14
5252.08104694897  3.534315E-14
5252.12678868083  3.444291E-14
5252.17252718486  3.327533E-14
5252.21826246089  3.347506E-14
5252.26399450872  3.682309E-14
5252.30972332819  3.644774E-14
5252.35544891911  3.505951E-14
5252.40117128132  3.678776E-14
5252.44689041461  3.391951E-14
5252.49260631883  3.528150E-14
5252.53831899378  3.368056E-14
5252.5840284393  3.560467E-14
5252.6297346552  3.364591E-14
5252.67543764131  3.677670E-14
5252.72113739744  3.469453E-14
5252.76683392342  3.400294E-14
5252.81252721906  3.507812E-14
5252.8582172842  3.651283E-14
5252.90390411865  3.637632E-14
5252.94958772223  3.632347E-14
5252.99526809478  3.443040E-14
5253.04094523609  3.689325E-14
5253.08661914601  3.399921E-14
5253.13228982435  3.594162E-14
5253.17795727093  3.290215E-14
5253.22362148558  3.606450E-14
5253.26928246812  3.576796E-14
5253.31494021836  3.745401E-14
5253.36059473614  3.629610E-14
5253.40624602127  3.397451E-14
5253.45189407358  3.555560E-14
5253.49753889288  3.373282E-14
5253.54318047901  3.567602E-14
5253.58881883178  3.637749E-14
5253.63445395101  3.659697E-14
5253.68008583654  3.579415E-14
5253.72571448817  3.791919E-14
5253.77133990574  3.617836E-14
5253.81696208906  3.409397E-14
5253.86258103796  3.428524E-14
5253.90819675227  3.514771E-14
5253.95380923179  3.352767E-14
5253.99941847636  3.274692E-14
5254.04502448581  3.380065E-14
5254.09062725994  3.418322E-14
5254.13622679859  3.510781E-14
5254.18182310158  3.588467E-14
5254.22741616873  3.450835E-14
5254.27300599987  3.298493E-14
5254.31859259481  3.363131E-14
5254.36417595338  3.687528E-14
5254.4097560754  3.196317E-14
5254.4553329607  3.350925E-14
5254.50090660911  3.538619E-14
5254.54647702043  3.330788E-14
5254.5920441945  3.518198E-14
5254.63760813115  3.187528E-14
5254.68316883018  3.329958E-14
5254.72872629143  3.506097E-14
5254.77428051473  3.382823E-14
5254.81983149989  3.480855E-14
5254.86537924674  3.657648E-14
5254.91092375509  3.600146E-14
5254.95646502479  3.504746E-14
5255.00200305564  3.477116E-14
5255.04753784748  3.565269E-14
5255.09306940012  3.607294E-14
5255.13859771339  3.840629E-14
5255.18412278712  3.377347E-14
5255.22964462112  3.802786E-14
5255.27516321523  3.671619E-14
5255.32067856927  3.493894E-14
5255.36619068306  3.752034E-14
5255.41169955642  3.513150E-14
5255.45720518918  3.427812E-14
5255.50270758117  3.326489E-14
5255.5482067322  3.336149E-14
5255.5937026421  3.380540E-14
5255.6391953107  3.295536E-14
5255.68468473783  3.205476E-14
5255.7301709233  3.229563E-14
5255.77565386693  3.105575E-14
5255.82113356857  3.042586E-14
5255.86661002802  3.121122E-14
5255.91208324512  2.982917E-14
5255.95755321968  2.889497E-14
5256.00301995154  2.990785E-14
5256.04848344052  3.080533E-14
5256.09394368644  2.948362E-14
5256.13940068913  2.900093E-14
5256.18485444841  2.848365E-14
5256.23030496411  2.936189E-14
5256.27575223605  3.102222E-14
5256.32119626406  3.007522E-14
5256.36663704796  2.811417E-14
5256.41207458758  2.958607E-14
5256.45750888275  3.153649E-14
5256.50293993328  3.028151E-14
5256.54836773901  3.182146E-14
5256.59379229976  3.234621E-14
5256.63921361535  3.294073E-14
5256.68463168561  3.592871E-14
5256.73004651037  3.570160E-14
5256.77545808945  3.453467E-14
5256.82086642268  3.269538E-14
5256.86627150988  3.454485E-14
5256.91167335088  3.458044E-14
5256.9570719455  3.727023E-14
5257.00246729357  3.564555E-14
5257.04785939492  3.493022E-14
5257.09324824937  3.712934E-14
5257.13863385674  3.481064E-14
5257.18401621687  3.469972E-14
5257.22939532958  3.647755E-14
5257.27477119469  3.394749E-14
5257.32014381203  3.658584E-14
5257.36551318143  3.645840E-14
5257.41087930272  3.661766E-14
5257.45624217571  3.716435E-14
5257.50160180024  3.749729E-14
5257.54695817613  3.839032E-14
5257.59231130322  3.704112E-14
5257.63766118131  3.451341E-14
5257.68300781025  3.816338E-14
5257.72835118985  3.499033E-14
5257.77369131995  3.698915E-14
5257.81902820037  3.823192E-14
5257.86436183094  3.700198E-14
5257.90969221148  3.888147E-14
5257.95501934183  3.727061E-14
5258.0003432218  3.657308E-14
5258.04566385122  3.672391E-14
5258.09098122993  3.697147E-14
5258.13629535774  3.599112E-14
5258.18160623449  3.801755E-14
5258.22691386  3.761117E-14
5258.2722182341  3.602505E-14
5258.31751935662  3.701940E-14
5258.36281722738  3.430681E-14
5258.40811184621  3.573522E-14
5258.45340321294  3.795531E-14
5258.49869132739  3.734011E-14
5258.54397618939  3.605848E-14
5258.58925779878  3.622728E-14
5258.63453615537  3.691691E-14
5258.67981125899  3.683400E-14
5258.72508310948  3.534719E-14
5258.77035170665  3.649851E-14
5258.81561705035  3.441315E-14
5258.86087914038  3.553783E-14
5258.90613797659  3.760024E-14
5258.9513935588  3.941633E-14
5258.99664588683  3.606950E-14
5259.04189496053  3.901281E-14
5259.0871407797  3.627551E-14
5259.13238334419  3.549690E-14
5259.17762265381  3.611844E-14
5259.2228587084  3.733976E-14
5259.26809150779  3.757298E-14
5259.31332105179  3.817782E-14
5259.35854734025  3.578563E-14
5259.40377037299  3.850769E-14
5259.44899014984  3.862718E-14
5259.49420667062  3.759811E-14
5259.53941993516  3.734472E-14
5259.5846299433  3.859813E-14
5259.62983669486  3.858863E-14
5259.67504018966  3.476006E-14
5259.72024042755  3.803229E-14
5259.76543740834  3.734167E-14
5259.81063113186  3.859581E-14
5259.85582159795  3.862379E-14
5259.90100880643  3.605431E-14
5259.94619275713  3.833203E-14
5259.99137344987  3.793743E-14
5260.0365508845  3.825038E-14
5260.08172506083  3.710071E-14
5260.1268959787  3.661985E-14
5260.17206363793  3.743781E-14
5260.21722803836  3.673924E-14
5260.26238917981  3.819724E-14
5260.3075470621  3.563397E-14
5260.35270168509  3.959865E-14
5260.39785304857  3.698097E-14
5260.4430011524  3.633748E-14
5260.4881459964  3.511976E-14
5260.53328758039  3.739737E-14
5260.57842590421  3.805926E-14
5260.62356096769  3.740330E-14
5260.66869277065  3.714283E-14
5260.71382131292  3.653964E-14
5260.75894659434  3.634232E-14
5260.80406861474  3.729687E-14
5260.84918737394  3.629866E-14
5260.89430287177  3.332931E-14
5260.93941510806  3.322589E-14
5260.98452408265  3.578121E-14
5261.02962979536  3.667219E-14
5261.07473224602  3.637613E-14
5261.11983143446  3.613627E-14
5261.16492736051  3.438874E-14
5261.21002002401  3.593949E-14
5261.25510942478  3.370037E-14
5261.30019556265  3.550072E-14
5261.34527843745  3.593949E-14
5261.39035804901  3.478271E-14
5261.43543439717  3.698958E-14
5261.48050748174  3.598796E-14
5261.52557730257  3.649903E-14
5261.57064385949  3.578928E-14
5261.61570715231  3.582335E-14
5261.66076718088  3.639433E-14
5261.70582394503  3.598436E-14
5261.75087744458  3.568909E-14
5261.79592767936  3.612043E-14
5261.84097464921  3.587637E-14
5261.88601835396  3.626677E-14
5261.93105879343  3.662363E-14
5261.97609596746  3.614118E-14
5262.02112987588  3.661889E-14
5262.06616051852  3.644009E-14
5262.11118789521  3.626219E-14
5262.15621200578  3.623840E-14
5262.20123285006  3.404691E-14
5262.24625042788  3.480638E-14
5262.29126473908  3.283738E-14
5262.33627578348  3.410731E-14
5262.38128356092  3.286425E-14
5262.42628807123  3.244859E-14
5262.47128931424  3.420903E-14
5262.51628728977  3.550573E-14
5262.56128199767  3.095819E-14
5262.60627343776  3.081544E-14
5262.65126160987  3.117708E-14
5262.69624651384  3.124200E-14
5262.74122814949  3.085813E-14
5262.78620651666  3.080399E-14
5262.83118161519  3.013200E-14
5262.87615344489  2.747988E-14
5262.92112200561  3.120328E-14
5262.96608729717  2.986577E-14
5263.01104931941  2.948586E-14
5263.05600807216  2.898571E-14
5263.10096355524  3.033631E-14
5263.1459157685  3.049318E-14
5263.19086471176  2.904894E-14
5263.23581038486  3.037291E-14
5263.28075278763  3.047500E-14
5263.3256919199  3.095894E-14
5263.37062778149  3.229219E-14
5263.41556037226  3.183845E-14
5263.46048969202  3.042601E-14
5263.50541574061  3.099877E-14
5263.55033851786  3.172066E-14
5263.5952580236  2.939758E-14
5263.64017425767  3.250149E-14
5263.68508721989  3.113868E-14
5263.72999691011  3.243892E-14
5263.77490332815  3.065077E-14
5263.81980647385  3.067274E-14
5263.86470634703  3.008924E-14
5263.90960294754  3.237420E-14
5263.9544962752  3.115650E-14
5263.99938632984  3.077643E-14
5264.04427311131  3.114661E-14
5264.08915661942  3.032431E-14
5264.13403685403  3.117211E-14
5264.17891381494  3.256934E-14
5264.22378750201  3.083024E-14
5264.26865791507  3.115889E-14
5264.31352505394  3.116742E-14
5264.35838891846  2.939012E-14
5264.40324950846  3.168195E-14
5264.44810682378  2.788087E-14
5264.49296086425  2.961169E-14
5264.5378116297  2.726304E-14
5264.58265911997  2.936235E-14
5264.62750333489  2.889722E-14
5264.67234427429  2.810915E-14
5264.71718193801  2.579383E-14
5264.76201632588  2.689980E-14
5264.80684743773  2.734256E-14
5264.8516752734  2.738021E-14
5264.89649983271  2.674628E-14
5264.94132111551  2.831452E-14
5264.98613912163  2.909934E-14
5265.03095385091  2.971088E-14
5265.07576530317  2.965792E-14
5265.12057347824  2.852632E-14
5265.16537837598  2.949355E-14
5265.21017999619  2.983043E-14
5265.25497833873  2.904498E-14
5265.29977340343  3.021286E-14
5265.34456519011  3.051895E-14
5265.38935369862  2.947866E-14
5265.43413892879  2.736970E-14
5265.47892088045  2.838242E-14
5265.52369955343  2.868779E-14
5265.56847494758  3.092643E-14
5265.61324706272  2.716294E-14
5265.65801589869  2.885534E-14
5265.70278145532  3.052898E-14
5265.74754373246  3.086870E-14
5265.79230272992  3.233191E-14
5265.83705844756  3.124223E-14
5265.88181088519  3.001954E-14
5265.92656004266  3.246769E-14
5265.97130591981  3.178762E-14
5266.01604851646  3.224098E-14
5266.06078783245  2.955621E-14
5266.10552386762  2.990396E-14
5266.15025662179  2.804739E-14
5266.19498609482  2.955252E-14
5266.23971228652  2.907335E-14
5266.28443519675  2.855580E-14
5266.32915482532  2.647477E-14
5266.37387117208  2.733730E-14
5266.41858423686  2.671787E-14
5266.46329401949  2.713617E-14
5266.50800051982  2.816801E-14
5266.55270373768  2.759370E-14
5266.59740367289  2.666261E-14
5266.64210032531  2.617765E-14
5266.68679369476  2.728517E-14
5266.73148378107  2.640638E-14
5266.77617058409  2.795101E-14
5266.82085410365  2.724495E-14
5266.86553433959  2.440277E-14
5266.91021129174  2.442709E-14
5266.95488495994  2.556737E-14
5266.99955534401  2.438669E-14
5267.04422244381  2.511831E-14
5267.08888625916  2.588537E-14
5267.1335467899  2.475637E-14
5267.17820403587  2.484632E-14
5267.2228579969  2.662189E-14
5267.26750867282  2.515522E-14
5267.31215606348  2.734716E-14
5267.35680016872  2.599079E-14
5267.40144098836  2.727006E-14
5267.44607852224  2.887727E-14
5267.4907127702  2.811343E-14
5267.53534373207  2.764900E-14
5267.5799714077  2.882546E-14
5267.62459579692  2.966541E-14
5267.66921689956  2.856047E-14
5267.71383471546  2.908933E-14
5267.75844924446  2.854222E-14
5267.80306048639  2.860828E-14
5267.84766844109  3.040031E-14
5267.8922731084  2.999247E-14
5267.93687448816  2.903488E-14
5267.98147258019  3.083049E-14
5268.02606738434  2.898402E-14
5268.07065890045  3.286786E-14
5268.11524712835  3.310881E-14
5268.15983206788  3.499405E-14
5268.20441371887  3.528201E-14
5268.24899208116  3.381049E-14
5268.29356715459  3.336011E-14
5268.338138939  3.355203E-14
5268.38270743423  3.519360E-14
5268.4272726401  3.430313E-14
5268.47183455646  3.517923E-14
5268.51639318315  3.498085E-14
5268.56094852  3.586048E-14
5268.60550056685  3.569711E-14
5268.65004932354  3.667405E-14
5268.6945947899  3.696993E-14
5268.73913696578  3.357236E-14
5268.783675851  3.621381E-14
5268.82821144542  3.421045E-14
5268.87274374886  3.542318E-14
5268.91727276116  3.594167E-14
5268.96179848216  3.470122E-14
5269.0063209117  3.577693E-14
5269.05084004962  3.346724E-14
5269.09535589575  3.437911E-14
5269.13986844993  3.583780E-14
5269.18437771201  3.545835E-14
5269.22888368181  3.552715E-14
5269.27338635918  3.353672E-14
5269.31788574395  3.335064E-14
5269.36238183596  3.207402E-14
5269.40687463506  3.385241E-14
5269.45136414107  3.386865E-14
5269.49585035385  3.286028E-14
5269.54033327321  3.458104E-14
5269.58481289901  3.500947E-14
5269.62928923109  3.047459E-14
5269.67376226927  3.457235E-14
5269.7182320134  3.233725E-14
5269.76269846333  3.228226E-14
5269.80716161887  3.224669E-14
5269.85162147989  2.898197E-14
5269.8960780462  3.021140E-14
5269.94053131766  2.989691E-14
5269.9849812941  2.906020E-14
5270.02942797536  2.863444E-14
5270.07387136128  2.718575E-14
5270.1183114517  2.785821E-14
5270.16274824645  2.868442E-14
5270.20718174538  2.643618E-14
5270.25161194833  2.618819E-14
5270.29603885513  2.966348E-14
5270.34046246562  2.730294E-14
5270.38488277965  2.787873E-14
5270.42929979704  2.528066E-14
5270.47371351765  2.595596E-14
5270.51812394131  2.568766E-14
5270.56253106785  2.733131E-14
5270.60693489713  2.367191E-14
5270.65133542897  2.615768E-14
5270.69573266322  2.264171E-14
5270.74012659972  2.285795E-14
5270.78451723831  2.554286E-14
5270.82890457882  2.335959E-14
5270.8732886211  2.298349E-14
5270.91766936499  2.432362E-14
5270.96204681032  2.326138E-14
5271.00642095694  2.255796E-14
5271.05079180468  2.633908E-14
5271.09515935339  2.325535E-14
5271.1395236029  2.686116E-14
5271.18388455306  2.481328E-14
5271.2282422037  2.665392E-14
5271.27259655467  2.487713E-14
5271.31694760581  2.741347E-14
5271.36129535695  2.745816E-14
5271.40563980794  2.717302E-14
5271.44998095861  2.822866E-14
5271.49431880881  2.854734E-14
5271.53865335838  2.921430E-14
5271.58298460716  2.962095E-14
5271.62731255498  3.039110E-14
5271.67163720169  2.861893E-14
5271.71595854713  3.043720E-14
5271.76027659114  3.052802E-14
5271.80459133356  3.040051E-14
5271.84890277423  2.863421E-14
5271.89321091299  3.244161E-14
5271.93751574968  3.298203E-14
5271.98181728415  3.560738E-14
5272.02611551623  3.696425E-14
5272.07041044577  3.465438E-14
5272.1147020726  3.595219E-14
5272.15899039657  3.493272E-14
5272.20327541751  3.595307E-14
5272.24755713528  3.473277E-14
5272.2918355497  3.690751E-14
5272.33611066063  3.681493E-14
5272.3803824679  3.322397E-14
5272.42465097135  3.513894E-14
5272.46891617083  3.573174E-14
5272.51317806617  3.754527E-14
5272.55743665722  3.619663E-14
5272.60169194382  3.561939E-14
5272.64594392581  3.669824E-14
5272.69019260303  3.618115E-14
5272.73443797533  3.562369E-14
5272.77868004254  3.573678E-14
5272.82291880451  3.682947E-14
5272.86715426108  3.630652E-14
5272.91138641209  3.450174E-14
5272.95561525738  3.615391E-14
5272.99984079679  3.415538E-14
5273.04406303017  3.760253E-14
5273.08828195736  3.569454E-14
5273.1324975782  3.517436E-14
5273.17670989253  3.461317E-14
5273.22091890019  3.458802E-14
5273.26512460103  3.291266E-14
5273.30932699489  3.853216E-14
5273.35352608161  3.393563E-14
5273.39772186103  3.478867E-14
5273.441914333  3.479205E-14
5273.48610349735  3.475138E-14
5273.53028935394  3.423340E-14
5273.57447190259  3.438402E-14
5273.61865114316  3.399138E-14
5273.66282707549  3.365492E-14
5273.70699969942  3.266387E-14
5273.75116901479  3.255828E-14
5273.79533502145  3.191547E-14
5273.83949771923  3.030735E-14
5273.88365710798  3.101572E-14
5273.92781318755  3.023322E-14
5273.97196595777  3.048974E-14
5274.01611541849  3.339239E-14
5274.06026156956  3.166680E-14
5274.10440441081  3.103000E-14
5274.14854394208  2.833887E-14
5274.19268016323  3.017326E-14
5274.23681307409  2.802754E-14
5274.28094267451  3.116597E-14
5274.32506896433  3.009432E-14
5274.36919194339  3.145313E-14
5274.41331161154  3.094778E-14
5274.45742796862  3.221927E-14
5274.50154101448  3.000301E-14
5274.54565074895  3.094232E-14
5274.58975717188  3.070815E-14
5274.63386028311  3.117788E-14
5274.6779600825  2.805297E-14
5274.72205656987  3.241390E-14
5274.76614974508  3.200290E-14
5274.81023960797  3.135903E-14
5274.85432615838  3.181107E-14
5274.89840939616  3.481381E-14
5274.94248932114  3.342571E-14
5274.98656593318  3.445712E-14
5275.03063923212  3.562403E-14
5275.0747092178  3.504369E-14
5275.11877589007  3.421101E-14
5275.16283924876  3.644746E-14
5275.20689929373  3.688803E-14
5275.25095602482  3.524139E-14
5275.29500944186  3.464311E-14
5275.33905954472  3.658793E-14
5275.38310633323  3.431559E-14
5275.42714980723  3.287669E-14
5275.47118996657  3.440395E-14
5275.51522681109  3.511469E-14
5275.55926034064  3.541440E-14
5275.60329055507  3.291152E-14
5275.64731745421  3.211727E-14
5275.69134103792  3.332862E-14
5275.73536130603  3.269513E-14
5275.77937825839  3.046503E-14
5275.82339189485  3.199686E-14
5275.86740221525  3.188214E-14
5275.91140921943  2.988111E-14
5275.95541290725  2.924786E-14
5275.99941327854  3.172917E-14
5276.04341033315  3.163273E-14
5276.08740407093  3.132623E-14
5276.13139449171  3.026185E-14
5276.17538159536  3.094529E-14
5276.2193653817  3.056934E-14
5276.26334585059  2.807927E-14
5276.30732300186  2.885393E-14
5276.35129683538  2.694037E-14
5276.39526735098  2.887426E-14
5276.4392345485  2.652034E-14
5276.4831984278  2.702312E-14
5276.52715898871  2.610081E-14
5276.57111623109  2.800975E-14
5276.61507015477  2.744873E-14
5276.65902075962  2.905045E-14
5276.70296804546  3.127246E-14
5276.74691201214  2.668308E-14
5276.79085265952  2.787610E-14
5276.83478998744  2.934553E-14
5276.87872399574  2.727698E-14
5276.92265468426  2.778674E-14
5276.96658205286  2.932390E-14
5277.01050610139  2.903611E-14
5277.05442682967  3.069135E-14
5277.09834423758  3.093320E-14
5277.14225832494  3.026069E-14
5277.1861690916  2.942830E-14
5277.23007653742  3.111328E-14
5277.27398066223  2.903105E-14
5277.31788146589  2.927373E-14
5277.36177894824  3.139168E-14
5277.40567310912  3.149151E-14
5277.44956394839  3.455945E-14
5277.49345146589  3.401068E-14
5277.53733566146  3.427249E-14
5277.58121653495  3.431671E-14
5277.62509408622  3.349886E-14
5277.6689683151  3.555863E-14
5277.71283922143  3.786282E-14
5277.75670680508  3.736440E-14
5277.80057106589  3.502883E-14
5277.84443200369  3.722161E-14
5277.88828961835  3.961506E-14
5277.9321439097  3.792332E-14
5277.9759948776  3.675416E-14
5278.01984252188  3.888850E-14
5278.0636868424  3.777523E-14
5278.10752783901  3.837313E-14
5278.15136551154  3.955627E-14
5278.19519985986  3.935614E-14
5278.2390308838  3.609326E-14
5278.28285858321  3.749979E-14
5278.32668295795  3.663210E-14
5278.37050400785  3.859316E-14
5278.41432173276  3.606530E-14
5278.45813613254  3.814659E-14
5278.50194720703  3.492112E-14
5278.54575495608  3.834863E-14
5278.58955937953  3.711850E-14
5278.63336047723  3.781934E-14
5278.67715824903  3.724073E-14
5278.72095269478  3.642870E-14
5278.76474381433  3.818598E-14
5278.80853160752  3.625258E-14
5278.8523160742  3.920507E-14
5278.89609721422  3.847830E-14
5278.93987502743  3.769020E-14
5278.98364951367  3.823183E-14
5279.02742067279  3.708212E-14
5279.07118850465  3.524926E-14
5279.11495300909  3.821165E-14
5279.15871418595  3.937130E-14
5279.20247203509  3.589717E-14
5279.24622655635  3.652508E-14
5279.28997774958  3.663402E-14
5279.33372561464  3.638280E-14
5279.37747015136  3.616282E-14
5279.4212113596  3.698155E-14
5279.46494923921  3.593772E-14
5279.50868379003  3.859420E-14
5279.55241501191  3.615167E-14
5279.59614290471  3.750483E-14
5279.63986746826  3.747391E-14
5279.68358870243  3.582062E-14
5279.72730660705  3.854816E-14
5279.77102118198  3.639954E-14
5279.81473242706  3.673075E-14
5279.85844034215  3.565722E-14
5279.90214492708  3.766259E-14
5279.94584618173  3.482843E-14
5279.98954410592  3.529503E-14
5280.03323869951  3.477313E-14
5280.07692996235  3.806660E-14
5280.12061789429  3.738122E-14
5280.16430249518  3.676413E-14
5280.20798376487  3.524523E-14
5280.2516617032  3.392879E-14
5280.29533631002  3.458566E-14
5280.33900758519  3.526871E-14
5280.38267552855  3.595052E-14
5280.42634013996  3.579631E-14
5280.47000141926  3.687056E-14
5280.51365936631  3.338696E-14
5280.55731398094  3.452626E-14
5280.60096526302  3.721301E-14
5280.64461321238  3.627322E-14
5280.68825782889  3.425953E-14
5280.73189911239  3.416261E-14
5280.77553706273  3.465438E-14
5280.81917167977  3.326175E-14
5280.86280296334  3.468408E-14
5280.9064309133  3.343425E-14
5280.95005552951  3.279551E-14
5280.9936768118  3.430850E-14
5281.03729476004  3.471726E-14
5281.08090937406  3.293797E-14
5281.12452065373  3.279342E-14
5281.16812859889  3.239206E-14
5281.21173320939  3.430933E-14
5281.25533448508  3.179728E-14
5281.29893242581  2.983160E-14
5281.34252703144  3.267230E-14
5281.38611830181  3.309738E-14
5281.42970623678  3.239299E-14
5281.47329083618  3.284272E-14
5281.51687209989  3.587211E-14
5281.56045002773  3.176076E-14
5281.60402461958  3.325417E-14
5281.64759587527  3.359766E-14
5281.69116379466  3.269618E-14
5281.73472837759  3.498416E-14
5281.77828962393  3.384237E-14
5281.82184753352  3.366189E-14
5281.8654021062  3.521053E-14
5281.90895334184  3.458491E-14
5281.95250124028  3.374174E-14
5281.99604580138  3.571668E-14
5282.03958702498  3.452710E-14
5282.08312491094  3.538779E-14
5282.12665945911  3.429902E-14
5282.17019066933  3.596399E-14
5282.21371854147  3.322313E-14
5282.25724307537  3.350442E-14
5282.30076427087  3.461264E-14
5282.34428212785  3.224251E-14
5282.38779664614  3.159018E-14
5282.4313078256  3.033071E-14
5282.47481566608  2.963891E-14
5282.51832016742  3.241743E-14
5282.56182132949  3.003815E-14
5282.60531915214  3.144956E-14
5282.64881363521  3.080562E-14
5282.69230477856  3.266297E-14
5282.73579258204  2.961525E-14
5282.7792770455  3.255520E-14
5282.82275816879  3.217089E-14
5282.86623595177  2.959949E-14
5282.90971039428  3.188746E-14
5282.95318149619  3.124144E-14
5282.99664925734  3.339564E-14
5283.04011367758  3.167280E-14
5283.08357475676  3.313285E-14
5283.12703249475  3.248542E-14
5283.17048689138  3.247896E-14
5283.21393794652  3.158871E-14
5283.25738566001  3.077219E-14
5283.30083003172  3.350016E-14
5283.34427106148  3.359025E-14
5283.38770874915  3.339296E-14
5283.43114309459  3.578004E-14
5283.47457409765  3.445213E-14
5283.51800175818  3.609618E-14
5283.56142607603  3.553705E-14
5283.60484705106  3.474285E-14
5283.64826468311  3.480883E-14
5283.69167897205  3.429844E-14
5283.73508991773  3.674113E-14
5283.77849751999  3.292209E-14
5283.82190177869  3.488670E-14
5283.86530269368  3.424829E-14
5283.90870026482  3.232838E-14
5283.95209449197  3.487051E-14
5283.99548537496  3.259525E-14
5284.03887291366  3.337165E-14
5284.08225710792  3.120818E-14
5284.12563795759  3.065098E-14
5284.16901546253  3.064486E-14
5284.21238962259  3.071791E-14
5284.25576043762  3.262295E-14
5284.29912790747  3.126935E-14
5284.34249203201  3.163357E-14
5284.38585281108  3.244665E-14
5284.42921024454  3.134171E-14
5284.47256433223  2.913218E-14
5284.51591507403  3.173400E-14
5284.55926246977  2.715545E-14
5284.60260651931  3.125016E-14
5284.64594722251  2.896701E-14
5284.68928457921  3.022969E-14
5284.73261858928  2.903036E-14
5284.77594925257  2.831342E-14
5284.81927656893  2.772672E-14
5284.86260053821  2.732894E-14
5284.90592116028  2.849559E-14
5284.94923843498  2.746175E-14
5284.99255236216  2.947264E-14
5285.03586294169  2.827035E-14
5285.07917017342  2.820128E-14
5285.12247405719  2.797827E-14
5285.16577459287  2.985602E-14
5285.20907178031  3.008328E-14
5285.25236561937  3.063655E-14
5285.29565610989  3.092233E-14
5285.33894325174  3.296274E-14
5285.38222704477  3.226135E-14
5285.42550748882  3.401413E-14
5285.46878458377  3.370588E-14
5285.51205832945  3.086614E-14
5285.55532872574  3.402157E-14
5285.59859577247  3.021311E-14
5285.64185946951  3.435289E-14
5285.68511981671  3.482335E-14
5285.72837681393  3.364926E-14
5285.77163046102  3.356815E-14
5285.81488075784  3.716002E-14
5285.85812770423  3.195363E-14
5285.90137130007  3.589508E-14
5285.94461154519  3.495357E-14
5285.98784843947  3.586023E-14
5286.03108198274  3.316869E-14
5286.07431217487  3.496932E-14
5286.11753901572  3.505442E-14
5286.16076250513  3.754906E-14
5286.20398264297  3.247477E-14
5286.24719942908  3.446164E-14
5286.29041286334  3.741041E-14
5286.33362294558  3.418466E-14
5286.37682967567  3.497798E-14
5286.42003305346  3.714169E-14
5286.4632330788  3.661396E-14
5286.50642975156  3.609818E-14
5286.5496230716  3.756847E-14
5286.59281303875  3.851087E-14
5286.63599965288  3.857891E-14
5286.67918291386  4.001022E-14
5286.72236282152  3.414837E-14
5286.76553937574  3.774294E-14
5286.80871257636  3.744894E-14
5286.85188242324  3.734221E-14
5286.89504891623  3.904611E-14
5286.9382120552  3.886918E-14
5286.98137184  3.778989E-14
5287.02452827049  3.740886E-14
5287.06768134652  3.582188E-14
5287.11083106795  3.892871E-14
5287.15397743463  3.566255E-14
5287.19712044643  3.759366E-14
5287.24026010319  3.652812E-14
5287.28339640478  4.013634E-14
5287.32652935105  3.894778E-14
5287.36965894186  3.641970E-14
5287.41278517706  4.064229E-14
5287.45590805652  4.039670E-14
5287.49902758008  3.638277E-14
5287.54214374761  3.971259E-14
5287.58525655896  3.697662E-14
5287.62836601399  3.899958E-14
5287.67147211255  3.983277E-14
5287.71457485451  3.779406E-14
5287.75767423973  3.802551E-14
5287.80077026804  3.663279E-14
5287.84386293932  4.072456E-14
5287.88695225343  3.930692E-14
5287.93003821021  3.522784E-14
5287.97312080953  3.636874E-14
5288.01620005125  3.718627E-14
5288.05927593521  3.730115E-14
5288.10234846128  3.764746E-14
5288.14541762932  3.506116E-14
5288.18848343918  3.606049E-14
5288.23154589073  3.745627E-14
5288.27460498381  3.633358E-14
5288.31766071829  3.646024E-14
5288.36071309402  3.662570E-14
5288.40376211087  3.742756E-14
5288.44680776868  3.538530E-14
5288.48985006732  3.450102E-14
5288.53288900665  3.806796E-14
5288.57592458653  3.793475E-14
5288.6189568068  3.566966E-14
5288.66198566733  3.592457E-14
5288.70501116798  3.801505E-14
5288.74803330861  3.619009E-14
5288.79105208907  3.771903E-14
5288.83406750922  3.688692E-14
5288.87707956892  3.560034E-14
5288.92008826803  3.471796E-14
5288.96309360641  3.817372E-14
5289.00609558391  3.778120E-14
5289.0490942004  3.413198E-14
5289.09208945572  3.437672E-14
5289.13508134975  3.341416E-14
5289.17806988234  3.396895E-14
5289.22105505335  3.452018E-14
5289.26403686263  3.370596E-14
5289.30701531005  3.446714E-14
5289.34999039546  3.425521E-14
5289.39296211873  3.375329E-14
5289.4359304797  3.417344E-14
5289.47889547825  3.255808E-14
5289.52185711423  3.338586E-14
5289.56481538749  3.784795E-14
5289.60777029791  3.703414E-14
5289.65072184533  3.455031E-14
5289.69367002961  3.403027E-14
5289.73661485062  3.695808E-14
5289.77955630821  3.643147E-14
5289.82249440225  3.733508E-14
5289.86542913259  3.272314E-14
5289.90836049909  3.396336E-14
5289.95128850161  3.676324E-14
5289.99421314002  3.289830E-14
5290.03713441416  3.484065E-14
5290.0800523239  3.637837E-14
5290.12296686911  3.393746E-14
5290.16587804963  3.699208E-14
5290.20878586532  3.704937E-14
5290.25169031606  3.598753E-14
5290.2945914017  3.684629E-14
5290.33748912209  3.512250E-14
5290.3803834771  3.769492E-14
5290.42327446659  3.802840E-14
5290.46616209042  3.703354E-14
5290.50904634844  3.651072E-14
5290.55192724052  3.632185E-14
5290.59480476652  3.587727E-14
5290.63767892629  3.675296E-14
5290.6805497197  3.716023E-14
5290.72341714661  3.891411E-14
5290.76628120688  3.910326E-14
5290.80914190037  3.775143E-14
5290.85199922693  4.016748E-14
5290.89485318644  3.617775E-14
5290.93770377874  3.691889E-14
5290.9805510037  4.129197E-14
5291.02339486119  3.675011E-14
5291.06623535105  3.655975E-14
5291.10907247316  3.888090E-14
5291.15190622737  3.750736E-14
5291.19473661354  3.693733E-14
5291.23756363153  3.417871E-14
5291.28038728121  3.730507E-14
5291.32320756244  3.852977E-14
5291.36602447507  3.820020E-14
5291.40883801897  3.478746E-14
5291.45164819399  3.556494E-14
5291.49445500001  3.663994E-14
5291.53725843687  3.631011E-14
5291.58005850445  3.620139E-14
5291.6228552026  3.706766E-14
5291.66564853118  3.746757E-14
5291.70843849005  3.660546E-14
5291.75122507908  4.001087E-14
5291.79400829813  3.895249E-14
5291.83678814706  3.989215E-14
5291.87956462573  3.959983E-14
5291.922337734  3.627612E-14
5291.96510747173  3.489950E-14
5292.00787383879  3.685333E-14
5292.05063683503  3.605844E-14
5292.09339646032  3.568510E-14
5292.13615271452  4.158468E-14
5292.17890559749  3.779521E-14
5292.22165510909  3.626418E-14
5292.26440124919  3.736260E-14
5292.30714401765  3.777735E-14
5292.34988341432  3.634718E-14
5292.39261943907  3.581488E-14
5292.43535209177  4.171764E-14
5292.47808137227  3.564591E-14
5292.52080728044  3.975902E-14
5292.56352981613  3.977028E-14
5292.60624897922  3.906433E-14
5292.64896476956  3.744481E-14
5292.69167718702  3.586731E-14
5292.73438623145  3.518936E-14
5292.77709190272  3.705684E-14
5292.81979420069  3.886257E-14
5292.86249312523  3.709554E-14
5292.9051886762  3.725749E-14
5292.94788085346  3.558027E-14
5292.99056965687  3.634644E-14
5293.03325508629  3.740040E-14
5293.0759371416  3.705414E-14
5293.11861582264  3.667689E-14
5293.16129112929  3.749784E-14
5293.2039630614  3.777795E-14
5293.24663161884  3.627278E-14
5293.28929680147  3.655377E-14
5293.33195860916  3.388735E-14
5293.37461704176  3.482247E-14
5293.41727209915  3.531025E-14
5293.45992378118  3.398920E-14
5293.50257208771  3.643162E-14
5293.54521701862  3.557750E-14
5293.58785857376  3.779940E-14
5293.630496753  3.307532E-14
5293.6731315562  3.416861E-14
5293.71576298321  3.640113E-14
5293.75839103392  3.278899E-14
5293.80101570818  3.212184E-14
5293.84363700584  3.341446E-14
5293.88625492679  3.474335E-14
5293.92886947088  3.356295E-14
5293.97148063797  3.485973E-14
5294.01408842793  3.522044E-14
5294.05669284062  3.689509E-14
5294.09929387591  3.642366E-14
5294.14189153365  3.347032E-14
5294.18448581372  3.490720E-14
5294.22707671598  3.659287E-14
5294.26966424028  3.616095E-14
5294.3122483865  3.487677E-14
5294.3548291545  3.598017E-14
5294.39740654415  3.344520E-14
5294.43998055529  3.716585E-14
5294.48255118782  3.504519E-14
5294.52511844157  3.574042E-14
5294.56768231643  3.605537E-14
5294.61024281225  3.214441E-14
5294.6527999289  3.775984E-14
5294.69535366624  3.450368E-14
5294.73790402413  3.700428E-14
5294.78045100245  3.414750E-14
5294.82299460106  3.701982E-14
5294.86553481981  3.496713E-14
5294.90807165858  3.478416E-14
5294.95060511723  3.819380E-14
5294.99313519563  3.607971E-14
5295.03566189363  3.432321E-14
5295.07818521111  3.895891E-14
5295.12070514793  3.610648E-14
5295.16322170395  3.746307E-14
5295.20573487904  3.580100E-14
5295.24824467307  3.478125E-14
5295.29075108589  3.470201E-14
5295.33325411738  3.838881E-14
5295.37575376739  3.521083E-14
5295.4182500358  3.662112E-14
5295.46074292247  3.507164E-14
5295.50323242726  3.659069E-14
5295.54571855005  3.563769E-14
5295.58820129068  3.775974E-14
5295.63068064904  3.710864E-14
5295.67315662498  3.671971E-14
5295.71562921838  3.632668E-14
5295.75809842909  3.753725E-14
5295.80056425699  3.399434E-14
5295.84302670193  3.738520E-14
5295.88548576379  3.451396E-14
5295.92794144242  3.572371E-14
5295.9703937377  3.493974E-14
5296.0128426495  3.326994E-14
5296.05528817766  3.593483E-14
5296.09773032207  3.518150E-14
5296.14016908259  3.756595E-14
5296.18260445909  3.621631E-14
5296.22503645142  3.496351E-14
5296.26746505946  3.608698E-14
5296.30989028308  3.596413E-14
5296.35231212213  3.472473E-14
5296.39473057649  3.362732E-14
5296.43714564601  3.553813E-14
5296.47955733058  3.730409E-14
5296.52196563005  3.682939E-14
5296.56437054429  3.755295E-14
5296.60677207316  3.580945E-14
5296.64917021654  3.793407E-14
5296.69156497429  3.590463E-14
5296.73395634628  3.625483E-14
5296.77634433236  3.315203E-14
5296.81872893242  3.578152E-14
5296.86111014631  3.669825E-14
5296.90348797391  3.600950E-14
5296.94586241507  3.666305E-14
5296.98823346967  3.445503E-14
5297.03060113758  3.548448E-14
5297.07296541865  3.329735E-14
5297.11532631276  3.524608E-14
5297.15768381978  3.528966E-14
5297.20003793956  3.519197E-14
5297.24238867199  3.378896E-14
5297.28473601692  3.492986E-14
5297.32707997422  3.494434E-14
5297.36942054376  3.208622E-14
5297.41175772541  3.536609E-14
5297.45409151903  3.038363E-14
5297.49642192449  3.079690E-14
5297.53874894167  3.370607E-14
5297.58107257041  3.276175E-14
5297.62339281061  3.496396E-14
5297.66570966211  3.135188E-14
5297.7080231248  3.237758E-14
5297.75033319853  3.305970E-14
5297.79263988317  3.247315E-14
5297.8349431786  3.031330E-14
5297.87724308468  2.931871E-14
5297.91953960127  3.209846E-14
5297.96183272825  3.041181E-14
5298.00412246549  3.139945E-14
5298.04640881284  2.832302E-14
5298.08869177018  3.092396E-14
5298.13097133739  2.863963E-14
5298.17324751431  2.894448E-14
5298.21552030083  3.092356E-14
5298.25778969682  3.082154E-14
5298.30005570213  3.503462E-14
5298.34231831664  3.199202E-14
5298.38457754021  3.287150E-14
5298.42683337273  3.144730E-14
5298.46908581404  3.191643E-14
5298.51133486403  3.214469E-14
5298.55358052256  3.071249E-14
5298.59582278949  3.077894E-14
5298.63806166471  2.990475E-14
5298.68029714806  3.063473E-14
5298.72252923944  2.901979E-14
5298.76475793869  2.867389E-14
5298.8069832457  3.006600E-14
5298.84920516033  2.752393E-14
5298.89142368245  2.770291E-14
5298.93363881193  2.718390E-14
5298.97585054864  2.576165E-14
5299.01805889244  2.708244E-14
5299.06026384321  2.775686E-14
5299.10246540081  2.551740E-14
5299.14466356511  2.838916E-14
5299.186858336  2.768603E-14
5299.22904971332  2.779733E-14
5299.27123769695  2.529895E-14
5299.31342228676  2.741419E-14
5299.35560348262  2.626655E-14
5299.39778128441  2.514279E-14
5299.43995569198  2.582872E-14
5299.48212670521  2.785806E-14
5299.52429432396  2.707865E-14
5299.56645854812  2.656632E-14
5299.60861937754  3.044210E-14
5299.6507768121  2.906464E-14
5299.69293085166  2.840868E-14
5299.7350814961  3.029316E-14
5299.77722874529  2.965757E-14
5299.81937259909  2.821836E-14
5299.86151305738  3.141584E-14
5299.90365012002  3.300141E-14
5299.9457837869  3.536290E-14
5299.98791405786  3.253166E-14
5300.03004093279  3.615192E-14
5300.07216441155  3.368385E-14
5300.11428449402  3.540724E-14
5300.15640118007  3.412847E-14
5300.19851446957  3.582688E-14
5300.24062436238  3.491078E-14
5300.28273085837  3.676317E-14
5300.32483395743  3.514961E-14
5300.36693365941  3.602482E-14
5300.40902996419  3.588529E-14
5300.45112287164  3.563046E-14
5300.49321238163  3.765062E-14
5300.53529849403  3.672633E-14
5300.57738120871  3.498461E-14
5300.61946052554  3.466568E-14
5300.66153644439  3.995629E-14
5300.70360896514  3.628467E-14
5300.74567808764  3.596448E-14
5300.78774381178  3.749743E-14
5300.82980613743  3.580206E-14
5300.87186506446  4.007245E-14
5300.91392059273  3.602940E-14
5300.95597272212  3.720400E-14
5300.9980214525  3.666693E-14
5301.04006678374  3.683514E-14
5301.08210871571  3.542518E-14
5301.12414724829  3.514878E-14
5301.16618238134  3.204333E-14
5301.20821411473  3.584156E-14
5301.25024244834  3.499988E-14
5301.29226738204  3.662309E-14
5301.3342889157  3.519890E-14
5301.3763070492  3.412787E-14
5301.41832178239  3.525515E-14
5301.46033311516  3.763740E-14
5301.50234104738  3.525091E-14
5301.54434557891  3.412665E-14
5301.58634670963  3.106679E-14
5301.62834443942  3.278568E-14
5301.67033876813  3.699508E-14
5301.71232969566  3.484182E-14
5301.75431722186  3.351873E-14
5301.7963013466  3.457844E-14
5301.83828206977  3.349303E-14
5301.88025939124  3.468813E-14
5301.92223331086  3.300364E-14
5301.96420382853  3.411846E-14
5302.0061709441  3.559417E-14
5302.04813465746  3.313544E-14
5302.09009496847  3.274681E-14
5302.132051877  3.017917E-14
5302.17400538294  3.255711E-14
5302.21595548614  3.436107E-14
5302.25790218649  3.375075E-14
5302.29984548386  3.571521E-14
5302.34178537811  3.329096E-14
5302.38372186912  3.338576E-14
5302.42565495677  3.782858E-14
5302.46758464093  3.841678E-14
5302.50951092146  3.793983E-14
5302.55143379825  3.510410E-14
5302.59335327115  3.401453E-14
5302.63526934006  3.696581E-14
5302.67718200484  3.474726E-14
5302.71909126536  3.808271E-14
5302.7609971215  3.543053E-14
5302.80289957313  3.445796E-14
5302.84479862012  2.937580E-14
5302.88669426234  3.162179E-14
5302.92858649967  3.124841E-14
5302.97047533199  3.106047E-14
5303.01236075916  2.995847E-14
5303.05424278106  3.163011E-14
5303.09612139756  3.154495E-14
5303.13799660854  3.186847E-14
5303.17986841387  3.164783E-14
5303.22173681342  3.446173E-14
5303.26360180706  3.300747E-14
5303.30546339467  3.224928E-14
5303.34732157613  2.837565E-14
5303.3891763513  3.122705E-14
5303.43102772006  3.675314E-14
5303.47287568229  3.453993E-14
5303.51472023786  3.192579E-14
5303.55656138663  3.219889E-14
5303.5983991285  3.264742E-14
5303.64023346332  3.141093E-14
5303.68206439097  3.213900E-14
5303.72389191134  3.421040E-14
5303.76571602428  3.462701E-14
5303.80753672969  3.070975E-14
5303.84935402742  3.284333E-14
5303.89116791735  3.522969E-14
5303.93297839937  3.493509E-14
5303.97478547333  3.679371E-14
5304.01658913913  3.724898E-14
5304.05838939662  3.804551E-14
5304.10018624569  3.843337E-14
5304.14197968622  4.012588E-14
5304.18376971806  3.917494E-14
5304.22555634111  3.618327E-14
5304.26733955523  3.541266E-14
5304.3091193603  3.886651E-14
5304.35089575619  3.666337E-14
5304.39266874278  3.612165E-14
5304.43443831995  3.636332E-14
5304.47620448756  3.870217E-14
5304.51796724549  3.399885E-14
5304.55972659363  3.687052E-14
5304.60148253183  3.760974E-14
5304.64323505998  3.490582E-14
5304.68498417796  3.622903E-14
5304.72672988563  3.527461E-14
5304.76847218288  3.793996E-14
5304.81021106957  3.463778E-14
5304.85194654559  3.816552E-14
5304.89367861081  3.333599E-14
5304.9354072651  3.779925E-14
5304.97713250834  3.668751E-14
5305.01885434041  3.576253E-14
5305.06057276117  3.784084E-14
5305.10228777051  3.490160E-14
5305.14399936831  3.743281E-14
5305.18570755443  3.673287E-14
5305.22741232875  3.890633E-14
5305.26911369115  3.756045E-14
5305.31081164151  3.922418E-14
5305.35250617969  3.282033E-14
5305.39419730558  3.665538E-14
5305.43588501906  3.898202E-14
5305.47756931999  3.843390E-14
5305.51925020825  3.571507E-14
5305.56092768373  3.624644E-14
5305.60260174629  3.788137E-14
5305.64427239581  3.799931E-14
5305.68593963217  3.576502E-14
5305.72760345524  3.987610E-14
5305.76926386491  3.809079E-14
5305.81092086103  4.077072E-14
5305.85257444351  3.650895E-14
5305.8942246122  3.992282E-14
5305.93587136699  3.694706E-14
5305.97751470775  3.798721E-14
5306.01915463436  3.918152E-14
5306.06079114669  3.928108E-14
5306.10242424463  3.965732E-14
5306.14405392804  3.480174E-14
5306.18568019681  3.560635E-14
5306.22730305081  3.847027E-14
5306.26892248992  3.547514E-14
5306.31053851402  3.464385E-14
5306.35215112298  3.700657E-14
5306.39376031668  3.930996E-14
5306.43536609499  3.490727E-14
5306.4769684578  3.747378E-14
5306.51856740498  3.899735E-14
5306.5601629364  3.452902E-14
5306.60175505195  3.734520E-14
5306.6433437515  3.797238E-14
5306.68492903493  3.623876E-14
5306.72651090212  3.932320E-14
5306.76808935294  3.802117E-14
5306.80966438727  3.582693E-14
5306.85123600499  3.685163E-14
5306.89280420597  3.671099E-14
5306.9343689901  3.484671E-14
5306.97593035725  3.824686E-14
5307.0174883073  3.400095E-14
5307.05904284012  3.814881E-14
5307.1005939556  3.629027E-14
5307.14214165361  3.706583E-14
5307.18368593403  3.710671E-14
5307.22522679673  3.706770E-14
5307.2667642416  3.646066E-14
5307.30829826852  3.835025E-14
5307.34982887735  3.430963E-14
5307.39135606798  3.823764E-14
5307.43287984029  3.334114E-14
5307.47440019415  4.058965E-14
5307.51591712945  4.053862E-14
5307.55743064606  3.905870E-14
5307.59894074386  3.743133E-14
5307.64044742272  3.747050E-14
5307.68195068254  3.458927E-14
5307.72345052317  3.805030E-14
5307.76494694451  3.502782E-14
5307.80643994643  3.338550E-14
5307.84792952881  3.406291E-14
5307.88941569153  3.165654E-14
5307.93089843446  3.300018E-14
5307.97237775749  3.522034E-14
5308.0138536605  3.796025E-14
5308.05532614336  3.426479E-14
5308.09679520594  3.571158E-14
5308.13826084814  3.708630E-14
5308.17972306983  3.063041E-14
5308.22118187089  3.433594E-14
5308.26263725119  3.592904E-14
5308.30408921062  3.564651E-14
5308.34553774906  3.726665E-14
5308.38698286638  3.369592E-14
5308.42842456246  3.246613E-14
5308.46986283718  3.565943E-14
5308.51129769043  3.608853E-14
5308.55272912208  3.239605E-14
5308.59415713201  3.728841E-14
5308.6355817201  3.365596E-14
5308.67700288622  3.463306E-14
5308.71842063027  3.216367E-14
5308.75983495211  3.087393E-14
5308.80124585163  3.854722E-14
5308.84265332871  3.176621E-14
5308.88405738322  3.795800E-14
5308.92545801505  3.427471E-14
5308.96685522408  3.440224E-14
5309.00824901018  3.763207E-14
5309.04963937324  3.557681E-14
5309.09102631313  3.693231E-14
5309.13240982974  3.902173E-14
5309.17378992295  3.576073E-14
5309.21516659263  3.801369E-14
5309.25653983866  3.730179E-14
5309.29790966093  3.929737E-14
5309.33927605932  3.309717E-14
5309.3806390337  3.512060E-14
5309.42199858396  3.419376E-14
5309.46335470997  3.742334E-14
5309.50470741162  3.860836E-14
5309.54605668878  3.662715E-14
5309.58740254135  3.684729E-14
5309.62874496919  3.797999E-14
5309.67008397219  3.759910E-14
5309.71141955022  3.370523E-14
5309.75275170318  3.737904E-14
5309.79408043094  3.961638E-14
5309.83540573337  3.925542E-14
5309.87672761037  3.660653E-14
5309.91804606181  3.816317E-14
5309.95936108757  3.806649E-14
5310.00067268753  3.931229E-14
5310.04198086159  3.911608E-14
5310.0832856096  4.031017E-14
5310.12458693146  3.767916E-14
5310.16588482705  3.600031E-14
5310.20717929624  3.901689E-14
5310.24847033893  3.809684E-14
5310.28975795499  3.871639E-14
5310.3310421443  3.408222E-14
5310.37232290674  3.679919E-14
5310.41360024219  3.459703E-14
5310.45487415054  4.085644E-14
5310.49614463167  3.496955E-14
5310.53741168546  3.897250E-14
5310.57867531178  3.886278E-14
5310.61993551053  3.996068E-14
5310.66119228158  3.916090E-14
5310.70244562481  3.405537E-14
5310.74369554012  4.306292E-14
5310.78494202736  3.779052E-14
5310.82618508644  3.894850E-14
5310.86742471723  3.684741E-14
5310.90866091962  4.226166E-14
5310.94989369347  3.901669E-14
5310.99112303869  3.983453E-14
5311.03234895514  3.774829E-14
5311.07357144272  3.730494E-14
5311.1147905013  4.223434E-14
5311.15600613076  3.677016E-14
5311.19721833099  3.913594E-14
5311.23842710187  4.022899E-14
5311.27963244328  3.889785E-14
5311.32083435511  3.638369E-14
5311.36203283723  4.074816E-14
5311.40322788953  3.303310E-14
5311.44441951189  3.469384E-14
5311.4856077042  3.864388E-14
5311.52679246633  3.808210E-14
5311.56797379817  3.891883E-14
5311.6091516996  3.767207E-14
5311.65032617051  3.967628E-14
5311.69149721077  3.864233E-14
5311.73266482027  3.685397E-14
5311.77382899889  3.484627E-14
5311.81498974652  3.861114E-14
5311.85614706304  4.103858E-14
5311.89730094832  3.636227E-14
5311.93845140226  3.879367E-14
5311.97959842474  3.553646E-14
5312.02074201563  3.535908E-14
5312.06188217483  3.887850E-14
5312.10301890222  3.525025E-14
5312.14415219767  3.837633E-14
5312.18528206108  4.039481E-14
5312.22640849232  3.361318E-14
5312.26753149128  3.793032E-14
5312.30865105784  3.877937E-14
5312.34976719189  4.002055E-14
5312.3908798933  3.773515E-14
5312.43198916197  3.987743E-14
5312.47309499778  3.227197E-14
5312.5141974006  3.715411E-14
5312.55529637033  3.582222E-14
5312.59639190685  3.515214E-14
5312.63748401003  4.070341E-14
5312.67857267977  3.895773E-14
5312.71965791595  3.740838E-14
5312.76073971845  3.921239E-14
5312.80181808716  3.626024E-14
5312.84289302196  3.848391E-14
5312.88396452273  3.793123E-14
5312.92503258935  4.163190E-14
5312.96609722173  3.723282E-14
5313.00715841972  4.036638E-14
5313.04821618323  3.437690E-14
5313.08927051213  4.005779E-14
5313.13032140631  3.932468E-14
5313.17136886566  4.152006E-14
5313.21241289005  4.055333E-14
5313.25345347937  3.835822E-14
5313.29449063352  4.002291E-14
5313.33552435235  3.978690E-14
5313.37655463578  3.808947E-14
5313.41758148368  3.882469E-14
5313.45860489593  3.642181E-14
5313.49962487242  3.464958E-14
5313.54064141303  3.768662E-14
5313.58165451765  4.170004E-14
5313.62266418617  3.771871E-14
5313.66367041846  3.752177E-14
5313.70467321442  3.468245E-14
5313.74567257393  3.691524E-14
5313.78666849687  3.755854E-14
5313.82766098312  3.546932E-14
5313.86865003259  3.670718E-14
5313.90963564513  3.553290E-14
5313.95061782066  3.888589E-14
5313.99159655904  3.720019E-14
5314.03257186016  4.209439E-14
5314.07354372392  3.759257E-14
5314.11451215019  3.608505E-14
5314.15547713886  3.176225E-14
5314.19643868981  3.842215E-14
5314.23739680294  3.446134E-14
5314.27835147812  3.973002E-14
5314.31930271524  3.844701E-14
5314.3602505142  3.634811E-14
5314.40119487486  3.823510E-14
5314.44213579713  3.940286E-14
5314.48307328088  3.629938E-14
5314.524007326  4.021630E-14
5314.56493793237  3.641332E-14
5314.60586509989  3.783769E-14
5314.64678882844  3.914504E-14
5314.6877091179  3.211729E-14
5314.72862596816  3.931939E-14
5314.76953937911  3.634108E-14
5314.81044935063  3.826948E-14
5314.85135588261  3.690745E-14
5314.89225897493  3.388506E-14
5314.93315862748  3.623515E-14
5314.97405484016  3.497817E-14
5315.01494761283  3.435696E-14
5315.0558369454  3.323339E-14
5315.09672283774  3.373658E-14
5315.13760528974  4.107476E-14
5315.1784843013  3.972142E-14
5315.21935987229  4.077214E-14
5315.2602320026  3.411554E-14
5315.30110069212  3.614223E-14
5315.34196594074  4.463121E-14
5315.38282774834  3.548494E-14
5315.42368611481  3.370601E-14
5315.46454104004  3.854723E-14
5315.50539252391  3.604947E-14
5315.54624056631  4.010169E-14
5315.58708516712  3.413248E-14
5315.62792632624  3.830285E-14
5315.66876404356  3.910322E-14
5315.70959831895  3.706732E-14
5315.7504291523  3.622147E-14
5315.79125654351  4.163353E-14
5315.83208049246  3.427163E-14
5315.87290099903  3.429349E-14
5315.91371806312  3.751115E-14
5315.95453168461  3.946059E-14
5315.99534186339  3.777558E-14
5316.03614859935  3.632122E-14
5316.07695189237  3.736707E-14
5316.11775174235  4.303040E-14
5316.15854814916  3.715440E-14
5316.1993411127  4.018087E-14
5316.24013063285  3.441486E-14
5316.28091670951  3.577224E-14
5316.32169934256  3.812163E-14
5316.36247853188  4.336548E-14
5316.40325427737  4.049679E-14
5316.44402657891  3.870784E-14
5316.4847954364  3.713145E-14
5316.52556084971  3.828435E-14
5316.56632281875  3.630206E-14
5316.60708134339  4.207136E-14
5316.64783642352  4.023050E-14
5316.68858805904  3.716477E-14
5316.72933624982  4.135032E-14
5316.77008099577  3.913670E-14
5316.81082229676  3.809089E-14
5316.85156015269  3.971215E-14
5316.89229456344  4.451311E-14
5316.9330255289  4.286323E-14
5316.97375304896  4.551935E-14
5317.01447712352  3.624310E-14
5317.05519775245  3.151840E-14
