5649.52634705124  4.593611E-14
5649.57861121616  4.714457E-14
5649.63087205529  4.705186E-14
5649.68312956838  4.494153E-14
5649.73538375522  4.306197E-14
5649.78763461557  4.142436E-14
5649.8398821492  4.540736E-14
5649.89212635586  4.366877E-14
5649.94436723534  4.197822E-14
5649.99660478738  4.095594E-14
5650.04883901178  4.291873E-14
5650.10106990828  4.540417E-14
5650.15329747666  4.204516E-14
5650.20552171669  4.217543E-14
5650.25774262812  4.111305E-14
5650.30996021074  4.296836E-14
5650.3621744643  4.432936E-14
5650.41438538857  4.381659E-14
5650.46659298333  4.579449E-14
5650.51879724834  4.371360E-14
5650.57099818336  4.285395E-14
5650.62319578816  4.211936E-14
5650.67539006252  4.311814E-14
5650.7275810062  3.938297E-14
5650.77976861896  3.939110E-14
5650.83195290058  4.454539E-14
5650.88413385082  4.103090E-14
5650.93631146945  4.226571E-14
5650.98848575624  4.135249E-14
5651.04065671096  4.117221E-14
5651.09282433337  4.185989E-14
5651.14498862325  4.086572E-14
5651.19714958035  4.478166E-14
5651.24930720446  4.041473E-14
5651.30146149533  3.970100E-14
5651.35361245274  4.034264E-14
5651.40576007645  4.197831E-14
5651.45790436624  4.235575E-14
5651.51004532186  3.897451E-14
5651.5621829431  4.236629E-14
5651.61431722971  4.014818E-14
5651.66644818147  4.564502E-14
5651.71857579815  4.220098E-14
5651.77070007951  4.376196E-14
5651.82282102532  4.115472E-14
5651.87493863535  4.386997E-14
5651.92705290938  4.481047E-14
5651.97916384716  4.464354E-14
5652.03127144847  4.581152E-14
5652.08337571308  4.160603E-14
5652.13547664076  4.429828E-14
5652.18757423127  4.455119E-14
5652.23966848438  4.487505E-14
5652.29175939987  4.342614E-14
5652.3438469775  4.259789E-14
5652.39593121705  4.191637E-14
5652.44801211827  4.611634E-14
5652.50008968095  4.646807E-14
5652.55216390484  4.211881E-14
5652.60423478973  4.438486E-14
5652.65630233537  4.515974E-14
5652.70836654155  4.562789E-14
5652.76042740802  4.157840E-14
5652.81248493456  4.576943E-14
5652.86453912094  4.463942E-14
5652.91658996693  4.482976E-14
5652.9686374723  4.465488E-14
5653.02068163681  4.138933E-14
5653.07272246024  4.303962E-14
5653.12475994235  4.299680E-14
5653.17679408293  4.239940E-14
5653.22882488173  4.481191E-14
5653.28085233853  4.327477E-14
5653.3328764531  4.094953E-14
5653.3848972252  4.570169E-14
5653.43691465462  4.538195E-14
5653.48892874111  4.540270E-14
5653.54093948445  4.495130E-14
5653.59294688441  4.029689E-14
5653.64495094076  4.507598E-14
5653.69695165327  4.184779E-14
5653.74894902172  4.113915E-14
5653.80094304586  4.099200E-14
5653.85293372548  4.593264E-14
5653.90492106033  4.380992E-14
5653.95690505021  4.548911E-14
5654.00888569487  4.610327E-14
5654.06086299408  4.308480E-14
5654.11283694762  4.595400E-14
5654.16480755525  4.369575E-14
5654.21677481676  4.318113E-14
5654.2687387319  4.576651E-14
5654.32069930046  4.573170E-14
5654.37265652219  4.318060E-14
5654.42461039688  4.288305E-14
5654.47656092429  4.671239E-14
5654.5285081042  4.204575E-14
5654.58045193638  4.220483E-14
5654.63239242059  4.192067E-14
5654.68432955661  4.170339E-14
5654.73626334422  4.232088E-14
5654.78819378318  4.587337E-14
5654.84012087326  4.344998E-14
5654.89204461423  4.396782E-14
5654.94396500588  4.144609E-14
5654.99588204796  4.621541E-14
5655.04779574026  3.857119E-14
5655.09970608254  4.423111E-14
5655.15161307457  4.209087E-14
5655.20351671613  4.082704E-14
5655.25541700699  4.329130E-14
5655.30731394692  4.186402E-14
5655.35920753569  4.094401E-14
5655.41109777308  4.090788E-14
5655.46298465885  4.202264E-14
5655.51486819279  4.115794E-14
5655.56674837465  4.008616E-14
5655.61862520423  3.935289E-14
5655.67049868127  3.949358E-14
5655.72236880557  4.313733E-14
5655.77423557689  4.083191E-14
5655.826098995  4.090160E-14
5655.87795905968  3.906524E-14
5655.9298157707  4.002769E-14
5655.98166912783  3.924958E-14
5656.03351913084  4.281138E-14
5656.08536577951  3.918240E-14
5656.13720907362  4.044854E-14
5656.18904901292  4.096957E-14
5656.2408855972  3.755979E-14
5656.29271882623  3.745486E-14
5656.34454869979  3.834740E-14
5656.39637521764  3.738421E-14
5656.44819837955  3.842863E-14
5656.50001818531  4.247884E-14
5656.55183463468  4.036289E-14
5656.60364772744  4.024503E-14
5656.65545746337  3.838317E-14
5656.70726384222  3.889114E-14
5656.75906686379  4.147014E-14
5656.81086652783  3.987792E-14
5656.86266283413  4.015137E-14
5656.91445578246  3.874978E-14
5656.9662453726  4.404420E-14
5657.01803160431  4.147802E-14
5657.06981447736  4.228310E-14
5657.12159399155  4.206397E-14
5657.17337014663  4.181795E-14
5657.22514294238  4.031474E-14
5657.27691237857  4.725146E-14
5657.32867845499  4.479374E-14
5657.38044117139  4.578380E-14
5657.43220052757  4.538611E-14
5657.48395652328  4.347829E-14
5657.53570915831  3.866255E-14
5657.58745843243  4.555344E-14
5657.63920434542  4.300156E-14
5657.69094689704  4.449384E-14
5657.74268608707  4.475573E-14
5657.7944219153  4.452575E-14
5657.84615438148  4.558465E-14
5657.8978834854  4.325624E-14
5657.94960922683  4.393208E-14
5658.00133160554  4.383522E-14
5658.05305062132  4.176955E-14
5658.10476627392  4.349247E-14
5658.15647856314  4.304825E-14
5658.20818748874  3.935506E-14
5658.2598930505  4.467779E-14
5658.3115952482  4.304041E-14
5658.3632940816  4.141768E-14
5658.41498955049  4.159211E-14
5658.46668165463  4.253600E-14
5658.51837039381  4.155038E-14
5658.5700557678  4.191801E-14
5658.62173777637  4.104582E-14
5658.6734164193  3.810815E-14
5658.72509169636  3.884008E-14
5658.77676360734  4.323775E-14
5658.828432152  4.000460E-14
5658.88009733012  3.901464E-14
5658.93175914148  3.980641E-14
5658.98341758585  3.711185E-14
5659.03507266301  3.833421E-14
5659.08672437273  3.761253E-14
5659.13837271479  3.494655E-14
5659.19001768896  3.447023E-14
5659.24165929502  3.660716E-14
5659.29329753275  3.492505E-14
5659.34493240192  3.375341E-14
5659.39656390231  3.460151E-14
5659.4481920337  3.340976E-14
5659.49981679585  3.331670E-14
5659.55143818855  3.374719E-14
5659.60305621157  3.339895E-14
5659.65467086469  3.245588E-14
5659.70628214768  3.511486E-14
5659.75789006033  3.234156E-14
5659.8094946024  3.259305E-14
5659.86109577368  3.369189E-14
5659.91269357393  3.569384E-14
5659.96428800294  3.194559E-14
5660.01587906049  3.435099E-14
5660.06746674634  3.712382E-14
5660.11905106028  3.556149E-14
5660.17063200209  3.443377E-14
5660.22220957153  3.646922E-14
5660.27378376839  3.915764E-14
5660.32535459244  3.867668E-14
5660.37692204346  3.616837E-14
5660.42848612123  3.757554E-14
5660.48004682552  4.099067E-14
5660.53160415612  4.175882E-14
5660.58315811279  4.283610E-14
5660.63470869531  4.270737E-14
5660.68625590347  4.191886E-14
5660.73779973704  4.449828E-14
5660.7893401958  4.178698E-14
5660.84087727951  4.199089E-14
5660.89241098797  4.318422E-14
5660.94394132095  4.267920E-14
5660.99546827823  4.455513E-14
5661.04699185958  4.624907E-14
5661.09851206477  4.014086E-14
5661.1500288936  4.418815E-14
5661.20154234584  4.536351E-14
5661.25305242126  4.260714E-14
5661.30455911964  4.513167E-14
5661.35606244076  4.573149E-14
5661.4075623844  4.405321E-14
5661.45905895033  4.296908E-14
5661.51055213834  4.121270E-14
5661.5620419482  4.412172E-14
5661.61352837969  4.219164E-14
5661.66501143258  4.293615E-14
5661.71649110666  4.163935E-14
5661.76796740171  4.325370E-14
5661.8194403175  4.668073E-14
5661.8709098538  4.258125E-14
5661.92237601041  3.970565E-14
5661.9738387871  4.184993E-14
5662.02529818364  3.946809E-14
5662.07675419981  4.149315E-14
5662.1282068354  4.158957E-14
5662.17965609017  4.327496E-14
5662.23110196392  4.300314E-14
5662.28254445642  4.127501E-14
5662.33398356744  4.074096E-14
5662.38541929677  4.247792E-14
5662.43685164419  4.365810E-14
5662.48828060946  4.195993E-14
5662.53970619239  4.144432E-14
5662.59112839273  4.392509E-14
5662.64254721027  4.283728E-14
5662.6939626448  4.193464E-14
5662.74537469608  4.511331E-14
5662.7967833639  4.135557E-14
5662.84818864804  3.952975E-14
5662.89959054827  4.249443E-14
5662.95098906438  3.946431E-14
5663.00238419615  4.046244E-14
5663.05377594335  4.270844E-14
5663.10516430577  4.149572E-14
5663.15654928318  4.180162E-14
5663.20793087536  3.841579E-14
5663.25930908209  3.994903E-14
5663.31068390316  4.014646E-14
5663.36205533834  3.816848E-14
5663.41342338741  3.905404E-14
5663.46478805016  4.054900E-14
5663.51614932635  3.816714E-14
5663.56750721578  4.093650E-14
5663.61886171823  3.593343E-14
5663.67021283345  3.768487E-14
5663.72156056126  3.652152E-14
5663.77290490141  4.052625E-14
5663.8242458537  3.786135E-14
5663.8755834179  3.862138E-14
5663.92691759379  3.835411E-14
5663.97824838116  3.970328E-14
5664.02957577978  4.027069E-14
5664.08089978943  4.102427E-14
5664.1322204099  4.194596E-14
5664.18353764095  3.939860E-14
5664.23485148239  4.179958E-14
5664.28616193398  4.358972E-14
5664.33746899551  3.997487E-14
5664.38877266675  4.216751E-14
5664.4400729475  4.056023E-14
5664.49136983752  4.458526E-14
5664.5426633366  4.385774E-14
5664.59395344452  4.569722E-14
5664.64524016106  4.147342E-14
5664.69652348601  4.343967E-14
5664.74780341914  4.167462E-14
5664.79907996023  4.267255E-14
5664.85035310907  4.127575E-14
5664.90162286544  4.548365E-14
5664.95288922911  4.078924E-14
5665.00415219987  4.416251E-14
5665.05541177751  4.380739E-14
5665.10666796179  4.461831E-14
5665.15792075251  4.358619E-14
5665.20917014945  4.531122E-14
5665.26041615238  4.523492E-14
5665.31165876109  4.237308E-14
5665.36289797536  4.491549E-14
5665.41413379497  4.285244E-14
5665.4653662197  4.585262E-14
5665.51659524934  4.538429E-14
5665.56782088367  4.358935E-14
5665.61904312246  4.308708E-14
5665.67026196551  4.362848E-14
5665.72147741258  4.456778E-14
5665.77268946348  4.568550E-14
5665.82389811797  4.541846E-14
5665.87510337584  4.494701E-14
5665.92630523686  4.549053E-14
5665.97750370084  4.528899E-14
5666.02869876754  4.623311E-14
5666.07989043674  4.293499E-14
5666.13107870824  4.229864E-14
5666.18226358181  4.314994E-14
5666.23344505724  4.424858E-14
5666.2846231343  4.365740E-14
5666.33579781278  4.252309E-14
5666.38696909247  4.406303E-14
5666.43813697314  4.264823E-14
5666.48930145458  4.552741E-14
5666.54046253657  4.467042E-14
5666.5916202189  4.345161E-14
5666.64277450134  4.593624E-14
5666.69392538368  4.242557E-14
5666.7450728657  4.672003E-14
5666.79621694719  4.489377E-14
5666.84735762794  4.281353E-14
5666.8984949077  4.294121E-14
5666.94962878629  4.209319E-14
5667.00075926347  4.353396E-14
5667.05188633904  4.446341E-14
5667.10301001277  4.259916E-14
5667.15413028445  4.512729E-14
5667.20524715386  4.347380E-14
5667.25636062078  4.510253E-14
5667.30747068501  4.500696E-14
5667.35857734631  4.459032E-14
5667.40968060449  4.372816E-14
5667.46078045931  4.558131E-14
5667.51187691056  4.479589E-14
5667.56296995803  4.431448E-14
5667.6140596015  4.307857E-14
5667.66514584076  4.262828E-14
5667.71622867558  4.102828E-14
5667.76730810576  4.229386E-14
5667.81838413108  4.313153E-14
5667.86945675131  4.384803E-14
5667.92052596625  3.952019E-14
5667.97159177568  4.324375E-14
5668.02265417938  4.107895E-14
5668.07371317713  4.002669E-14
5668.12476876873  4.015119E-14
5668.17582095396  3.927096E-14
5668.22686973259  4.252745E-14
5668.27791510442  4.063826E-14
5668.32895706923  4.056457E-14
5668.3799956268  4.082282E-14
5668.43103077692  4.017915E-14
5668.48206251937  4.232579E-14
5668.53309085394  4.144501E-14
5668.58411578042  4.265530E-14
5668.63513729858  4.145572E-14
5668.68615540821  4.277838E-14
5668.7371701091  4.272320E-14
5668.78818140103  4.177867E-14
5668.83918928378  4.074137E-14
5668.89019375715  4.525737E-14
5668.94119482092  4.288569E-14
5668.99219247487  4.116945E-14
5669.04318671878  4.291955E-14
5669.09417755245  4.323758E-14
5669.14516497565  4.441354E-14
5669.19614898818  4.463887E-14
5669.24712958982  4.194092E-14
5669.29810678035  4.431177E-14
5669.34908055956  4.578521E-14
5669.40005092723  4.494367E-14
5669.45101788316  4.663332E-14
5669.50198142712  4.509017E-14
5669.5529415589  4.262501E-14
5669.60389827829  4.397983E-14
5669.65485158507  4.358300E-14
5669.70580147903  4.547861E-14
5669.75674795996  4.333030E-14
5669.80769102764  4.656970E-14
5669.85863068185  4.194659E-14
5669.90956692239  4.122766E-14
5669.96049974903  4.157217E-14
5670.01142916157  4.285560E-14
5670.0623551598  4.308184E-14
5670.11327774349  4.389632E-14
5670.16419691243  4.492596E-14
5670.21511266641  4.297655E-14
5670.26602500522  4.399334E-14
5670.31693392864  4.726434E-14
5670.36783943646  4.345844E-14
5670.41874152847  4.519445E-14
5670.46964020445  4.380039E-14
5670.52053546419  4.377849E-14
5670.57142730747  4.581193E-14
5670.62231573409  4.322222E-14
5670.67320074382  4.407753E-14
5670.72408233646  4.264810E-14
5670.77496051179  4.362266E-14
5670.82583526961  4.222495E-14
5670.87670660968  4.366713E-14
5670.92757453182  4.418390E-14
5670.97843903579  4.505591E-14
5671.02930012139  4.436729E-14
5671.0801577884  4.529759E-14
5671.13101203662  4.308823E-14
5671.18186286583  4.598131E-14
5671.23271027581  4.541613E-14
5671.28355426636  4.434552E-14
5671.33439483726  4.411281E-14
5671.38523198829  4.132694E-14
5671.43606571926  4.465674E-14
5671.48689602993  4.272935E-14
5671.53772292011  4.279240E-14
5671.58854638958  4.331422E-14
5671.63936643812  4.281267E-14
5671.69018306553  4.487982E-14
5671.74099627159  4.753066E-14
5671.79180605609  4.523637E-14
5671.84261241882  4.543296E-14
5671.89341535956  4.387000E-14
5671.94421487811  4.428193E-14
5671.99501097425  4.323087E-14
5672.04580364777  4.838910E-14
5672.09659289846  4.452962E-14
5672.1473787261  4.413377E-14
5672.19816113049  4.383087E-14
5672.24894011141  4.449600E-14
5672.29971566866  4.435017E-14
5672.35048780201  4.590760E-14
5672.40125651126  4.051084E-14
5672.4520217962  4.383802E-14
5672.50278365661  4.368813E-14
5672.55354209228  4.438041E-14
5672.60429710301  4.501310E-14
5672.65504868858  4.430692E-14
5672.70579684878  4.440883E-14
5672.75654158339  4.355740E-14
5672.80728289222  4.775846E-14
5672.85802077504  4.554648E-14
5672.90875523164  4.516340E-14
5672.95948626182  4.627174E-14
5673.01021386536  4.374187E-14
5673.06093804205  4.425268E-14
5673.11165879169  4.587784E-14
5673.16237611405  4.717123E-14
5673.21309000893  4.642611E-14
5673.26380047613  4.849287E-14
5673.31450751542  4.685565E-14
5673.3652111266  4.655389E-14
5673.41591130945  4.593099E-14
5673.46660806377  4.677280E-14
5673.51730138935  4.421448E-14
5673.56799128597  4.818191E-14
5673.61867775343  4.547329E-14
5673.66936079151  4.555837E-14
5673.72004040001  4.792464E-14
5673.77071657871  4.784722E-14
5673.8213893274  4.353530E-14
5673.87205864588  4.495793E-14
5673.92272453393  4.574954E-14
5673.97338699135  4.532000E-14
5674.02404601792  4.429540E-14
5674.07470161343  4.841738E-14
5674.12535377768  4.845063E-14
5674.17600251045  4.595845E-14
5674.22664781154  4.501798E-14
5674.27728968073  4.710036E-14
5674.32792811781  4.750950E-14
5674.37856312258  4.688230E-14
5674.42919469483  4.782003E-14
5674.47982283434  4.595527E-14
5674.5304475409  4.690320E-14
5674.58106881432  4.954584E-14
5674.63168665437  4.695532E-14
5674.68230106085  4.774168E-14
5674.73291203355  4.536786E-14
5674.78351957226  4.648980E-14
5674.83412367677  4.887317E-14
5674.88472434686  4.651102E-14
5674.93532158235  4.362750E-14
5674.985915383  4.733765E-14
5675.03650574862  5.016938E-14
5675.087092679  4.554398E-14
5675.13767617392  4.718172E-14
5675.18825623318  4.544211E-14
5675.23883285656  4.717889E-14
5675.28940604387  4.765558E-14
5675.33997579489  4.396854E-14
5675.3905421094  4.524055E-14
5675.44110498722  4.515517E-14
5675.49166442812  4.723496E-14
5675.54222043189  4.512343E-14
5675.59277299834  4.681125E-14
5675.64332212724  4.611684E-14
5675.69386781839  4.779741E-14
5675.74441007159  4.630102E-14
5675.79494888662  4.408525E-14
5675.84548426328  4.470996E-14
5675.89601620136  4.009809E-14
5675.94654470065  4.470476E-14
5675.99706976094  4.634910E-14
5676.04759138202  4.451796E-14
5676.09810956369  4.373116E-14
5676.14862430574  4.198627E-14
5676.19913560796  4.434366E-14
5676.24964347014  4.273315E-14
5676.30014789208  4.415588E-14
5676.35064887356  4.240513E-14
5676.40114641438  4.367884E-14
5676.45164051433  4.172730E-14
5676.50213117321  4.323081E-14
5676.55261839081  4.436826E-14
5676.60310216691  4.376575E-14
5676.65358250132  4.225892E-14
5676.70405939382  4.354291E-14
5676.7545328442  4.148304E-14
5676.80500285227  4.280015E-14
5676.85546941781  4.268800E-14
5676.90593254061  4.589365E-14
5676.95639222047  4.483098E-14
5677.00684845719  4.271469E-14
5677.05730125054  4.491858E-14
5677.10775060034  4.233979E-14
5677.15819650636  4.406098E-14
5677.20863896841  4.499215E-14
5677.25907798627  4.535221E-14
5677.30951355974  4.373224E-14
5677.35994568862  4.489332E-14
5677.41037437269  4.558321E-14
5677.46079961175  4.763287E-14
5677.5112214056  4.711324E-14
5677.56163975401  4.388833E-14
5677.6120546568  4.691225E-14
5677.66246611376  4.515949E-14
5677.71287412467  4.929315E-14
5677.76327868933  4.561830E-14
5677.81367980753  4.578762E-14
5677.86407747907  4.678927E-14
5677.91447170374  4.693295E-14
5677.96486248134  4.774331E-14
5678.01524981166  4.536947E-14
5678.06563369449  4.784254E-14
5678.11601412963  4.530059E-14
5678.16639111688  4.705782E-14
5678.21676465601  4.362425E-14
5678.26713474684  4.496803E-14
5678.31750138915  4.610071E-14
5678.36786458273  4.593122E-14
5678.41822432739  4.538409E-14
5678.46858062292  4.602985E-14
5678.51893346911  4.692153E-14
5678.56928286575  4.553433E-14
5678.61962881265  4.638916E-14
5678.66997130958  4.416070E-14
5678.72031035636  4.721447E-14
5678.77064595277  4.601484E-14
5678.82097809861  4.894085E-14
5678.87130679367  4.825829E-14
5678.92163203775  4.727513E-14
5678.97195383064  4.489789E-14
5679.02227217214  4.433783E-14
5679.07258706205  4.643633E-14
5679.12289850015  4.194025E-14
5679.17320648624  4.412070E-14
5679.22351102012  4.700205E-14
5679.27381210158  4.443317E-14
5679.32410973042  4.382694E-14
5679.37440390644  4.419668E-14
5679.42469462942  4.546874E-14
5679.47498189916  4.677082E-14
5679.52526571547  4.526227E-14
5679.57554607813  4.437754E-14
5679.62582298694  4.190150E-14
5679.67609644169  4.261009E-14
5679.72636644219  4.415403E-14
5679.77663298822  4.195109E-14
5679.82689607959  4.247691E-14
5679.87715571608  4.321195E-14
5679.9274118975  4.619122E-14
5679.97766462363  4.131063E-14
5680.02791389428  4.424172E-14
5680.07815970925  4.455480E-14
5680.12840206831  4.369296E-14
5680.17864097129  4.114194E-14
5680.22887641796  4.385575E-14
5680.27910840813  4.482317E-14
5680.32933694159  4.416038E-14
5680.37956201814  4.330301E-14
5680.42978363757  4.316387E-14
5680.48000179968  4.375988E-14
5680.53021650427  4.592683E-14
5680.58042775113  4.409323E-14
5680.63063554006  4.329761E-14
5680.68083987086  4.612272E-14
5680.73104074332  4.218219E-14
5680.78123815724  4.607957E-14
5680.83143211242  4.453554E-14
5680.88162260864  4.325780E-14
5680.93180964572  4.598092E-14
5680.98199322344  4.631976E-14
5681.03217334161  4.636283E-14
5681.08235000001  4.484623E-14
5681.13252319846  4.513812E-14
5681.18269293673  4.798896E-14
5681.23285921464  4.405553E-14
5681.28302203197  4.456527E-14
5681.33318138853  4.424712E-14
5681.38333728412  4.664552E-14
5681.43348971852  4.485204E-14
5681.48363869154  4.438461E-14
5681.53378420297  4.560745E-14
5681.58392625261  4.379895E-14
5681.63406484027  4.635633E-14
5681.68419996572  4.511309E-14
5681.73433162879  4.909224E-14
5681.78445982925  4.389213E-14
5681.83458456692  4.747041E-14
5681.88470584157  4.669088E-14
5681.93482365303  4.524606E-14
5681.98493800108  4.670729E-14
5682.03504888551  4.790421E-14
5682.08515630614  4.673535E-14
5682.13526026275  4.623508E-14
5682.18536075515  4.609236E-14
5682.23545778312  4.291961E-14
5682.28555134648  4.711173E-14
5682.33564144501  4.661549E-14
5682.38572807853  4.756546E-14
5682.43581124681  4.450309E-14
5682.48589094967  4.413645E-14
5682.5359671869  4.755995E-14
5682.5860399583  4.595282E-14
5682.63610926367  4.802279E-14
5682.6861751028  4.348310E-14
5682.7362374755  4.463973E-14
5682.78629638156  4.787374E-14
5682.83635182078  4.582958E-14
5682.88640379297  4.421962E-14
5682.93645229791  3.997284E-14
5682.98649733542  4.371097E-14
5683.03653890528  4.201396E-14
5683.08657700729  4.191095E-14
5683.13661164126  4.175108E-14
5683.18664280698  4.259899E-14
5683.23667050426  4.206806E-14
5683.28669473289  4.202723E-14
5683.33671549267  4.106477E-14
5683.3867327834  4.176451E-14
5683.43674660487  3.952487E-14
5683.4867569569  3.979193E-14
5683.53676383928  4.080037E-14
5683.5867672518  4.240766E-14
5683.63676719427  4.019474E-14
5683.68676366648  4.059859E-14
5683.73675666824  3.940059E-14
5683.78674619934  3.939296E-14
5683.8367322596  4.195515E-14
5683.88671484879  3.825183E-14
5683.93669396673  4.236158E-14
5683.98666961321  4.118508E-14
5684.03664178803  3.933022E-14
5684.086610491  4.218125E-14
5684.13657572191  4.235297E-14
5684.18653748057  4.227668E-14
5684.23649576677  4.425493E-14
5684.28645058031  4.362708E-14
5684.33640192099  4.456434E-14
5684.38634978862  4.590427E-14
5684.43629418299  4.651314E-14
5684.48623510391  4.408755E-14
5684.53617255117  4.492785E-14
5684.58610652458  4.680703E-14
5684.63603702393  4.285197E-14
5684.68596404902  4.723508E-14
5684.73588759966  4.457604E-14
5684.78580767565  4.399242E-14
5684.83572427679  4.536180E-14
5684.88563740287  4.411124E-14
5684.9355470537  4.528367E-14
5684.98545322908  4.316790E-14
5685.03535592881  4.266038E-14
5685.08525515269  4.420180E-14
5685.13515090052  4.432576E-14
5685.1850431721  4.285420E-14
5685.23493196724  4.488761E-14
5685.28481728573  4.256251E-14
5685.33469912738  4.187084E-14
5685.38457749198  4.260943E-14
5685.43445237934  4.035293E-14
5685.48432378926  4.288935E-14
5685.53419172154  4.296906E-14
5685.58405617598  4.280165E-14
5685.63391715239  4.733202E-14
5685.68377465056  4.400671E-14
5685.73362867029  4.346452E-14
5685.7834792114  4.012814E-14
5685.83332627367  4.446216E-14
5685.88316985691  4.264710E-14
5685.93300996093  4.510540E-14
5685.98284658551  4.464980E-14
5686.03267973048  4.589208E-14
5686.08250939562  4.717528E-14
5686.13233558074  4.531997E-14
5686.18215828564  4.478719E-14
5686.23197751013  4.898962E-14
5686.281793254  4.850471E-14
5686.33160551706  4.667251E-14
5686.38141429911  4.765710E-14
5686.43121959995  4.795348E-14
5686.48102141938  4.722651E-14
5686.53081975721  4.669087E-14
5686.58061461324  4.877144E-14
5686.63040598727  4.677663E-14
5686.6801938791  4.785414E-14
5686.72997828853  4.523146E-14
5686.77975921538  4.713942E-14
5686.82953665944  4.482167E-14
5686.87931062051  4.379988E-14
5686.92908109839  4.400785E-14
5686.97884809289  4.367130E-14
5687.02861160382  4.457376E-14
5687.07837163097  4.454458E-14
5687.12812817414  4.267156E-14
5687.17788123315  4.413114E-14
5687.22763080779  4.206941E-14
5687.27737689786  4.117840E-14
5687.32711950317  3.995404E-14
5687.37685862353  4.599953E-14
5687.42659425873  4.043107E-14
5687.47632640858  4.163472E-14
5687.52605507287  3.905955E-14
5687.57578025143  4.079829E-14
5687.62550194404  4.145079E-14
5687.67522015052  4.351125E-14
5687.72493487066  4.185153E-14
5687.77464610426  4.137487E-14
5687.82435385114  4.182145E-14
5687.8740581111  4.421809E-14
5687.92375888393  4.126144E-14
5687.97345616945  4.295976E-14
5688.02314996745  4.145713E-14
5688.07284027775  4.499496E-14
5688.12252710013  4.299875E-14
5688.17221043442  4.403060E-14
5688.22189028041  4.394514E-14
5688.2715666379  4.582811E-14
5688.32123950671  4.413330E-14
5688.37090888663  4.505533E-14
5688.42057477746  4.501419E-14
5688.47023717902  4.600859E-14
5688.51989609111  4.580911E-14
5688.56955151352  4.071362E-14
5688.61920344608  4.246204E-14
5688.66885188857  4.276036E-14
5688.7184968408  4.177326E-14
5688.76813830259  4.181036E-14
5688.81777627372  4.321118E-14
5688.86741075402  4.309294E-14
5688.91704174327  4.024918E-14
5688.9666692413  4.266661E-14
5689.01629324789  4.344846E-14
5689.06591376286  3.995915E-14
5689.11553078602  4.296653E-14
5689.16514431716  4.171528E-14
5689.21475435608  4.242494E-14
5689.26436090261  4.109587E-14
5689.31396395654  4.152490E-14
5689.36356351767  4.048358E-14
5689.41315958581  4.176775E-14
5689.46275216077  4.256364E-14
5689.51234124235  4.254599E-14
5689.56192683036  3.953164E-14
5689.6115089246  4.040622E-14
5689.66108752487  4.168922E-14
5689.71066263099  4.213983E-14
5689.76023424276  3.905517E-14
5689.80980235998  4.309545E-14
5689.85936698246  4.240016E-14
5689.90892811001  4.327783E-14
5689.95848574242  4.481165E-14
5690.00803987952  4.545203E-14
5690.05759052109  4.351143E-14
5690.10713766695  4.422288E-14
5690.15668131691  4.550351E-14
5690.20622147076  4.535028E-14
5690.25575812832  4.587268E-14
5690.30529128939  4.623808E-14
5690.35482095378  4.672272E-14
5690.40434712129  4.424406E-14
5690.45386979174  4.267613E-14
5690.50338896492  4.782493E-14
5690.55290464064  4.568545E-14
5690.60241681871  4.614108E-14
5690.65192549893  4.708252E-14
5690.70143068111  4.513934E-14
5690.75093236507  4.532464E-14
5690.80043055059  4.453344E-14
5690.8499252375  4.691537E-14
5690.8994164256  4.343230E-14
5690.94890411468  4.218962E-14
5690.99838830457  4.401286E-14
5691.04786899507  4.620877E-14
5691.09734618598  4.471486E-14
5691.14681987711  4.720051E-14
5691.19629006827  4.474158E-14
5691.24575675926  4.343530E-14
5691.2952199499  4.560617E-14
5691.34467963998  4.436568E-14
5691.39413582932  4.452976E-14
5691.44358851772  4.471725E-14
5691.493037705  4.690799E-14
5691.54248339095  4.385355E-14
5691.59192557538  4.470174E-14
5691.64136425811  4.308482E-14
5691.69079943893  4.666051E-14
5691.74023111766  4.514703E-14
5691.78965929411  4.539164E-14
5691.83908396808  4.497863E-14
5691.88850513938  4.553054E-14
5691.93792280781  4.189699E-14
5691.98733697319  4.395967E-14
5692.03674763532  4.438564E-14
5692.08615479401  4.357207E-14
5692.13555844907  4.264011E-14
5692.1849586003  4.560984E-14
5692.23435524752  4.342555E-14
5692.28374839053  4.354208E-14
5692.33313802914  4.724670E-14
5692.38252416316  4.649541E-14
5692.43190679239  4.506728E-14
5692.48128591665  4.394054E-14
5692.53066153574  4.455820E-14
5692.58003364947  4.393949E-14
5692.62940225764  4.577133E-14
5692.67876736008  4.516946E-14
5692.72812895658  4.540502E-14
5692.77748704696  4.615784E-14
5692.82684163101  4.441778E-14
5692.87619270856  4.389446E-14
5692.92554027941  4.708240E-14
5692.97488434336  4.482008E-14
5693.02422490024  4.639285E-14
5693.07356194983  4.462386E-14
5693.12289549197  4.831680E-14
5693.17222552644  4.567384E-14
5693.22155205307  4.775822E-14
5693.27087507166  4.574190E-14
5693.32019458202  4.690716E-14
5693.36951058396  4.619597E-14
5693.41882307728  5.048330E-14
5693.46813206181  4.833908E-14
5693.51743753734  4.521509E-14
5693.56673950369  4.809411E-14
5693.61603796066  4.418159E-14
5693.66533290807  4.772366E-14
5693.71462434571  4.729372E-14
5693.76391227342  4.714098E-14
5693.81319669099  4.797936E-14
5693.86247759823  4.685101E-14
5693.91175499495  4.629245E-14
5693.96102888096  4.672956E-14
5694.01029925607  4.534542E-14
5694.0595661201  4.417349E-14
5694.10882947285  4.501297E-14
5694.15808931412  4.819593E-14
5694.20734564374  4.400495E-14
5694.2565984615  4.618455E-14
5694.30584776723  4.612389E-14
5694.35509356073  4.680652E-14
5694.40433584181  4.547108E-14
5694.45357461028  4.456260E-14
5694.50280986595  4.496345E-14
5694.55204160863  4.538279E-14
5694.60126983813  4.509468E-14
5694.65049455427  4.767558E-14
5694.69971575685  4.591967E-14
5694.74893344567  4.436413E-14
5694.79814762057  4.474491E-14
5694.84735828133  4.515735E-14
5694.89656542778  4.621337E-14
5694.94576905973  4.631539E-14
5694.99496917697  4.540552E-14
5695.04416577934  4.606315E-14
5695.09335886663  4.688632E-14
5695.14254843866  4.381781E-14
5695.19173449524  4.436969E-14
5695.24091703618  4.416749E-14
5695.29009606129  4.391143E-14
5695.33927157038  4.604186E-14
5695.38844356326  4.610984E-14
5695.43761203974  4.566108E-14
5695.48677699964  4.483614E-14
5695.53593844277  4.400342E-14
5695.58509636893  4.591693E-14
5695.63425077794  4.475825E-14
5695.68340166961  4.462701E-14
5695.73254904376  4.555827E-14
5695.78169290019  4.462440E-14
5695.8308332387  4.452275E-14
5695.87997005913  4.499863E-14
5695.92910336127  4.445287E-14
5695.97823314495  4.604863E-14
5696.02735940996  4.378555E-14
5696.07648215612  4.405526E-14
5696.12560138325  4.406852E-14
5696.17471709116  4.493674E-14
5696.22382927965  4.747255E-14
5696.27293794855  4.471870E-14
5696.32204309765  4.522764E-14
5696.37114472678  4.646042E-14
5696.42024283575  4.505736E-14
5696.46933742436  4.424179E-14
5696.51842849243  4.707132E-14
5696.56751603978  4.542821E-14
5696.61660006622  4.665579E-14
5696.66568057154  4.571171E-14
5696.71475755558  4.624701E-14
5696.76383101815  4.678425E-14
5696.81290095904  4.390667E-14
5696.86196737809  4.791958E-14
5696.91103027509  4.604701E-14
5696.96008964987  4.661383E-14
5697.00914550223  4.811471E-14
5697.05819783199  4.502727E-14
5697.10724663896  4.794239E-14
5697.15629192295  4.674279E-14
5697.20533368378  4.577930E-14
5697.25437192126  4.682149E-14
5697.3034066352  4.675379E-14
5697.35243782541  4.705902E-14
5697.40146549172  4.845692E-14
5697.45048963392  4.661826E-14
5697.49951025184  4.600892E-14
5697.54852734529  4.921052E-14
5697.59754091408  4.672733E-14
5697.64655095803  4.564667E-14
5697.69555747694  4.580318E-14
5697.74456047063  4.666352E-14
5697.79355993892  4.770857E-14
5697.84255588162  4.670608E-14
5697.89154829853  4.708887E-14
5697.94053718949  4.532763E-14
5697.98952255429  4.498798E-14
5698.03850439276  4.692122E-14
5698.0874827047  4.497710E-14
5698.13645748994  4.503547E-14
5698.18542874827  4.614069E-14
5698.23439647953  4.538919E-14
5698.28336068352  4.739963E-14
5698.33232136005  4.799810E-14
5698.38127850895  4.712988E-14
5698.43023213002  4.691472E-14
5698.47918222308  4.588139E-14
5698.52812878793  4.860234E-14
5698.57707182441  4.740428E-14
5698.62601133232  4.541310E-14
5698.67494731148  4.620883E-14
5698.72387976169  4.334874E-14
5698.77280868278  4.695941E-14
5698.82173407456  4.706685E-14
5698.87065593684  4.697083E-14
5698.91957426944  4.592323E-14
5698.96848907218  4.478079E-14
5699.01740034486  4.543924E-14
5699.0663080873  4.403631E-14
5699.11521229932  4.273237E-14
5699.16411298074  4.624118E-14
5699.21301013136  4.443893E-14
5699.261903751  4.328717E-14
5699.31079383948  4.144543E-14
5699.35968039661  4.202494E-14
5699.40856342221  4.600498E-14
5699.45744291608  4.484123E-14
5699.50631887806  4.239552E-14
5699.55519130795  4.248592E-14
5699.60406020557  4.416945E-14
5699.65292557073  4.285721E-14
5699.70178740325  4.496729E-14
5699.75064570295  4.334384E-14
5699.79950046963  4.420003E-14
5699.84835170312  4.468259E-14
5699.89719940323  4.472672E-14
5699.94604356977  4.487297E-14
5699.99488420257  4.511045E-14
5700.04372130143  4.584126E-14
5700.09255486619  4.649897E-14
5700.14138489663  4.451334E-14
5700.1902113926  4.859007E-14
5700.23903435389  4.949571E-14
5700.28785378033  4.804037E-14
5700.33666967174  4.477567E-14
5700.38548202792  4.735205E-14
5700.43429084871  4.700945E-14
5700.4830961339  4.779683E-14
5700.53189788332  4.701913E-14
5700.58069609678  4.875433E-14
5700.62949077411  4.828340E-14
5700.67828191511  4.670195E-14
5700.7270695196  4.643871E-14
5700.7758535874  4.455996E-14
5700.82463411834  4.639463E-14
5700.87341111221  4.533635E-14
5700.92218456884  4.639886E-14
5700.97095448805  4.692935E-14
5701.01972086965  4.555931E-14
5701.06848371346  4.481796E-14
5701.1172430193  4.611403E-14
5701.16599878698  4.711852E-14
5701.21475101633  4.529902E-14
5701.26349970714  4.546512E-14
5701.31224485926  4.474914E-14
5701.36098647248  4.403034E-14
5701.40972454663  4.421480E-14
5701.45845908153  4.559457E-14
5701.50719007699  4.518682E-14
5701.55591753283  4.369185E-14
5701.60464144887  3.973154E-14
5701.65336182493  4.474796E-14
5701.70207866081  4.672817E-14
5701.75079195634  4.705639E-14
5701.79950171135  4.166232E-14
5701.84820792563  4.680270E-14
5701.89691059902  4.253057E-14
5701.94560973133  4.345504E-14
5701.99430532238  4.315531E-14
5702.04299737198  4.396644E-14
5702.09168587996  4.434202E-14
5702.14037084612  4.102838E-14
5702.18905227029  4.216467E-14
5702.2377301523  4.436354E-14
5702.28640449195  4.299671E-14
5702.33507528906  4.434086E-14
5702.38374254345  4.393155E-14
5702.43240625494  4.098959E-14
5702.48106642334  4.289455E-14
5702.52972304849  4.250097E-14
5702.57837613018  4.142402E-14
5702.62702566825  4.182599E-14
5702.67567166251  4.358966E-14
5702.72431411278  4.112913E-14
5702.77295301888  3.840690E-14
5702.82158838062  4.303723E-14
5702.87022019783  4.209988E-14
5702.91884847032  4.096217E-14
5702.96747319791  4.203098E-14
5703.01609438042  4.060964E-14
5703.06471201768  4.186760E-14
5703.11332610949  4.214823E-14
5703.16193665568  4.174108E-14
5703.21054365606  4.286319E-14
5703.25914711046  4.259368E-14
5703.3077470187  4.437064E-14
5703.35634338059  4.414100E-14
5703.40493619595  4.578033E-14
5703.4535254646  4.313992E-14
5703.50211118636  4.533302E-14
5703.55069336106  4.431300E-14
5703.5992719885  4.422727E-14
5703.64784706851  4.679910E-14
5703.69641860091  4.503322E-14
5703.74498658552  4.618883E-14
5703.79355102215  4.364548E-14
5703.84211191064  4.524301E-14
5703.89066925078  4.388809E-14
5703.93922304242  4.541700E-14
5703.98777328536  4.405058E-14
5704.03631997942  4.682226E-14
5704.08486312444  4.675864E-14
5704.13340272022  4.398029E-14
5704.18193876658  4.541607E-14
5704.23047126335  4.674509E-14
5704.27900021034  4.522919E-14
5704.32752560738  4.770361E-14
5704.37604745428  4.319372E-14
5704.42456575087  4.263923E-14
5704.47308049697  4.539608E-14
5704.52159169239  4.758917E-14
5704.57009933695  4.496196E-14
5704.61860343049  4.473457E-14
5704.66710397281  4.741067E-14
5704.71560096374  4.539550E-14
5704.7640944031  4.504187E-14
5704.81258429071  4.621589E-14
5704.86107062638  4.466079E-14
5704.90955340995  4.584665E-14
5704.95803264122  4.788278E-14
5705.00650832003  4.505290E-14
5705.05498044619  4.515615E-14
5705.10344901952  4.499292E-14
5705.15191403985  4.681537E-14
5705.20037550699  4.427084E-14
5705.24883342077  4.421906E-14
5705.29728778101  4.507110E-14
5705.34573858752  4.698803E-14
5705.39418584013  4.789589E-14
5705.44262953866  4.791881E-14
5705.49106968294  4.490096E-14
5705.53950627278  4.688925E-14
5705.587939308  4.540001E-14
5705.63636878843  4.576265E-14
5705.68479471388  4.445535E-14
5705.73321708419  4.644336E-14
5705.78163589916  4.796603E-14
5705.83005115863  4.670604E-14
5705.87846286241  4.477206E-14
5705.92687101032  4.534601E-14
5705.97527560219  4.341365E-14
5706.02367663784  4.472378E-14
5706.07207411709  4.704686E-14
5706.12046803977  4.446256E-14
5706.16885840568  4.392547E-14
5706.21724521467  4.350939E-14
5706.26562846654  4.491548E-14
5706.31400816112  4.326460E-14
5706.36238429824  4.394316E-14
5706.41075687771  4.511152E-14
5706.45912589936  4.470429E-14
5706.507491363  4.309228E-14
5706.55585326847  4.308596E-14
5706.60421161558  4.315479E-14
5706.65256640416  4.297604E-14
5706.70091763403  4.207829E-14
5706.74926530501  4.177232E-14
5706.79760941692  4.259421E-14
5706.84594996959  4.316144E-14
5706.89428696284  4.126907E-14
5706.94262039649  4.278266E-14
5706.99095027037  4.089460E-14
5707.03927658429  4.198700E-14
5707.08759933808  4.327716E-14
5707.13591853157  4.171815E-14
5707.18423416457  4.293556E-14
5707.23254623691  4.157406E-14
5707.28085474842  4.201797E-14
5707.32915969891  4.404953E-14
5707.37746108821  3.969741E-14
5707.42575891614  4.290121E-14
5707.47405318253  4.308867E-14
5707.5223438872  4.282728E-14
5707.57063102997  4.354629E-14
5707.61891461066  4.217130E-14
5707.6671946291  4.095041E-14
5707.71547108511  4.206667E-14
5707.76374397852  4.160926E-14
5707.81201330915  4.320798E-14
5707.86027907682  4.333232E-14
5707.90854128137  4.456978E-14
5707.9567999226  4.191701E-14
5708.00505500034  4.354692E-14
5708.05330651442  4.378088E-14
5708.10155446467  4.467633E-14
5708.1497988509  4.670923E-14
5708.19803967294  4.309657E-14
5708.24627693061  4.536250E-14
5708.29451062375  4.694011E-14
5708.34274075216  4.394276E-14
5708.39096731569  4.405742E-14
5708.43919031414  4.469023E-14
5708.48740974735  4.325430E-14
5708.53562561514  4.347840E-14
5708.58383791733  4.349427E-14
5708.63204665375  4.331962E-14
5708.68025182423  4.320114E-14
5708.72845342858  4.374150E-14
5708.77665146663  4.342128E-14
5708.82484593821  4.493138E-14
5708.87303684314  4.305467E-14
5708.92122418125  4.222583E-14
5708.96940795236  4.300758E-14
5709.01758815629  4.365886E-14
5709.06576479288  4.540150E-14
5709.11393786193  4.451206E-14
5709.1621073633  4.030261E-14
5709.21027329678  4.344335E-14
5709.25843566222  4.132847E-14
5709.30659445943  4.252729E-14
5709.35474968824  4.192966E-14
5709.40290134848  4.295454E-14
5709.45104943997  4.430229E-14
5709.49919396254  4.135357E-14
5709.54733491601  3.998429E-14
5709.59547230021  4.311475E-14
5709.64360611496  4.148408E-14
5709.69173636009  4.142794E-14
5709.73986303543  4.401663E-14
5709.78798614079  3.985067E-14
5709.83610567601  4.175782E-14
5709.88422164091  3.902528E-14
5709.93233403532  3.989283E-14
5709.98044285906  4.140097E-14
5710.02854811196  4.021779E-14
5710.07664979384  3.805115E-14
5710.12474790454  3.901961E-14
5710.17284244387  3.937528E-14
5710.22093341166  4.007709E-14
5710.26902080775  4.056889E-14
5710.31710463194  3.896833E-14
5710.36518488408  3.826939E-14
5710.41326156399  3.949342E-14
5710.46133467149  3.946826E-14
5710.50940420641  3.775089E-14
5710.55747016858  4.023288E-14
5710.60553255782  3.838016E-14
5710.65359137396  3.999254E-14
5710.70164661682  3.773054E-14
5710.74969828624  3.905264E-14
5710.79774638204  4.002190E-14
5710.84579090404  4.021997E-14
5710.89383185208  4.034482E-14
5710.94186922598  3.825890E-14
5710.98990302556  4.149492E-14
5711.03793325066  3.962395E-14
5711.08595990109  4.277526E-14
5711.1339829767  4.259888E-14
5711.1820024773  4.361004E-14
5711.23001840271  4.269153E-14
5711.27803075279  4.477982E-14
5711.32603952733  4.307227E-14
5711.37404472618  4.403427E-14
5711.42204634916  4.645569E-14
5711.47004439609  4.476361E-14
5711.51803886681  4.418590E-14
5711.56602976115  4.458469E-14
5711.61401707892  4.422522E-14
5711.66200081996  4.455224E-14
5711.7099809841  4.273436E-14
5711.75795757116  4.371287E-14
5711.80593058097  4.327152E-14
5711.85390001336  4.423603E-14
5711.90186586816  4.248155E-14
5711.94982814519  4.435462E-14
5711.99778684428  4.246693E-14
5712.04574196526  4.327759E-14
5712.09369350796  4.413775E-14
5712.14164147221  4.277404E-14
5712.18958585783  4.600919E-14
5712.23752666464  4.131428E-14
5712.2854638925  4.128037E-14
5712.33339754121  4.279653E-14
5712.3813276106  4.186324E-14
5712.42925410051  4.184666E-14
5712.47717701077  4.246489E-14
5712.5250963412  3.823868E-14
5712.57301209162  4.175859E-14
5712.62092426188  4.072568E-14
5712.66883285179  3.715375E-14
5712.7167378612  4.136112E-14
5712.76463928991  4.087633E-14
5712.81253713777  3.787992E-14
5712.8604314046  4.231016E-14
5712.90832209023  3.995180E-14
5712.95620919449  4.117544E-14
5713.00409271722  4.091701E-14
5713.05197265822  4.254479E-14
5713.09984901735  4.158991E-14
5713.14772179442  4.076739E-14
5713.19559098927  3.844008E-14
5713.24345660172  4.132650E-14
5713.2913186316  4.308119E-14
5713.33917707875  4.035207E-14
5713.38703194299  4.193390E-14
5713.43488322415  4.222454E-14
5713.48273092207  4.296208E-14
5713.53057503656  4.016720E-14
5713.57841556746  4.343335E-14
5713.6262525146  4.304675E-14
5713.67408587781  4.555524E-14
5713.72191565692  4.441779E-14
5713.76974185176  4.470502E-14
5713.81756446216  4.481381E-14
5713.86538348794  4.724334E-14
5713.91319892895  4.643316E-14
5713.961010785  4.587431E-14
5714.00881905593  4.619517E-14
5714.05662374156  4.682127E-14
5714.10442484173  4.813281E-14
5714.15222235628  4.481536E-14
5714.20001628501  4.881626E-14
5714.24780662778  4.579133E-14
5714.29559338441  4.748642E-14
5714.34337655472  4.815917E-14
5714.39115613856  4.838199E-14
5714.43893213574  4.822779E-14
5714.48670454611  4.667599E-14
5714.53447336948  4.569427E-14
5714.58223860569  5.130094E-14
5714.63000025458  4.591225E-14
5714.67775831597  4.554227E-14
5714.72551278969  4.489394E-14
5714.77326367558  4.455133E-14
5714.82101097346  4.738216E-14
5714.86875468317  4.573668E-14
5714.91649480453  4.591394E-14
5714.96423133737  4.543813E-14
5715.01196428154  4.626486E-14
5715.05969363686  4.746368E-14
5715.10741940316  4.714901E-14
5715.15514158027  4.620035E-14
5715.20286016802  4.655694E-14
5715.25057516624  4.420759E-14
5715.29828657477  4.805437E-14
5715.34599439344  4.521231E-14
5715.39369862207  4.291977E-14
5715.44139926051  4.519880E-14
5715.48909630857  4.300624E-14
5715.5367897661  4.897503E-14
5715.58447963292  4.540276E-14
5715.63216590887  4.523290E-14
5715.67984859377  4.442682E-14
5715.72752768746  4.502355E-14
5715.77520318978  4.438894E-14
5715.82287510054  4.564605E-14
5715.87054341959  4.818116E-14
5715.91820814676  4.642171E-14
5715.96586928188  4.576821E-14
5716.01352682477  4.399462E-14
5716.06118077528  4.311295E-14
5716.10883113323  4.462866E-14
5716.15647789846  4.252260E-14
5716.2041210708  4.436682E-14
5716.25176065008  4.534638E-14
5716.29939663613  4.463968E-14
5716.34702902879  4.392963E-14
5716.39465782789  4.396716E-14
5716.44228303326  4.188662E-14
5716.48990464473  4.333431E-14
5716.53752266214  4.345838E-14
5716.58513708531  4.418983E-14
5716.63274791409  4.513757E-14
5716.6803551483  4.520395E-14
5716.72795878777  4.348521E-14
5716.77555883235  4.403496E-14
5716.82315528186  4.531457E-14
5716.87074813613  4.506252E-14
5716.91833739501  4.803812E-14
5716.96592305831  4.617731E-14
5717.01350512588  4.616167E-14
5717.06108359754  4.709737E-14
5717.10865847314  4.845625E-14
5717.1562297525  4.785379E-14
5717.20379743545  4.646326E-14
5717.25136152184  4.812543E-14
5717.29892201149  4.909760E-14
5717.34647890424  5.016576E-14
5717.39403219992  4.742822E-14
5717.44158189836  4.650837E-14
5717.4891279994  4.969371E-14
5717.53667050287  4.692962E-14
5717.5842094086  4.720742E-14
5717.63174471643  4.522762E-14
5717.6792764262  4.861504E-14
5717.72680453773  4.652930E-14
5717.77432905086  4.574613E-14
5717.82184996543  4.633295E-14
5717.86936728126  4.760615E-14
5717.91688099819  4.816521E-14
5717.96439111606  4.661468E-14
5718.0118976347  4.703987E-14
5718.05940055395  4.690800E-14
5718.10689987363  4.819442E-14
5718.15439559359  4.896299E-14
5718.20188771365  4.807369E-14
5718.24937623365  4.656631E-14
5718.29686115342  4.588086E-14
5718.34434247281  4.735518E-14
5718.39182019164  4.820860E-14
5718.43929430975  4.522943E-14
5718.48676482698  4.211136E-14
5718.53423174315  4.329815E-14
5718.5816950581  4.613143E-14
5718.62915477167  4.664134E-14
5718.6766108837  4.546396E-14
5718.72406339401  4.533034E-14
5718.77151230244  4.213807E-14
5718.81895760883  4.237818E-14
5718.86639931301  4.708576E-14
5718.91383741482  4.474220E-14
5718.96127191409  4.329867E-14
5719.00870281066  4.502388E-14
5719.05613010436  4.395699E-14
5719.10355379502  4.421368E-14
5719.15097388249  4.650585E-14
5719.1983903666  4.368255E-14
5719.24580324718  4.439940E-14
5719.29321252407  4.601518E-14
5719.3406181971  4.422814E-14
5719.38802026612  4.638591E-14
5719.43541873095  4.614493E-14
5719.48281359143  4.662924E-14
5719.5302048474  4.967201E-14
5719.57759249869  4.825757E-14
5719.62497654513  4.717626E-14
5719.67235698657  4.654774E-14
5719.71973382284  4.718750E-14
5719.76710705378  4.738478E-14
5719.81447667922  4.687266E-14
5719.861842699  4.721705E-14
5719.90920511295  4.759345E-14
5719.95656392091  4.718617E-14
5720.00391912271  4.625493E-14
5720.0512707182  4.919423E-14
5720.09861870721  4.498064E-14
5720.14596308957  4.525328E-14
5720.19330386512  4.938420E-14
5720.2406410337  4.639593E-14
5720.28797459515  5.077109E-14
5720.33530454929  4.667830E-14
5720.38263089597  4.723623E-14
5720.42995363503  4.764104E-14
5720.47727276629  4.423757E-14
5720.52458828961  4.667318E-14
5720.5719002048  4.584862E-14
5720.61920851172  4.725042E-14
5720.66651321019  5.019592E-14
5720.71381430006  4.941242E-14
5720.76111178116  4.810044E-14
5720.80840565333  4.843595E-14
5720.8556959164  4.681244E-14
5720.90298257021  4.688631E-14
5720.95026561461  4.981531E-14
5720.99754504942  4.760211E-14
5721.04482087449  4.735358E-14
5721.09209308964  4.811123E-14
5721.13936169473  4.667431E-14
5721.18662668958  4.774443E-14
5721.23388807403  4.772376E-14
5721.28114584793  4.743815E-14
5721.3284000111  4.753023E-14
5721.37565056339  4.660943E-14
5721.42289750463  4.771532E-14
5721.47014083467  4.735549E-14
5721.51738055333  4.665956E-14
5721.56461666046  4.950090E-14
5721.6118491559  4.919032E-14
5721.65907803947  4.445093E-14
5721.70630331103  4.909150E-14
5721.75352497041  4.554904E-14
5721.80074301744  4.828044E-14
5721.84795745197  4.623054E-14
5721.89516827383  4.989840E-14
5721.94237548286  4.940297E-14
5721.9895790789  4.636966E-14
5722.03677906178  4.684954E-14
5722.08397543135  4.834932E-14
5722.13116818745  4.655275E-14
5722.17835732991  4.680246E-14
5722.22554285857  4.528511E-14
5722.27272477327  4.584879E-14
5722.31990307384  4.756000E-14
5722.36707776014  4.726320E-14
5722.41424883199  4.713248E-14
5722.46141628923  5.084758E-14
5722.50858013171  4.871607E-14
5722.55574035925  4.930199E-14
5722.60289697171  4.856527E-14
5722.65004996892  4.799377E-14
5722.69719935071  4.789128E-14
5722.74434511693  4.757856E-14
5722.79148726742  4.944729E-14
5722.83862580202  4.801180E-14
5722.88576072055  4.780868E-14
5722.93289202288  4.737598E-14
5722.98001970882  4.824870E-14
5723.02714377823  4.700343E-14
5723.07426423094  4.709596E-14
5723.12138106679  4.763909E-14
5723.16849428562  4.579121E-14
5723.21560388727  4.963674E-14
5723.26270987159  4.819511E-14
5723.30981223839  4.857859E-14
5723.35691098754  4.986004E-14
5723.40400611888  4.719009E-14
5723.45109763222  4.957746E-14
5723.49818552742  4.653204E-14
5723.54526980433  5.152810E-14
5723.59235046277  4.811109E-14
5723.63942750258  5.083641E-14
5723.68650092362  4.792932E-14
5723.73357072571  5.194438E-14
5723.78063690871  5.007555E-14
5723.82769947244  4.790631E-14
5723.87475841674  4.969477E-14
5723.92181374147  4.913572E-14
5723.96886544646  4.755079E-14
5724.01591353154  4.703922E-14
5724.06295799656  5.015784E-14
5724.10999884137  5.066834E-14
5724.15703606579  4.681241E-14
5724.20406966968  4.656570E-14
5724.25109965287  4.760230E-14
5724.2981260152  5.134903E-14
5724.34514875651  4.697266E-14
5724.39216787665  5.132338E-14
5724.43918337545  4.950602E-14
5724.48619525275  4.786705E-14
5724.53320350841  4.757408E-14
5724.58020814225  4.739509E-14
5724.62720915411  4.807962E-14
5724.67420654385  4.756028E-14
5724.7212003113  4.951684E-14
5724.76819045629  4.821104E-14
5724.81517697868  4.936444E-14
5724.86215987831  4.581342E-14
5724.909139155  4.806075E-14
5724.95611480862  4.822470E-14
5725.00308683899  4.737002E-14
5725.05005524596  4.807247E-14
5725.09702002938  4.569132E-14
5725.14398118907  4.812176E-14
5725.19093872489  4.859910E-14
5725.23789263667  4.850991E-14
5725.28484292426  4.575925E-14
5725.3317895875  4.649073E-14
5725.37873262623  4.914668E-14
5725.42567204029  4.898218E-14
5725.47260782953  5.000611E-14
5725.51953999378  4.751676E-14
5725.56646853289  4.865537E-14
5725.6133934467  4.954331E-14
5725.66031473505  4.496747E-14
5725.70723239779  4.782380E-14
5725.75414643475  4.942405E-14
5725.80105684578  5.027730E-14
5725.84796363072  4.608310E-14
5725.89486678942  4.902746E-14
5725.94176632171  4.856875E-14
5725.98866222743  4.895810E-14
5726.03555450644  4.759512E-14
5726.08244315857  4.810558E-14
5726.12932818367  4.781964E-14
5726.17620958157  4.753723E-14
5726.22308735213  4.677542E-14
5726.26996149518  5.137424E-14
5726.31683201056  4.694417E-14
5726.36369889813  4.885284E-14
5726.41056215771  4.944618E-14
5726.45742178916  4.734290E-14
5726.50427779231  4.842505E-14
5726.55113016702  4.772074E-14
5726.59797891312  4.788174E-14
5726.64482403046  4.797894E-14
5726.69166551888  4.746891E-14
5726.73850337822  5.138923E-14
5726.78533760833  4.752260E-14
5726.83216820904  4.950961E-14
5726.87899518021  4.927900E-14
5726.92581852168  4.753323E-14
5726.97263823328  4.716612E-14
5727.01945431487  5.085329E-14
5727.06626676629  4.823106E-14
5727.11307558737  5.071171E-14
5727.15988077797  4.778950E-14
5727.20668233793  4.519771E-14
5727.25348026709  4.986314E-14
5727.30027456529  4.593405E-14
5727.34706523239  4.513437E-14
5727.39385226821  4.982727E-14
5727.44063567261  4.567965E-14
5727.48741544544  4.675052E-14
5727.53419158653  4.690723E-14
5727.58096409572  4.591547E-14
5727.62773297287  4.603015E-14
5727.67449821782  4.744614E-14
5727.72125983041  4.718329E-14
5727.76801781048  4.568836E-14
5727.81477215789  4.833567E-14
5727.86152287247  4.403749E-14
5727.90826995406  4.454447E-14
5727.95501340252  4.685913E-14
5728.00175321769  4.570308E-14
5728.04848939941  4.705882E-14
5728.09522194753  4.648533E-14
5728.14195086189  4.870951E-14
5728.18867614234  4.601463E-14
5728.23539778872  4.794268E-14
5728.28211580087  4.440866E-14
5728.32883017865  4.463246E-14
5728.37554092189  4.665977E-14
5728.42224803044  4.623440E-14
5728.46895150414  4.607422E-14
5728.51565134285  4.443570E-14
5728.56234754641  4.628000E-14
5728.60904011465  4.812401E-14
5728.65572904743  4.657800E-14
5728.70241434459  4.604972E-14
5728.74909600598  4.781353E-14
5728.79577403145  4.769538E-14
5728.84244842082  4.472623E-14
5728.88911917397  4.788224E-14
5728.93578629072  4.583126E-14
5728.98244977092  4.874172E-14
5729.02910961443  4.727989E-14
5729.07576582108  5.000418E-14
5729.12241839072  4.819369E-14
5729.1690673232  4.904539E-14
5729.21571261836  4.836161E-14
5729.26235427605  4.867134E-14
5729.30899229611  4.752272E-14
5729.35562667839  4.642531E-14
5729.40225742275  4.903563E-14
5729.44888452901  4.797281E-14
5729.49550799703  4.934512E-14
5729.54212782666  4.733548E-14
5729.58874401773  4.738728E-14
5729.63535657011  5.150585E-14
5729.68196548362  5.000754E-14
5729.72857075813  4.733673E-14
5729.77517239347  4.678145E-14
5729.8217703895  4.921577E-14
5729.86836474606  4.631365E-14
5729.91495546299  5.003271E-14
5729.96154254014  4.806277E-14
5730.00812597736  4.774689E-14
5730.0547057745  4.780662E-14
5730.1012819314  4.788434E-14
5730.1478544479  4.631522E-14
5730.19442332387  4.961715E-14
5730.24098855913  4.990487E-14
5730.28755015355  4.906431E-14
5730.33410810696  4.920419E-14
5730.38066241922  5.082058E-14
5730.42721309017  4.756381E-14
5730.47376011965  4.548839E-14
5730.52030350752  5.070934E-14
5730.56684325362  4.918520E-14
5730.61337935781  4.873987E-14
5730.65991181991  4.752048E-14
5730.7064406398  4.948094E-14
5730.7529658173  4.808688E-14
5730.79948735228  4.806633E-14
5730.84600524457  4.806790E-14
5730.89251949402  5.065056E-14
5730.93903010049  4.994719E-14
5730.98553706381  5.186748E-14
5731.03204038385  5.075410E-14
5731.07854006044  4.924363E-14
5731.12503609343  4.901850E-14
5731.17152848267  4.887920E-14
5731.21801722801  4.919200E-14
5731.2645023293  4.849099E-14
5731.31098378638  5.088156E-14
5731.3574615991  4.947370E-14
5731.40393576732  4.848441E-14
5731.45040629087  4.912381E-14
5731.49687316962  4.689135E-14
5731.5433364034  5.059343E-14
5731.58979599206  5.140468E-14
5731.63625193545  5.021616E-14
5731.68270423342  5.114920E-14
5731.72915288582  5.030082E-14
5731.7755978925  5.011478E-14
5731.82203925331  4.647343E-14
5731.86847696809  4.760575E-14
5731.9149110367  4.659754E-14
5731.96134145897  4.960901E-14
5732.00776823477  4.778176E-14
5732.05419136393  4.892974E-14
5732.10061084632  4.827435E-14
5732.14702668177  4.674809E-14
5732.19343887014  4.942886E-14
5732.23984741127  4.590841E-14
5732.28625230502  4.743658E-14
5732.33265355123  4.676622E-14
5732.37905114975  4.452386E-14
5732.42544510044  4.333634E-14
5732.47183540313  4.222086E-14
5732.51822205769  4.740617E-14
5732.56460506396  4.600083E-14
5732.61098442178  4.509581E-14
5732.65736013102  4.725544E-14
5732.70373219151  4.302123E-14
5732.75010060311  4.376214E-14
5732.79646536566  4.664654E-14
5732.84282647902  4.428263E-14
5732.88918394304  4.607409E-14
5732.93553775757  4.729781E-14
5732.98188792245  4.371989E-14
5733.02823443754  4.542821E-14
5733.07457730268  4.126846E-14
5733.12091651773  4.504749E-14
5733.16725208253  4.469522E-14
5733.21358399694  4.345525E-14
5733.25991226081  4.802996E-14
5733.30623687398  4.438962E-14
5733.3525578363  4.620620E-14
5733.39887514764  4.756401E-14
5733.44518880783  4.284405E-14
5733.49149881672  4.461540E-14
5733.53780517418  4.724916E-14
5733.58410788004  4.701862E-14
5733.63040693416  4.930880E-14
5733.67670233638  4.777774E-14
5733.72299408657  4.723787E-14
5733.76928218457  4.788748E-14
5733.81556663023  5.005715E-14
5733.86184742339  4.685519E-14
5733.90812456393  4.570156E-14
5733.95439805167  4.739586E-14
5734.00066788648  4.868113E-14
5734.0469340682  4.784860E-14
5734.09319659669  4.714109E-14
5734.13945547179  4.859210E-14
5734.18571069336  4.805709E-14
5734.23196226125  5.046878E-14
5734.27821017531  4.914376E-14
5734.32445443539  5.049198E-14
5734.37069504134  4.887580E-14
5734.41693199302  4.973595E-14
5734.46316529027  4.687148E-14
5734.50939493295  4.568415E-14
5734.55562092091  4.871958E-14
5734.60184325399  4.840567E-14
5734.64806193206  4.936929E-14
5734.69427695496  4.501428E-14
5734.74048832255  4.880120E-14
5734.78669603466  4.913349E-14
5734.83290009117  5.049749E-14
5734.87910049192  4.623212E-14
5734.92529723676  4.761199E-14
5734.97149032554  4.635723E-14
5735.01767975812  5.006814E-14
5735.06386553434  4.885883E-14
5735.11004765407  4.663754E-14
5735.15622611714  5.004266E-14
5735.20240092342  4.780313E-14
5735.24857207275  4.937807E-14
5735.294739565  4.865004E-14
5735.3409034  4.728491E-14
5735.38706357761  4.955711E-14
5735.43322009769  5.159520E-14
5735.47937296009  4.818514E-14
5735.52552216466  4.927697E-14
5735.57166771125  4.788759E-14
5735.61780959971  5.053866E-14
5735.66394782991  4.936842E-14
5735.71008240168  5.025183E-14
5735.75621331488  4.984936E-14
5735.80234056938  4.720649E-14
5735.84846416501  4.743064E-14
5735.89458410163  5.008044E-14
5735.9407003791  4.657003E-14
5735.98681299726  4.756581E-14
5736.03292195597  4.821032E-14
5736.07902725509  4.671439E-14
5736.12512889447  5.352054E-14
5736.17122687396  4.812738E-14
5736.2173211934  4.938000E-14
5736.26341185267  4.601039E-14
5736.30949885161  4.851390E-14
5736.35558219007  4.678545E-14
5736.4016618679  4.841511E-14
5736.44773788496  4.913234E-14
5736.49381024111  4.778999E-14
5736.5398789362  4.972737E-14
5736.58594397008  4.899479E-14
5736.6320053426  4.939478E-14
5736.67806305362  4.816585E-14
5736.72411710299  4.842069E-14
5736.77016749057  4.960844E-14
5736.8162142162  4.751675E-14
5736.86225727976  4.933675E-14
5736.90829668107  5.044600E-14
5736.95433242001  4.704662E-14
5737.00036449643  4.803834E-14
5737.04639291017  4.784875E-14
5737.09241766111  4.772890E-14
5737.13843874907  4.709281E-14
5737.18445617393  4.914771E-14
5737.23046993554  4.949507E-14
5737.27648003375  4.846203E-14
5737.32248646841  4.801660E-14
5737.36848923938  5.374534E-14
5737.41448834652  5.017205E-14
5737.46048378968  4.997401E-14
5737.50647556871  4.800087E-14
5737.55246368347  4.728594E-14
5737.59844813381  4.756517E-14
5737.64442891959  5.005507E-14
5737.69040604066  4.598733E-14
5737.73637949688  4.613731E-14
5737.7823492881  5.025296E-14
5737.82831541418  4.731410E-14
5737.87427787497  4.824403E-14
5737.92023667033  4.851789E-14
5737.96619180011  4.955596E-14
5738.01214326417  4.753370E-14
5738.05809106237  4.957944E-14
5738.10403519455  4.899047E-14
5738.14997566057  4.884023E-14
5738.19591246029  4.806669E-14
5738.24184559357  4.801892E-14
5738.28777506025  4.921824E-14
5738.3337008602  4.862928E-14
5738.37962299327  4.841689E-14
5738.42554145932  4.731829E-14
5738.4714562582  4.614825E-14
5738.51736738977  4.587601E-14
5738.56327485388  4.721725E-14
5738.60917865038  4.968225E-14
5738.65507877914  4.806883E-14
5738.70097524002  4.737988E-14
5738.74686803286  4.922679E-14
5738.79275715753  4.965759E-14
5738.83864261387  4.807121E-14
5738.88452440175  4.900352E-14
5738.93040252101  4.743712E-14
5738.97627697153  4.518108E-14
5739.02214775315  4.948383E-14
5739.06801486573  4.726669E-14
5739.11387830912  5.006800E-14
5739.15973808318  4.661949E-14
5739.20559418778  4.792572E-14
5739.25144662276  4.589956E-14
5739.29729538798  4.842650E-14
5739.3431404833  5.054820E-14
5739.38898190858  4.821065E-14
5739.43481966366  5.164332E-14
5739.48065374842  4.781596E-14
5739.5264841627  4.986523E-14
5739.57231090636  4.683384E-14
5739.61813397926  4.191513E-14
5739.66395338126  5.265937E-14
5739.70976911221  4.923299E-14
5739.75558117197  4.655516E-14
5739.80138956039  4.947005E-14
5739.84719427734  4.506536E-14
5739.89299532268  4.487919E-14
5739.93879269625  4.723929E-14
5739.98458639791  4.916073E-14
5740.03037642753  4.624296E-14
5740.07616278496  4.896425E-14
5740.12194547005  4.874198E-14
5740.16772448267  4.713359E-14
5740.21349982268  4.772230E-14
5740.25927148992  4.955572E-14
5740.30503948426  4.528200E-14
5740.35080380556  4.816371E-14
5740.39656445367  4.830250E-14
5740.44232142845  4.835195E-14
5740.48807472976  4.837203E-14
5740.53382435746  4.662259E-14
5740.5795703114  4.367555E-14
5740.62531259144  4.561372E-14
5740.67105119744  4.872231E-14
5740.71678612927  4.811873E-14
5740.76251738677  4.934378E-14
5740.8082449698  4.249115E-14
5740.85396887823  4.824332E-14
5740.8996891119  4.811415E-14
5740.94540567069  4.966837E-14
5740.99111855444  4.751357E-14
5741.03682776303  4.495571E-14
5741.08253329629  5.031724E-14
5741.1282351541  4.668165E-14
5741.17393333631  4.379579E-14
5741.21962784278  4.465118E-14
5741.26531867337  5.101629E-14
5741.31100582794  4.936490E-14
5741.35668930634  4.854587E-14
5741.40236910844  4.982375E-14
5741.4480452341  5.011168E-14
5741.49371768316  4.518450E-14
5741.5393864555  4.964313E-14
5741.58505155097  4.675584E-14
5741.63071296943  5.111824E-14
5741.67637071074  4.766700E-14
5741.72202477475  4.806948E-14
5741.76767516134  4.920424E-14
5741.81332187035  4.985187E-14
5741.85896490164  4.938017E-14
5741.90460425508  5.087189E-14
5741.95023993053  4.664419E-14
5741.99587192784  4.701745E-14
5742.04150024687  4.478948E-14
5742.08712488749  4.677154E-14
5742.13274584954  5.103042E-14
5742.1783631329  5.035736E-14
5742.22397673743  5.020010E-14
5742.26958666297  4.806208E-14
5742.31519290939  4.788727E-14
5742.36079547656  4.475803E-14
5742.40639436433  4.881562E-14
5742.45198957256  5.072458E-14
5742.4975811011  5.070198E-14
5742.54316894983  4.613469E-14
5742.58875311861  4.515787E-14
5742.63433360728  4.749974E-14
5742.67991041571  4.487533E-14
5742.72548354377  4.506294E-14
5742.7710529913  5.077120E-14
5742.81661875818  4.675576E-14
5742.86218084426  4.813311E-14
5742.90773924941  4.808316E-14
5742.95329397347  4.997232E-14
5742.99884501632  4.752172E-14
5743.04439237782  4.623742E-14
5743.08993605782  4.795103E-14
5743.13547605619  4.749221E-14
5743.18101237278  4.754434E-14
5743.22654500746  4.721026E-14
5743.27207396009  4.976942E-14
5743.31759923052  5.146250E-14
5743.36312081863  4.663463E-14
5743.40863872427  4.623317E-14
5743.4541529473  5.266885E-14
5743.49966348758  5.106874E-14
5743.54517034497  4.739484E-14
5743.59067351934  4.914948E-14
5743.63617301055  4.744471E-14
5743.68166881845  4.968358E-14
5743.72716094292  4.617847E-14
5743.7726493838  4.727803E-14
5743.81813414096  4.816768E-14
5743.86361521427  4.881773E-14
5743.90909260358  5.008332E-14
5743.95456630876  4.725638E-14
5744.00003632967  4.567919E-14
5744.04550266616  4.889653E-14
5744.09096531811  4.851076E-14
5744.13642428536  4.729671E-14
5744.1818795678  4.757433E-14
5744.22733116526  4.654470E-14
5744.27277907763  4.679631E-14
5744.31822330476  4.832493E-14
5744.36366384651  4.996673E-14
5744.40910070274  4.743549E-14
5744.45453387332  4.476809E-14
5744.49996335811  5.118124E-14
5744.54538915697  4.562831E-14
5744.59081126976  4.806684E-14
5744.63622969635  4.821321E-14
5744.68164443659  4.429570E-14
5744.72705549035  4.800157E-14
5744.7724628575  4.786901E-14
5744.81786653789  5.088901E-14
5744.86326653139  5.001196E-14
5744.90866283785  4.903140E-14
5744.95405545715  4.927573E-14
5744.99944438915  4.898493E-14
5745.0448296337  4.851243E-14
5745.09021119068  4.734916E-14
5745.13558905993  4.838665E-14
5745.18096324134  5.323496E-14
5745.22633373475  4.858193E-14
5745.27170054003  5.051333E-14
5745.31706365705  4.490948E-14
5745.36242308567  4.681536E-14
5745.40777882575  4.689921E-14
5745.45313087716  5.055774E-14
5745.49847923975  5.041999E-14
5745.54382391339  5.170640E-14
5745.58916489795  4.671631E-14
5745.63450219328  4.977310E-14
5745.67983579926  4.695194E-14
5745.72516571574  4.545197E-14
5745.77049194259  4.665194E-14
5745.81581447967  5.118569E-14
5745.86113332685  5.024048E-14
5745.90644848399  4.819443E-14
5745.95175995094  4.613295E-14
5745.99706772759  4.814804E-14
5746.04237181378  5.019710E-14
5746.08767220939  5.055892E-14
5746.13296891428  4.768340E-14
5746.17826192831  4.680852E-14
5746.22355125134  4.854432E-14
5746.26883688325  4.923106E-14
5746.31411882389  4.865041E-14
5746.35939707313  5.350707E-14
5746.40467163083  4.995313E-14
5746.44994249685  4.980256E-14
5746.49520967107  4.904168E-14
5746.54047315335  5.012808E-14
5746.58573294354  4.797965E-14
5746.63098904152  4.708274E-14
5746.67624144714  4.861249E-14
5746.72149016028  4.764999E-14
5746.7667351808  4.958566E-14
5746.81197650856  5.161826E-14
5746.85721414343  5.181461E-14
5746.90244808527  5.093007E-14
5746.94767833394  4.749695E-14
5746.99290488932  4.983101E-14
5747.03812775127  4.771389E-14
5747.08334691964  4.784110E-14
5747.12856239432  5.154134E-14
5747.17377417515  4.934775E-14
5747.21898226201  4.963917E-14
5747.26418665476  4.798793E-14
5747.30938735327  4.835954E-14
5747.3545843574  4.898259E-14
5747.39977766702  4.843952E-14
5747.44496728199  4.729882E-14
5747.49015320218  4.831936E-14
5747.53533542746  4.804148E-14
5747.58051395768  5.180375E-14
5747.62568879271  4.947523E-14
5747.67085993243  4.784559E-14
5747.7160273767  5.008652E-14
5747.76119112537  4.866959E-14
5747.80635117832  4.664645E-14
5747.85150753542  5.053795E-14
5747.89666019652  4.916859E-14
5747.9418091615  5.014759E-14
5747.98695443022  4.949393E-14
5748.03209600254  4.703693E-14
5748.07723387834  4.774131E-14
5748.12236805748  4.607202E-14
5748.16749853982  4.893214E-14
5748.21262532523  5.009758E-14
5748.25774841358  4.997399E-14
5748.30286780473  5.049485E-14
5748.34798349856  4.825814E-14
5748.39309549492  4.916401E-14
5748.43820379368  4.626958E-14
5748.48330839471  4.520600E-14
5748.52840929788  4.826683E-14
5748.57350650305  4.753095E-14
5748.61860001008  4.440433E-14
5748.66368981885  4.465620E-14
5748.70877592923  4.631937E-14
5748.75385834107  4.321464E-14
5748.79893705425  4.639848E-14
5748.84401206864  4.428302E-14
5748.88908338409  4.773416E-14
5748.93415100047  4.198698E-14
5748.97921491767  4.179111E-14
5749.02427513553  4.364413E-14
5749.06933165393  4.338710E-14
5749.11438447273  4.475294E-14
5749.15943359181  4.490945E-14
5749.20447901102  4.652079E-14
5749.24952073024  5.007150E-14
5749.29455874934  4.656702E-14
5749.33959306817  4.394167E-14
5749.38462368662  4.104577E-14
5749.42965060454  4.591660E-14
5749.47467382181  4.151955E-14
5749.51969333828  4.853636E-14
5749.56470915384  4.561254E-14
5749.60972126834  4.456606E-14
5749.65472968166  4.975672E-14
5749.69973439366  4.439853E-14
5749.74473540421  4.446063E-14
5749.78973271318  4.725792E-14
5749.83472632043  4.931747E-14
5749.87971622584  4.846661E-14
5749.92470242927  5.353028E-14
5749.96968493058  4.414939E-14
5750.01466372966  4.717656E-14
5750.05963882636  4.365653E-14
5750.10461022056  4.759095E-14
5750.14957791212  4.451997E-14
5750.19454190092  4.981366E-14
5750.23950218681  4.568579E-14
5750.28445876967  4.313561E-14
5750.32941164936  4.768133E-14
5750.37436082577  4.709742E-14
5750.41930629874  4.263157E-14
5750.46424806816  4.701341E-14
5750.50918613388  4.571748E-14
5750.5541204958  4.898548E-14
5750.59905115375  4.704562E-14
5750.64397810763  5.193837E-14
5750.68890135728  4.620371E-14
5750.7338209026  4.790881E-14
5750.77873674344  4.746364E-14
5750.82364887967  4.876229E-14
5750.86855731117  4.564616E-14
5750.91346203779  4.724048E-14
5750.95836305942  4.493008E-14
5751.00326037591  4.512324E-14
5751.04815398715  4.964587E-14
5751.09304389299  4.768265E-14
5751.13793009331  4.876909E-14
5751.18281258798  5.141256E-14
5751.22769137687  4.254514E-14
5751.27256645984  4.877599E-14
5751.31743783676  5.046663E-14
5751.36230550751  4.821063E-14
5751.40716947196  4.832565E-14
5751.45202972997  4.855438E-14
5751.49688628141  4.844190E-14
5751.54173912616  4.871454E-14
5751.58658826409  5.046134E-14
5751.63143369506  5.102232E-14
5751.67627541894  4.977560E-14
5751.7211134356  4.923952E-14
5751.76594774492  5.001763E-14
5751.81077834677  4.583202E-14
5751.855605241  4.728446E-14
5751.9004284275  4.713064E-14
5751.94524790614  5.196145E-14
5751.99006367678  4.358113E-14
5752.0348757393  5.031357E-14
5752.07968409356  4.756587E-14
5752.12448873944  4.673480E-14
5752.16928967681  4.966919E-14
5752.21408690553  4.876680E-14
5752.25888042548  4.765085E-14
5752.30367023653  4.417097E-14
5752.34845633855  4.768914E-14
5752.39323873141  4.227688E-14
5752.43801741498  4.343061E-14
5752.48279238913  4.978943E-14
5752.52756365373  4.572421E-14
5752.57233120866  4.621305E-14
5752.61709505378  4.793444E-14
5752.66185518897  4.433984E-14
5752.70661161409  4.757818E-14
5752.75136432902  4.450172E-14
5752.79611333363  4.322419E-14
5752.84085862779  4.484915E-14
5752.88560021137  4.405896E-14
5752.93033808425  4.356635E-14
5752.97507224628  4.879504E-14
5753.01980269736  4.370718E-14
5753.06452943734  4.246564E-14
5753.1092524661  4.363927E-14
5753.15397178351  4.312552E-14
5753.19868738944  4.682351E-14
5753.24339928377  4.774058E-14
5753.28810746636  4.559570E-14
5753.33281193708  4.604298E-14
5753.37751269582  4.342936E-14
5753.42220974244  4.395708E-14
5753.46690307681  4.503749E-14
5753.5115926988  4.144783E-14
5753.55627860829  4.094410E-14
5753.60096080515  4.399149E-14
5753.64563928925  4.133779E-14
5753.69031406047  4.308575E-14
5753.73498511867  4.065607E-14
5753.77965246372  4.328690E-14
5753.82431609551  4.469830E-14
5753.8689760139  4.515835E-14
5753.91363221876  4.296437E-14
5753.95828470997  4.074918E-14
5754.0029334874  4.295187E-14
5754.04757855092  3.981334E-14
5754.09221990041  4.342947E-14
5754.13685753573  4.125885E-14
5754.18149145677  3.692279E-14
5754.22612166338  4.014221E-14
5754.27074815546  4.210275E-14
5754.31537093286  4.263068E-14
5754.35998999546  4.078983E-14
5754.40460534314  4.256555E-14
5754.44921697576  4.126439E-14
5754.49382489321  4.480410E-14
5754.53842909535  3.844323E-14
5754.58302958206  4.233368E-14
5754.6276263532  4.101447E-14
5754.67221940866  4.010342E-14
5754.71680874831  4.578502E-14
5754.76139437202  4.208479E-14
5754.80597627965  3.997510E-14
5754.8505544711  4.624778E-14
5754.89512894623  4.229644E-14
5754.93969970491  4.013751E-14
5754.98426674702  4.298998E-14
5755.02883007243  4.596486E-14
5755.07338968101  4.359391E-14
5755.11794557264  4.246255E-14
5755.1624977472  3.956790E-14
5755.20704620455  3.958118E-14
5755.25159094457  4.384910E-14
5755.29613196714  4.289501E-14
5755.34066927212  3.926506E-14
5755.3852028594  3.987955E-14
5755.42973272884  4.499154E-14
5755.47425888032  4.402300E-14
5755.51878131372  4.527947E-14
5755.5633000289  3.967570E-14
5755.60781502575  3.833153E-14
5755.65232630414  4.273004E-14
5755.69683386393  4.073231E-14
5755.74133770502  4.378715E-14
5755.78583782726  4.241250E-14
5755.83033423054  4.148290E-14
5755.87482691473  3.897052E-14
5755.91931587971  4.300391E-14
5755.96380112534  4.397020E-14
5756.00828265151  3.738744E-14
5756.05276045808  4.462749E-14
5756.09723454494  4.374968E-14
5756.14170491196  4.663670E-14
5756.18617155901  4.605702E-14
5756.23063448597  4.305426E-14
5756.27509369271  4.391722E-14
5756.31954917911  4.814264E-14
5756.36400094505  4.178431E-14
5756.40844899039  3.748269E-14
5756.45289331502  4.862077E-14
5756.4973339188  4.422089E-14
5756.54177080162  4.976894E-14
5756.58620396335  4.013598E-14
5756.63063340387  4.554547E-14
5756.67505912305  5.145127E-14
5756.71948112076  4.762052E-14
5756.76389939688  4.292146E-14
5756.80831395129  4.774129E-14
5756.85272478387  4.893553E-14
5756.89713189449  4.739496E-14
5756.94153528301  4.483507E-14
5756.98593494933  4.642671E-14
5757.03033089332  4.641997E-14
5757.07472311485  4.719135E-14
5757.11911161379  4.295589E-14
5757.16349639003  4.546116E-14
5757.20787744344  4.467489E-14
5757.2522547739  4.614639E-14
5757.29662838128  4.865367E-14
5757.34099826546  4.531817E-14
5757.38536442631  4.523187E-14
5757.42972686371  4.812457E-14
5757.47408557755  5.087629E-14
5757.51844056768  4.754090E-14
5757.562791834  4.408706E-14
5757.60713937637  4.670415E-14
5757.65148319468  4.602672E-14
5757.69582328879  4.766619E-14
5757.7401596586  4.107123E-14
5757.78449230397  4.698957E-14
5757.82882122477  4.486362E-14
5757.8731464209  4.447514E-14
5757.91746789222  4.435593E-14
5757.96178563861  4.702514E-14
5758.00609965995  4.542282E-14
5758.05040995611  4.171198E-14
5758.09471652697  4.967861E-14
5758.13901937241  4.278583E-14
5758.18331849231  4.519707E-14
5758.22761388654  4.753131E-14
5758.27190555499  4.381826E-14
5758.31619349752  4.339779E-14
5758.36047771401  4.862148E-14
5758.40475820435  4.066306E-14
5758.44903496841  4.530315E-14
5758.49330800606  4.439948E-14
5758.53757731719  4.929348E-14
5758.58184290168  4.558177E-14
5758.62610475939  4.550322E-14
5758.67036289021  4.598016E-14
5758.71461729402  4.053088E-14
5758.75886797069  5.084239E-14
5758.8031149201  4.653169E-14
5758.84735814213  4.348367E-14
5758.89159763665  4.996353E-14
5758.93583340356  4.394699E-14
5758.98006544271  4.489803E-14
5759.024293754  4.636489E-14
5759.06851833729  4.652949E-14
5759.11273919247  4.627799E-14
5759.15695631942  4.890473E-14
5759.20116971802  4.737944E-14
5759.24537938813  4.825613E-14
5759.28958532965  4.178855E-14
5759.33378754244  4.721069E-14
5759.37798602639  4.486687E-14
5759.42218078138  4.826882E-14
5759.46637180728  4.414496E-14
5759.51055910398  4.553618E-14
5759.55474267134  4.352240E-14
5759.59892250926  4.589534E-14
5759.64309861761  4.588270E-14
5759.68727099627  4.449927E-14
5759.73143964511  4.757260E-14
5759.77560456402  4.765885E-14
5759.81976575287  4.866093E-14
5759.86392321155  4.358836E-14
5759.90807693993  4.615197E-14
5759.95222693789  4.472703E-14
5759.99637320531  4.876263E-14
5760.04051574208  4.246541E-14
5760.08465454806  4.666196E-14
5760.12878962315  4.898116E-14
5760.17292096721  4.533034E-14
5760.21704858013  4.515382E-14
5760.26117246179  4.897775E-14
5760.30529261206  4.054845E-14
5760.34940903083  4.356216E-14
5760.39352171798  4.622889E-14
5760.43763067338  4.287040E-14
