6396.11693869108  6.111830E-14
6396.17609436707  5.855111E-14
6396.23524628032  5.900075E-14
6396.29439443056  5.671897E-14
6396.35353881754  5.872630E-14
6396.41267944098  6.032434E-14
6396.47181630063  6.170722E-14
6396.53094939622  6.078833E-14
6396.59007872748  6.119968E-14
6396.64920429415  5.927354E-14
6396.70832609597  6.285922E-14
6396.76744413267  5.663803E-14
6396.82655840399  6.188537E-14
6396.88566890967  6.131971E-14
6396.94477564944  5.829094E-14
6397.00387862304  6.227499E-14
6397.0629778302  5.982018E-14
6397.12207327067  6.131705E-14
6397.18116494417  6.266990E-14
6397.24025285045  6.008115E-14
6397.29933698924  5.939771E-14
6397.35841736028  6.275647E-14
6397.4174939633  5.889606E-14
6397.47656679804  6.145906E-14
6397.53563586425  6.391251E-14
6397.59470116165  6.110055E-14
6397.65376268998  6.477165E-14
6397.71282044898  5.978258E-14
6397.77187443838  6.086999E-14
6397.83092465794  6.393683E-14
6397.88997110737  6.197867E-14
6397.94901378642  6.301840E-14
6398.00805269482  6.301077E-14
6398.06708783232  6.338659E-14
6398.12611919865  5.967767E-14
6398.18514679355  6.505408E-14
6398.24417061675  6.057013E-14
6398.30319066799  6.635319E-14
6398.36220694702  6.063849E-14
6398.42121945356  5.978487E-14
6398.48022818736  6.328434E-14
6398.53923314816  6.114296E-14
6398.59823433568  5.710782E-14
6398.65723174968  6.230778E-14
6398.71622538988  6.098418E-14
6398.77521525603  5.997042E-14
6398.83420134786  6.606280E-14
6398.89318366511  5.999214E-14
6398.95216220753  6.135445E-14
6399.01113697484  5.894966E-14
6399.07010796679  6.500533E-14
6399.12907518311  6.328661E-14
6399.18803862355  6.231514E-14
6399.24699828784  6.165800E-14
6399.30595417572  6.402679E-14
6399.36490628693  6.275117E-14
6399.4238546212  6.527529E-14
6399.48279917828  6.059685E-14
6399.54173995791  6.450136E-14
6399.60067695982  6.324344E-14
6399.65961018375  6.133750E-14
6399.71853962945  6.011822E-14
6399.77746529664  6.039452E-14
6399.83638718508  6.189636E-14
6399.89530529449  5.743753E-14
6399.95421962462  6.290881E-14
6400.01313017521  6.313891E-14
6400.07203694599  6.096562E-14
6400.13093993671  5.980220E-14
6400.1898391471  6.236915E-14
6400.2487345769  5.934658E-14
6400.30762622586  5.994618E-14
6400.36651409372  5.815936E-14
6400.4253981802  6.094882E-14
6400.48427848506  5.991607E-14
6400.54315500803  5.937703E-14
6400.60202774885  5.500735E-14
6400.66089670726  5.662331E-14
6400.719761883  5.603783E-14
6400.77862327581  5.377657E-14
6400.83748088544  5.782447E-14
6400.89633471161  5.301515E-14
6400.95518475408  5.565772E-14
6401.01403101257  5.445499E-14
6401.07287348684  5.131825E-14
6401.13171217662  5.200983E-14
6401.19054708165  5.324198E-14
6401.24937820167  4.972307E-14
6401.30820553643  5.003935E-14
6401.36702908565  5.529716E-14
6401.42584884909  5.207497E-14
6401.48466482649  5.176520E-14
6401.54347701757  5.198889E-14
6401.6022854221  4.849176E-14
6401.6610900398  5.372163E-14
6401.71989087041  5.375672E-14
6401.77868791368  5.377982E-14
6401.83748116935  5.594977E-14
6401.89627063716  5.715334E-14
6401.95505631685  5.726288E-14
6402.01383820816  5.852787E-14
6402.07261631083  5.470049E-14
6402.1313906246  5.655617E-14
6402.19016114922  6.280415E-14
6402.24892788442  6.331999E-14
6402.30769082996  6.335824E-14
6402.36644998556  6.398148E-14
6402.42520535096  6.085182E-14
6402.48395692592  6.005800E-14
6402.54270471017  6.500592E-14
6402.60144870346  6.587801E-14
6402.66018890552  6.613928E-14
6402.7189253161  6.434106E-14
6402.77765793494  6.553102E-14
6402.83638676178  6.440967E-14
6402.89511179636  6.551817E-14
6402.95383303843  6.654706E-14
6403.01255048772  6.329885E-14
6403.07126414398  6.384964E-14
6403.12997400695  6.407957E-14
6403.18868007637  6.307712E-14
6403.24738235199  6.388661E-14
6403.30608083355  6.273271E-14
6403.36477552079  6.344249E-14
6403.42346641344  6.582982E-14
6403.48215351127  5.926651E-14
6403.54083681399  6.518323E-14
6403.59951632137  6.731153E-14
6403.65819203314  6.434282E-14
6403.71686394904  6.411850E-14
6403.77553206882  6.366918E-14
6403.83419639222  6.551547E-14
6403.89285691898  6.343000E-14
6403.95151364885  6.642411E-14
6404.01016658156  6.354430E-14
6404.06881571687  6.310531E-14
6404.12746105451  6.420273E-14
6404.18610259422  6.541347E-14
6404.24474033576  6.387965E-14
6404.30337427886  6.365478E-14
6404.36200442326  6.168484E-14
6404.42063076872  6.348884E-14
6404.47925331497  6.335730E-14
6404.53787206175  6.302433E-14
6404.59648700881  6.481835E-14
6404.6550981559  6.426598E-14
6404.71370550275  6.512596E-14
6404.77230904912  6.376962E-14
6404.83090879473  6.418889E-14
6404.88950473935  6.585504E-14
6404.94809688271  6.541381E-14
6405.00668522455  6.469037E-14
6405.06526976462  6.290591E-14
6405.12385050266  6.157959E-14
6405.18242743842  6.410374E-14
6405.24100057165  6.560621E-14
6405.29956990207  6.367429E-14
6405.35813542945  6.453470E-14
6405.41669715352  6.580098E-14
6405.47525507402  6.315052E-14
6405.53380919071  6.603403E-14
6405.59235950333  6.400703E-14
6405.65090601161  6.833659E-14
6405.70944871531  6.495969E-14
6405.76798761417  6.780652E-14
6405.82652270793  6.390707E-14
6405.88505399634  6.242736E-14
6405.94358147915  6.427626E-14
6406.00210515609  6.489433E-14
6406.06062502692  6.316774E-14
6406.11914109137  6.309666E-14
6406.1776533492  6.095846E-14
6406.23616180014  6.284881E-14
6406.29466644394  6.043253E-14
6406.35316728036  6.420361E-14
6406.41166430913  6.316454E-14
6406.47015752999  6.091622E-14
6406.5286469427  6.221704E-14
6406.58713254699  5.814511E-14
6406.64561434262  6.310479E-14
6406.70409232933  6.178018E-14
6406.76256650686  6.032416E-14
6406.82103687496  6.432304E-14
6406.87950343338  6.091875E-14
6406.93796618186  6.174285E-14
6406.99642512015  6.199408E-14
6407.05488024799  6.374725E-14
6407.11333156512  6.300826E-14
6407.1717790713  6.588415E-14
6407.23022276627  6.359726E-14
6407.28866264978  6.031695E-14
6407.34709872156  6.313376E-14
6407.40553098138  6.332246E-14
6407.46395942897  6.322893E-14
6407.52238406408  6.118107E-14
6407.58080488645  6.500328E-14
6407.63922189584  6.139795E-14
6407.69763509199  6.443990E-14
6407.75604447464  6.091882E-14
6407.81445004354  6.436505E-14
6407.87285179844  6.403697E-14
6407.93124973909  6.654699E-14
6407.98964386523  5.910214E-14
6408.0480341766  5.993862E-14
6408.10642067296  6.058411E-14
6408.16480335405  6.149733E-14
6408.22318221962  6.461412E-14
6408.28155726941  6.350623E-14
6408.33992850318  6.262664E-14
6408.39829592066  5.826936E-14
6408.45665952161  6.267443E-14
6408.51501930577  5.898463E-14
6408.5733752729  6.050330E-14
6408.63172742272  6.010639E-14
6408.69007575501  5.663345E-14
6408.74842026949  6.014071E-14
6408.80676096593  5.768189E-14
6408.86509784405  5.594085E-14
6408.92343090363  5.276909E-14
6408.98176014439  5.606537E-14
6409.0400855661  5.708287E-14
6409.09840716849  5.493631E-14
6409.15672495131  5.886234E-14
6409.21503891432  5.519169E-14
6409.27334905725  5.710817E-14
6409.33165537986  5.782281E-14
6409.3899578819  5.864229E-14
6409.44825656312  5.977167E-14
6409.50655142325  5.885503E-14
6409.56484246205  5.833726E-14
6409.62312967927  5.902391E-14
6409.68141307465  5.815002E-14
6409.73969264795  5.932278E-14
6409.79796839891  5.885230E-14
6409.85624032729  5.776627E-14
6409.91450843282  6.172284E-14
6409.97277271525  6.118963E-14
6410.03103317434  6.115856E-14
6410.08928980984  6.506910E-14
6410.14754262149  6.116745E-14
6410.20579160904  6.155960E-14
6410.26403677224  6.377476E-14
6410.32227811085  6.023019E-14
6410.38051562459  6.217436E-14
6410.43874931324  6.510871E-14
6410.49697917653  6.134395E-14
6410.55520521421  6.537860E-14
6410.61342742604  6.521559E-14
6410.67164581176  6.522516E-14
6410.72986037112  6.594780E-14
6410.78807110387  6.384888E-14
6410.84627800977  6.509815E-14
6410.90448108855  6.470225E-14
6410.96268033997  6.213985E-14
6411.02087576378  6.053868E-14
6411.07906735972  6.415911E-14
6411.13725512756  6.296920E-14
6411.19543906703  6.819465E-14
6411.25361917788  6.484274E-14
6411.31179545988  6.281799E-14
6411.36996791276  6.492482E-14
6411.42813653627  6.489547E-14
6411.48630133017  6.239981E-14
6411.54446229421  6.898983E-14
6411.60261942813  6.281458E-14
6411.66077273169  6.456225E-14
6411.71892220463  6.256692E-14
6411.77706784671  6.459172E-14
6411.83520965767  6.354892E-14
6411.89334763727  6.163587E-14
6411.95148178525  6.211011E-14
6412.00961210137  5.936567E-14
6412.06773858538  6.049030E-14
6412.12586123702  5.969626E-14
6412.18398005606  6.243256E-14
6412.24209504223  5.784318E-14
6412.30020619529  5.798704E-14
6412.35831351499  5.714542E-14
6412.41641700108  5.706277E-14
6412.47451665331  5.603827E-14
6412.53261247144  6.005865E-14
6412.5907044552  5.868316E-14
6412.64879260436  5.393685E-14
6412.70687691867  5.819177E-14
6412.76495739787  5.653543E-14
6412.82303404172  5.608549E-14
6412.88110684996  5.488695E-14
6412.93917582236  5.657236E-14
6412.99724095865  5.524293E-14
6413.0553022586  5.728034E-14
6413.11335972195  5.660632E-14
6413.17141334846  5.454747E-14
6413.22946313787  5.796089E-14
6413.28750908994  5.867303E-14
6413.34555120442  5.772237E-14
6413.40358948106  6.004998E-14
6413.46162391961  5.902788E-14
6413.51965451983  6.034975E-14
6413.57768128146  6.096776E-14
6413.63570420426  6.413204E-14
6413.69372328798  6.286438E-14
6413.75173853237  6.304461E-14
6413.80974993719  6.028185E-14
6413.86775750218  6.376923E-14
6413.9257612271  6.388014E-14
6413.9837611117  6.065931E-14
6414.04175715574  6.071346E-14
6414.09974935896  6.380251E-14
6414.15773772111  6.173268E-14
6414.21572224196  6.502646E-14
6414.27370292125  6.545356E-14
6414.33167975873  6.372806E-14
6414.38965275416  6.172322E-14
6414.44762190729  6.376175E-14
6414.50558721787  6.272133E-14
6414.56354868565  6.691664E-14
6414.6215063104  6.345480E-14
6414.67946009186  6.408876E-14
6414.73741002978  6.111072E-14
6414.79535612391  6.367669E-14
6414.85329837402  6.471667E-14
6414.91123677985  6.193432E-14
6414.96917134115  6.135476E-14
6415.02710205768  6.104938E-14
6415.0850289292  6.139064E-14
6415.14295195545  6.123497E-14
6415.20087113619  6.259007E-14
6415.25878647118  6.324620E-14
6415.31669796015  5.930273E-14
6415.37460560288  6.056957E-14
6415.43250939911  6.212665E-14
6415.4904093486  5.997674E-14
6415.5483054511  6.421153E-14
6415.60619770636  6.164978E-14
6415.66408611413  6.234091E-14
6415.72197067418  6.233179E-14
6415.77985138626  6.252242E-14
6415.83772825011  6.150737E-14
6415.8956012655  6.430997E-14
6415.95347043217  5.981376E-14
6416.01133574989  6.329448E-14
6416.0691972184  6.120092E-14
6416.12705483746  5.955306E-14
6416.18490860682  6.131709E-14
6416.24275852625  6.143754E-14
6416.30060459548  6.190053E-14
6416.35844681428  6.010561E-14
6416.41628518241  6.480482E-14
6416.47411969961  6.187248E-14
6416.53195036564  6.058876E-14
6416.58977718025  6.086185E-14
6416.64760014321  6.216547E-14
6416.70541925426  5.906433E-14
6416.76323451315  6.198620E-14
6416.82104591966  6.401512E-14
6416.87885347352  6.565002E-14
6416.9366571745  6.320390E-14
6416.99445702234  6.145333E-14
6417.05225301682  6.279699E-14
6417.11004515766  6.263806E-14
6417.16783344465  6.407586E-14
6417.22561787752  6.511959E-14
6417.28339845604  6.025482E-14
6417.34117517996  6.494951E-14
6417.39894804904  6.334522E-14
6417.45671706303  5.989061E-14
6417.51448222168  6.181739E-14
6417.57224352476  6.396803E-14
6417.63000097201  6.042276E-14
6417.6877545632  6.167420E-14
6417.74550429808  6.516077E-14
6417.8032501764  6.255029E-14
6417.86099219793  5.897588E-14
6417.9187303624  6.373272E-14
6417.9764646696  6.102625E-14
6418.03419511926  6.297449E-14
6418.09192171115  6.330325E-14
6418.14964444502  6.206870E-14
6418.20736332063  6.100317E-14
6418.26507833772  6.261804E-14
6418.32278949608  6.167225E-14
6418.38049679543  6.092465E-14
6418.43820023555  5.912273E-14
6418.49589981619  6.204445E-14
6418.5535955371  6.184613E-14
6418.61128739804  6.123814E-14
6418.66897539878  5.671168E-14
6418.72665953905  6.145820E-14
6418.78433981863  5.771614E-14
6418.84201623727  6.245430E-14
6418.89968879472  6.293697E-14
6418.95735749075  6.013661E-14
6419.01502232511  6.152098E-14
6419.07268329755  6.252898E-14
6419.13034040784  6.391360E-14
6419.18799365572  6.209834E-14
6419.24564304096  6.310105E-14
6419.30328856332  6.372387E-14
6419.36093022255  6.465292E-14
6419.41856801841  6.386254E-14
6419.47620195066  6.114814E-14
6419.53383201904  5.830714E-14
6419.59145822334  6.424357E-14
6419.64908056329  6.314277E-14
6419.70669903866  6.240482E-14
6419.7643136492  6.076826E-14
6419.82192439467  6.178274E-14
6419.87953127483  6.361570E-14
6419.93713428945  6.659466E-14
6419.99473343826  6.020438E-14
6420.05232872104  6.316232E-14
6420.10992013754  6.223360E-14
6420.16750768752  6.390485E-14
6420.22509137074  6.255163E-14
6420.28267118695  6.173219E-14
6420.34024713592  5.973094E-14
6420.3978192174  6.341417E-14
6420.45538743115  6.241388E-14
6420.51295177693  6.080901E-14
6420.57051225449  6.080166E-14
6420.6280688636  5.894229E-14
6420.68562160401  6.136232E-14
6420.74317047549  6.016926E-14
6420.80071547779  5.874795E-14
6420.85825661066  5.975516E-14
6420.91579387388  5.687464E-14
6420.97332726719  5.528405E-14
6421.03085679036  5.801770E-14
6421.08838244314  6.122118E-14
6421.1459042253  6.141272E-14
6421.20342213659  5.926591E-14
6421.26093617678  6.100086E-14
6421.31844634561  5.713894E-14
6421.37595264285  6.017839E-14
6421.43345506827  6.028224E-14
6421.49095362161  6.029494E-14
6421.54844830264  5.680388E-14
6421.60593911111  5.602725E-14
6421.6634260468  5.895673E-14
6421.72090910945  5.863845E-14
6421.77838829883  5.689331E-14
6421.83586361469  5.839018E-14
6421.8933350568  5.801970E-14
6421.95080262491  5.866467E-14
6422.00826631879  5.698724E-14
6422.06572613819  5.495324E-14
6422.12318208287  5.580814E-14
6422.1806341526  5.694819E-14
6422.23808234714  5.914014E-14
6422.29552666624  6.049683E-14
6422.35296710966  5.735465E-14
6422.41040367717  5.818275E-14
6422.46783636852  5.579014E-14
6422.52526518347  5.550482E-14
6422.5826901218  5.407591E-14
6422.64011118324  5.535220E-14
6422.69752836758  5.823335E-14
6422.75494167456  5.675405E-14
6422.81235110395  5.896896E-14
6422.8697566555  5.564140E-14
6422.92715832898  5.788379E-14
6422.98455612415  5.479928E-14
6423.04195004077  5.671410E-14
6423.09934007861  5.887412E-14
6423.15672623741  5.936453E-14
6423.21410851694  5.804952E-14
6423.27148691697  6.212153E-14
6423.32886143726  6.277672E-14
6423.38623207756  6.042322E-14
6423.44359883763  6.232813E-14
6423.50096171724  6.467130E-14
6423.55832071615  6.284287E-14
6423.61567583412  6.351493E-14
6423.67302707091  6.761171E-14
6423.73037442629  5.986056E-14
6423.78771790001  6.406448E-14
6423.84505749183  6.253370E-14
6423.90239320152  6.210512E-14
6423.95972502884  6.392793E-14
6424.01705297356  6.905247E-14
6424.07437703542  6.490803E-14
6424.1316972142  6.089075E-14
6424.18901350965  6.300381E-14
6424.24632592154  6.592905E-14
6424.30363444963  6.220712E-14
6424.36093909369  6.502539E-14
6424.41823985346  6.362899E-14
6424.47553672873  6.444330E-14
6424.53282971924  6.495789E-14
6424.59011882476  6.595510E-14
6424.64740404505  6.305258E-14
6424.70468537988  6.441364E-14
6424.761962829  6.487967E-14
6424.81923639219  6.312071E-14
6424.8765060692  6.597292E-14
6424.93377185979  6.327614E-14
6424.99103376373  6.280394E-14
6425.04829178078  6.529044E-14
6425.1055459107  6.046559E-14
6425.16279615326  6.469731E-14
6425.22004250821  6.114303E-14
6425.27728497533  6.262092E-14
6425.33452355437  6.293496E-14
6425.3917582451  6.581678E-14
6425.44898904727  6.467200E-14
6425.50621596066  6.431275E-14
6425.56343898503  5.977596E-14
6425.62065812014  6.512328E-14
6425.67787336575  6.544336E-14
6425.73508472162  6.506625E-14
6425.79229218752  6.346497E-14
6425.84949576322  6.202334E-14
6425.90669544847  6.261472E-14
6425.96389124305  6.260936E-14
6426.0210831467  6.312332E-14
6426.0782711592  6.268788E-14
6426.13545528032  6.372974E-14
6426.1926355098  5.966560E-14
6426.24981184743  6.250310E-14
6426.30698429296  6.095233E-14
6426.36415284615  6.115882E-14
6426.42131750677  6.782992E-14
6426.47847827459  6.110893E-14
6426.53563514937  6.160904E-14
6426.59278813086  6.181235E-14
6426.64993721885  6.050755E-14
6426.70708241308  5.861456E-14
6426.76422371333  6.407660E-14
6426.82136111936  5.966592E-14
6426.87849463093  6.006935E-14
6426.93562424781  6.293030E-14
6426.99274996976  6.185136E-14
6427.04987179654  6.130187E-14
6427.10698972793  6.465106E-14
6427.16410376369  6.368986E-14
6427.22121390358  6.158841E-14
6427.27832014736  6.356530E-14
6427.3354224948  6.474740E-14
6427.39252094567  6.042905E-14
6427.44961549973  6.336165E-14
6427.50670615674  6.426126E-14
6427.56379291648  6.332567E-14
6427.6208757787  6.287319E-14
6427.67795474317  6.420403E-14
6427.73502980965  6.009283E-14
6427.79210097792  6.406261E-14
6427.84916824773  6.075466E-14
6427.90623161886  6.122292E-14
6427.96329109106  6.362714E-14
6428.02034666411  6.281044E-14
6428.07739833776  6.549207E-14
6428.13444611179  6.309669E-14
6428.19148998596  6.411073E-14
6428.24852996003  6.237894E-14
6428.30556603377  6.355193E-14
6428.36259820695  6.218682E-14
6428.41962647933  6.284908E-14
6428.47665085068  6.392640E-14
6428.53367132077  6.395766E-14
6428.59068788935  6.076176E-14
6428.64770055621  6.253223E-14
6428.70470932109  6.433688E-14
6428.76171418378  6.512922E-14
6428.81871514403  6.015057E-14
6428.87571220161  6.042328E-14
6428.93270535629  6.229482E-14
6428.98969460783  6.168667E-14
6429.046679956  6.167086E-14
6429.10366140057  6.019895E-14
6429.16063894131  6.375703E-14
6429.21761257797  6.460909E-14
6429.27458231033  6.371702E-14
6429.33154813816  6.168717E-14
6429.38851006122  6.153943E-14
6429.44546807927  6.541108E-14
6429.50242219209  6.427100E-14
6429.55937239944  6.232206E-14
6429.61631870108  6.430564E-14
6429.6732610968  6.199023E-14
6429.73019958634  6.233198E-14
6429.78713416949  6.341970E-14
6429.844064846  6.162840E-14
6429.90099161564  6.107879E-14
6429.95791447819  6.372161E-14
6430.01483343341  6.390843E-14
6430.07174848106  6.190655E-14
6430.12865962092  6.335602E-14
6430.18556685275  6.351983E-14
6430.24247017632  6.261785E-14
6430.29936959139  6.357299E-14
6430.35626509774  6.126995E-14
6430.41315669513  6.280060E-14
6430.47004438333  6.005436E-14
6430.5269281621  6.172761E-14
6430.58380803123  6.226187E-14
6430.64068399047  6.465084E-14
6430.69755603958  6.298267E-14
6430.75442417835  6.149431E-14
6430.81128840654  6.327108E-14
6430.86814872391  6.473694E-14
6430.92500513024  6.180814E-14
6430.98185762529  6.198880E-14
6431.03870620883  6.218228E-14
6431.09555088063  6.271651E-14
6431.15239164046  6.192850E-14
6431.20922848809  6.214618E-14
6431.26606142328  5.766678E-14
6431.3228904458  5.873646E-14
6431.37971555543  6.095204E-14
6431.43653675193  6.024481E-14
6431.49335403507  5.864609E-14
6431.55016740461  5.584983E-14
6431.60697686034  5.630570E-14
6431.66378240201  5.693766E-14
6431.7205840294  5.853817E-14
6431.77738174227  5.664988E-14
6431.8341755404  5.588071E-14
6431.89096542355  5.591122E-14
6431.94775139149  5.493418E-14
6432.004533444  5.694585E-14
6432.06131158084  5.569749E-14
6432.11808580177  5.697940E-14
6432.17485610658  5.635780E-14
6432.23162249502  5.837049E-14
6432.28838496688  5.887296E-14
6432.34514352191  5.713844E-14
6432.40189815989  5.787195E-14
6432.45864888059  5.696947E-14
6432.51539568378  5.705856E-14
6432.57213856922  5.834084E-14
6432.6288775367  5.877549E-14
6432.68561258597  5.963649E-14
6432.74234371681  6.015893E-14
6432.79907092898  6.110216E-14
6432.85579422227  6.139139E-14
6432.91251359643  6.169845E-14
6432.96922905124  6.183732E-14
6433.02594058646  5.888959E-14
6433.08264820188  6.543466E-14
6433.13935189726  6.248567E-14
6433.19605167236  6.210760E-14
6433.25274752696  5.907296E-14
6433.30943946084  6.242122E-14
6433.36612747376  6.068638E-14
6433.42281156549  5.877612E-14
6433.4794917358  6.235462E-14
6433.53616798446  6.180465E-14
6433.59284031125  6.146228E-14
6433.64950871594  6.129994E-14
6433.70617319829  5.832276E-14
6433.76283375807  6.083132E-14
6433.81949039507  5.949471E-14
6433.87614310904  6.146324E-14
6433.93279189976  6.202347E-14
6433.98943676701  6.115944E-14
6434.04607771055  5.854196E-14
6434.10271473015  6.172574E-14
6434.15934782559  6.203246E-14
6434.21597699663  6.027800E-14
6434.27260224305  6.211165E-14
6434.32922356463  5.889464E-14
6434.38584096112  5.907458E-14
6434.44245443231  6.096246E-14
6434.49906397796  6.120454E-14
6434.55566959785  6.187931E-14
6434.61227129174  6.138115E-14
6434.66886905942  6.053974E-14
6434.72546290064  5.922316E-14
6434.78205281519  5.974957E-14
6434.83863880284  6.300034E-14
6434.89522086336  6.051301E-14
6434.95179899652  6.313039E-14
6435.00837320208  6.151033E-14
6435.06494347984  6.234808E-14
6435.12150982955  6.314606E-14
6435.17807225098  6.313673E-14
6435.23463074393  6.129835E-14
6435.29118530814  6.300691E-14
6435.3477359434  6.249768E-14
6435.40428264948  6.482771E-14
6435.46082542615  6.348590E-14
6435.51736427319  6.271182E-14
6435.57389919036  6.074731E-14
6435.63043017745  6.353648E-14
6435.68695723421  6.621591E-14
6435.74348036043  6.005556E-14
6435.79999955588  6.485550E-14
6435.85651482034  6.406945E-14
6435.91302615356  6.449430E-14
6435.96953355534  6.289315E-14
6436.02603702543  6.385859E-14
6436.08253656362  6.394427E-14
6436.13903216968  6.273199E-14
6436.19552384338  6.352788E-14
6436.25201158449  6.299843E-14
6436.30849539279  6.318063E-14
6436.36497526805  6.142232E-14
6436.42145121005  6.247821E-14
6436.47792321855  6.409395E-14
6436.53439129334  6.043709E-14
6436.59085543418  6.617346E-14
6436.64731564085  5.966978E-14
6436.70377191312  6.374113E-14
6436.76022425077  6.297395E-14
6436.81667265357  6.066052E-14
6436.8731171213  6.192722E-14
6436.92955765373  6.350830E-14
6436.98599425062  6.583139E-14
6437.04242691177  6.240054E-14
6437.09885563693  6.624540E-14
6437.1552804259  6.374853E-14
6437.21170127843  6.188507E-14
6437.26811819431  6.566437E-14
6437.3245311733  6.314572E-14
6437.38094021519  6.350824E-14
6437.43734531975  6.597000E-14
6437.49374648675  6.165882E-14
6437.55014371596  6.352116E-14
6437.60653700717  6.160315E-14
6437.66292636014  5.755663E-14
6437.71931177466  5.923398E-14
6437.77569325049  6.288437E-14
6437.83207078741  6.070489E-14
6437.8884443852  6.344815E-14
6437.94481404363  6.488740E-14
6438.00117976247  6.156765E-14
6438.05754154151  6.566253E-14
6438.11389938051  6.421548E-14
6438.17025327925  6.067326E-14
6438.22660323751  6.275707E-14
6438.28294925506  6.202193E-14
6438.33929133168  6.319810E-14
6438.39562946715  6.523665E-14
6438.45196366123  6.167794E-14
6438.5082939137  6.123987E-14
6438.56462022435  6.317437E-14
6438.62094259294  6.291259E-14
6438.67726101925  6.035808E-14
6438.73357550305  6.177020E-14
6438.78988604414  6.221302E-14
6438.84619264226  5.931367E-14
6438.90249529722  6.339401E-14
6438.95879400877  5.745733E-14
6439.0150887767  6.235832E-14
6439.07137960079  6.294848E-14
6439.1276664808  6.073127E-14
6439.18394941651  6.465309E-14
6439.24022840771  6.020026E-14
6439.29650345417  5.974647E-14
6439.35277455566  5.871407E-14
6439.40904171196  5.973378E-14
6439.46530492285  5.984593E-14
6439.5215641881  5.838446E-14
6439.57781950749  5.874579E-14
6439.63407088079  5.813489E-14
6439.6903183078  5.456181E-14
6439.74656178827  5.698618E-14
6439.80280132198  5.353997E-14
6439.85903690872  5.610585E-14
6439.91526854827  5.275681E-14
6439.97149624039  5.346526E-14
6440.02771998486  5.489909E-14
6440.08393978147  5.676313E-14
6440.14015562998  5.288961E-14
6440.19636753019  5.423038E-14
6440.25257548185  5.088994E-14
6440.30877948476  5.406656E-14
6440.36497953868  5.210871E-14
6440.4211756434  5.613477E-14
6440.47736779869  5.388249E-14
6440.53355600433  5.304769E-14
6440.58974026011  5.312013E-14
6440.64592056578  5.292282E-14
6440.70209692114  5.551373E-14
6440.75826932596  5.765881E-14
6440.81443778002  5.390792E-14
6440.8706022831  5.591921E-14
6440.92676283497  5.619839E-14
6440.98291943541  5.806399E-14
6441.03907208421  6.115228E-14
6441.09522078113  6.171408E-14
6441.15136552596  6.475527E-14
6441.20750631848  6.354979E-14
6441.26364315845  6.088146E-14
6441.31977604567  6.129389E-14
6441.37590497991  6.486599E-14
6441.43202996095  6.146673E-14
6441.48815098856  6.195539E-14
6441.54426806253  6.294805E-14
6441.60038118264  5.927995E-14
6441.65649034865  6.320483E-14
6441.71259556036  6.153282E-14
6441.76869681753  6.251234E-14
6441.82479411996  6.338901E-14
6441.88088746741  6.112388E-14
6441.93697685967  6.169627E-14
6441.99306229651  6.058284E-14
6442.04914377772  6.280074E-14
6442.10522130307  6.464658E-14
6442.16129487234  6.440576E-14
6442.21736448531  6.261018E-14
6442.27343014177  6.376076E-14
6442.32949184148  6.489229E-14
6442.38554958424  6.311899E-14
6442.44160336981  6.135520E-14
6442.49765319798  6.098656E-14
6442.55369906853  6.445848E-14
6442.60974098123  6.117952E-14
6442.66577893588  6.385200E-14
6442.72181293223  6.411186E-14
6442.77784297009  6.208655E-14
6442.83386904922  6.676974E-14
6442.8898911694  6.438725E-14
6442.94590933042  6.317606E-14
6443.00192353206  6.416153E-14
6443.05793377409  6.276095E-14
6443.1139400563  6.377479E-14
6443.16994237846  6.236260E-14
6443.22594074036  6.268417E-14
6443.28193514177  6.510366E-14
6443.33792558248  6.371876E-14
6443.39391206226  6.615970E-14
6443.44989458091  6.412341E-14
6443.50587313819  6.431241E-14
6443.56184773388  6.231282E-14
6443.61781836778  6.190507E-14
6443.67378503965  6.322856E-14
6443.72974774929  6.414866E-14
6443.78570649646  6.270956E-14
6443.84166128095  6.137856E-14
6443.89761210254  6.208198E-14
6443.95355896102  6.337797E-14
6444.00950185616  6.237527E-14
6444.06544078775  6.461211E-14
6444.12137575556  6.252849E-14
6444.17730675937  6.242314E-14
6444.23323379897  6.442965E-14
6444.28915687414  6.635927E-14
6444.34507598466  6.355830E-14
6444.40099113032  6.431677E-14
6444.45690231088  6.296447E-14
6444.51280952614  6.263861E-14
6444.56871277587  6.192705E-14
6444.62461205986  6.186710E-14
6444.68050737789  6.461074E-14
6444.73639872974  6.272666E-14
6444.79228611519  6.395940E-14
6444.84816953402  6.246704E-14
6444.90404898602  6.438818E-14
6444.95992447096  6.495461E-14
6445.01579598863  6.550619E-14
6445.07166353882  6.390996E-14
6445.12752712129  6.212800E-14
6445.18338673584  6.515743E-14
6445.23924238225  6.265744E-14
6445.2950940603  6.075260E-14
6445.35094176976  6.453721E-14
6445.40678551043  6.383767E-14
6445.46262528209  6.508447E-14
6445.51846108451  6.461804E-14
6445.57429291749  6.513842E-14
6445.6301207808  6.216302E-14
6445.68594467422  6.219074E-14
6445.74176459754  6.166906E-14
6445.79758055054  6.426131E-14
6445.85339253301  6.255687E-14
6445.90920054472  6.480024E-14
6445.96500458546  6.243312E-14
6446.02080465501  6.133599E-14
6446.07660075316  6.282384E-14
6446.13239287968  6.091508E-14
6446.18818103437  6.641363E-14
6446.243965217  6.156224E-14
6446.29974542735  6.323617E-14
6446.35552166522  6.487757E-14
6446.41129393038  6.344437E-14
6446.46706222261  6.186523E-14
6446.52282654171  6.267524E-14
6446.57858688745  6.307442E-14
6446.63434325961  6.206996E-14
6446.69009565799  6.147321E-14
6446.74584408236  6.414982E-14
6446.80158853251  6.373449E-14
6446.85732900822  6.793114E-14
6446.91306550927  6.303089E-14
6446.96879803546  6.370102E-14
6447.02452658655  6.287164E-14
6447.08025116234  6.485545E-14
6447.13597176261  6.286371E-14
6447.19168838715  6.243112E-14
6447.24740103574  6.602103E-14
6447.30310970816  6.293134E-14
6447.35881440419  6.327253E-14
6447.41451512362  6.513070E-14
6447.47021186625  6.154487E-14
6447.52590463184  6.260063E-14
6447.58159342018  6.621574E-14
6447.63727823106  6.114999E-14
6447.69295906427  6.472768E-14
6447.74863591959  6.203404E-14
6447.80430879679  6.462803E-14
6447.85997769567  6.389506E-14
6447.91564261602  6.272639E-14
6447.97130355761  6.373779E-14
6448.02696052023  6.461774E-14
6448.08261350366  6.102872E-14
6448.1382625077  6.517612E-14
6448.19390753213  6.439733E-14
6448.24954857672  6.488388E-14
6448.30518564127  6.320167E-14
6448.36081872556  6.492041E-14
6448.41644782938  6.382033E-14
6448.47207295251  6.540403E-14
6448.52769409474  6.332081E-14
6448.58331125585  6.489764E-14
6448.63892443562  6.354411E-14
6448.69453363385  6.391867E-14
6448.75013885032  6.426618E-14
6448.80574008481  6.327754E-14
6448.86133733711  6.286805E-14
6448.91693060701  6.518755E-14
6448.97251989429  6.353869E-14
6449.02810519874  6.640491E-14
6449.08368652014  6.232634E-14
6449.13926385827  6.271560E-14
6449.19483721294  6.412815E-14
6449.25040658391  6.641957E-14
6449.30597197098  6.490086E-14
6449.36153337393  6.727857E-14
6449.41709079256  6.226354E-14
6449.47264422664  6.608952E-14
6449.52819367596  6.653283E-14
6449.58373914031  6.308744E-14
6449.63928061947  6.503805E-14
6449.69481811323  6.173734E-14
6449.75035162139  6.512633E-14
6449.80588114371  6.096493E-14
6449.86140668  6.265083E-14
6449.91692823003  6.043606E-14
6449.9724457936  6.006121E-14
6450.02795937049  5.939121E-14
6450.08346896049  6.073638E-14
6450.13897456338  6.286439E-14
6450.19447617895  6.082417E-14
6450.24997380699  6.019050E-14
6450.30546744729  5.886650E-14
6450.36095709963  6.130076E-14
6450.4164427638  5.822516E-14
6450.47192443958  5.815810E-14
6450.52740212678  6.098255E-14
6450.58287582516  5.693368E-14
6450.63834553452  5.598044E-14
6450.69381125465  5.788534E-14
6450.74927298533  5.398541E-14
6450.80473072635  5.401700E-14
6450.86018447751  5.319384E-14
6450.91563423858  5.506071E-14
6450.97108000935  5.257013E-14
6451.02652178962  5.520196E-14
6451.08195957916  5.563733E-14
6451.13739337778  5.594921E-14
6451.19282318525  5.270669E-14
6451.24824900137  5.250791E-14
6451.30367082591  5.554959E-14
6451.35908865868  5.582837E-14
6451.41450249945  5.416331E-14
6451.46991234802  5.431818E-14
6451.52531820418  5.795232E-14
6451.58072006771  5.548327E-14
6451.6361179384  5.613897E-14
6451.69151181603  5.788622E-14
6451.74690170041  5.719044E-14
6451.80228759132  5.779537E-14
6451.85766948854  5.829165E-14
6451.91304739186  6.221895E-14
6451.96842130107  6.050376E-14
6452.02379121597  6.151279E-14
6452.07915713634  6.150324E-14
6452.13451906197  6.376600E-14
6452.18987699264  6.043476E-14
6452.24523092815  6.258783E-14
6452.30058086829  6.360095E-14
6452.35592681284  6.206864E-14
6452.41126876159  6.430844E-14
6452.46660671434  6.253724E-14
6452.52194067088  6.407100E-14
6452.57727063098  6.390143E-14
6452.63259659444  6.364952E-14
6452.68791856106  6.265644E-14
6452.74323653061  6.485706E-14
6452.7985505029  6.426011E-14
6452.8538604777  6.287584E-14
6452.90916645481  6.460203E-14
6452.96446843402  6.431284E-14
6453.01976641512  6.140814E-14
6453.0750603979  6.620068E-14
6453.13035038214  6.564358E-14
6453.18563636764  6.386220E-14
6453.24091835419  6.130822E-14
6453.29619634158  6.313334E-14
6453.35147032959  6.674387E-14
6453.40674031802  6.522750E-14
6453.46200630666  6.121200E-14
6453.5172682953  6.415196E-14
6453.57252628372  6.222337E-14
6453.62778027173  6.427875E-14
6453.6830302591  6.283704E-14
6453.73827624564  6.515570E-14
6453.79351823112  6.436642E-14
6453.84875621534  6.458769E-14
6453.90399019809  6.340898E-14
6453.95922017917  6.308278E-14
6454.01444615836  6.329319E-14
6454.06966813545  6.202586E-14
6454.12488611023  6.645722E-14
6454.1801000825  6.542294E-14
6454.23531005205  6.436773E-14
6454.29051601866  6.618741E-14
6454.34571798213  6.449523E-14
6454.40091594225  6.665699E-14
6454.45610989881  6.749799E-14
6454.5112998516  6.751023E-14
6454.56648580041  6.455568E-14
6454.62166774504  6.472849E-14
6454.67684568527  6.614667E-14
6454.7320196209  6.603098E-14
6454.78718955171  6.334873E-14
6454.8423554775  6.448297E-14
6454.89751739807  6.475509E-14
6454.9526753132  6.558299E-14
6455.00782922268  6.428122E-14
6455.06297912631  6.476778E-14
6455.11812502388  6.651419E-14
6455.17326691518  6.608416E-14
6455.2284048  6.479540E-14
6455.28353867813  6.592334E-14
6455.33866854936  6.728597E-14
6455.3937944135  6.543981E-14
6455.44891627033  6.460249E-14
6455.50403411963  6.669110E-14
6455.55914796122  6.187190E-14
6455.61425779486  6.501615E-14
6455.66936362037  6.520557E-14
6455.72446543753  6.374193E-14
6455.77956324613  6.465366E-14
6455.83465704597  6.377556E-14
6455.88974683684  6.553097E-14
6455.94483261853  6.226919E-14
6455.99991439083  6.436620E-14
6456.05499215354  6.535371E-14
6456.11006590645  6.281970E-14
6456.16513564935  5.832903E-14
6456.22020138203  6.126016E-14
6456.2752631043  6.087308E-14
6456.33032081593  6.102025E-14
6456.38537451673  5.996938E-14
6456.44042420649  6.291014E-14
6456.495469885  6.310335E-14
6456.55051155205  5.981425E-14
6456.60554920744  6.099594E-14
6456.66058285096  6.121419E-14
6456.7156124824  6.223937E-14
6456.77063810156  5.996574E-14
6456.82565970823  5.876567E-14
6456.8806773022  5.639091E-14
6456.93569088327  5.921508E-14
6456.99070045124  5.760723E-14
6457.04570600588  5.608518E-14
6457.10070754701  5.741279E-14
6457.15570507441  5.819427E-14
6457.21069858788  5.656790E-14
6457.2656880872  5.788729E-14
6457.32067357218  6.161162E-14
6457.37565504261  5.809468E-14
6457.43063249828  5.914838E-14
6457.48560593899  5.870934E-14
6457.54057536453  5.888422E-14
6457.59554077469  6.157054E-14
6457.65050216928  5.990265E-14
6457.70545954808  6.198507E-14
6457.76041291088  6.133387E-14
6457.81536225749  6.159909E-14
6457.87030758769  5.829214E-14
6457.92524890129  6.429498E-14
6457.98018619807  6.201567E-14
6458.03511947783  6.369504E-14
6458.09004874037  6.076189E-14
6458.14497398548  6.292280E-14
6458.19989521296  6.298907E-14
6458.2548124226  6.383434E-14
6458.30972561418  6.252220E-14
6458.36463478753  6.522547E-14
6458.41953994241  6.498783E-14
6458.47444107864  6.510453E-14
6458.529338196  6.778844E-14
6458.58423129429  6.460549E-14
6458.63912037331  6.479816E-14
6458.69400543286  6.664200E-14
6458.74888647271  6.626533E-14
6458.80376349268  6.479416E-14
6458.85863649256  6.391934E-14
6458.91350547214  6.649883E-14
6458.96837043122  6.701219E-14
6459.02323136959  6.623909E-14
6459.07808828706  6.623844E-14
6459.1329411834  6.889219E-14
6459.18779005844  6.420074E-14
6459.24263491195  6.745157E-14
6459.29747574373  6.520916E-14
6459.35231255358  6.582181E-14
6459.4071453413  6.355122E-14
6459.46197410669  6.702342E-14
6459.51679884952  6.779932E-14
6459.57161956962  6.821163E-14
6459.62643626676  6.637510E-14
6459.68124894075  6.830325E-14
6459.73605759138  6.813503E-14
6459.79086221846  6.705754E-14
6459.84566282177  6.696595E-14
6459.90045940111  6.866428E-14
6459.95525195628  6.779931E-14
6460.01004048707  6.742543E-14
6460.06482499329  6.678246E-14
6460.11960547473  6.757059E-14
6460.17438193119  6.699466E-14
6460.22915436245  6.526474E-14
6460.28392276833  6.537304E-14
6460.33868714861  6.759501E-14
6460.3934475031  6.533122E-14
6460.44820383159  6.785317E-14
6460.50295613387  6.737211E-14
6460.55770440975  6.619241E-14
6460.61244865903  6.548673E-14
6460.6671888815  6.631403E-14
6460.72192507694  6.532586E-14
6460.77665724518  6.438190E-14
6460.831385386  6.346358E-14
6460.8861094992  6.813258E-14
6460.94082958457  6.456202E-14
6460.99554564192  6.763491E-14
6461.05025767104  6.701730E-14
6461.10496567173  6.778344E-14
6461.15966964379  6.723076E-14
6461.21436958702  6.501213E-14
6461.2690655012  6.836312E-14
6461.32375738615  6.406321E-14
6461.37844524166  6.309005E-14
6461.43312906753  6.658247E-14
6461.48780886356  6.686998E-14
6461.54248462953  6.469429E-14
6461.59715636526  6.656589E-14
6461.65182407054  6.407982E-14
6461.70648774517  6.613498E-14
6461.76114738894  6.613853E-14
6461.81580300166  6.377535E-14
6461.87045458313  6.700304E-14
6461.92510213314  6.646186E-14
6461.97974565149  6.511993E-14
6462.03438513797  6.728710E-14
6462.0890205924  6.578946E-14
6462.14365201457  6.659723E-14
6462.19827940427  6.724739E-14
6462.2529027613  6.558111E-14
6462.30752208547  6.883711E-14
6462.36213737658  6.680873E-14
6462.41674863441  6.804970E-14
6462.47135585878  6.758130E-14
6462.52595904948  6.816013E-14
6462.5805582063  6.501775E-14
6462.63515332906  6.744063E-14
6462.68974441754  6.622189E-14
6462.74433147155  6.460455E-14
6462.79891449088  6.493755E-14
6462.85349347535  6.309114E-14
6462.90806842474  6.501112E-14
6462.96263933885  6.602304E-14
6463.01720621749  6.340937E-14
6463.07176906045  6.314334E-14
6463.12632786754  6.056782E-14
6463.18088263856  5.728815E-14
6463.23543337329  6.091106E-14
6463.28998007155  5.803961E-14
6463.34452273314  5.706004E-14
6463.39906135785  5.534880E-14
6463.45359594548  5.545589E-14
6463.50812649584  5.522203E-14
6463.56265300872  5.311112E-14
6463.61717548393  5.821470E-14
6463.67169392126  5.855518E-14
6463.72620832052  5.626250E-14
6463.7807186815  5.344604E-14
6463.83522500401  5.562157E-14
6463.88972728785  5.330640E-14
6463.94422553281  5.297653E-14
6463.9987197387  5.589156E-14
6464.05320990532  5.346389E-14
6464.10769603247  5.354986E-14
6464.16217811995  5.539316E-14
6464.21665616756  5.794554E-14
6464.2711301751  5.685366E-14
6464.32560014237  5.903370E-14
6464.38006606918  5.675737E-14
6464.43452795533  5.666687E-14
6464.4889858006  6.020726E-14
6464.54343960482  6.228085E-14
6464.59788936777  6.331524E-14
6464.65233508927  6.395508E-14
6464.7067767691  6.645641E-14
6464.76121440708  6.720899E-14
6464.815648003  6.502068E-14
6464.87007755667  6.734849E-14
6464.92450306788  6.513445E-14
6464.97892453644  6.492723E-14
6465.03334196215  6.666428E-14
6465.08775534481  6.671921E-14
6465.14216468423  6.509073E-14
6465.1965699802  6.596722E-14
6465.25097123253  6.696951E-14
6465.30536844102  6.482840E-14
6465.35976160547  6.496607E-14
6465.41415072568  6.404689E-14
6465.46853580145  6.661822E-14
6465.5229168326  6.650652E-14
6465.57729381891  6.593603E-14
6465.6316667602  6.660835E-14
6465.68603565626  6.494736E-14
6465.74040050689  6.486996E-14
6465.79476131191  6.626058E-14
6465.84911807111  6.957502E-14
6465.90347078429  6.537702E-14
6465.95781945125  6.844686E-14
6466.01216407181  6.435294E-14
6466.06650464576  6.719321E-14
6466.1208411729  6.892767E-14
6466.17517365304  6.686407E-14
6466.22950208598  6.622089E-14
6466.28382647152  6.582809E-14
6466.33814680947  6.515335E-14
6466.39246309963  6.524490E-14
6466.4467753418  6.512549E-14
6466.50108353579  6.613753E-14
6466.55538768139  6.597475E-14
6466.60968777842  6.779154E-14
6466.66398382667  6.483098E-14
6466.71827582595  6.410013E-14
6466.77256377606  6.515411E-14
6466.8268476768  6.537497E-14
6466.88112752799  6.662477E-14
6466.93540332942  6.911212E-14
6466.98967508089  6.761050E-14
6467.04394278221  6.832763E-14
6467.09820643319  6.674104E-14
6467.15246603362  6.685059E-14
6467.20672158331  6.940680E-14
6467.26097308207  6.959030E-14
6467.3152205297  6.687833E-14
6467.369463926  6.691472E-14
6467.42370327078  6.725988E-14
6467.47793856383  6.530318E-14
6467.53216980498  6.514169E-14
6467.58639699401  6.673080E-14
6467.64062013073  6.680293E-14
6467.69483921496  6.778822E-14
6467.74905424648  6.721995E-14
6467.80326522511  6.645207E-14
6467.85747215066  6.770313E-14
6467.91167502292  6.828898E-14
6467.9658738417  6.720584E-14
6468.0200686068  6.740878E-14
6468.07425931803  6.994440E-14
6468.1284459752  6.609143E-14
6468.18262857811  6.839109E-14
6468.23680712656  6.611914E-14
6468.29098162036  6.741620E-14
6468.34515205932  6.879102E-14
6468.39931844323  6.562317E-14
6468.45348077191  6.480273E-14
6468.50763904516  6.879081E-14
6468.56179326277  6.810084E-14
6468.61594342458  6.808241E-14
6468.67008953036  6.653835E-14
6468.72423157994  6.583575E-14
6468.77836957311  6.819160E-14
6468.83250350968  6.986190E-14
6468.88663338946  6.542694E-14
6468.94075921225  6.702187E-14
6468.99488097787  6.970679E-14
6469.0489986861  7.168856E-14
6469.10311233676  6.691709E-14
6469.15722192966  6.789019E-14
6469.2113274646  6.601661E-14
6469.26542894139  6.990695E-14
6469.31952635983  6.513420E-14
6469.37361971972  7.011743E-14
6469.42770902089  6.473844E-14
6469.48179426312  6.937724E-14
6469.53587544623  6.981313E-14
6469.58995257003  6.332666E-14
6469.64402563431  6.413246E-14
6469.6980946389  6.655138E-14
6469.75215958358  6.483045E-14
6469.80622046817  6.390927E-14
6469.86027729248  6.558426E-14
6469.91433005631  6.270430E-14
6469.96837875947  6.322404E-14
6470.02242340176  6.729061E-14
6470.076463983  6.343880E-14
6470.13050050298  6.497618E-14
6470.18453296152  6.243896E-14
6470.23856135843  6.630629E-14
6470.2925856935  6.536307E-14
6470.34660596655  6.443071E-14
6470.40062217738  6.297694E-14
6470.4546343258  6.727206E-14
6470.50864241163  6.397283E-14
6470.56264643465  6.354122E-14
6470.61664639469  6.717513E-14
6470.67064229155  6.621342E-14
6470.72463412503  6.556139E-14
6470.77862189495  6.479850E-14
6470.83260560111  6.717431E-14
6470.88658524332  6.646579E-14
6470.94056082139  6.478994E-14
6470.99453233512  6.480884E-14
6471.04849978433  6.435892E-14
6471.10246316881  6.569098E-14
6471.15642248838  6.539048E-14
6471.21037774285  6.675793E-14
6471.26432893203  6.461575E-14
6471.31827605571  6.507156E-14
6471.37221911371  6.722095E-14
6471.42615810584  6.871255E-14
6471.48009303191  7.014459E-14
6471.53402389172  6.701330E-14
6471.58795068508  6.739395E-14
6471.64187341181  6.423678E-14
6471.6957920717  6.515393E-14
6471.74970666457  6.788630E-14
6471.80361719023  6.621070E-14
6471.85752364848  6.584435E-14
6471.91142603914  6.913857E-14
6471.965324362  6.857137E-14
6472.01921861689  6.668376E-14
6472.0731088036  6.565264E-14
6472.12699492195  6.497442E-14
6472.18087697175  6.777294E-14
6472.23475495281  6.342541E-14
6472.28862886493  6.225019E-14
6472.34249870792  6.360355E-14
6472.39636448159  5.884532E-14
6472.45022618577  6.270510E-14
6472.50408382023  6.114095E-14
6472.55793738481  5.798028E-14
6472.61178687931  6.126849E-14
6472.66563230354  6.267828E-14
6472.7194736573  5.908402E-14
6472.77331094041  5.969786E-14
6472.82714415268  6.077017E-14
6472.88097329392  6.196600E-14
6472.93479836393  5.827343E-14
6472.98861936253  6.358189E-14
6473.04243628952  6.141734E-14
6473.09624914472  6.146341E-14
6473.15005792794  6.150074E-14
6473.20386263898  6.099808E-14
6473.25766327765  6.248218E-14
6473.31145984377  5.904178E-14
6473.36525233714  6.146968E-14
6473.41904075758  6.017508E-14
6473.4728251049  6.467353E-14
6473.5266053789  6.427558E-14
6473.5803815794  6.628765E-14
6473.6341537062  6.613183E-14
6473.68792175912  6.539854E-14
6473.74168573796  6.636025E-14
6473.79544564255  6.771068E-14
6473.84920147268  6.684186E-14
6473.90295322817  6.616094E-14
6473.95670090883  7.141595E-14
6474.01044451447  6.950099E-14
6474.06418404489  6.485280E-14
6474.11791949993  6.547731E-14
6474.17165087937  6.592994E-14
6474.22537818304  6.559016E-14
6474.27910141074  7.028814E-14
6474.33282056228  6.959353E-14
6474.38653563748  6.568797E-14
6474.44024663615  6.687402E-14
6474.4939535581  6.720519E-14
6474.54765640314  6.885064E-14
6474.60135517108  6.810027E-14
6474.65504986173  6.685893E-14
6474.70874047491  6.924026E-14
6474.76242701042  6.836846E-14
6474.81610946807  7.075913E-14
6474.86978784769  6.775815E-14
6474.92346214907  6.899331E-14
6474.97713237204  6.661773E-14
6475.0307985164  6.783538E-14
6475.08446058197  6.535821E-14
6475.13811856855  6.532834E-14
6475.19177247597  6.866235E-14
6475.24542230402  6.372548E-14
6475.29906805253  6.984831E-14
6475.3527097213  7.018413E-14
6475.40634731015  6.847538E-14
6475.45998081889  6.720213E-14
6475.51361024732  7.120015E-14
6475.56723559528  6.839751E-14
6475.62085686256  6.891966E-14
6475.67447404898  6.792754E-14
6475.72808715435  6.522376E-14
6475.78169617848  6.501833E-14
6475.83530112119  6.275289E-14
6475.88890198229  6.460784E-14
6475.94249876158  6.539634E-14
6475.99609145889  6.610966E-14
6476.04968007404  6.595146E-14
6476.10326460682  6.470941E-14
6476.15684505705  6.743154E-14
6476.21042142454  6.448321E-14
6476.26399370912  6.439790E-14
6476.31756191059  6.154667E-14
6476.37112602876  6.626295E-14
6476.42468606344  6.738781E-14
6476.47824201446  6.660293E-14
6476.53179388163  6.419579E-14
6476.58534166475  6.192814E-14
6476.63888536364  6.455567E-14
6476.69242497812  6.675967E-14
6476.74596050799  6.459424E-14
6476.79949195308  6.475620E-14
6476.85301931319  6.079767E-14
6476.90654258814  6.546622E-14
6476.96006177774  6.431821E-14
6477.0135768818  6.329094E-14
6477.06708790015  6.494364E-14
6477.12059483259  6.205068E-14
6477.17409767894  6.249373E-14
6477.227596439  6.672224E-14
6477.28109111261  6.403257E-14
6477.33458169956  6.201216E-14
6477.38806819968  6.831172E-14
6477.44155061277  6.808409E-14
6477.49502893866  6.601452E-14
6477.54850317716  6.893712E-14
6477.60197332807  6.847092E-14
6477.65543939122  6.553219E-14
6477.70890136642  6.800543E-14
6477.76235925348  6.565831E-14
6477.81581305223  6.991289E-14
6477.86926276246  6.786187E-14
6477.922708384  6.928070E-14
6477.97614991667  7.087606E-14
6478.02958736027  6.663860E-14
6478.08302071463  7.086257E-14
6478.13644997956  6.683994E-14
6478.18987515486  7.105078E-14
6478.24329624036  7.135162E-14
6478.29671323588  6.747581E-14
6478.35012614122  7.091177E-14
6478.40353495621  7.162839E-14
6478.45693968065  7.090997E-14
6478.51034031436  7.242390E-14
6478.56373685717  6.801198E-14
6478.61712930888  6.913393E-14
6478.6705176693  6.858428E-14
6478.72390193826  6.663382E-14
6478.77728211557  6.863471E-14
6478.83065820105  6.773992E-14
6478.88403019451  6.812504E-14
6478.93739809577  6.795614E-14
6478.99076190464  6.825654E-14
6479.04412162094  6.703931E-14
6479.09747724448  6.868617E-14
6479.15082877508  6.674670E-14
6479.20417621256  6.601994E-14
6479.25751955673  6.991029E-14
6479.31085880741  6.729226E-14
6479.36419396442  6.629514E-14
6479.41752502756  6.927635E-14
6479.47085199667  6.862921E-14
6479.52417487155  6.863255E-14
6479.57749365201  6.990216E-14
6479.63080833789  6.726215E-14
6479.68411892898  6.849216E-14
6479.73742542512  7.032715E-14
6479.79072782611  6.785275E-14
6479.84402613178  6.891015E-14
6479.89732034193  6.788710E-14
6479.95061045639  6.795168E-14
6480.00389647497  6.636989E-14
6480.05717839749  6.778797E-14
6480.11045622377  6.686701E-14
6480.16372995363  6.163340E-14
6480.21699958687  7.160695E-14
6480.27026512332  6.876528E-14
6480.32352656279  6.648003E-14
6480.37678390511  6.755868E-14
6480.43003715009  6.869075E-14
6480.48328629754  6.621489E-14
6480.53653134729  6.972176E-14
6480.58977229915  6.974699E-14
6480.64300915293  6.907293E-14
6480.69624190847  7.298642E-14
6480.74947056556  6.927111E-14
6480.80269512404  6.997706E-14
6480.85591558372  7.019313E-14
6480.90913194441  6.885174E-14
6480.96234420594  6.765840E-14
6481.01555236812  6.822361E-14
6481.06875643077  6.670725E-14
6481.12195639371  7.114529E-14
6481.17515225676  6.988049E-14
6481.22834401973  6.700227E-14
6481.28153168244  6.879677E-14
6481.33471524471  7.057239E-14
6481.38789470636  6.682502E-14
6481.44107006721  6.800651E-14
6481.49424132707  6.840672E-14
6481.54740848577  6.726369E-14
6481.60057154312  6.663271E-14
6481.65373049894  6.801340E-14
6481.70688535305  7.067473E-14
6481.76003610526  6.933673E-14
6481.81318275541  6.768289E-14
6481.8663253033  6.958250E-14
6481.91946374875  6.740580E-14
6481.97259809159  6.873150E-14
6482.02572833162  6.780157E-14
6482.07885446868  6.684750E-14
6482.13197650257  7.112688E-14
6482.18509443313  6.847246E-14
6482.23820826016  6.966166E-14
6482.29131798349  6.803458E-14
6482.34442360294  6.500152E-14
6482.39752511832  6.930516E-14
6482.45062252946  6.773134E-14
6482.50371583617  6.520087E-14
6482.55680503827  6.242342E-14
6482.60989013558  6.514163E-14
6482.66297112793  6.524573E-14
6482.71604801513  6.371782E-14
6482.769120797  6.294434E-14
6482.82218947336  6.668883E-14
6482.87525404404  6.344687E-14
6482.92831450884  6.469694E-14
6482.98137086759  6.509304E-14
6483.03442312012  6.426089E-14
6483.08747126623  6.245128E-14
6483.14051530576  6.105512E-14
6483.19355523852  6.283673E-14
6483.24659106432  5.996466E-14
6483.299622783  6.059896E-14
6483.35265039437  5.931709E-14
6483.40567389825  6.114168E-14
6483.45869329446  6.302864E-14
6483.51170858282  6.542085E-14
6483.56471976316  6.442614E-14
6483.61772683529  6.431504E-14
6483.67072979903  6.186336E-14
6483.72372865421  6.071786E-14
6483.77672340064  5.951676E-14
6483.82971403815  6.189041E-14
6483.88270056655  6.272284E-14
6483.93568298567  6.447015E-14
6483.98866129533  6.365146E-14
6484.04163549535  6.487523E-14
6484.09460558555  6.643941E-14
6484.14757156575  6.824229E-14
6484.20053343577  6.252156E-14
6484.25349119543  6.782024E-14
6484.30644484456  6.863443E-14
6484.35939438298  6.663193E-14
6484.4123398105  6.683611E-14
6484.46528112695  6.580383E-14
6484.51821833215  6.835307E-14
6484.57115142592  6.813617E-14
6484.62408040809  6.597990E-14
6484.67700527847  6.716149E-14
6484.72992603688  6.700401E-14
6484.78284268316  6.671309E-14
6484.83575521711  6.736549E-14
6484.88866363856  6.561105E-14
6484.94156794734  6.818238E-14
6484.99446814327  6.895702E-14
6485.04736422616  6.939479E-14
6485.10025619584  6.686105E-14
6485.15314405213  6.914941E-14
6485.20602779485  6.907405E-14
6485.25890742384  6.811671E-14
6485.31178293889  6.768523E-14
6485.36465433985  6.604165E-14
6485.41752162653  6.571388E-14
6485.47038479876  6.538728E-14
6485.52324385635  6.611860E-14
6485.57609879913  6.737811E-14
6485.62894962693  6.857211E-14
6485.68179633956  6.633194E-14
6485.73463893685  6.705965E-14
6485.78747741862  6.808132E-14
6485.84031178469  7.180205E-14
6485.8931420349  6.885147E-14
6485.94596816904  7.021183E-14
6485.99879018696  6.740768E-14
6486.05160808848  6.931229E-14
6486.10442187342  7.089338E-14
6486.15723154159  7.074923E-14
6486.21003709283  6.829322E-14
6486.26283852696  7.058032E-14
6486.3156358438  6.968648E-14
6486.36842904317  6.709083E-14
6486.4212181249  6.690528E-14
6486.47400308881  6.931727E-14
6486.52678393473  7.003350E-14
6486.57956066247  7.014496E-14
6486.63233327187  6.891808E-14
6486.68510176274  6.612908E-14
6486.73786613491  6.311894E-14
6486.79062638821  6.689962E-14
6486.84338252245  6.853977E-14
6486.89613453746  6.665672E-14
6486.94888243307  6.737773E-14
6487.00162620909  6.925165E-14
6487.05436586536  7.145942E-14
6487.1071014017  6.699011E-14
6487.15983281792  6.749098E-14
6487.21256011386  6.831543E-14
6487.26528328934  6.825444E-14
6487.31800234418  6.911736E-14
6487.37071727822  6.943813E-14
6487.42342809126  7.090113E-14
6487.47613478314  6.847281E-14
6487.52883735369  6.553644E-14
6487.58153580272  6.498982E-14
6487.63423013005  6.774700E-14
6487.68692033553  6.636800E-14
6487.73960641897  6.921656E-14
6487.79228838019  6.625094E-14
6487.84496621902  6.944545E-14
6487.89763993528  6.731191E-14
6487.95030952881  6.873216E-14
6488.00297499942  6.443654E-14
6488.05563634694  6.672629E-14
6488.10829357119  6.886410E-14
6488.16094667201  7.025400E-14
6488.21359564921  7.086864E-14
6488.26624050262  7.124961E-14
6488.31888123206  6.724345E-14
6488.37151783737  6.840055E-14
6488.42415031837  6.764277E-14
6488.47677867488  7.010407E-14
6488.52940290672  6.654983E-14
6488.58202301374  7.157803E-14
6488.63463899573  6.702679E-14
6488.68725085255  7.208227E-14
6488.73985858401  6.636430E-14
6488.79246218993  6.835574E-14
6488.84506167014  6.594900E-14
6488.89765702448  6.733522E-14
6488.95024825275  6.898295E-14
6489.0028353548  6.565305E-14
6489.05541833045  6.901097E-14
6489.10799717952  6.916015E-14
6489.16057190183  6.646884E-14
6489.21314249723  6.553137E-14
6489.26570896552  6.761904E-14
6489.31827130654  6.894091E-14
6489.37082952012  6.949151E-14
6489.42338360608  6.938039E-14
6489.47593356425  6.757810E-14
6489.52847939445  6.782086E-14
6489.58102109651  6.895255E-14
6489.63355867026  6.870184E-14
6489.68609211553  6.692648E-14
6489.73862143213  7.216875E-14
6489.7911466199  7.147140E-14
6489.84366767867  6.990447E-14
6489.89618460826  6.974341E-14
6489.9486974085  6.661184E-14
6490.00120607921  6.724313E-14
6490.05371062023  6.983548E-14
6490.10621103138  7.159533E-14
6490.15870731249  6.828356E-14
6490.21119946338  6.939793E-14
6490.26368748389  6.914980E-14
6490.31617137383  7.140552E-14
6490.36865113304  6.617589E-14
6490.42112676135  6.764659E-14
6490.47359825858  6.792592E-14
6490.52606562456  6.891393E-14
6490.57852885912  7.074517E-14
6490.63098796208  6.624685E-14
6490.68344293328  6.861254E-14
6490.73589377253  6.481974E-14
6490.78834047968  6.228537E-14
6490.84078305454  6.466273E-14
6490.89322149695  6.151712E-14
6490.94565580673  6.744269E-14
6490.99808598372  6.898469E-14
6491.05051202773  6.843155E-14
6491.1029339386  7.014565E-14
6491.15535171616  6.744521E-14
6491.20776536023  6.854784E-14
6491.26017487064  6.974612E-14
6491.31258024723  6.648559E-14
6491.36498148981  6.829139E-14
6491.41737859823  6.818376E-14
6491.4697715723  6.863186E-14
6491.52216041186  6.911553E-14
6491.57454511673  6.873087E-14
6491.62692568674  6.672187E-14
6491.67930212173  6.806024E-14
6491.73167442151  6.963346E-14
6491.78404258593  6.782631E-14
6491.83640661481  6.199717E-14
6491.88876650797  6.885450E-14
6491.94112226525  6.946598E-14
6491.99347388648  6.717115E-14
6492.04582137148  6.779174E-14
6492.09816472009  6.690260E-14
6492.15050393213  6.443102E-14
6492.20283900743  6.741184E-14
6492.25516994583  6.611611E-14
6492.30749674715  6.425915E-14
6492.35981941122  6.642216E-14
6492.41213793787  6.692735E-14
6492.46445232694  6.363102E-14
6492.51676257825  6.622401E-14
6492.56906869162  6.445653E-14
6492.6213706669  6.279395E-14
6492.6736685039  6.427918E-14
6492.72596220247  6.658914E-14
6492.77825176243  6.727445E-14
6492.8305371836  6.378555E-14
6492.88281846583  6.453661E-14
6492.93509560894  6.250678E-14
6492.98736861276  6.272293E-14
6493.03963747712  6.362281E-14
6493.09190220185  6.534728E-14
6493.14416278678  6.438633E-14
6493.19641923175  6.446748E-14
6493.24867153658  6.404067E-14
6493.3009197011  6.729871E-14
6493.35316372514  6.652280E-14
6493.40540360854  6.463039E-14
6493.45763935112  6.585615E-14
6493.50987095272  6.866919E-14
6493.56209841317  6.951854E-14
6493.61432173229  7.007740E-14
6493.66654090992  6.672124E-14
6493.71875594589  6.764737E-14
6493.77096684004  6.577779E-14
6493.82317359218  6.744124E-14
6493.87537620215  6.628791E-14
6493.92757466979  6.947356E-14
6493.97976899492  6.838622E-14
6494.03195917738  6.375002E-14
6494.084145217  6.728481E-14
6494.13632711361  6.996368E-14
6494.18850486703  6.686156E-14
6494.24067847711  6.437409E-14
6494.29284794367  6.665571E-14
6494.34501326655  6.069914E-14
6494.39717444558  6.127124E-14
6494.44933148058  6.025102E-14
6494.50148437139  6.090388E-14
6494.55363311784  6.319489E-14
6494.60577771978  5.668891E-14
6494.65791817701  6.083214E-14
6494.71005448938  5.932260E-14
6494.76218665672  6.011364E-14
6494.81431467887  5.875675E-14
6494.86643855565  5.749170E-14
6494.91855828689  6.248132E-14
6494.97067387244  5.803740E-14
6495.02278531211  6.501543E-14
6495.07489260575  5.822584E-14
6495.12699575319  5.661332E-14
6495.17909475425  5.912178E-14
6495.23118960877  5.888855E-14
6495.28328031659  5.512631E-14
6495.33536687754  5.799762E-14
6495.38744929144  5.699232E-14
6495.43952755813  5.540012E-14
6495.49160167745  5.670898E-14
6495.54367164923  5.416243E-14
6495.59573747329  5.539918E-14
6495.64779914948  5.545964E-14
6495.69985667763  5.389362E-14
6495.75191005756  5.708315E-14
6495.80395928912  5.238324E-14
6495.85600437213  5.587290E-14
6495.90804530644  5.670772E-14
6495.96008209186  5.456228E-14
6496.01211472824  5.408345E-14
6496.06414321542  5.677174E-14
6496.11616755321  5.500162E-14
6496.16818774145  5.983071E-14
6496.22020377999  5.489098E-14
6496.27221566865  5.502992E-14
6496.32422340727  5.555845E-14
6496.37622699568  5.904488E-14
6496.42822643371  5.859719E-14
6496.4802217212  5.882713E-14
6496.53221285799  5.775577E-14
6496.5841998439  5.451827E-14
6496.63618267877  5.819939E-14
6496.68816136243  5.747538E-14
6496.74013589472  5.769557E-14
6496.79210627548  5.828605E-14
6496.84407250453  5.953114E-14
6496.89603458172  6.226299E-14
6496.94799250687  6.073480E-14
6496.99994627981  5.951901E-14
6497.0518959004  6.474237E-14
6497.10384136845  6.491253E-14
6497.1557826838  5.891328E-14
6497.2077198463  6.266848E-14
6497.25965285576  6.073829E-14
6497.31158171204  6.019339E-14
6497.36350641495  6.133113E-14
6497.41542696434  5.876914E-14
6497.46734336005  5.871710E-14
6497.5192556019  5.436498E-14
6497.57116368973  5.744138E-14
6497.62306762338  5.794458E-14
6497.67496740268  5.760853E-14
6497.72686302747  5.686031E-14
6497.77875449758  5.411911E-14
6497.83064181285  5.707404E-14
6497.88252497311  6.036438E-14
6497.9344039782  5.290722E-14
6497.98627882796  5.511572E-14
6498.03814952221  6.126013E-14
6498.0900160608  5.512290E-14
6498.14187844356  5.612591E-14
6498.19373667032  5.600636E-14
6498.24559074093  5.545834E-14
6498.29744065521  5.838143E-14
6498.34928641301  5.639000E-14
6498.40112801415  5.873138E-14
6498.45296545848  6.052616E-14
6498.50479874583  6.049927E-14
6498.55662787604  5.607001E-14
6498.60845284895  6.025151E-14
6498.66027366438  6.047985E-14
6498.71209032218  6.359786E-14
6498.76390282217  6.272227E-14
6498.81571116421  6.365684E-14
6498.86751534812  6.478488E-14
6498.91931537374  6.672880E-14
6498.97111124091  7.049505E-14
6499.02290294947  7.016452E-14
6499.07469049924  6.873500E-14
6499.12647389007  6.790317E-14
6499.1782531218  6.960774E-14
6499.23002819425  6.662770E-14
6499.28179910727  6.692898E-14
6499.3335658607  6.666745E-14
6499.38532845436  6.523554E-14
6499.43708688811  6.639052E-14
6499.48884116177  6.909028E-14
6499.54059127518  6.744698E-14
6499.59233722818  6.918565E-14
6499.64407902061  6.812706E-14
6499.6958166523  7.005776E-14
6499.74755012309  6.542190E-14
6499.79927943282  6.498677E-14
6499.85100458133  6.469672E-14
6499.90272556845  6.349255E-14
6499.95444239402  6.575036E-14
6500.00615505787  6.399343E-14
6500.05786355986  6.292784E-14
6500.1095678998  6.289823E-14
6500.16126807755  6.466629E-14
6500.21296409294  6.079901E-14
6500.2646559458  6.119460E-14
6500.31634363598  5.808127E-14
6500.3680271633  5.986472E-14
6500.41970652763  5.889782E-14
6500.47138172877  6.013592E-14
6500.52305276659  6.035888E-14
6500.57471964091  5.916844E-14
6500.62638235157  6.144410E-14
6500.67804089842  5.869946E-14
6500.72969528128  6.188357E-14
6500.7813455  5.791185E-14
6500.83299155442  6.201391E-14
6500.88463344437  6.115518E-14
6500.9362711697  6.071964E-14
6500.98790473024  6.021788E-14
6501.03953412583  6.355878E-14
6501.09115935631  6.322789E-14
6501.14278042151  6.490727E-14
6501.19439732129  6.129597E-14
6501.24601005547  6.557577E-14
6501.29761862389  6.540456E-14
6501.3492230264  6.378016E-14
6501.40082326283  6.124621E-14
6501.45241933302  6.241633E-14
6501.50401123681  6.421623E-14
6501.55559897405  6.580404E-14
6501.60718254456  6.477202E-14
6501.65876194819  6.774705E-14
6501.71033718478  6.783659E-14
6501.76190825416  6.854666E-14
6501.81347515619  6.652610E-14
6501.86503789069  6.774837E-14
6501.9165964575  6.931241E-14
6501.96815085648  6.729384E-14
6502.01970108744  6.367756E-14
6502.07124715024  6.499181E-14
6502.12278904472  6.782145E-14
6502.17432677071  6.562716E-14
6502.22586032806  6.743351E-14
6502.27738971659  6.481356E-14
6502.32891493617  6.731673E-14
6502.38043598662  6.686727E-14
6502.43195286778  6.564769E-14
6502.4834655795  6.580293E-14
6502.53497412161  6.396437E-14
6502.58647849396  6.927327E-14
6502.63797869639  6.627382E-14
6502.68947472873  6.375044E-14
6502.74096659082  6.623220E-14
6502.79245428252  6.533099E-14
6502.84393780365  6.761024E-14
6502.89541715406  6.565812E-14
6502.94689233359  6.270982E-14
6502.99836334208  6.481779E-14
6503.04983017936  6.785497E-14
6503.10129284529  6.690599E-14
6503.15275133971  6.726465E-14
6503.20420566244  6.366234E-14
6503.25565581334  6.414053E-14
6503.30710179224  6.757892E-14
6503.35854359899  6.816862E-14
6503.40998123343  6.655754E-14
6503.46141469539  6.363585E-14
6503.51284398473  6.672351E-14
6503.56426910127  6.821379E-14
6503.61569004487  6.467971E-14
6503.66710681537  6.697701E-14
6503.71851941259  6.481935E-14
6503.7699278364  6.778169E-14
6503.82133208662  6.636883E-14
6503.8727321631  6.774740E-14
6503.92412806569  6.709536E-14
6503.97551979421  6.640917E-14
6504.02690734853  6.597796E-14
6504.07829072847  6.769626E-14
6504.12966993388  6.834236E-14
6504.1810449646  6.517795E-14
6504.23241582047  6.833742E-14
6504.28378250134  7.134464E-14
6504.33514500705  6.843555E-14
6504.38650333743  6.691127E-14
6504.43785749234  6.363954E-14
6504.48920747161  7.086565E-14
6504.54055327509  6.714562E-14
6504.59189490262  6.561854E-14
6504.64323235403  6.921040E-14
6504.69456562919  6.313175E-14
6504.74589472791  6.611148E-14
6504.79721965006  6.339789E-14
6504.84854039547  6.350272E-14
6504.89985696398  6.419401E-14
6504.95116935544  6.992868E-14
6505.00247756969  6.955652E-14
6505.05378160657  6.609757E-14
6505.10508146593  6.830884E-14
6505.15637714761  7.137711E-14
6505.20766865145  6.895648E-14
6505.25895597729  6.252903E-14
6505.31023912498  6.537471E-14
6505.36151809437  6.310559E-14
6505.41279288529  6.628603E-14
6505.46406349758  6.507963E-14
6505.5153299311  6.229984E-14
6505.56659218568  6.682535E-14
6505.61785026117  6.509258E-14
6505.66910415741  6.464898E-14
6505.72035387425  6.868427E-14
6505.77159941153  6.198794E-14
6505.82284076909  6.962642E-14
6505.87407794677  6.443521E-14
6505.92531094443  6.688989E-14
6505.9765397619  7.002703E-14
6506.02776439903  6.581630E-14
6506.07898485567  6.935933E-14
6506.13020113164  6.859580E-14
6506.18141322681  6.606892E-14
6506.23262114101  6.538907E-14
6506.28382487409  6.786227E-14
6506.3350244259  6.785277E-14
6506.38621979627  6.469589E-14
6506.43741098505  6.597557E-14
6506.48859799209  6.697712E-14
6506.53978081723  6.850124E-14
6506.59095946032  6.789097E-14
6506.64213392119  6.784928E-14
6506.6933041997  6.858420E-14
6506.74447029569  6.772238E-14
6506.795632209  6.448484E-14
6506.84678993948  6.643806E-14
6506.89794348697  6.849180E-14
6506.94909285132  7.116196E-14
6507.00023803238  6.911346E-14
6507.05137902998  6.780293E-14
6507.10251584398  6.846773E-14
6507.15364847421  6.495397E-14
6507.20477692053  6.884163E-14
6507.25590118278  6.681473E-14
6507.3070212608  6.722506E-14
6507.35813715444  6.683457E-14
6507.40924886355  6.679762E-14
6507.46035638796  6.782271E-14
6507.51145972754  6.808813E-14
6507.56255888211  6.840146E-14
6507.61365385153  6.992216E-14
6507.66474463565  7.101367E-14
6507.7158312343  6.515889E-14
6507.76691364733  6.726138E-14
6507.8179918746  6.935756E-14
6507.86906591594  6.498361E-14
6507.92013577121  6.888640E-14
6507.97120144024  7.335067E-14
6508.02226292288  6.970165E-14
6508.07332021899  6.711121E-14
6508.1243733284  6.969200E-14
6508.17542225097  6.688358E-14
6508.22646698653  7.186129E-14
6508.27750753494  6.824922E-14
6508.32854389604  6.747696E-14
6508.37957606968  6.872136E-14
6508.4306040557  7.022266E-14
6508.48162785396  6.648141E-14
6508.53264746429  6.746844E-14
6508.58366288655  6.797309E-14
6508.63467412057  6.225134E-14
6508.68568116622  6.675869E-14
6508.73668402332  7.381825E-14
6508.78768269174  6.847149E-14
6508.83867717132  6.845638E-14
6508.88966746191  6.807688E-14
6508.94065356334  6.652640E-14
6508.99163547548  6.746367E-14
6509.04261319816  6.744915E-14
6509.09358673123  6.813381E-14
6509.14455607455  6.283951E-14
6509.19552122795  6.777510E-14
6509.2464821913  6.859139E-14
6509.29743896442  6.657802E-14
6509.34839154717  6.431162E-14
6509.3993399394  7.321436E-14
6509.45028414096  6.652555E-14
6509.50122415169  6.847221E-14
6509.55215997144  6.383173E-14
6509.60309160006  6.753754E-14
6509.6540190374  6.513351E-14
6509.7049422833  6.483166E-14
6509.75586133762  6.490042E-14
6509.80677620019  6.830800E-14
6509.85768687087  6.892585E-14
6509.90859334951  6.832750E-14
6509.95949563595  6.450539E-14
6510.01039373005  7.032804E-14
6510.06128763165  6.741003E-14
6510.11217734059  7.143449E-14
6510.16306285674  6.602240E-14
6510.21394417992  6.740170E-14
6510.26482131001  6.771154E-14
6510.31569424683  6.909647E-14
6510.36656299025  6.368404E-14
6510.41742754011  6.980254E-14
6510.46828789626  6.578191E-14
6510.51914405854  6.721133E-14
6510.56999602681  6.854057E-14
6510.62084380092  6.679188E-14
6510.6716873807  6.788438E-14
6510.72252676603  6.364720E-14
6510.77336195673  6.467450E-14
6510.82419295266  6.828281E-14
6510.87501975368  6.793739E-14
6510.92584235962  6.661123E-14
6510.97666077034  6.578218E-14
6511.02747498569  7.274418E-14
6511.07828500552  7.286008E-14
6511.12909082968  6.793589E-14
6511.179892458  6.588629E-14
6511.23068989036  7.001333E-14
6511.28148312659  6.807839E-14
6511.33227216654  7.593722E-14
6511.38305701007  6.746449E-14
6511.43383765702  6.907556E-14
6511.48461410724  7.024158E-14
6511.53538636059  7.060114E-14
6511.58615441691  6.900471E-14
6511.63691827606  6.799199E-14
6511.68767793788  7.063387E-14
6511.73843340222  6.413078E-14
6511.78918466893  7.220546E-14
6511.83993173787  6.820801E-14
6511.89067460888  6.801361E-14
6511.94141328181  6.766403E-14
6511.99214775652  6.573825E-14
6512.04287803286  6.270919E-14
6512.09360411067  7.055332E-14
6512.1443259898  6.871568E-14
6512.19504367011  7.719736E-14
6512.24575715145  6.857112E-14
6512.29646643366  6.843007E-14
6512.3471715166  7.150557E-14
6512.39787240012  7.244367E-14
6512.44856908407  6.562062E-14
6512.4992615683  6.581113E-14
6512.54994985266  6.903134E-14
6512.600633937  7.038261E-14
6512.65131382117  6.466925E-14
6512.70198950503  7.083450E-14
6512.75266098843  7.295263E-14
6512.80332827121  7.297113E-14
6512.85399135323  6.769196E-14
6512.90465023433  7.260823E-14
6512.95530491438  7.297328E-14
6513.00595539322  6.883196E-14
6513.0566016707  6.847153E-14
6513.10724374668  6.772816E-14
6513.157881621  7.070910E-14
6513.20851529353  6.583266E-14
6513.25914476409  7.171234E-14
6513.30977003257  7.065828E-14
6513.36039109879  7.056576E-14
6513.41100796262  6.946411E-14
6513.46162062391  7.078920E-14
6513.5122290825  6.563836E-14
6513.56283333826  6.880012E-14
6513.61343339102  7.089950E-14
6513.66402924066  7.149863E-14
6513.71462088701  6.937317E-14
6513.76520832992  7.590613E-14
6513.81579156926  6.922501E-14
6513.86637060488  7.200269E-14
6513.91694543662  7.241117E-14
6513.96751606434  6.852245E-14
6514.01808248789  7.132333E-14
6514.06864470712  6.682805E-14
6514.11920272188  6.879450E-14
6514.16975653204  6.746802E-14
6514.22030613744  6.509336E-14
6514.27085153794  6.735180E-14
6514.32139273337  6.902233E-14
6514.37192972361  6.699645E-14
6514.42246250851  6.118073E-14
6514.4729910879  7.310550E-14
6514.52351546166  6.771696E-14
6514.57403562963  7.119054E-14
6514.62455159167  6.934091E-14
6514.67506334762  6.470075E-14
6514.72557089734  6.653701E-14
6514.77607424069  6.736086E-14
6514.82657337752  6.863820E-14
6514.87706830768  7.179259E-14
6514.92755903102  7.209698E-14
6514.9780455474  6.951006E-14
6515.02852785667  7.194636E-14
6515.07900595869  7.099522E-14
6515.12947985331  7.099712E-14
6515.17994954038  7.024853E-14
6515.23041501976  7.406990E-14
6515.2808762913  7.152898E-14
6515.33133335486  7.619059E-14
6515.38178621028  7.076499E-14
6515.43223485743  6.683363E-14
6515.48267929615  7.088390E-14
6515.5331195263  6.606938E-14
6515.58355554774  7.263391E-14
6515.63398736032  6.813391E-14
6515.68441496389  7.502521E-14
6515.73483835831  7.401384E-14
6515.78525754343  7.005400E-14
6515.8356725191  7.318195E-14
6515.88608328519  7.237889E-14
6515.93648984155  7.189352E-14
6515.98689218802  7.145709E-14
6516.03729032447  7.832527E-14
6516.08768425075  7.652809E-14
6516.13807396671  6.839369E-14
6516.18845947222  7.143458E-14
6516.23884076711  6.979094E-14
6516.28921785126  7.333281E-14
6516.33959072451  7.229526E-14
6516.38995938672  7.067078E-14
6516.44032383774  7.324452E-14
6516.49068407744  7.063510E-14
6516.54104010566  6.608951E-14
6516.59139192225  6.225313E-14
6516.64173952709  6.351169E-14
6516.69208292001  6.997404E-14
6516.74242210088  6.949931E-14
6516.79275706955  7.229358E-14
6516.84308782588  7.074057E-14
6516.89341436972  7.052029E-14
6516.94373670093  7.079966E-14
6516.99405481936  7.419831E-14
6517.04436872487  6.684445E-14
6517.09467841732  6.884859E-14
6517.14498389656  6.752579E-14
6517.19528516244  7.249806E-14
6517.24558221483  7.307803E-14
6517.29587505358  6.659993E-14
6517.34616367854  7.198249E-14
6517.39644808958  7.136330E-14
6517.44672828654  6.858653E-14
6517.49700426929  7.060451E-14
6517.54727603768  7.021923E-14
6517.59754359156  7.168050E-14
6517.6478069308  7.022696E-14
6517.69806605524  7.081947E-14
6517.74832096476  7.033409E-14
6517.79857165919  7.292008E-14
6517.8488181384  7.232595E-14
6517.89906040225  7.017651E-14
6517.9492984506  7.144126E-14
6517.99953228329  7.330288E-14
6518.04976190018  7.029406E-14
6518.09998730115  7.915134E-14
6518.15020848603  7.526134E-14
6518.20042545468  7.592005E-14
6518.25063820698  7.396711E-14
6518.30084674276  7.499385E-14
6518.35105106189  7.118463E-14
6518.40125116422  6.815773E-14
6518.45144704962  7.667432E-14
6518.50163871794  7.503122E-14
6518.55182616904  7.202212E-14
6518.60200940277  7.626514E-14
6518.652188419  7.551441E-14
6518.70236321757  6.900199E-14
6518.75253379835  7.842629E-14
6518.8027001612  7.256224E-14
6518.85286230597  7.400342E-14
6518.90302023253  7.444954E-14
6518.95317394071  7.499962E-14
6519.0033234304  6.590837E-14
6519.05346870144  7.502297E-14
6519.1036097537  7.042274E-14
6519.15374658702  7.049029E-14
6519.20387920127  7.271689E-14
6519.25400759631  6.851483E-14
6519.304131772  7.507106E-14
6519.35425172818  7.396190E-14
6519.40436746473  7.180693E-14
6519.4544789815  7.192139E-14
6519.50458627835  6.898408E-14
6519.55468935513  6.731531E-14
6519.60478821171  7.500940E-14
6519.65488284794  7.192761E-14
6519.70497326369  7.547503E-14
6519.7550594588  7.457270E-14
6519.80514143315  7.037799E-14
6519.85521918658  6.795833E-14
6519.90529271897  7.079918E-14
6519.95536203016  7.290426E-14
6520.00542712001  7.283422E-14
6520.05548798839  7.028937E-14
6520.10554463515  6.619867E-14
6520.15559706016  7.435928E-14
6520.20564526327  6.602285E-14
6520.25568924433  7.221367E-14
6520.30572900322  7.140447E-14
6520.35576453979  7.310076E-14
6520.4057958539  7.653528E-14
6520.4558229454  7.630532E-14
6520.50584581417  7.390401E-14
6520.55586446005  7.696744E-14
6520.60587888291  7.772283E-14
6520.65588908261  7.927900E-14
6520.705895059  8.095111E-14
6520.75589681195  7.464579E-14
6520.80589434131  7.089099E-14
6520.85588764696  7.595919E-14
6520.90587672874  7.457648E-14
6520.95586158651  7.695317E-14
6521.00584222014  7.503534E-14
6521.05581862949  7.596496E-14
6521.10579081441  7.718593E-14
6521.15575877477  7.510994E-14
6521.20572251043  7.880093E-14
6521.25568202124  8.041190E-14
6521.30563730708  7.624358E-14
6521.35558836779  7.360035E-14
6521.40553520324  7.622302E-14
6521.45547781329  7.590972E-14
6521.50541619779  8.164281E-14
6521.55535035662  7.676934E-14
6521.60528028963  7.945389E-14
6521.65520599668  7.401776E-14
