6918.48330780524  7.821977E-14
6918.54728668519  7.946918E-14
6918.61126149554  8.276452E-14
6918.67523223603  7.607929E-14
6918.73919890635  7.653255E-14
6918.80316150623  7.627734E-14
6918.86712003538  7.292719E-14
6918.93107449351  5.673402E-14
6918.99502488035  4.702447E-14
6919.0589711956  5.300792E-14
6919.12291343897  6.994056E-14
6919.1868516102  7.626939E-14
6919.25078570898  7.876699E-14
6919.31471573504  8.170364E-14
6919.3786416881  7.948555E-14
6919.44256356786  8.518687E-14
6919.50648137404  8.146912E-14
6919.57039510636  8.257699E-14
6919.63430476453  8.209769E-14
6919.69821034828  8.325023E-14
6919.7621118573  8.545864E-14
6919.82600929133  8.023270E-14
6919.88990265008  8.234337E-14
6919.95379193326  8.611762E-14
6920.01767714058  8.085282E-14
6920.08155827178  7.944192E-14
6920.14543532655  8.158083E-14
6920.20930830462  8.111231E-14
6920.27317720571  7.691670E-14
6920.33704202952  7.927693E-14
6920.40090277578  8.126687E-14
6920.4647594442  8.085447E-14
6920.5286120345  8.712706E-14
6920.5924605464  8.412271E-14
6920.6563049796  8.278189E-14
6920.72014533384  7.938626E-14
6920.78398160882  8.282979E-14
6920.84781380426  7.893684E-14
6920.91164191989  7.825073E-14
6920.9754659554  8.013725E-14
6921.03928591054  7.449424E-14
6921.10310178499  8.441974E-14
6921.1669135785  8.269390E-14
6921.23072129077  8.030147E-14
6921.29452492152  8.358664E-14
6921.35832447047  8.351665E-14
6921.42211993734  7.965858E-14
6921.48591132183  7.737132E-14
6921.54969862368  8.684566E-14
6921.61348184259  8.004535E-14
6921.67726097829  7.973973E-14
6921.74103603049  8.367988E-14
6921.80480699891  8.237084E-14
6921.86857388327  8.215914E-14
6921.93233668329  7.744897E-14
6921.99609539868  8.426648E-14
6922.05985002916  8.587958E-14
6922.12360057444  8.145069E-14
6922.18734703426  8.101066E-14
6922.25108940832  8.108864E-14
6922.31482769635  7.609854E-14
6922.37856189805  7.715144E-14
6922.44229201316  8.229940E-14
6922.50601804138  7.684794E-14
6922.56973998244  8.286435E-14
6922.63345783605  8.044043E-14
6922.69717160194  7.971218E-14
6922.76088127981  8.083532E-14
6922.8245868694  8.500374E-14
6922.88828837042  8.236262E-14
6922.95198578258  7.974075E-14
6923.01567910561  7.970607E-14
6923.07936833922  8.081488E-14
6923.14305348314  7.761589E-14
6923.20673453708  7.423226E-14
6923.27041150076  5.953169E-14
6923.3340843739  5.833255E-14
6923.39775315622  7.001671E-14
6923.46141784744  7.583115E-14
6923.52507844728  8.053183E-14
6923.58873495545  8.209750E-14
6923.65238737169  8.425054E-14
6923.71603569569  8.226122E-14
6923.77967992719  8.055659E-14
6923.84332006591  8.324168E-14
6923.90695611156  8.019748E-14
6923.97058806386  7.685056E-14
6924.03421592254  7.792636E-14
6924.09783968731  6.225930E-14
6924.1614593579  5.325635E-14
6924.22507493401  5.693931E-14
6924.28868641538  7.283054E-14
6924.35229380172  8.102359E-14
6924.41589709276  7.558641E-14
6924.4794962882  7.521943E-14
6924.54309138779  8.048143E-14
6924.60668239122  7.683750E-14
6924.67026929822  7.822812E-14
6924.73385210852  7.716783E-14
6924.79743082184  7.655443E-14
6924.86100543788  7.877006E-14
6924.92457595638  7.605869E-14
6924.98814237706  7.678657E-14
6925.05170469963  7.904442E-14
6925.11526292382  7.903961E-14
6925.17881704935  8.196072E-14
6925.24236707593  7.891074E-14
6925.3059130033  7.411256E-14
6925.36945483116  7.350586E-14
6925.43299255924  7.624266E-14
6925.49652618727  7.483841E-14
6925.56005571495  7.084341E-14
6925.62358114202  7.726687E-14
6925.6871024682  7.469654E-14
6925.7506196932  7.490201E-14
6925.81413281675  7.295995E-14
6925.87764183857  7.438070E-14
6925.94114675838  7.668866E-14
6926.0046475759  7.353679E-14
6926.06814429085  7.596968E-14
6926.13163690296  7.400649E-14
6926.19512541194  7.596631E-14
6926.25860981752  7.554797E-14
6926.32209011942  7.481713E-14
6926.38556631736  7.758658E-14
6926.44903841107  7.739551E-14
6926.51250640026  8.035576E-14
6926.57597028466  7.523992E-14
6926.63943006399  7.121310E-14
6926.70288573797  7.156777E-14
6926.76633730632  7.517999E-14
6926.82978476877  7.369797E-14
6926.89322812504  8.036361E-14
6926.95666737484  7.512102E-14
6927.02010251791  7.453252E-14
6927.08353355397  8.127231E-14
6927.14696048273  7.168649E-14
6927.21038330393  7.495426E-14
6927.27380201727  7.818838E-14
6927.33721662249  7.710684E-14
6927.40062711931  8.055765E-14
6927.46403350745  7.762904E-14
6927.52743578664  7.934312E-14
6927.59083395659  7.751503E-14
6927.65422801703  8.210231E-14
6927.71761796769  7.897830E-14
6927.78100380828  8.154106E-14
6927.84438553853  8.239632E-14
6927.90776315816  7.857849E-14
6927.97113666689  7.777679E-14
6928.03450606446  8.098796E-14
6928.09787135058  7.998327E-14
6928.16123252497  8.199892E-14
6928.22458958737  8.251904E-14
6928.28794253748  7.894180E-14
6928.35129137505  7.799179E-14
6928.41463609978  7.540787E-14
6928.4779767114  7.700873E-14
6928.54131320965  7.837949E-14
6928.60464559423  7.687311E-14
6928.66797386488  6.870560E-14
6928.73129802132  6.451231E-14
6928.79461806327  6.696413E-14
6928.85793399046  7.253702E-14
6928.92124580262  7.798568E-14
6928.98455349945  7.719192E-14
6929.0478570807  7.686428E-14
6929.11115654608  7.845712E-14
6929.17445189532  7.693630E-14
6929.23774312814  7.607969E-14
6929.30103024427  7.158250E-14
6929.36431324343  7.493545E-14
6929.42759212535  7.383024E-14
6929.49086688975  7.286362E-14
6929.55413753636  6.772667E-14
6929.6174040649  5.975863E-14
6929.68066647509  6.865499E-14
6929.74392476666  7.943021E-14
6929.80717893934  7.762070E-14
6929.87042899285  7.656914E-14
6929.93367492691  7.409533E-14
6929.99691674125  7.910543E-14
6930.0601544356  7.807265E-14
6930.12338800968  8.281133E-14
6930.18661746322  8.227185E-14
6930.24984279594  7.986919E-14
6930.31306400757  7.872711E-14
6930.37628109783  7.693659E-14
6930.43949406644  7.477198E-14
6930.50270291314  7.990578E-14
6930.56590763765  7.575455E-14
6930.6291082397  7.696995E-14
6930.692304719  7.871333E-14
6930.75549707529  8.404745E-14
6930.8186853083  7.794814E-14
6930.88186941774  7.915509E-14
6930.94504940335  7.801653E-14
6931.00822526484  7.757855E-14
6931.07139700196  7.944882E-14
6931.13456461441  7.863554E-14
6931.19772810194  7.688662E-14
6931.26088746426  7.605187E-14
6931.3240427011  7.292153E-14
6931.38719381219  7.382442E-14
6931.45034079726  7.771626E-14
6931.51348365602  8.065125E-14
6931.57662238822  7.891847E-14
6931.63975699356  7.574617E-14
6931.70288747179  7.848907E-14
6931.76601382263  7.830620E-14
6931.8291360458  7.856359E-14
6931.89225414103  7.478682E-14
6931.95536810805  7.828640E-14
6932.01847794658  7.924416E-14
6932.08158365636  8.055063E-14
6932.1446852371  7.526826E-14
6932.20778268855  7.491048E-14
6932.27087601041  7.706971E-14
6932.33396520243  7.615754E-14
6932.39705026432  7.721836E-14
6932.46013119583  7.731433E-14
6932.52320799666  7.580182E-14
6932.58628066655  7.593911E-14
6932.64934920524  7.943730E-14
6932.71241361243  7.754257E-14
6932.77547388788  7.545568E-14
6932.83853003129  8.030402E-14
6932.9015820424  7.546590E-14
6932.96462992094  7.321695E-14
6933.02767366663  7.870472E-14
6933.09071327921  7.823883E-14
6933.1537487584  8.047491E-14
6933.21678010392  7.825420E-14
6933.27980731552  7.943809E-14
6933.34283039291  8.222511E-14
6933.40584933582  7.586003E-14
6933.46886414398  7.909005E-14
6933.53187481713  7.196319E-14
6933.59488135498  7.280052E-14
6933.65788375727  7.632682E-14
6933.72088202372  7.238728E-14
6933.78387615407  7.271213E-14
6933.84686614804  7.615729E-14
6933.90985200536  7.579345E-14
6933.97283372577  7.927534E-14
6934.03581130898  7.784180E-14
6934.09878475473  7.822741E-14
6934.16175406275  8.144285E-14
6934.22471923277  7.338641E-14
6934.28768026451  7.707386E-14
6934.3506371577  7.093702E-14
6934.41358991208  6.417433E-14
6934.47653852737  6.951134E-14
6934.5394830033  7.027674E-14
6934.60242333961  7.511013E-14
6934.66535953601  7.394777E-14
6934.72829159225  7.670650E-14
6934.79121950804  7.618397E-14
6934.85414328313  7.526927E-14
6934.91706291723  7.202121E-14
6934.97997841008  7.339555E-14
6935.04288976141  7.542820E-14
6935.10579697095  7.343446E-14
6935.16870003843  7.675298E-14
6935.23159896358  6.974296E-14
6935.29449374613  6.530690E-14
6935.3573843858  7.349101E-14
6935.42027088233  7.535254E-14
6935.48315323545  7.345852E-14
6935.54603144489  7.590156E-14
6935.60890551038  8.054166E-14
6935.67177543165  7.685545E-14
6935.73464120843  7.722544E-14
6935.79750284044  7.767497E-14
6935.86036032743  7.465357E-14
6935.92321366913  7.529722E-14
6935.98606286525  7.951390E-14
6936.04890791554  7.782512E-14
6936.11174881972  7.691129E-14
6936.17458557752  8.028050E-14
6936.23741818868  7.589442E-14
6936.30024665293  7.673503E-14
6936.36307096999  7.841496E-14
6936.4258911396  7.613342E-14
6936.48870716149  7.511802E-14
6936.5515190354  7.891493E-14
6936.61432676104  7.969852E-14
6936.67713033816  7.843293E-14
6936.73992976648  7.579425E-14
6936.80272504574  7.795575E-14
6936.86551617566  7.608104E-14
6936.92830315599  7.814902E-14
6936.99108598644  7.548984E-14
6937.05386466676  7.422882E-14
6937.11663919667  7.966610E-14
6937.1794095759  7.985437E-14
6937.2421758042  7.561948E-14
6937.30493788128  7.831152E-14
6937.36769580688  7.656306E-14
6937.43044958074  7.676813E-14
6937.49319920258  7.609672E-14
6937.55594467214  7.594295E-14
6937.61868598915  7.197723E-14
6937.68142315334  7.170464E-14
6937.74415616444  6.845650E-14
6937.80688502219  7.266500E-14
6937.86960972632  7.482976E-14
6937.93233027656  7.654853E-14
6937.99504667265  7.762984E-14
6938.0577589143  7.382434E-14
6938.12046700127  7.567865E-14
6938.18317093328  7.183384E-14
6938.24587071007  7.722771E-14
6938.30856633136  7.564933E-14
6938.37125779689  7.655825E-14
6938.43394510639  7.106533E-14
6938.4966282596  7.489499E-14
6938.55930725625  7.609621E-14
6938.62198209607  7.553131E-14
6938.6846527788  7.515837E-14
6938.74731930416  7.413034E-14
6938.80998167189  7.631021E-14
6938.87263988173  7.629017E-14
6938.93529393341  7.791998E-14
6938.99794382666  7.715930E-14
6939.06058956121  7.562261E-14
6939.12323113681  7.702313E-14
6939.18586855317  7.771106E-14
6939.24850181004  7.838084E-14
6939.31113090715  7.476953E-14
6939.37375584424  7.572997E-14
6939.43637662103  7.333304E-14
6939.49899323726  7.370408E-14
6939.56160569267  7.464006E-14
6939.62421398698  6.849595E-14
6939.68681811994  6.766458E-14
6939.74941809128  7.465287E-14
6939.81201390073  7.372166E-14
6939.87460554803  7.285826E-14
6939.9371930329  7.314413E-14
6939.99977635509  7.252529E-14
6940.06235551433  7.415357E-14
6940.12493051035  7.230914E-14
6940.18750134289  6.562105E-14
6940.25006801168  6.850395E-14
6940.31263051646  6.792797E-14
6940.37518885696  7.145031E-14
6940.43774303292  7.252898E-14
6940.50029304407  7.377014E-14
6940.56283889015  7.637979E-14
6940.62538057088  7.752388E-14
6940.68791808602  7.478841E-14
6940.75045143528  7.586002E-14
6940.81298061841  7.435809E-14
6940.87550563515  7.885158E-14
6940.93802648522  7.387964E-14
6941.00054316836  7.651058E-14
6941.06305568431  7.161301E-14
6941.12556403281  7.044043E-14
6941.18806821358  7.160861E-14
6941.25056822636  6.947855E-14
6941.3130640709  7.483737E-14
6941.37555574692  7.402838E-14
6941.43804325416  7.531334E-14
6941.50052659236  7.530874E-14
6941.56300576125  7.672368E-14
6941.62548076057  7.405057E-14
6941.68795159006  7.702295E-14
6941.75041824944  7.594232E-14
6941.81288073846  7.503836E-14
6941.87533905685  7.658724E-14
6941.93779320436  7.157640E-14
6942.0002431807  7.539254E-14
6942.06268898563  7.484367E-14
6942.12513061888  7.221684E-14
6942.18756808018  6.983219E-14
6942.25000136927  7.470839E-14
6942.31243048588  6.990240E-14
6942.37485542977  7.345931E-14
6942.43727620065  7.037537E-14
6942.49969279826  7.306884E-14
6942.56210522235  7.500546E-14
6942.62451347265  7.607315E-14
6942.6869175489  7.411226E-14
6942.74931745084  8.006540E-14
6942.81171317819  7.728805E-14
6942.8741047307  7.481783E-14
6942.93649210811  7.624303E-14
6942.99887531015  7.197902E-14
6943.06125433656  7.760374E-14
6943.12362918708  7.709850E-14
6943.18599986144  7.598829E-14
6943.24836635939  7.808683E-14
6943.31072868065  7.732978E-14
6943.37308682497  7.621937E-14
6943.43544079208  7.603694E-14
6943.49779058173  7.581686E-14
6943.56013619364  7.536669E-14
6943.62247762756  7.563390E-14
6943.68481488323  7.194597E-14
6943.74714796038  6.807507E-14
6943.80947685875  6.866999E-14
6943.87180157808  7.090357E-14
6943.93412211811  7.285816E-14
6943.99643847857  7.512482E-14
6944.0587506592  7.457661E-14
6944.12105865975  7.102077E-14
6944.18336247994  7.871722E-14
6944.24566211953  7.388481E-14
6944.30795757824  7.289299E-14
6944.37024885582  7.710437E-14
6944.43253595199  7.036249E-14
6944.49481886651  7.494641E-14
6944.55709759911  7.435486E-14
6944.61937214953  7.679375E-14
6944.68164251751  7.363425E-14
6944.74390870278  7.478180E-14
6944.80617070509  7.651152E-14
6944.86842852417  7.531492E-14
6944.93068215977  7.203531E-14
6944.99293161162  7.282658E-14
6945.05517687946  7.634082E-14
6945.11741796302  7.436075E-14
6945.17965486206  7.865061E-14
6945.24188757631  7.789714E-14
6945.30411610551  7.139393E-14
6945.3663404494  7.433172E-14
6945.42856060771  7.766577E-14
6945.49077658019  7.548941E-14
6945.55298836657  7.459747E-14
6945.6151959666  7.215401E-14
6945.67739938002  7.182050E-14
6945.73959860656  7.260040E-14
6945.80179364596  7.179803E-14
6945.86398449797  7.389402E-14
6945.92617116233  7.445174E-14
6945.98835363877  6.930108E-14
6946.05053192703  6.865373E-14
6946.11270602686  7.443433E-14
6946.17487593799  7.394407E-14
6946.23704166017  7.107156E-14
6946.29920319313  7.052680E-14
6946.36136053662  7.003068E-14
6946.42351369037  7.324601E-14
6946.48566265413  6.779394E-14
6946.54780742764  6.781075E-14
6946.60994801064  6.637754E-14
6946.67208440286  6.887537E-14
6946.73421660405  7.210431E-14
6946.79634461395  7.158884E-14
6946.8584684323  7.060123E-14
6946.92058805884  6.913092E-14
6946.98270349331  7.208444E-14
6947.04481473545  7.338704E-14
6947.10692178501  7.312943E-14
6947.16902464172  7.273431E-14
6947.23112330533  7.128406E-14
6947.29321777558  7.174205E-14
6947.3553080522  7.195093E-14
6947.41739413494  6.736175E-14
6947.47947602355  6.404510E-14
6947.54155371775  6.134560E-14
6947.6036272173  6.207555E-14
6947.66569652194  6.893835E-14
6947.7277616314  7.106465E-14
6947.78982254543  7.340123E-14
6947.85187926377  7.375379E-14
6947.91393178616  7.221171E-14
6947.97598011234  7.292927E-14
6948.03802424206  7.641506E-14
6948.10006417506  7.151011E-14
6948.16209991108  7.196777E-14
6948.22413144986  7.359617E-14
6948.28615879114  7.445193E-14
6948.34818193467  7.220800E-14
6948.41020088018  7.340477E-14
6948.47221562743  7.464077E-14
6948.53422617615  7.331506E-14
6948.59623252608  7.624301E-14
6948.65823467697  7.428105E-14
6948.72023262856  6.917993E-14
6948.78222638059  7.301967E-14
6948.84421593281  7.274745E-14
6948.90620128496  7.071128E-14
6948.96818243678  7.109312E-14
6949.030159388  6.421298E-14
6949.09213213839  6.804564E-14
6949.15410068768  7.343199E-14
6949.2160650356  7.066347E-14
6949.27802518192  7.094401E-14
6949.33998112635  7.534001E-14
6949.40193286867  7.284822E-14
6949.46388040859  7.540317E-14
6949.52582374587  7.497386E-14
6949.58776288026  7.590536E-14
6949.64969781149  7.320696E-14
6949.71162853931  7.535412E-14
6949.77355506345  7.662341E-14
6949.83547738368  7.856528E-14
6949.89739549972  7.675472E-14
6949.95930941133  7.360743E-14
6950.02121911824  7.661944E-14
6950.0831246202  7.151925E-14
6950.14502591695  7.530351E-14
6950.20692300824  7.650547E-14
6950.26881589382  7.761663E-14
6950.33070457342  7.624340E-14
6950.39258904678  7.404338E-14
6950.45446931367  7.352827E-14
6950.51634537381  7.403016E-14
6950.57821722695  7.425700E-14
6950.64008487284  7.238708E-14
6950.70194831122  7.363739E-14
6950.76380754183  7.204640E-14
6950.82566256442  7.219483E-14
6950.88751337874  7.518711E-14
6950.94935998453  7.339893E-14
6951.01120238153  7.548266E-14
6951.07304056949  7.832799E-14
6951.13487454816  7.675158E-14
6951.19670431726  7.477906E-14
6951.25852987657  7.394447E-14
6951.32035122581  7.425316E-14
6951.38216836473  7.640850E-14
6951.44398129308  7.646385E-14
6951.50579001061  7.152248E-14
6951.56759451705  7.295905E-14
6951.62939481216  7.681398E-14
6951.69119089567  7.394066E-14
6951.75298276734  7.370146E-14
6951.81477042691  7.493665E-14
6951.87655387413  6.971419E-14
6951.93833310873  7.021762E-14
6952.00010813047  7.159612E-14
6952.06187893909  7.716037E-14
6952.12364553434  7.068301E-14
6952.18540791596  7.096475E-14
6952.2471660837  7.237064E-14
6952.30892003731  7.036485E-14
6952.37066977653  6.914156E-14
6952.4324153011  7.113366E-14
6952.49415661078  6.901402E-14
6952.5558937053  7.076610E-14
6952.61762658442  7.388853E-14
6952.67935524789  7.023357E-14
6952.74107969544  7.170866E-14
6952.80279992682  7.300803E-14
6952.86451594179  7.234943E-14
6952.92622774008  7.116430E-14
6952.98793532144  7.020009E-14
6953.04963868563  6.936852E-14
6953.11133783238  6.966036E-14
6953.17303276144  6.822819E-14
6953.23472347257  7.139739E-14
6953.2964099655  6.751522E-14
6953.35809223999  7.193816E-14
6953.41977029577  7.339199E-14
6953.48144413261  7.181379E-14
6953.54311375023  6.729040E-14
6953.6047791484  6.937331E-14
6953.66644032687  6.998915E-14
6953.72809728536  7.092945E-14
6953.78975002364  7.089397E-14
6953.85139854145  7.014105E-14
6953.91304283854  7.118959E-14
6953.97468291465  7.262522E-14
6954.03631876954  7.328803E-14
6954.09795040295  7.188851E-14
6954.15957781462  7.065345E-14
6954.22120100432  7.207939E-14
6954.28281997177  7.185454E-14
6954.34443471674  6.998879E-14
6954.40604523897  7.068098E-14
6954.4676515382  7.300452E-14
6954.52925361419  6.976131E-14
6954.59085146669  7.354414E-14
6954.65244509543  7.107294E-14
6954.71403450017  7.281624E-14
6954.77561968067  7.222567E-14
6954.83720063666  7.377552E-14
6954.89877736789  7.127726E-14
6954.96034987412  7.256041E-14
6955.02191815508  7.483068E-14
6955.08348221054  6.969957E-14
6955.14504204023  7.485146E-14
6955.20659764392  7.261010E-14
6955.26814902133  7.058287E-14
6955.32969617224  7.088777E-14
6955.39123909637  7.105041E-14
6955.45277779349  7.411186E-14
6955.51431226334  7.101883E-14
6955.57584250567  7.629480E-14
6955.63736852022  7.597536E-14
6955.69889030675  7.588044E-14
6955.76040786502  7.493689E-14
6955.82192119475  7.294753E-14
6955.88343029572  7.461882E-14
6955.94493516766  7.379440E-14
6956.00643581032  7.352100E-14
6956.06793222346  7.530461E-14
6956.12942440682  7.233200E-14
6956.19091236015  7.371518E-14
6956.2523960832  7.187306E-14
6956.31387557573  6.890918E-14
6956.37535083748  6.370604E-14
6956.4368218682  6.165505E-14
6956.49828866763  5.960088E-14
6956.55975123555  6.705041E-14
6956.62120957168  7.186303E-14
6956.68266367578  6.953804E-14
6956.74411354761  7.536734E-14
6956.80555918691  7.576829E-14
6956.86700059343  7.044554E-14
6956.92843776692  7.450338E-14
6956.98987070713  7.308721E-14
6957.05129941381  7.433127E-14
6957.11272388672  7.389609E-14
6957.1741441256  7.296143E-14
6957.2355601302  7.306476E-14
6957.29697190028  7.250923E-14
6957.35837943559  7.488147E-14
6957.41978273587  7.687392E-14
6957.48118180087  7.538295E-14
6957.54257663036  7.533819E-14
6957.60396722407  7.357310E-14
6957.66535358176  7.653877E-14
6957.72673570318  7.473414E-14
6957.78811358808  7.332083E-14
6957.84948723622  7.635675E-14
6957.91085664734  7.385524E-14
6957.97222182119  7.506960E-14
6958.03358275753  7.486831E-14
6958.09493945611  7.521447E-14
6958.15629191667  7.347759E-14
6958.21764013898  7.496185E-14
6958.27898412278  7.524972E-14
6958.34032386782  7.587985E-14
6958.40165937385  7.541944E-14
6958.46299064064  7.105987E-14
6958.52431766792  7.216557E-14
6958.58564045545  7.398232E-14
6958.64695900298  7.286484E-14
6958.70827331027  7.340945E-14
6958.76958337707  7.213837E-14
6958.83088920312  7.261931E-14
6958.89219078818  7.286846E-14
6958.95348813201  7.350378E-14
6959.01478123435  7.305271E-14
6959.07607009495  7.422312E-14
6959.13735471358  7.336300E-14
6959.19863508998  7.503256E-14
6959.2599112239  6.984394E-14
6959.3211831151  7.311550E-14
6959.38245076332  7.047256E-14
6959.44371416833  6.454251E-14
6959.50497332987  6.481269E-14
6959.56622824771  7.023416E-14
6959.62747892158  7.176656E-14
6959.68872535124  7.286311E-14
6959.74996753645  7.308360E-14
6959.81120547696  7.359098E-14
6959.87243917252  7.703420E-14
6959.93366862288  7.236748E-14
6959.99489382781  7.203129E-14
6960.05611478704  7.175732E-14
6960.11733150034  7.265004E-14
6960.17854396746  7.508147E-14
6960.23975218815  7.107392E-14
6960.30095616216  7.147463E-14
6960.36215588925  7.677253E-14
6960.42335136917  7.586510E-14
6960.48454260168  7.316608E-14
6960.54572958653  7.351879E-14
6960.60691232347  7.386634E-14
6960.66809081226  7.278148E-14
6960.72926505264  7.282744E-14
6960.79043504438  7.415447E-14
6960.85160078724  7.372330E-14
6960.91276228094  7.346263E-14
6960.97391952527  7.452111E-14
6961.03507251997  6.932942E-14
6961.09622126479  6.976117E-14
6961.1573657595  6.951702E-14
6961.21850600384  6.249253E-14
6961.27964199756  6.262729E-14
6961.34077374042  6.384267E-14
6961.40190123219  6.882983E-14
6961.4630244726  7.324381E-14
6961.52414346142  7.372798E-14
6961.5852581984  7.490026E-14
6961.64636868329  7.473167E-14
6961.70747491586  7.441453E-14
6961.76857689585  7.144440E-14
6961.82967462302  7.538295E-14
6961.89076809712  7.485114E-14
6961.95185731791  7.363926E-14
6962.01294228515  7.361583E-14
6962.07402299859  7.202308E-14
6962.13509945798  7.463625E-14
6962.19617166308  7.298718E-14
6962.25723961365  7.528572E-14
6962.31830330944  7.127714E-14
6962.37936275021  7.487762E-14
6962.44041793571  7.339863E-14
6962.50146886569  7.267349E-14
6962.56251553992  7.311216E-14
6962.62355795814  7.304767E-14
6962.68459612013  6.947179E-14
6962.74563002562  7.021508E-14
6962.80665967437  7.244299E-14
6962.86768506615  7.275222E-14
6962.9287062007  7.228812E-14
6962.9897230778  7.738310E-14
6963.05073569717  7.286576E-14
6963.1117440586  7.358212E-14
6963.17274816183  7.219591E-14
6963.23374800661  7.123761E-14
6963.29474359271  7.518575E-14
6963.35573491988  7.405441E-14
6963.41672198788  7.359753E-14
6963.47770479647  7.368622E-14
6963.53868334539  7.334552E-14
6963.59965763441  7.234561E-14
6963.66062766328  7.390198E-14
6963.72159343176  7.393253E-14
6963.78255493961  7.443260E-14
6963.84351218659  7.373102E-14
6963.90446517244  7.362704E-14
6963.96541389693  7.699759E-14
6964.02635835982  7.615744E-14
6964.08729856086  7.711492E-14
6964.14823449981  7.552630E-14
6964.20916617642  7.445300E-14
6964.27009359046  7.691491E-14
6964.33101674168  7.478360E-14
6964.39193562983  7.366487E-14
6964.45285025468  7.071745E-14
6964.51376061598  6.947193E-14
6964.5746667135  7.218078E-14
6964.63556854698  7.160306E-14
6964.69646611618  7.611084E-14
6964.75735942087  7.191850E-14
6964.8182484608  7.375268E-14
6964.87913323573  7.368985E-14
6964.94001374541  7.313134E-14
6965.00088998961  7.371720E-14
6965.06176196808  7.299075E-14
6965.12262968059  7.477257E-14
6965.18349312688  7.336856E-14
6965.24435230671  7.417647E-14
6965.30520721985  7.086365E-14
6965.36605786606  7.708593E-14
6965.42690424509  7.059473E-14
6965.48774635669  7.451684E-14
6965.54858420063  7.511529E-14
6965.60941777668  7.395437E-14
6965.67024708457  7.323691E-14
6965.73107212408  7.304933E-14
6965.79189289496  7.501115E-14
6965.85270939698  7.137720E-14
6965.91352162988  7.476685E-14
6965.97432959343  7.389007E-14
6966.03513328739  7.181715E-14
6966.09593271152  7.112932E-14
6966.15672786558  6.938814E-14
6966.21751874932  7.539071E-14
6966.2783053625  7.139866E-14
6966.33908770488  7.096537E-14
6966.39986577623  7.417110E-14
6966.4606395763  7.118383E-14
6966.52140910486  7.350474E-14
6966.58217436165  7.161512E-14
6966.64293534644  7.305796E-14
6966.70369205899  7.205475E-14
6966.76444449906  7.103022E-14
6966.82519266641  7.316342E-14
6966.8859365608  7.078660E-14
6966.94667618199  7.208136E-14
6967.00741152974  7.407522E-14
6967.0681426038  7.055447E-14
6967.12886940394  7.318799E-14
6967.18959192992  7.405385E-14
6967.2503101815  7.192279E-14
6967.31102415844  7.263982E-14
6967.37173386049  6.804135E-14
6967.43243928743  7.176778E-14
6967.493140439  7.460549E-14
6967.55383731498  7.347021E-14
6967.61452991511  7.411751E-14
6967.67521823916  7.746745E-14
6967.7359022869  7.210826E-14
6967.79658205807  7.386589E-14
6967.85725755245  7.327380E-14
6967.91792876979  7.157224E-14
6967.97859570986  7.317688E-14
6968.03925837241  7.237488E-14
6968.0999167572  7.318095E-14
6968.160570864  7.197799E-14
6968.22122069257  7.481918E-14
6968.28186624267  7.069518E-14
6968.34250751405  7.224850E-14
6968.40314450649  7.038443E-14
6968.46377721973  7.545147E-14
6968.52440565356  6.927213E-14
6968.58502980771  7.464895E-14
6968.64564968197  7.578892E-14
6968.70626527608  7.364672E-14
6968.76687658981  7.401671E-14
6968.82748362291  7.518865E-14
6968.88808637516  7.436110E-14
6968.94868484632  7.360411E-14
6969.00927903614  7.705077E-14
6969.06986894439  7.321135E-14
6969.13045457083  7.477975E-14
6969.19103591521  6.926917E-14
6969.25161297732  7.818623E-14
6969.31218575689  7.323056E-14
6969.37275425371  7.311197E-14
6969.43331846752  7.171927E-14
6969.4938783981  7.208891E-14
6969.5544340452  7.438870E-14
6969.61498540859  7.569593E-14
6969.67553248802  7.563054E-14
6969.73607528327  7.613777E-14
6969.79661379409  7.428785E-14
6969.85714802024  7.202726E-14
6969.9176779615  7.209169E-14
6969.97820361761  7.441594E-14
6970.03872498836  7.290209E-14
6970.09924207349  7.235296E-14
6970.15975487276  7.347788E-14
6970.22026338596  7.195196E-14
6970.28076761282  7.157020E-14
6970.34126755313  7.021833E-14
6970.40176320664  7.357519E-14
6970.46225457311  7.200282E-14
6970.52274165231  7.060523E-14
6970.58322444401  7.725811E-14
6970.64370294796  7.095190E-14
6970.70417716393  6.926817E-14
6970.76464709168  7.391338E-14
6970.82511273097  7.082006E-14
6970.88557408158  7.373002E-14
6970.94603114325  7.286171E-14
6971.00648391577  7.110091E-14
6971.06693239888  7.114767E-14
6971.12737659236  7.497821E-14
6971.18781649596  7.495561E-14
6971.24825210946  7.116958E-14
6971.30868343261  7.206804E-14
6971.36911046518  7.089635E-14
6971.42953320693  7.231552E-14
6971.48995165764  7.132164E-14
6971.55036581705  7.109812E-14
6971.61077568494  7.028740E-14
6971.67118126107  7.117660E-14
6971.73158254521  7.184407E-14
6971.79197953711  7.287476E-14
6971.85237223655  7.533226E-14
6971.91276064329  7.496519E-14
6971.97314475709  7.244501E-14
6972.03352457772  7.266091E-14
6972.09390010494  7.515998E-14
6972.15427133852  7.188387E-14
6972.21463827822  7.171700E-14
6972.2750009238  7.570484E-14
6972.33535927504  7.223395E-14
6972.3957133317  7.236642E-14
6972.45606309353  7.298196E-14
6972.51640856032  7.154708E-14
6972.57674973181  7.401117E-14
6972.63708660779  7.178146E-14
6972.69741918801  7.184073E-14
6972.75774747223  7.472377E-14
6972.81807146023  7.282348E-14
6972.87839115177  7.414156E-14
6972.93870654661  7.454809E-14
6972.99901764452  7.410881E-14
6973.05932444527  7.036080E-14
6973.11962694862  7.137707E-14
6973.17992515434  7.678783E-14
6973.24021906219  7.045333E-14
6973.30050867194  7.428989E-14
6973.36079398336  7.421312E-14
6973.4210749962  7.297722E-14
6973.48135171024  7.515521E-14
6973.54162412525  7.245818E-14
6973.60189224098  6.989072E-14
6973.66215605722  7.105417E-14
6973.72241557371  7.307817E-14
6973.78267079023  7.344530E-14
6973.84292170655  7.265708E-14
6973.90316832242  7.239936E-14
6973.96341063763  7.302772E-14
6974.02364865193  7.514460E-14
6974.08388236509  7.189768E-14
6974.14411177688  7.531759E-14
6974.20433688706  7.077249E-14
6974.2645576954  7.177214E-14
6974.32477420167  7.067534E-14
6974.38498640563  7.200292E-14
6974.44519430706  7.244492E-14
6974.50539790572  7.299245E-14
6974.56559720137  7.141548E-14
6974.62579219379  7.405855E-14
6974.68598288274  7.508232E-14
6974.74616926798  7.358785E-14
6974.80635134929  7.485944E-14
6974.86652912643  7.205560E-14
6974.92670259918  7.253347E-14
6974.98687176729  7.145575E-14
6975.04703663053  7.784062E-14
6975.10719718868  7.401276E-14
6975.1673534415  7.349952E-14
6975.22750538875  7.250249E-14
6975.28765303021  7.277097E-14
6975.34779636565  7.201697E-14
6975.40793539483  7.540748E-14
6975.46807011752  7.510552E-14
6975.52820053348  7.427324E-14
6975.58832664249  7.438212E-14
6975.64844844432  7.288396E-14
6975.70856593872  7.472949E-14
6975.76867912548  7.462839E-14
6975.82878800436  7.343225E-14
6975.88889257512  7.240871E-14
6975.94899283754  7.087489E-14
6976.00908879138  6.830827E-14
6976.06918043642  7.104040E-14
6976.12926777242  7.117029E-14
6976.18935079915  7.001807E-14
6976.24942951637  7.168378E-14
6976.30950392387  7.296494E-14
6976.3695740214  7.193475E-14
6976.42963980873  7.243084E-14
6976.48970128564  7.115117E-14
6976.54975845189  7.277105E-14
6976.60981130726  7.361969E-14
6976.66985985151  7.484259E-14
6976.72990408441  7.288877E-14
6976.78994400572  7.199104E-14
6976.84997961523  7.288383E-14
6976.9100109127  7.381428E-14
6976.97003789789  7.343072E-14
6977.03006057058  7.289442E-14
6977.09007893054  7.290594E-14
6977.15009297754  6.895249E-14
6977.21010271134  7.161256E-14
6977.27010813172  7.000299E-14
6977.33010923844  6.901044E-14
6977.39010603128  6.946386E-14
6977.45009851001  6.838537E-14
6977.51008667439  6.837911E-14
6977.5700705242  6.730949E-14
6977.6300500592  7.142650E-14
6977.69002527916  7.078297E-14
6977.74999618387  6.934964E-14
6977.80996277308  7.305684E-14
6977.86992504657  6.990853E-14
6977.9298830041  6.904004E-14
6977.98983664545  7.062717E-14
6978.0497859704  7.042840E-14
6978.10973097869  7.072970E-14
6978.16967167012  6.929990E-14
6978.22960804445  7.077207E-14
6978.28954010145  7.113528E-14
6978.34946784088  6.684384E-14
6978.40939126253  6.915792E-14
6978.46931036617  7.078158E-14
6978.52922515155  6.971629E-14
6978.58913561847  7.145148E-14
6978.64904176667  6.867074E-14
6978.70894359595  6.958785E-14
6978.76884110606  6.980681E-14
6978.82873429679  6.943071E-14
6978.88862316789  6.846088E-14
6978.94850771914  6.985732E-14
6979.00838795032  7.043716E-14
6979.0682638612  6.921823E-14
6979.12813545154  6.683038E-14
6979.18800272112  6.976622E-14
6979.24786566971  6.823606E-14
6979.30772429708  6.781215E-14
6979.367578603  6.749697E-14
6979.42742858724  6.452772E-14
6979.48727424959  6.456100E-14
6979.5471155898  6.722074E-14
6979.60695260766  6.230749E-14
6979.66678530292  6.669558E-14
6979.72661367538  6.676112E-14
6979.78643772479  6.400611E-14
6979.84625745092  6.368696E-14
6979.90607285356  6.757731E-14
6979.96588393248  6.457860E-14
6980.02569068744  6.443420E-14
6980.08549311822  6.544450E-14
6980.14529122459  6.551253E-14
6980.20508500632  6.634953E-14
6980.2648744632  6.609925E-14
6980.32465959498  6.398313E-14
6980.38444040144  6.335679E-14
6980.44421688236  6.523382E-14
6980.5039890375  6.271842E-14
6980.56375686665  6.512459E-14
6980.62352036957  6.496829E-14
6980.68327954603  6.680598E-14
6980.74303439582  6.748291E-14
6980.80278491869  6.982538E-14
6980.86253111444  6.897629E-14
6980.92227298282  7.063653E-14
6980.98201052362  6.711310E-14
6981.0417437366  7.098967E-14
6981.10147262155  7.296704E-14
6981.16119717822  7.044924E-14
6981.2209174064  7.112610E-14
6981.28063330586  7.024340E-14
6981.34034487638  7.205398E-14
6981.40005211772  6.862439E-14
6981.45975502967  6.855781E-14
6981.51945361199  7.155564E-14
6981.57914786446  6.795395E-14
6981.63883778685  7.169997E-14
6981.69852337894  7.389719E-14
6981.7582046405  7.241241E-14
6981.81788157131  7.447996E-14
6981.87755417113  7.294115E-14
6981.93722243975  6.925976E-14
6981.99688637694  7.132614E-14
6982.05654598247  7.353217E-14
6982.11620125612  7.261407E-14
6982.17585219766  7.138379E-14
6982.23549880686  7.308694E-14
6982.29514108351  7.208166E-14
6982.35477902737  7.231483E-14
6982.41441263822  7.054361E-14
6982.47404191584  7.211165E-14
6982.53366685999  7.485678E-14
6982.59328747047  7.102171E-14
6982.65290374702  7.158298E-14
6982.71251568945  6.921461E-14
6982.77212329751  7.172332E-14
6982.83172657099  7.243845E-14
6982.89132550966  7.214041E-14
6982.9509201133  7.326445E-14
6983.01051038167  7.077656E-14
6983.07009631456  7.210421E-14
6983.12967791174  7.131949E-14
6983.18925517299  7.408400E-14
6983.24882809808  7.385865E-14
6983.30839668679  7.262869E-14
6983.36796093889  7.412810E-14
6983.42752085417  7.437334E-14
6983.48707643238  7.163933E-14
6983.54662767332  7.192425E-14
6983.60617457676  7.267820E-14
6983.66571714246  7.363910E-14
6983.72525537022  7.520870E-14
6983.7847892598  7.210844E-14
6983.84431881098  7.020778E-14
6983.90384402354  7.604299E-14
6983.96336489726  7.490792E-14
6984.0228814319  7.290989E-14
6984.08239362725  7.153062E-14
6984.14190148308  7.473879E-14
6984.20140499916  7.607499E-14
6984.26090417529  7.260143E-14
6984.32039901123  7.261342E-14
6984.37988950675  7.318779E-14
6984.43937566164  7.258853E-14
6984.49885747568  7.004416E-14
6984.55833494863  7.180688E-14
6984.61780808028  7.154717E-14
6984.6772768704  7.494457E-14
6984.73674131877  7.594877E-14
6984.79620142516  7.527399E-14
6984.85565718937  7.184285E-14
6984.91510861115  7.168012E-14
6984.97455569029  7.207149E-14
6985.03399842656  7.359709E-14
6985.09343681975  7.287098E-14
6985.15287086963  6.925463E-14
6985.21230057598  7.297267E-14
6985.27172593857  7.326193E-14
6985.33114695719  7.512624E-14
6985.3905636316  7.634020E-14
6985.4499759616  7.298745E-14
6985.50938394695  7.541380E-14
6985.56878758743  7.392223E-14
6985.62818688283  7.250962E-14
6985.68758183291  7.308832E-14
6985.74697243746  7.147141E-14
6985.80635869626  7.226748E-14
6985.86574060908  7.349743E-14
6985.92511817571  7.494119E-14
6985.98449139591  7.249893E-14
6986.04386026947  7.365157E-14
6986.10322479617  6.933344E-14
6986.16258497579  7.550794E-14
6986.22194080809  7.272690E-14
6986.28129229287  7.365640E-14
6986.3406394299  7.413047E-14
6986.39998221896  7.224320E-14
6986.45932065983  7.048747E-14
6986.51865475228  6.832631E-14
6986.5779844961  6.526285E-14
6986.63730989106  6.576866E-14
6986.69663093695  7.057455E-14
6986.75594763354  7.283596E-14
6986.81525998061  7.193634E-14
6986.87456797794  7.341312E-14
6986.93387162531  7.398743E-14
6986.99317092249  6.973847E-14
6987.05246586928  7.228222E-14
6987.11175646544  7.467570E-14
6987.17104271076  7.188552E-14
6987.23032460502  7.354002E-14
6987.28960214799  7.325006E-14
6987.34887533946  7.209671E-14
6987.4081441792  7.279392E-14
6987.46740866699  7.415296E-14
6987.52666880262  7.542504E-14
6987.58592458586  7.313088E-14
6987.6451760165  7.046923E-14
6987.70442309431  7.150817E-14
6987.76366581907  7.282522E-14
6987.82290419057  6.976734E-14
6987.88213820858  7.426121E-14
6987.94136787289  7.109225E-14
6988.00059318327  7.288361E-14
6988.0598141395  7.251680E-14
6988.11903074137  7.302102E-14
6988.17824298865  7.083191E-14
6988.23745088113  7.261664E-14
6988.29665441858  7.591865E-14
6988.35585360079  7.497471E-14
6988.41504842754  7.313577E-14
6988.4742388986  7.211449E-14
6988.53342501377  7.482448E-14
6988.59260677281  7.346005E-14
6988.65178417551  7.203964E-14
6988.71095722165  7.492477E-14
6988.77012591102  7.380364E-14
6988.82929024339  7.284800E-14
6988.88845021854  7.090790E-14
6988.94760583625  6.432134E-14
6989.00675709632  6.735875E-14
6989.06590399851  6.905780E-14
6989.12504654261  7.079231E-14
6989.18418472839  7.388813E-14
6989.24331855566  7.078825E-14
6989.30244802417  7.381925E-14
6989.36157313372  7.457836E-14
6989.42069388408  7.245652E-14
6989.47981027504  7.188703E-14
6989.53892230638  7.299397E-14
6989.59802997788  7.318548E-14
6989.65713328933  7.304189E-14
6989.7162322405  7.294970E-14
6989.77532683117  7.306380E-14
6989.83441706114  7.107092E-14
6989.89350293017  7.191292E-14
6989.95258443807  7.380040E-14
6990.01166158459  7.166315E-14
6990.07073436953  6.946901E-14
6990.12980279267  6.871461E-14
6990.1888668538  7.119759E-14
6990.24792655268  6.911468E-14
6990.30698188912  7.227891E-14
6990.36603286288  6.870122E-14
6990.42507947376  7.054777E-14
6990.48412172153  7.067043E-14
6990.54315960597  7.169887E-14
6990.60219312688  7.284927E-14
6990.66122228403  7.305240E-14
6990.72024707721  7.615105E-14
6990.77926750619  7.509967E-14
6990.83828357077  7.514122E-14
6990.89729527072  7.263459E-14
6990.95630260583  7.418260E-14
6991.01530557588  7.673444E-14
6991.07430418066  7.273255E-14
6991.13329841994  7.457840E-14
6991.19228829351  7.369733E-14
6991.25127380116  7.389662E-14
6991.31025494266  7.869372E-14
6991.3692317178  7.648494E-14
6991.42820412637  7.424319E-14
6991.48717216815  7.967615E-14
6991.54613584292  7.371701E-14
6991.60509515047  7.533647E-14
6991.66405009058  7.509013E-14
6991.72300066302  7.278627E-14
6991.7819468676  7.288958E-14
6991.84088870408  7.400889E-14
6991.89982617227  7.613935E-14
6991.95875927193  7.735197E-14
6992.01768800285  7.370695E-14
6992.07661236482  7.435994E-14
6992.13553235763  7.222111E-14
6992.19444798105  7.674135E-14
6992.25335923487  7.676033E-14
6992.31226611888  7.121026E-14
6992.37116863286  7.400755E-14
6992.43006677659  7.192012E-14
6992.48896054986  7.565040E-14
6992.54784995245  7.681530E-14
6992.60673498415  7.431287E-14
6992.66561564475  7.618475E-14
6992.72449193402  7.633762E-14
6992.78336385175  7.466680E-14
6992.84223139773  7.370589E-14
6992.90109457175  7.297187E-14
6992.95995337358  7.339080E-14
6993.01880780302  7.206559E-14
6993.07765785984  7.172584E-14
6993.13650354384  7.544491E-14
6993.1953448548  7.456802E-14
6993.2541817925  7.339715E-14
6993.31301435672  7.384773E-14
6993.37184254727  7.245964E-14
6993.43066636391  7.156615E-14
6993.48948580644  6.907160E-14
6993.54830087465  6.707269E-14
6993.60711156831  6.989890E-14
6993.66591788721  7.316429E-14
6993.72471983114  7.434370E-14
6993.78351739989  7.204109E-14
6993.84231059324  7.179980E-14
6993.90109941098  7.636607E-14
6993.95988385288  7.139780E-14
6994.01866391875  7.009994E-14
6994.07743960836  7.069567E-14
6994.13621092151  6.645580E-14
6994.19497785797  7.186200E-14
6994.25374041753  7.316039E-14
6994.31249859999  7.611340E-14
6994.37125240512  7.333745E-14
6994.43000183272  7.291767E-14
6994.48874688257  7.498925E-14
6994.54748755445  7.534803E-14
6994.60622384816  7.170110E-14
6994.66495576348  7.207984E-14
6994.7236833002  7.137736E-14
6994.7824064581  7.163890E-14
6994.84112523697  7.595995E-14
6994.89983963659  7.415966E-14
6994.95854965677  7.439579E-14
6995.01725529728  7.583220E-14
6995.0759565579  7.506398E-14
6995.13465343843  7.566172E-14
6995.19334593866  7.576112E-14
6995.25203405836  7.813838E-14
6995.31071779734  7.345162E-14
6995.36939715537  7.241343E-14
6995.42807213224  7.556144E-14
6995.48674272775  7.431326E-14
6995.54540894167  7.545400E-14
6995.60407077381  7.426732E-14
6995.66272822393  7.523744E-14
6995.72138129184  7.710054E-14
6995.78002997732  7.653952E-14
6995.83867428015  7.486730E-14
6995.89731420013  7.459456E-14
6995.95594973704  7.152054E-14
6996.01458089068  7.246870E-14
6996.07320766083  7.414358E-14
6996.13183004727  7.421453E-14
6996.1904480498  7.012126E-14
6996.24906166821  7.667033E-14
6996.30767090228  7.678971E-14
6996.3662757518  7.132629E-14
6996.42487621656  7.404714E-14
6996.48347229635  7.405273E-14
6996.54206399096  7.374111E-14
6996.60065130018  7.271295E-14
6996.65923422379  7.210398E-14
6996.71781276158  7.119288E-14
6996.77638691334  7.445381E-14
6996.83495667887  7.361224E-14
6996.89352205795  7.234739E-14
6996.95208305037  7.450826E-14
6997.01063965591  7.391516E-14
6997.06919187437  7.157159E-14
6997.12773970555  7.321828E-14
6997.18628314921  7.658663E-14
6997.24482220516  7.265901E-14
6997.30335687319  7.693006E-14
6997.36188715308  7.443120E-14
6997.42041304462  7.490797E-14
6997.47893454761  7.225910E-14
6997.53745166184  7.101826E-14
6997.59596438708  7.457214E-14
6997.65447272313  7.419179E-14
6997.71297666979  7.581519E-14
6997.77147622684  7.257306E-14
6997.82997139408  7.221501E-14
6997.88846217128  7.360701E-14
6997.94694855825  7.535224E-14
6998.00543055477  7.353325E-14
6998.06390816063  7.022146E-14
6998.12238137562  7.487150E-14
6998.18085019954  7.347048E-14
6998.23931463216  7.151120E-14
6998.29777467329  7.321678E-14
6998.35623032272  7.296209E-14
6998.41468158023  7.493762E-14
6998.47312844561  7.561264E-14
6998.53157091866  7.442863E-14
6998.59000899917  7.617178E-14
6998.64844268692  6.890133E-14
6998.70687198171  7.385406E-14
6998.76529688333  7.025632E-14
6998.82371739156  7.510476E-14
6998.88213350621  6.965903E-14
6998.94054522706  6.847863E-14
6998.9989525539  6.573444E-14
6999.05735548652  7.166588E-14
6999.11575402472  7.288119E-14
6999.17414816829  7.397208E-14
6999.23253791701  7.333754E-14
6999.29092327068  7.226977E-14
6999.34930422909  7.169882E-14
6999.40768079203  7.570225E-14
6999.4660529593  7.398632E-14
6999.52442073067  7.509966E-14
6999.58278410596  7.265027E-14
6999.64114308494  7.349908E-14
6999.69949766741  7.533669E-14
6999.75784785317  6.998959E-14
6999.81619364199  7.260241E-14
6999.87453503369  7.285679E-14
6999.93287202803  7.217376E-14
6999.99120462483  7.317218E-14
7000.04953282387  7.455647E-14
7000.10785662495  7.109747E-14
7000.16617602785  7.383420E-14
7000.22449103236  7.209886E-14
7000.28280163829  7.164852E-14
7000.34110784542  7.218117E-14
7000.39940965355  7.525571E-14
7000.45770706246  6.956766E-14
7000.51600007196  6.843740E-14
7000.57428868182  7.229284E-14
7000.63257289185  7.087066E-14
7000.69085270185  7.032402E-14
7000.74912811159  6.965652E-14
7000.80739912088  6.921167E-14
7000.8656657295  6.747433E-14
7000.92392793725  6.741774E-14
7000.98218574393  7.182360E-14
7001.04043914932  7.157857E-14
7001.09868815323  7.326422E-14
7001.15693275543  7.204735E-14
7001.21517295574  7.114918E-14
7001.27340875393  7.070438E-14
7001.3316401498  6.879790E-14
7001.38986714315  7.132071E-14
7001.44808973377  7.050567E-14
7001.50630792145  6.583150E-14
7001.56452170599  7.568868E-14
7001.62273108718  6.843353E-14
7001.68093606481  7.099081E-14
7001.73913663868  7.229814E-14
7001.79733280858  6.916908E-14
7001.85552457431  7.182459E-14
7001.91371193566  7.150937E-14
7001.97189489243  6.932253E-14
7002.0300734444  7.252671E-14
7002.08824759137  7.503160E-14
7002.14641733314  7.215424E-14
7002.2045826695  7.462240E-14
7002.26274360024  7.228130E-14
7002.32090012517  7.306823E-14
7002.37905224406  7.188442E-14
7002.43719995673  7.219979E-14
7002.49534326295  7.427171E-14
7002.55348216254  7.279810E-14
7002.61161665528  7.173704E-14
7002.66974674096  7.283172E-14
7002.72787241939  7.231561E-14
7002.78599369035  7.187124E-14
7002.84411055364  7.341136E-14
7002.90222300906  7.315037E-14
7002.9603310564  7.540998E-14
7003.01843469546  7.307128E-14
7003.07653392603  7.529897E-14
7003.1346287479  7.715601E-14
7003.19271916088  7.312393E-14
7003.25080516475  7.247965E-14
7003.30888675932  7.555841E-14
7003.36696394438  7.471476E-14
7003.42503671972  7.519398E-14
7003.48310508513  7.259267E-14
7003.54116904042  7.413844E-14
7003.59922858539  7.557599E-14
7003.65728371982  7.188645E-14
7003.71533444351  7.505177E-14
7003.77338075625  7.403446E-14
7003.83142265786  7.545025E-14
7003.88946014811  7.169368E-14
7003.9474932268  7.075673E-14
7004.00552189374  7.492244E-14
7004.06354614872  7.219090E-14
7004.12156599153  7.520541E-14
7004.17958142197  7.211986E-14
7004.23759243983  7.010575E-14
7004.29559904493  6.979371E-14
7004.35360123703  7.418005E-14
7004.41159901596  7.012700E-14
7004.46959238149  7.181521E-14
7004.52758133344  7.339836E-14
7004.58556587159  7.275300E-14
7004.64354599574  6.822834E-14
7004.7015217057  7.212776E-14
7004.75949300124  6.896483E-14
7004.81745988218  6.890205E-14
7004.87542234831  7.129750E-14
7004.93338039943  7.073903E-14
7004.99133403533  7.098210E-14
7005.04928325581  7.367993E-14
7005.10722806067  6.832783E-14
7005.1651684497  7.083910E-14
7005.22310442271  7.135587E-14
7005.28103597949  7.053726E-14
7005.33896311983  7.025951E-14
7005.39688584354  7.095527E-14
7005.45480415041  6.958422E-14
7005.51271804024  7.373267E-14
7005.57062751283  7.296235E-14
7005.62853256797  7.388178E-14
7005.68643320547  7.391877E-14
7005.74432942511  7.408120E-14
7005.80222122671  7.160584E-14
7005.86010861005  7.110452E-14
7005.91799157494  7.186773E-14
7005.97587012116  7.262502E-14
7006.03374424853  7.504046E-14
7006.09161395684  7.401596E-14
7006.14947924589  7.133006E-14
7006.20734011547  7.255668E-14
7006.26519656538  7.323711E-14
7006.32304859543  7.333703E-14
7006.3808962054  7.211708E-14
7006.43873939511  7.243557E-14
7006.49657816434  7.199402E-14
7006.5544125129  7.290766E-14
7006.61224244058  7.026385E-14
7006.67006794719  7.042355E-14
7006.72788903252  6.822736E-14
7006.78570569637  7.148394E-14
7006.84351793855  7.192900E-14
7006.90132575884  6.944137E-14
7006.95912915704  7.236919E-14
7007.01692813297  7.087637E-14
7007.07472268641  7.339455E-14
7007.13251281717  6.822093E-14
7007.19029852505  6.898140E-14
7007.24807980983  7.270860E-14
7007.30585667133  7.475357E-14
7007.36362910935  7.048744E-14
7007.42139712368  7.069304E-14
7007.47916071412  6.773864E-14
7007.53691988047  6.817574E-14
7007.59467462253  7.256224E-14
7007.6524249401  7.167202E-14
7007.71017083299  7.168377E-14
7007.76791230098  7.141564E-14
7007.82564934389  7.211582E-14
7007.8833819615  7.171349E-14
7007.94111015363  7.312222E-14
7007.99883392007  7.533958E-14
7008.05655326062  7.194298E-14
7008.11426817508  7.223269E-14
7008.17197866325  7.189284E-14
7008.22968472493  7.416881E-14
7008.28738635993  7.233291E-14
7008.34508356804  7.718630E-14
7008.40277634906  7.798770E-14
7008.46046470279  7.562705E-14
7008.51814862904  7.540739E-14
7008.5758281276  7.307052E-14
7008.63350319828  7.314650E-14
7008.69117384088  7.504979E-14
7008.74884005519  7.145679E-14
7008.80650184102  7.671210E-14
7008.86415919817  7.375545E-14
7008.92181212644  7.423109E-14
7008.97946062563  7.539991E-14
7009.03710469554  7.419566E-14
7009.09474433597  7.352810E-14
7009.15237954673  7.183869E-14
7009.21001032762  7.390705E-14
7009.26763667844  7.206312E-14
7009.32525859898  7.167989E-14
7009.38287608905  7.451386E-14
7009.44048914845  7.612930E-14
7009.49809777699  7.335914E-14
7009.55570197446  7.483448E-14
7009.61330174067  7.259133E-14
7009.67089707542  7.593034E-14
7009.72848797851  7.334420E-14
7009.78607444974  7.196897E-14
7009.84365648891  7.294958E-14
7009.90123409583  7.107424E-14
7009.9588072703  7.129205E-14
7010.01637601212  7.347192E-14
7010.07394032109  7.531912E-14
7010.13150019702  7.280682E-14
7010.1890556397  7.616864E-14
7010.24660664894  7.445043E-14
7010.30415322454  7.677241E-14
7010.36169536631  7.436503E-14
7010.41923307404  7.731944E-14
7010.47676634755  7.580996E-14
7010.53429518662  7.792757E-14
7010.59181959107  7.890895E-14
7010.6493395607  7.590697E-14
7010.70685509531  7.679022E-14
7010.7643661947  7.603305E-14
7010.82187285868  7.664820E-14
7010.87937508704  7.361556E-14
7010.9368728796  7.551892E-14
7010.99436623615  7.489666E-14
7011.0518551565  7.278629E-14
7011.10933964046  7.306430E-14
7011.16681968781  7.577467E-14
7011.22429529838  7.206048E-14
7011.28176647196  7.014612E-14
7011.33923320835  7.383276E-14
7011.39669550736  7.375892E-14
7011.45415336879  7.086520E-14
7011.51160679245  7.603750E-14
7011.56905577814  7.413033E-14
7011.62650032566  7.168340E-14
7011.68394043482  6.955715E-14
7011.74137610542  7.492606E-14
7011.79880733726  7.133556E-14
7011.85623413015  7.427473E-14
7011.9136564839  7.376522E-14
7011.9710743983  7.796871E-14
7012.02848787317  7.543011E-14
7012.08589690829  7.372968E-14
7012.14330150349  7.389798E-14
7012.20070165856  7.019374E-14
7012.25809737331  7.089557E-14
7012.31548864754  7.344608E-14
7012.37287548106  7.678993E-14
7012.43025787367  7.059215E-14
7012.48763582518  7.258832E-14
7012.54500933539  7.248622E-14
7012.6023784041  7.263476E-14
7012.65974303113  7.463341E-14
7012.71710321627  7.257214E-14
7012.77445895933  7.356224E-14
7012.83181026011  7.584208E-14
7012.88915711843  7.480328E-14
7012.94649953408  7.487175E-14
7013.00383750687  7.543388E-14
7013.06117103661  7.434122E-14
7013.11850012309  7.201259E-14
7013.17582476614  7.225227E-14
7013.23314496554  7.442849E-14
7013.29046072112  7.353693E-14
7013.34777203266  7.335691E-14
7013.40507889999  7.233935E-14
7013.46238132289  7.119861E-14
7013.51967930119  7.436061E-14
7013.57697283468  6.763512E-14
7013.63426192317  7.726923E-14
7013.69154656647  7.341329E-14
7013.74882676438  7.538844E-14
7013.80610251671  7.378030E-14
7013.86337382327  7.153386E-14
7013.92064068386  7.401955E-14
7013.97790309828  7.425631E-14
7014.03516106634  7.487128E-14
7014.09241458786  7.568332E-14
7014.14966366263  7.449720E-14
7014.20690829046  7.501014E-14
7014.26414847116  7.222788E-14
7014.32138420453  7.129619E-14
7014.37861549039  7.787313E-14
7014.43584232853  7.259392E-14
7014.49306471877  7.320074E-14
7014.55028266091  7.352888E-14
7014.60749615476  7.392536E-14
7014.66470520012  7.653264E-14
7014.7219097968  7.282712E-14
7014.77910994462  7.576678E-14
7014.83630564337  7.414759E-14
7014.89349689286  7.824578E-14
7014.9506836929  7.161018E-14
7015.0078660433  7.400597E-14
7015.06504394386  7.252982E-14
7015.12221739439  7.477138E-14
7015.1793863947  7.551934E-14
7015.23655094461  7.059135E-14
7015.2937110439  7.412906E-14
7015.35086669239  7.533191E-14
7015.4080178899  7.205285E-14
7015.46516463622  7.417039E-14
7015.52230693116  7.038307E-14
7015.57944477454  7.089015E-14
7015.63657816615  7.442263E-14
7015.69370710581  7.329167E-14
7015.75083159334  7.396309E-14
7015.80795162852  7.396797E-14
7015.86506721117  7.051379E-14
7015.9221783411  7.155358E-14
7015.97928501813  7.200746E-14
7016.03638724204  6.873468E-14
7016.09348501267  7.195563E-14
7016.1505783298  7.222060E-14
7016.20766719326  7.514244E-14
7016.26475160285  7.319754E-14
7016.32183155837  7.477898E-14
7016.37890705964  7.002382E-14
7016.43597810647  6.084733E-14
7016.49304469866  6.473901E-14
7016.55010683602  7.155902E-14
7016.60716451837  6.935503E-14
7016.6642177455  6.968439E-14
7016.72126651723  7.200377E-14
7016.77831083338  7.381644E-14
7016.83535069374  6.880767E-14
7016.89238609812  6.923949E-14
7016.94941704635  7.035878E-14
7017.00644353821  6.972857E-14
7017.06346557354  6.695271E-14
7017.12048315212  6.906202E-14
7017.17749627378  6.818562E-14
7017.23450493832  6.670288E-14
7017.29150914555  6.783178E-14
7017.34850889528  6.086202E-14
7017.40550418733  6.382153E-14
7017.46249502149  6.540758E-14
7017.51948139759  6.554851E-14
7017.57646331542  6.707298E-14
7017.6334407748  6.607859E-14
7017.69041377555  6.565081E-14
7017.74738231747  6.658375E-14
7017.80434640036  6.720714E-14
7017.86130602404  6.200547E-14
7017.91826118833  6.280263E-14
7017.97521189302  7.030466E-14
7018.03215813794  6.655757E-14
7018.08909992288  6.793462E-14
7018.14603724767  6.478801E-14
7018.20297011211  6.859528E-14
7018.25989851601  6.980664E-14
7018.31682245919  6.966144E-14
7018.37374194145  6.831132E-14
7018.4306569626  7.110812E-14
7018.48756752245  7.079526E-14
7018.54447362083  7.072393E-14
7018.60137525752  6.922672E-14
7018.65827243236  6.881225E-14
7018.71516514514  7.439953E-14
7018.77205339569  7.264087E-14
7018.8289371838  7.264276E-14
7018.8858165093  6.998230E-14
7018.94269137198  7.137356E-14
7018.99956177168  7.366007E-14
7019.05642770818  7.358522E-14
7019.11328918132  7.468697E-14
7019.17014619089  6.961830E-14
7019.22699873671  7.181960E-14
7019.28384681859  7.517740E-14
7019.34069043634  7.308625E-14
7019.39752958978  7.171602E-14
7019.45436427872  7.415170E-14
7019.51119450296  7.527586E-14
7019.56802026232  7.279144E-14
7019.62484155661  7.177524E-14
7019.68165838565  7.353786E-14
7019.73847074924  7.600198E-14
7019.7952786472  7.407846E-14
7019.85208207934  7.228840E-14
7019.90888104547  7.235660E-14
7019.9656755454  7.423212E-14
7020.02246557895  7.726136E-14
7020.07925114593  7.886059E-14
7020.13603224615  7.757616E-14
7020.19280887942  7.593710E-14
7020.24958104557  7.729259E-14
7020.30634874438  7.684834E-14
7020.36311197569  7.532511E-14
7020.41987073931  7.243040E-14
7020.47662503504  7.533008E-14
7020.5333748627  7.015811E-14
7020.5901202221  7.221376E-14
7020.64686111306  7.328715E-14
7020.70359753538  7.507452E-14
7020.76032948889  7.629462E-14
7020.81705697339  7.370066E-14
7020.8737799887  7.425342E-14
7020.93049853463  7.339222E-14
7020.987212611  7.486896E-14
7021.04392221761  7.611247E-14
7021.10062735428  7.494220E-14
7021.15732802083  7.637341E-14
7021.21402421706  7.725429E-14
7021.2707159428  7.395039E-14
7021.32740319785  7.596719E-14
7021.38408598203  7.861738E-14
7021.44076429515  7.293936E-14
7021.49743813703  7.742072E-14
7021.55410750748  7.761883E-14
7021.61077240632  7.722101E-14
7021.66743283335  7.166993E-14
7021.72408878839  7.957923E-14
7021.78074027126  7.623527E-14
7021.83738728177  7.711950E-14
7021.89402981973  7.867602E-14
7021.95066788497  7.213157E-14
7022.00730147729  7.662064E-14
7022.0639305965  7.598014E-14
7022.12055524243  7.657429E-14
7022.17717541488  7.778107E-14
7022.23379111367  7.733220E-14
7022.29040233862  7.995365E-14
7022.34700908954  7.138492E-14
7022.40361136625  7.178852E-14
7022.46020916855  7.640972E-14
7022.51680249627  7.250405E-14
7022.57339134922  7.093495E-14
7022.62997572722  7.644602E-14
7022.68655563007  7.468807E-14
7022.7431310576  7.556836E-14
7022.79970200962  7.120303E-14
7022.85626848594  7.553983E-14
7022.91283048638  7.855891E-14
7022.96938801076  7.470918E-14
7023.02594105889  7.804618E-14
7023.08248963059  7.626890E-14
7023.13903372567  7.861942E-14
7023.19557334395  7.622446E-14
7023.25210848524  7.159369E-14
7023.30863914935  7.106091E-14
7023.36516533612  7.557740E-14
7023.42168704534  7.065168E-14
7023.47820427684  6.634339E-14
7023.53471703043  6.694382E-14
7023.59122530593  6.902201E-14
7023.64772910315  6.886873E-14
7023.70422842192  6.720317E-14
7023.76072326204  7.403414E-14
7023.81721362333  7.234960E-14
7023.87369950561  7.361874E-14
7023.9301809087  7.357197E-14
7023.9866578324  7.225255E-14
7024.04313027655  7.288598E-14
7024.09959824095  6.752257E-14
7024.15606172542  6.698001E-14
7024.21252072977  7.293698E-14
7024.26897525384  7.089093E-14
7024.32542529742  6.949970E-14
7024.38187086034  6.998419E-14
7024.43831194241  7.427562E-14
7024.49474854346  7.095371E-14
7024.55118066329  7.329198E-14
7024.60760830173  7.324667E-14
7024.66403145859  7.055578E-14
7024.72045013369  7.010822E-14
7024.77686432685  6.920870E-14
7024.83327403788  6.642434E-14
7024.8896792666  7.213230E-14
7024.94608001283  6.885777E-14
7025.00247627638  7.276506E-14
7025.05886805708  7.496583E-14
7025.11525535474  7.141645E-14
7025.17163816918  7.236244E-14
7025.22801650022  7.091159E-14
7025.28439034766  7.131391E-14
7025.34075971134  7.087112E-14
7025.39712459107  7.182410E-14
7025.45348498667  7.060276E-14
7025.50984089795  7.292599E-14
7025.56619232474  7.135213E-14
7025.62253926684  7.083029E-14
7025.67888172409  7.643095E-14
7025.73521969629  7.299335E-14
7025.79155318327  6.900440E-14
7025.84788218484  7.135301E-14
7025.90420670083  6.984195E-14
7025.96052673104  7.208124E-14
7026.01684227531  7.252767E-14
7026.07315333344  7.257031E-14
7026.12945990526  7.155350E-14
7026.18576199058  7.099071E-14
7026.24205958923  7.074205E-14
7026.29835270102  7.401295E-14
7026.35464132577  7.453255E-14
7026.4109254633  7.345676E-14
7026.46720511343  7.059855E-14
7026.52348027597  7.192588E-14
7026.57975095076  6.985960E-14
7026.6360171376  7.438455E-14
7026.69227883631  7.308685E-14
7026.74853604673  7.537860E-14
7026.80478876865  7.640145E-14
7026.86103700191  7.332150E-14
7026.91728074632  7.348692E-14
7026.9735200017  7.019791E-14
7027.02975476787  7.604012E-14
7027.08598504465  7.570391E-14
7027.14221083187  7.893229E-14
7027.19843212933  7.576357E-14
7027.25464893686  7.538748E-14
7027.31086125429  7.335826E-14
7027.36706908142  7.243739E-14
7027.42327241809  6.820500E-14
7027.4794712641  6.813178E-14
7027.53566561928  7.138490E-14
7027.59185548345  6.986991E-14
7027.64804085643  7.058571E-14
7027.70422173805  7.401742E-14
7027.76039812811  7.435490E-14
7027.81657002644  7.225142E-14
7027.87273743286  7.359184E-14
7027.9289003472  7.681117E-14
7027.98505876926  7.511814E-14
7028.04121269888  7.999626E-14
7028.09736213588  7.872830E-14
7028.15350708006  7.274133E-14
7028.20964753126  7.694024E-14
7028.26578348929  7.908875E-14
7028.32191495399  7.551471E-14
7028.37804192515  7.584416E-14
7028.43416440262  8.009714E-14
7028.4902823862  7.654228E-14
7028.54639587573  7.592671E-14
7028.60250487102  7.766093E-14
7028.65860937189  7.772525E-14
7028.71470937816  7.345832E-14
7028.77080488966  7.956031E-14
7028.8268959062  7.340706E-14
7028.88298242761  7.298461E-14
7028.93906445371  7.573891E-14
7028.99514198432  7.817283E-14
7029.05121501926  7.571808E-14
7029.10728355836  7.701706E-14
7029.16334760143  7.043610E-14
7029.2194071483  7.303818E-14
7029.27546219879  7.653054E-14
7029.33151275272  7.265145E-14
7029.38755880991  7.632583E-14
7029.44360037019  7.875372E-14
7029.49963743338  7.613121E-14
7029.55566999929  7.561920E-14
7029.61169806776  7.278673E-14
7029.6677216386  7.430421E-14
7029.72374071164  7.612616E-14
7029.77975528669  7.357081E-14
7029.83576536358  7.357933E-14
7029.89177094214  7.666476E-14
7029.94777202219  7.557219E-14
7030.00376860354  7.909325E-14
7030.05976068602  7.449327E-14
7030.11574826946  7.500961E-14
7030.17173135367  7.317568E-14
7030.22770993848  7.782251E-14
7030.28368402372  7.457125E-14
7030.3396536092  7.373185E-14
7030.39561869475  7.215544E-14
7030.45157928019  7.275854E-14
7030.50753536534  7.019472E-14
7030.56348695003  7.489213E-14
7030.61943403409  7.432935E-14
7030.67537661732  7.428216E-14
7030.73131469956  7.376021E-14
7030.78724828064  7.585131E-14
7030.84317736036  7.460957E-14
7030.89910193857  7.386357E-14
7030.95502201508  7.263539E-14
7031.01093758971  8.161574E-14
7031.06684866229  7.629256E-14
7031.12275523264  7.744785E-14
7031.17865730059  7.007487E-14
7031.23455486596  7.842509E-14
7031.29044792857  7.722864E-14
7031.34633648825  7.704877E-14
7031.40222054482  7.214108E-14
7031.45810009811  7.702184E-14
7031.51397514794  7.499040E-14
7031.56984569413  7.643620E-14
7031.62571173651  7.360640E-14
7031.68157327491  7.772923E-14
7031.73743030914  7.026056E-14
7031.79328283903  7.649975E-14
7031.84913086441  7.756577E-14
7031.9049743851  7.904103E-14
7031.96081340093  7.503256E-14
7032.01664791172  7.402392E-14
7032.07247791729  7.668112E-14
7032.12830341747  7.911447E-14
7032.18412441208  7.807098E-14
7032.23994090096  7.547881E-14
7032.29575288392  7.612356E-14
7032.35156036079  7.623649E-14
7032.40736333139  7.807149E-14
7032.46316179556  7.788117E-14
7032.51895575311  7.566120E-14
7032.57474520387  7.551894E-14
7032.63053014766  7.386558E-14
7032.68631058431  7.779341E-14
7032.74208651366  8.057900E-14
7032.79785793551  7.554489E-14
7032.8536248497  7.737629E-14
7032.90938725605  7.590131E-14
7032.9651451544  7.517623E-14
7033.02089854455  7.502626E-14
7033.07664742635  7.840226E-14
7033.13239179961  7.607738E-14
7033.18813166417  7.583090E-14
7033.24386701984  7.538736E-14
7033.29959786646  7.685688E-14
7033.35532420385  7.557423E-14
7033.41104603183  7.461970E-14
7033.46676335023  7.579962E-14
7033.52247615889  7.522052E-14
7033.57818445762  7.764844E-14
7033.63388824625  7.982239E-14
7033.6895875246  7.581507E-14
7033.74528229252  7.593278E-14
7033.80097254981  7.795853E-14
7033.85665829631  8.048718E-14
7033.91233953184  7.307414E-14
7033.96801625624  7.600528E-14
7034.02368846932  7.551930E-14
7034.07935617091  7.287436E-14
7034.13501936085  7.569111E-14
7034.19067803896  7.851151E-14
7034.24633220506  7.350599E-14
7034.30198185898  7.348871E-14
7034.35762700055  7.731671E-14
7034.4132676296  7.479544E-14
7034.46890374595  7.981621E-14
7034.52453534944  7.243641E-14
7034.58016243988  7.409246E-14
7034.63578501711  7.580477E-14
7034.69140308095  7.726377E-14
7034.74701663123  8.016475E-14
7034.80262566778  8.185793E-14
7034.85823019042  7.381846E-14
7034.91383019899  7.674274E-14
7034.96942569331  7.439852E-14
7035.02501667322  7.113825E-14
7035.08060313852  8.117739E-14
7035.13618508907  7.401462E-14
7035.19176252467  7.084720E-14
7035.24733544517  7.884323E-14
7035.30290385038  7.589280E-14
7035.35846774015  7.412584E-14
7035.41402711429  7.629186E-14
7035.46958197263  7.054235E-14
7035.52513231501  7.604701E-14
7035.58067814125  7.113181E-14
7035.63621945117  7.475721E-14
7035.69175624461  7.440375E-14
7035.7472885214  7.106180E-14
7035.80281628137  7.010561E-14
7035.85833952434  7.424350E-14
7035.91385825014  7.434131E-14
7035.9693724586  7.672560E-14
7036.02488214955  7.467144E-14
7036.08038732282  7.036045E-14
7036.13588797824  7.027002E-14
7036.19138411564  7.432542E-14
7036.24687573484  7.271052E-14
7036.30236283568  7.207279E-14
7036.35784541798  7.812670E-14
7036.41332348157  7.036768E-14
7036.46879702629  7.433458E-14
7036.52426605196  7.399761E-14
7036.57973055842  7.456021E-14
7036.63519054548  7.311911E-14
7036.69064601298  7.574643E-14
7036.74609696076  7.352924E-14
7036.80154338864  6.952896E-14
7036.85698529644  7.079448E-14
7036.91242268401  7.538147E-14
7036.96785555116  7.687486E-14
7037.02328389774  7.548678E-14
7037.07870772356  7.646528E-14
7037.13412702847  7.167377E-14
7037.18954181228  7.588551E-14
7037.24495207484  7.270110E-14
7037.30035781596  7.508735E-14
7037.35575903548  7.357269E-14
7037.41115573324  7.782730E-14
7037.46654790905  7.276155E-14
7037.52193556276  7.752029E-14
7037.57731869419  7.056426E-14
7037.63269730317  7.556496E-14
7037.68807138954  7.825374E-14
7037.74344095312  7.564397E-14
7037.79880599374  8.246397E-14
7037.85416651124  7.912470E-14
7037.90952250544  7.405663E-14
7037.96487397618  7.836010E-14
7038.02022092329  8.116821E-14
7038.0755633466  7.773360E-14
7038.13090124594  7.746507E-14
7038.18623462114  7.712497E-14
7038.24156347203  8.019104E-14
7038.29688779845  8.243580E-14
7038.35220760022  7.390700E-14
7038.40752287718  7.412120E-14
7038.46283362915  7.591464E-14
7038.51813985598  7.348151E-14
7038.57344155748  7.655711E-14
7038.6287387335  7.210733E-14
7038.68403138386  6.857187E-14
7038.7393195084  7.385898E-14
7038.79460310694  7.344393E-14
7038.84988217933  7.486179E-14
7038.90515672538  7.624791E-14
7038.96042674494  7.728839E-14
7039.01569223784  7.529180E-14
7039.0709532039  7.534968E-14
7039.12620964296  6.964992E-14
7039.18146155485  7.138102E-14
7039.23670893941  6.893355E-14
7039.29195179646  7.323956E-14
7039.34719012584  7.119476E-14
7039.40242392739  6.964978E-14
7039.45765320092  7.117638E-14
7039.51287794628  7.544194E-14
7039.5680981633  7.331739E-14
7039.62331385182  7.124441E-14
7039.67852501165  6.972852E-14
7039.73373164264  6.395265E-14
7039.78893374462  6.257873E-14
7039.84413131742  6.488653E-14
7039.89932436088  6.580909E-14
7039.95451287483  6.958540E-14
7040.0096968591  6.903766E-14
7040.06487631352  7.215083E-14
7040.12005123793  7.096166E-14
7040.17522163216  6.779950E-14
7040.23038749605  7.079037E-14
7040.28554882942  7.300082E-14
7040.34070563212  7.314613E-14
7040.39585790396  7.231462E-14
7040.4510056448  7.451038E-14
7040.50614885446  7.790272E-14
7040.56128753277  7.503226E-14
7040.61642167957  7.371228E-14
7040.67155129469  7.584765E-14
7040.72667637797  7.359347E-14
7040.78179692924  7.580403E-14
7040.83691294834  7.620297E-14
7040.89202443509  7.570796E-14
7040.94713138934  7.883658E-14
7041.00223381091  7.072895E-14
7041.05733169964  8.176571E-14
7041.11242505537  7.545376E-14
7041.16751387792  7.337265E-14
7041.22259816714  7.435437E-14
7041.27767792286  7.365778E-14
7041.3327531449  7.548053E-14
7041.38782383312  7.563855E-14
7041.44288998733  7.670273E-14
7041.49795160739  7.251858E-14
7041.55300869311  7.912335E-14
7041.60806124433  8.103662E-14
7041.6631092609  7.680740E-14
7041.71815274264  7.819519E-14
7041.77319168939  7.374243E-14
7041.82822610099  7.874695E-14
7041.88325597727  7.385915E-14
7041.93828131806  8.022832E-14
7041.9933021232  7.570556E-14
7042.04831839253  7.506567E-14
7042.10333012587  7.829754E-14
7042.15833732308  7.428693E-14
7042.21333998397  8.021371E-14
7042.26833810839  7.650874E-14
7042.32333169617  7.771519E-14
7042.37832074715  7.522140E-14
7042.43330526117  7.700685E-14
7042.48828523805  7.675552E-14
7042.54326067764  7.795784E-14
7042.59823157977  7.548844E-14
7042.65319794427  7.673760E-14
7042.70815977099  7.886460E-14
7042.76311705975  8.335422E-14
7042.8180698104  7.699359E-14
7042.87301802277  7.806707E-14
7042.9279616967  7.818244E-14
7042.98290083202  7.794890E-14
7043.03783542857  7.605051E-14
7043.09276548618  7.688223E-14
7043.14769100469  8.026973E-14
7043.20261198395  7.570402E-14
7043.25752842377  8.002077E-14
7043.31244032401  7.712087E-14
7043.3673476845  7.902727E-14
7043.42225050507  8.101235E-14
7043.47714878556  7.780142E-14
7043.5320425258  7.818330E-14
7043.58693172565  7.872407E-14
7043.64181638492  7.974604E-14
7043.69669650346  7.172402E-14
7043.75157208111  7.681021E-14
7043.8064431177  7.609560E-14
7043.86130961308  8.468620E-14
7043.91617156706  7.694144E-14
7043.97102897951  7.311518E-14
7044.02588185024  7.488385E-14
7044.0807301791  7.563793E-14
7044.13557396593  7.440894E-14
7044.19041321056  7.950639E-14
7044.24524791284  7.475102E-14
7044.30007807259  8.140101E-14
7044.35490368965  7.817378E-14
7044.40972476388  7.529726E-14
7044.46454129509  7.427448E-14
7044.51935328314  7.712095E-14
7044.57416072785  7.854904E-14
7044.62896362906  7.318815E-14
7044.68376198662  8.281846E-14
7044.73855580037  7.602342E-14
7044.79334507013  8.023280E-14
7044.84812979575  7.802597E-14
7044.90290997707  6.973734E-14
7044.95768561391  7.822095E-14
7045.01245670614  7.369769E-14
7045.06722325357  7.678651E-14
7045.12198525606  7.830487E-14
7045.17674271343  8.030857E-14
7045.23149562553  7.299571E-14
7045.28624399219  7.453412E-14
7045.34098781326  7.977428E-14
7045.39572708857  7.897499E-14
7045.45046181796  7.465410E-14
7045.50519200128  7.492652E-14
7045.55991763835  7.908798E-14
7045.61463872902  7.725625E-14
7045.66935527313  8.034233E-14
7045.72406727051  7.670097E-14
7045.77877472101  8.009537E-14
7045.83347762447  7.259920E-14
7045.88817598072  7.452723E-14
7045.9428697896  7.705127E-14
7045.99755905096  7.871421E-14
7046.05224376463  7.412980E-14
7046.10692393045  7.584928E-14
7046.16159954826  7.613285E-14
7046.2162706179  7.371997E-14
7046.27093713922  7.266315E-14
7046.32559911204  8.023999E-14
7046.38025653621  8.062903E-14
7046.43490941158  7.189618E-14
7046.48955773797  7.821115E-14
7046.54420151524  7.622772E-14
7046.59884074321  7.489983E-14
7046.65347542174  7.544933E-14
7046.70810555065  7.304848E-14
7046.7627311298  7.621944E-14
7046.81735215902  7.801447E-14
7046.87196863815  7.464573E-14
7046.92658056703  8.222032E-14
7046.9811879455  7.158152E-14
7047.0357907734  7.507383E-14
7047.09038905058  7.261332E-14
7047.14498277687  7.819044E-14
7047.19957195211  7.987740E-14
7047.25415657615  7.496859E-14
7047.30873664883  7.526535E-14
7047.36331216998  7.653590E-14
7047.41788313945  7.939088E-14
7047.47244955708  7.795965E-14
7047.52701142271  8.111622E-14
7047.58156873618  8.036619E-14
7047.63612149733  7.197047E-14
7047.690669706  7.648972E-14
7047.74521336204  7.965194E-14
7047.79975246528  7.561343E-14
7047.85428701557  7.732801E-14
7047.90881701275  8.117964E-14
7047.96334245666  7.563494E-14
7048.01786334714  8.278675E-14
7048.07237968403  7.784328E-14
7048.12689146718  7.530832E-14
7048.18139869642  7.485454E-14
7048.2359013716  8.033876E-14
7048.29039949256  7.082276E-14
7048.34489305915  8.017055E-14
7048.3993820712  7.862641E-14
7048.45386652855  7.304078E-14
7048.50834643105  7.628455E-14
7048.56282177854  7.892482E-14
7048.61729257086  7.744281E-14
7048.67175880786  7.547432E-14
7048.72622048938  7.680857E-14
7048.78067761525  7.774217E-14
7048.83513018533  8.225790E-14
7048.88957819945  7.703828E-14
7048.94402165745  7.508707E-14
7048.99846055919  7.954006E-14
7049.05289490449  8.245763E-14
7049.10732469321  7.838147E-14
7049.16174992519  8.269787E-14
7049.21617060027  7.601100E-14
7049.27058671829  7.771916E-14
7049.3249982791  7.551976E-14
7049.37940528254  7.847874E-14
7049.43380772844  7.945276E-14
7049.48820561667  8.317573E-14
7049.54259894705  7.781001E-14
7049.59698771943  7.792610E-14
7049.65137193366  7.744461E-14
7049.70575158958  7.782986E-14
7049.76012668702  7.549458E-14
7049.81449722585  8.134097E-14
7049.86886320589  7.759712E-14
7049.92322462699  7.865940E-14
7049.977581489  8.195965E-14
7050.03193379176  7.644309E-14
7050.08628153511  7.631900E-14
7050.1406247189  7.863493E-14
7050.19496334296  7.489722E-14
7050.24929740716  7.753088E-14
7050.30362691132  7.725074E-14
7050.3579518553  7.927957E-14
7050.41227223893  7.678230E-14
7050.46658806207  7.551123E-14
7050.52089932454  7.305806E-14
7050.57520602621  7.839759E-14
7050.62950816692  7.688780E-14
7050.68380574649  7.613080E-14
7050.7380987648  7.352161E-14
7050.79238722167  7.022467E-14
7050.84667111695  7.490358E-14
7050.90095045049  7.654717E-14
7050.95522522213  7.413894E-14
7051.00949543172  7.129455E-14
7051.0637610791  8.057198E-14
7051.11802216411  7.526062E-14
7051.1722786866  8.152834E-14
7051.22653064642  7.920680E-14
7051.28077804341  8.015782E-14
7051.33502087741  7.474346E-14
7051.38925914828  7.909747E-14
7051.44349285585  7.661855E-14
7051.49772199997  7.673846E-14
7051.55194658049  7.801261E-14
7051.60616659726  7.192829E-14
7051.6603820501  8.051814E-14
7051.71459293889  7.616930E-14
7051.76879926344  7.808668E-14
7051.82300102363  7.989756E-14
7051.87719821928  7.771134E-14
7051.93139085025  7.620861E-14
7051.98557891638  8.268051E-14
7052.03976241752  7.894704E-14
7052.09394135351  8.202979E-14
7052.1481157242  7.681606E-14
7052.20228552943  8.091831E-14
7052.25645076906  7.733158E-14
7052.31061144292  7.840676E-14
7052.36476755087  7.284676E-14
7052.41891909274  8.327926E-14
7052.47306606839  7.853680E-14
7052.52720847767  7.264170E-14
7052.58134632041  8.059846E-14
7052.63547959647  7.399581E-14
7052.68960830569  7.202099E-14
7052.74373244792  7.588847E-14
7052.797852023  7.216232E-14
7052.85196703079  7.492591E-14
7052.90607747112  7.696980E-14
7052.96018334385  7.498581E-14
7053.01428464882  7.787569E-14
7053.06838138588  7.807553E-14
7053.12247355488  7.860840E-14
7053.17656115566  7.965898E-14
7053.23064418807  7.728243E-14
7053.28472265196  7.636054E-14
7053.33879654717  7.962459E-14
7053.39286587356  7.201864E-14
7053.44693063096  7.650778E-14
7053.50099081924  7.503444E-14
7053.55504643822  7.684698E-14
7053.60909748777  7.608372E-14
7053.66314396773  7.596460E-14
7053.71718587795  7.480773E-14
7053.77122321827  7.110503E-14
7053.82525598854  7.787319E-14
7053.87928418861  7.411204E-14
7053.93330781833  7.803080E-14
7053.98732687755  6.982071E-14
7054.04134136611  7.407378E-14
7054.09535128387  7.760405E-14
7054.14935663067  7.804370E-14
7054.20335740635  7.634834E-14
7054.25735361077  7.181668E-14
