7369.86370453319  8.135859E-14
7369.93185200343  7.818704E-14
7369.99999513865  8.007077E-14
7370.06813393854  8.251501E-14
7370.13626840278  7.795676E-14
7370.20439853108  8.070570E-14
7370.27252432314  8.150067E-14
7370.34064577865  8.205514E-14
7370.4087628973  8.000701E-14
7370.4768756788  8.252312E-14
7370.54498412284  8.443658E-14
7370.6130882291  8.302790E-14
7370.6811879973  8.252009E-14
7370.74928342712  8.185693E-14
7370.81737451827  7.794239E-14
7370.88546127043  7.977383E-14
7370.95354368331  8.376206E-14
7371.0216217566  7.904593E-14
7371.08969549  8.232179E-14
7371.15776488321  8.066823E-14
7371.22582993591  8.134127E-14
7371.29389064781  7.992366E-14
7371.36194701861  8.057902E-14
7371.429999048  8.185396E-14
7371.49804673567  8.060522E-14
7371.56609008134  7.937431E-14
7371.63412908468  8.340327E-14
7371.7021637454  8.011137E-14
7371.7701940632  8.184360E-14
7371.83822003777  8.308474E-14
7371.90624166882  8.213608E-14
7371.97425895603  8.203059E-14
7372.04227189911  8.270235E-14
7372.11028049775  8.403395E-14
7372.17828475165  7.836527E-14
7372.24628466051  8.378286E-14
7372.31428022402  8.060746E-14
7372.38227144189  8.131320E-14
7372.45025831381  8.199734E-14
7372.51824083947  8.452450E-14
7372.58621901859  8.416729E-14
7372.65419285085  8.048302E-14
7372.72216233595  8.088639E-14
7372.79012747359  8.200894E-14
7372.85808826348  8.550623E-14
7372.9260447053  8.135503E-14
7372.99399679875  8.189864E-14
7373.06194454354  7.804550E-14
7373.12988793936  8.242824E-14
7373.19782698591  8.282641E-14
7373.26576168289  7.924709E-14
7373.33369203  8.347209E-14
7373.40161802694  8.154369E-14
7373.46953967339  7.965893E-14
7373.53745696908  8.035119E-14
7373.60536991369  7.769294E-14
7373.67327850691  8.156108E-14
7373.74118274846  7.855900E-14
7373.80908263803  8.425957E-14
7373.87697817532  8.130306E-14
7373.94486936002  7.907889E-14
7374.01275619184  7.947960E-14
7374.08063867049  8.327590E-14
7374.14851679564  7.807167E-14
7374.21639056701  7.945784E-14
7374.28425998429  7.831690E-14
7374.35212504719  7.775048E-14
7374.4199857554  7.992347E-14
7374.48784210863  7.622290E-14
7374.55569410656  7.668838E-14
7374.62354174892  8.132057E-14
7374.69138503538  8.019651E-14
7374.75922396566  7.477908E-14
7374.82705853944  7.981067E-14
7374.89488875644  8.151322E-14
7374.96271461636  7.564421E-14
7375.03053611889  8.234404E-14
7375.09835326373  8.048472E-14
7375.16616605058  7.810145E-14
7375.23397447914  8.351651E-14
7375.30177854913  7.887798E-14
7375.36957826022  7.835833E-14
7375.43737361213  8.006286E-14
7375.50516460456  8.148224E-14
7375.5729512372  8.086600E-14
7375.64073350976  8.055378E-14
7375.70851142194  7.938461E-14
7375.77628497344  8.063217E-14
7375.84405416396  7.804753E-14
7375.91181899319  8.309474E-14
7375.97957946085  8.048854E-14
7376.04733556663  7.841260E-14
7376.11508731024  7.828938E-14
7376.18283469138  7.460709E-14
7376.25057770973  7.733777E-14
7376.31831636502  7.506720E-14
7376.38605065693  8.058436E-14
7376.45378058518  8.125605E-14
7376.52150614946  8.106801E-14
7376.58922734947  7.727526E-14
7376.65694418492  7.933208E-14
7376.72465665551  7.415502E-14
7376.79236476093  7.464624E-14
7376.8600685009  7.358410E-14
7376.92776787511  7.886192E-14
7376.99546288326  7.755245E-14
7377.06315352507  7.715861E-14
7377.13083980022  7.955102E-14
7377.19852170842  8.446887E-14
7377.26619924937  8.126395E-14
7377.33387242279  7.684906E-14
7377.40154122836  7.573195E-14
7377.46920566579  7.654346E-14
7377.53686573478  7.611077E-14
7377.60452143504  8.217753E-14
7377.67217276627  7.752214E-14
7377.73981972817  7.902927E-14
7377.80746232045  7.269201E-14
7377.8751005428  7.803162E-14
7377.94273439493  7.562608E-14
7378.01036387654  7.818426E-14
7378.07798898734  7.417338E-14
7378.14560972703  7.881609E-14
7378.21322609531  8.081498E-14
7378.28083809188  7.759554E-14
7378.34844571645  7.408138E-14
7378.41604896873  7.638265E-14
7378.48364784841  7.306656E-14
7378.55124235519  7.871633E-14
7378.61883248879  7.752256E-14
7378.68641824891  7.650721E-14
7378.75399963524  8.099381E-14
7378.8215766475  7.590067E-14
7378.88914928538  7.928440E-14
7378.95671754859  7.659311E-14
7379.02428143684  8.031430E-14
7379.09184094983  7.780418E-14
7379.15939608726  8.122207E-14
7379.22694684883  7.615890E-14
7379.29449323426  7.779855E-14
7379.36203524324  8.328891E-14
7379.42957287548  7.499704E-14
7379.49710613068  7.559707E-14
7379.56463500855  7.373884E-14
7379.63215950879  7.690591E-14
7379.69967963111  7.560603E-14
7379.76719537521  7.887335E-14
7379.8347067408  7.802121E-14
7379.90221372757  7.911542E-14
7379.96971633524  7.850043E-14
7380.03721456352  7.677916E-14
7380.10470841209  7.560469E-14
7380.17219788068  8.105382E-14
7380.23968296898  8.340541E-14
7380.30716367671  8.205536E-14
7380.37464000356  7.618728E-14
7380.44211194924  7.741381E-14
7380.50957951345  8.671740E-14
7380.57704269591  7.826659E-14
7380.64450149631  7.775500E-14
7380.71195591436  8.036806E-14
7380.77940594978  7.734970E-14
7380.84685160225  7.690772E-14
7380.9142928715  7.990679E-14
7380.98172975722  7.875022E-14
7381.04916225912  8.124269E-14
7381.1165903769  7.677116E-14
7381.18401411028  7.314031E-14
7381.25143345896  7.595557E-14
7381.31884842264  7.523593E-14
7381.38625900103  7.746298E-14
7381.45366519384  7.457735E-14
7381.52106700077  7.982069E-14
7381.58846442153  7.951501E-14
7381.65585745582  7.480449E-14
7381.72324610336  8.014862E-14
7381.79063036385  7.858948E-14
7381.85801023698  7.732169E-14
7381.92538572249  7.488063E-14
7381.99275682005  7.490964E-14
7382.0601235294  8.028752E-14
7382.12748585022  7.947530E-14
7382.19484378224  7.841286E-14
7382.26219732515  7.521427E-14
7382.32954647866  7.745414E-14
7382.39689124248  7.350862E-14
7382.46423161632  7.428868E-14
7382.53156759988  7.551817E-14
7382.59889919287  7.569536E-14
7382.666226395  7.657412E-14
7382.73354920598  8.003576E-14
7382.80086762551  7.485368E-14
7382.8681816533  7.476639E-14
7382.93549128905  7.698590E-14
7383.00279653249  7.685147E-14
7383.07009738331  7.220709E-14
7383.13739384122  7.614298E-14
7383.20468590592  7.680571E-14
7383.27197357714  7.527665E-14
7383.33925685456  7.819229E-14
7383.40653573792  7.562337E-14
7383.4738102269  7.448116E-14
7383.54108032122  7.556088E-14
7383.60834602059  7.362479E-14
7383.67560732471  7.364182E-14
7383.7428642333  7.323183E-14
7383.81011674606  7.101139E-14
7383.8773648627  7.400631E-14
7383.94460858293  7.552526E-14
7384.01184790646  7.507201E-14
7384.07908283299  7.632893E-14
7384.14631336224  7.456157E-14
7384.21353949391  7.221897E-14
7384.28076122772  7.385364E-14
7384.34797856336  7.743333E-14
7384.41519150056  7.662678E-14
7384.48240003902  7.554589E-14
7384.54960417844  7.448106E-14
7384.61680391854  7.869369E-14
7384.68399925903  7.796490E-14
7384.75119019962  7.595162E-14
7384.81837674001  7.690413E-14
7384.88555887991  7.092472E-14
7384.95273661904  7.206432E-14
7385.0199099571  7.476125E-14
7385.08707889381  7.500010E-14
7385.15424342887  7.614843E-14
7385.22140356199  7.954248E-14
7385.28855929288  7.513369E-14
7385.35571062126  7.658163E-14
7385.42285754683  7.857412E-14
7385.4900000693  7.576145E-14
7385.55713818838  7.621160E-14
7385.62427190379  7.365587E-14
7385.69140121522  7.059920E-14
7385.7585261224  7.667728E-14
7385.82564662504  7.558669E-14
7385.89276272283  7.685419E-14
7385.9598744155  7.483669E-14
7386.02698170276  7.066912E-14
7386.0940845843  7.598906E-14
7386.16118305986  7.652961E-14
7386.22827712913  7.289971E-14
7386.29536679182  7.337451E-14
7386.36245204765  7.457935E-14
7386.42953289633  7.559253E-14
7386.49660933758  7.358654E-14
7386.56368137108  7.573809E-14
7386.63074899658  7.285836E-14
7386.69781221376  7.288258E-14
7386.76487102235  7.043660E-14
7386.83192542205  7.515759E-14
7386.89897541257  7.621861E-14
7386.96602099364  6.960257E-14
7387.03306216495  7.117218E-14
7387.10009892622  6.943106E-14
7387.16713127717  7.367044E-14
7387.2341592175  7.213209E-14
7387.30118274692  6.684333E-14
7387.36820186515  7.078648E-14
7387.43521657189  7.181505E-14
7387.50222686687  6.937684E-14
7387.56923274979  6.887278E-14
7387.63623422037  7.127061E-14
7387.70323127831  7.059172E-14
7387.77022392332  7.564950E-14
7387.83721215513  7.523154E-14
7387.90419597345  6.957033E-14
7387.97117537797  7.402999E-14
7388.03815036843  6.796931E-14
7388.10512094452  6.989353E-14
7388.17208710597  7.107546E-14
7388.23904885248  6.962980E-14
7388.30600618377  7.332915E-14
7388.37295909954  7.068929E-14
7388.43990759952  7.245018E-14
7388.50685168342  7.210356E-14
7388.57379135095  6.925441E-14
7388.64072660181  7.227580E-14
7388.70765743573  7.315105E-14
7388.77458385242  7.571052E-14
7388.84150585159  7.276004E-14
7388.90842343295  7.102213E-14
7388.97533659623  6.777626E-14
7389.04224534112  6.976659E-14
7389.10914966734  7.045425E-14
7389.17604957461  7.520308E-14
7389.24294506264  7.178864E-14
7389.30983613115  7.217947E-14
7389.37672277984  7.145609E-14
7389.44360500844  7.587122E-14
7389.51048281665  7.157672E-14
7389.57735620419  7.190959E-14
7389.64422517077  7.232705E-14
7389.71108971611  7.354158E-14
7389.77794983992  7.353151E-14
7389.84480554191  7.075774E-14
7389.91165682181  6.996039E-14
7389.97850367932  7.219562E-14
7390.04534611415  7.085574E-14
7390.11218412603  6.978999E-14
7390.17901771466  6.757508E-14
7390.24584687977  7.066120E-14
7390.31267162106  7.142194E-14
7390.37949193824  6.905645E-14
7390.44630783105  6.585014E-14
7390.51311929918  7.081586E-14
7390.57992634235  7.131292E-14
7390.64672896029  7.003319E-14
7390.7135271527  7.318461E-14
7390.7803209193  6.969448E-14
7390.84711025979  7.090486E-14
7390.91389517392  6.981750E-14
7390.98067566137  6.700118E-14
7391.04745172187  6.636387E-14
7391.11422335513  6.768626E-14
7391.18099056088  7.049162E-14
7391.24775333882  6.739107E-14
7391.31451168867  6.685470E-14
7391.38126561015  6.961901E-14
7391.44801510297  7.138021E-14
7391.51476016684  7.237779E-14
7391.58150080149  7.252555E-14
7391.64823700663  7.358541E-14
7391.71496878197  7.357195E-14
7391.78169612723  7.107455E-14
7391.84841904213  7.661319E-14
7391.91513752638  7.197740E-14
7391.9818515797  7.387634E-14
7392.0485612018  7.485579E-14
7392.1152663924  7.325080E-14
7392.18196715122  7.396338E-14
7392.24866347798  7.615865E-14
7392.31535537238  7.504181E-14
7392.38204283416  7.774608E-14
7392.44872586301  7.285764E-14
7392.51540445866  7.462978E-14
7392.58207862083  7.564756E-14
7392.64874834923  7.326173E-14
7392.71541364358  7.317852E-14
7392.7820745036  7.580213E-14
7392.848730929  7.298962E-14
7392.9153829195  7.852359E-14
7392.98203047482  7.322098E-14
7393.04867359467  7.142378E-14
7393.11531227878  7.645487E-14
7393.18194652685  7.243985E-14
7393.24857633861  7.091328E-14
7393.31520171377  7.666938E-14
7393.38182265206  7.467815E-14
7393.44843915318  7.225896E-14
7393.51505121686  7.430652E-14
7393.58165884281  7.124679E-14
7393.64826203075  7.678974E-14
7393.71486078041  7.273490E-14
7393.78145509149  7.512449E-14
7393.84804496371  7.529872E-14
7393.91463039679  7.417608E-14
7393.98121139046  7.293265E-14
7394.04778794443  7.259600E-14
7394.11436005841  7.484862E-14
7394.18092773212  7.332425E-14
7394.24749096529  6.895930E-14
7394.31404975763  7.117936E-14
7394.38060410886  7.342941E-14
7394.4471540187  7.082614E-14
7394.51369948687  7.262955E-14
7394.58024051308  7.239175E-14
7394.64677709705  6.987365E-14
7394.71330923851  7.359068E-14
7394.77983693717  7.285851E-14
7394.84636019274  7.032694E-14
7394.91287900496  7.009753E-14
7394.97939337354  7.010594E-14
7395.04590329819  6.742285E-14
7395.11240877863  7.047975E-14
7395.17890981459  7.312524E-14
7395.24540640579  6.905673E-14
7395.31189855194  7.013581E-14
7395.37838625276  6.754558E-14
7395.44486950798  7.026608E-14
7395.51134831731  6.871056E-14
7395.57782268046  7.050498E-14
7395.64429259717  7.488616E-14
7395.71075806715  7.177949E-14
7395.77721909012  7.120846E-14
7395.84367566579  7.247851E-14
7395.9101277939  7.291235E-14
7395.97657547416  7.179234E-14
7396.04301870628  7.193342E-14
7396.10945749  7.249370E-14
7396.17589182502  7.030902E-14
7396.24232171108  7.057239E-14
7396.30874714788  7.066765E-14
7396.37516813516  7.291967E-14
7396.44158467262  7.637523E-14
7396.50799676  7.663323E-14
7396.574404397  7.200347E-14
7396.64080758336  7.574614E-14
7396.70720631879  7.539705E-14
7396.77360060301  6.801626E-14
7396.83999043575  7.068035E-14
7396.90637581672  7.256791E-14
7396.97275674565  7.217556E-14
7397.03913322225  7.067573E-14
7397.10550524625  6.820750E-14
7397.17187281737  7.086512E-14
7397.23823593532  7.409044E-14
7397.30459459984  7.016211E-14
7397.37094881064  7.212489E-14
7397.43729856744  7.210180E-14
7397.50364386997  7.245845E-14
7397.56998471794  7.570049E-14
7397.63632111107  7.389249E-14
7397.7026530491  7.483592E-14
7397.76898053173  7.381287E-14
7397.8353035587  7.312936E-14
7397.90162212972  7.150887E-14
7397.96793624452  7.562405E-14
7398.03424590281  7.390497E-14
7398.10055110433  7.126947E-14
7398.16685184878  7.200216E-14
7398.2331481359  7.772476E-14
7398.2994399654  7.504369E-14
7398.365727337  7.287527E-14
7398.43201025044  7.280239E-14
7398.49828870543  7.350388E-14
7398.5645627017  7.273514E-14
7398.63083223896  7.441781E-14
7398.69709731694  7.256177E-14
7398.76335793536  7.296235E-14
7398.82961409394  7.121200E-14
7398.89586579241  7.591904E-14
7398.96211303049  7.343744E-14
7399.0283558079  7.684795E-14
7399.09459412437  7.237362E-14
7399.16082797962  7.117963E-14
7399.22705737336  7.481757E-14
7399.29328230533  7.202123E-14
7399.35950277525  7.473936E-14
7399.42571878284  7.571177E-14
7399.49193032782  7.409502E-14
7399.55813740992  7.655614E-14
7399.62434002886  7.610285E-14
7399.69053818436  7.319094E-14
7399.75673187615  7.090257E-14
7399.82292110395  7.436942E-14
7399.88910586748  7.362433E-14
7399.95528616648  7.320071E-14
7400.02146200065  7.377487E-14
7400.08763336973  6.818499E-14
7400.15380027343  7.298029E-14
7400.2199627115  7.544867E-14
7400.28612068364  7.482043E-14
7400.35227418958  7.537828E-14
7400.41842322904  7.346022E-14
7400.48456780176  7.448594E-14
7400.55070790744  7.018294E-14
7400.61684354583  7.163465E-14
7400.68297471664  6.978475E-14
7400.7491014196  6.818302E-14
7400.81522365442  7.299811E-14
7400.88134142084  7.016885E-14
7400.94745471859  7.073722E-14
7401.01356354738  6.823662E-14
7401.07966790694  7.191471E-14
7401.14576779699  7.003363E-14
7401.21186321726  6.771011E-14
7401.27795416748  6.779850E-14
7401.34404064737  7.264317E-14
7401.41012265665  6.863813E-14
7401.47620019505  6.817640E-14
7401.5422732623  6.718343E-14
7401.60834185811  6.782953E-14
7401.67440598223  7.038016E-14
7401.74046563436  6.787018E-14
7401.80652081424  6.949245E-14
7401.87257152159  6.984199E-14
7401.93861775614  6.944005E-14
7402.00465951761  6.795283E-14
7402.07069680573  6.763232E-14
7402.13672962023  6.688852E-14
7402.20275796083  6.292135E-14
7402.26878182725  6.915014E-14
7402.33480121922  6.713851E-14
7402.40081613647  6.696753E-14
7402.46682657873  7.194391E-14
7402.53283254572  7.006034E-14
7402.59883403716  6.516433E-14
7402.66483105279  6.824807E-14
7402.73082359232  7.080010E-14
7402.79681165549  6.770384E-14
7402.86279524203  6.950544E-14
7402.92877435165  6.864796E-14
7402.99474898409  6.876057E-14
7403.06071913907  7.165857E-14
7403.12668481631  7.152310E-14
7403.19264601556  7.248674E-14
7403.25860273652  7.408820E-14
7403.32455497893  7.146040E-14
7403.39050274252  7.448745E-14
7403.45644602701  6.920566E-14
7403.52238483214  7.135122E-14
7403.58831915762  7.172362E-14
7403.65424900318  6.933590E-14
7403.72017436856  6.952290E-14
7403.78609525347  7.101783E-14
7403.85201165765  7.126493E-14
7403.91792358083  7.197391E-14
7403.98383102272  7.259062E-14
7404.04973398307  7.265869E-14
7404.11563246159  7.348413E-14
7404.18152645802  7.301595E-14
7404.24741597207  7.183593E-14
7404.31330100349  7.360510E-14
7404.379181552  7.494226E-14
7404.44505761732  7.154433E-14
7404.51092919919  7.040795E-14
7404.57679629732  7.389797E-14
7404.64265891146  7.057670E-14
7404.70851704133  7.529040E-14
7404.77437068665  7.191524E-14
7404.84021984716  7.316668E-14
7404.90606452258  7.168281E-14
7404.97190471264  7.314300E-14
7405.03774041708  7.453500E-14
7405.10357163561  7.119741E-14
7405.16939836797  7.349054E-14
7405.23522061389  7.195422E-14
7405.30103837309  7.045564E-14
7405.36685164531  7.118942E-14
7405.43266043027  7.695504E-14
7405.4984647277  6.926581E-14
7405.56426453733  7.272659E-14
7405.63005985889  7.553368E-14
7405.69585069212  7.294686E-14
7405.76163703673  6.918218E-14
7405.82741889245  7.290412E-14
7405.89319625903  7.147875E-14
7405.95896913618  7.286545E-14
7406.02473752364  7.350254E-14
7406.09050142113  7.211307E-14
7406.15626082839  7.299136E-14
7406.22201574515  7.381954E-14
7406.28776617112  7.192325E-14
7406.35351210606  7.340177E-14
7406.41925354967  7.012580E-14
7406.48499050171  7.106020E-14
7406.55072296188  6.876646E-14
7406.61645092993  7.186056E-14
7406.68217440559  6.766805E-14
7406.74789338858  7.091386E-14
7406.81360787863  7.051952E-14
7406.87931787548  7.052406E-14
7406.94502337886  7.135400E-14
7407.01072438849  6.579059E-14
7407.0764209041  6.994421E-14
7407.14211292544  6.553862E-14
7407.20780045222  6.623396E-14
7407.27348348418  6.796459E-14
7407.33916202105  6.980764E-14
7407.40483606256  6.822635E-14
7407.47050560844  6.702762E-14
7407.53617065842  7.115507E-14
7407.60183121224  6.882099E-14
7407.66748726962  6.784914E-14
7407.73313883029  7.254987E-14
7407.79878589399  6.596802E-14
7407.86442846045  6.901210E-14
7407.93006652939  7.030817E-14
7407.99570010056  7.228160E-14
7408.06132917367  7.043942E-14
7408.12695374847  7.401503E-14
7408.19257382469  7.050766E-14
7408.25818940205  7.153403E-14
7408.32380048029  7.249769E-14
7408.38940705914  6.815959E-14
7408.45500913833  7.249607E-14
7408.52060671759  7.468013E-14
7408.58619979666  7.203956E-14
7408.65178837527  7.396185E-14
7408.71737245314  7.394107E-14
7408.78295203002  6.905775E-14
7408.84852710563  6.970436E-14
7408.91409767971  7.579813E-14
7408.97966375198  7.378180E-14
7409.04522532219  7.289179E-14
7409.11078239006  7.004799E-14
7409.17633495532  7.254065E-14
7409.24188301772  7.416202E-14
7409.30742657698  6.943635E-14
7409.37296563282  7.142735E-14
7409.438500185  7.294135E-14
7409.50403023323  7.178772E-14
7409.56955577726  6.978144E-14
7409.63507681681  7.141404E-14
7409.70059335162  7.041578E-14
7409.76610538143  6.958738E-14
7409.83161290595  7.099092E-14
7409.89711592494  7.016647E-14
7409.96261443811  6.776384E-14
7410.02810844521  6.819402E-14
7410.09359794596  7.033238E-14
7410.15908294011  6.943189E-14
7410.22456342738  6.696728E-14
7410.29003940752  6.497555E-14
7410.35551088024  6.936908E-14
7410.42097784529  6.568774E-14
7410.48644030239  6.355831E-14
7410.55189825129  6.608009E-14
7410.61735169172  6.965838E-14
7410.68280062341  6.539836E-14
7410.7482450461  6.417767E-14
7410.81368495951  6.262134E-14
7410.87912036339  7.005741E-14
7410.94455125746  6.837737E-14
7411.00997764147  6.765406E-14
7411.07539951514  6.592664E-14
7411.14081687822  6.477057E-14
7411.20622973043  6.817411E-14
7411.27163807151  6.842722E-14
7411.33704190119  6.703529E-14
7411.40244121922  6.850720E-14
7411.46783602531  7.177044E-14
7411.53322631922  7.111796E-14
7411.59861210067  6.808809E-14
7411.66399336939  7.106294E-14
7411.72937012513  7.067000E-14
7411.79474236762  6.839465E-14
7411.8601100966  7.028202E-14
7411.92547331179  7.052150E-14
7411.99083201293  6.871661E-14
7412.05618619977  6.833634E-14
7412.12153587203  6.890556E-14
7412.18688102945  6.996629E-14
7412.25222167176  6.840737E-14
7412.31755779871  6.710780E-14
7412.38288941002  7.100156E-14
7412.44821650543  6.728260E-14
7412.51353908468  6.818123E-14
7412.57885714751  6.741696E-14
7412.64417069365  6.998020E-14
7412.70947972283  6.761854E-14
7412.77478423479  6.956652E-14
7412.84008422927  6.852980E-14
7412.90537970601  6.768237E-14
7412.97067066474  6.825503E-14
7413.03595710519  7.208510E-14
7413.1012390271  7.161199E-14
7413.16651643021  6.790556E-14
7413.23178931426  7.170288E-14
7413.29705767899  6.737582E-14
7413.36232152412  6.516660E-14
7413.42758084939  7.028812E-14
7413.49283565455  7.116982E-14
7413.55808593932  7.064948E-14
7413.62333170345  7.289770E-14
7413.68857294667  7.125537E-14
7413.75380966873  7.214851E-14
7413.81904186934  7.478767E-14
7413.88426954827  7.222405E-14
7413.94949270523  7.314642E-14
7414.01471133997  7.447666E-14
7414.07992545222  7.327638E-14
7414.14513504173  7.179376E-14
7414.21034010823  7.300088E-14
7414.27554065145  7.110709E-14
7414.34073667114  7.317208E-14
7414.40592816703  7.193092E-14
7414.47111513886  7.224873E-14
7414.53629758637  7.092482E-14
7414.60147550929  6.985662E-14
7414.66664890737  7.096418E-14
7414.73181778033  6.840328E-14
7414.79698212793  7.359032E-14
7414.86214194989  7.294041E-14
7414.92729724596  7.285034E-14
7414.99244801587  7.258863E-14
7415.05759425936  6.924391E-14
7415.12273597617  6.711144E-14
7415.18787316605  7.243427E-14
7415.25300582871  6.910848E-14
7415.31813396391  6.721078E-14
7415.38325757139  7.138264E-14
7415.44837665088  7.190601E-14
7415.51349120211  7.223590E-14
7415.57860122484  6.793662E-14
7415.6437067188  6.987004E-14
7415.70880768372  6.967082E-14
7415.77390411934  7.211908E-14
7415.83899602542  6.958990E-14
7415.90408340167  6.868933E-14
7415.96916624785  6.884058E-14
7416.03424456369  7.063867E-14
7416.09931834894  6.677165E-14
7416.16438760332  6.992699E-14
7416.22945232658  6.750693E-14
7416.29451251847  6.688980E-14
7416.35956817871  6.790036E-14
7416.42461930705  6.666578E-14
7416.48966590323  6.895012E-14
7416.55470796698  6.439380E-14
7416.61974549805  6.711677E-14
7416.68477849619  6.583051E-14
7416.74980696111  6.910749E-14
7416.81483089258  6.766026E-14
7416.87985029032  6.791052E-14
7416.94486515407  6.651175E-14
7417.00987548359  6.894808E-14
7417.0748812786  6.418866E-14
7417.13988253885  7.011735E-14
7417.20487926408  6.925732E-14
7417.26987145402  6.320567E-14
7417.33485910843  6.780938E-14
7417.39984222703  6.587424E-14
7417.46482080957  6.622999E-14
7417.52979485579  6.788422E-14
7417.59476436544  6.597125E-14
7417.65972933824  7.056610E-14
7417.72468977395  6.908648E-14
7417.7896456723  6.870408E-14
7417.85459703303  6.782477E-14
7417.91954385589  6.827510E-14
7417.98448614062  6.844068E-14
7418.04942388695  6.911995E-14
7418.11435709463  7.289234E-14
7418.1792857634  6.822802E-14
7418.24420989301  6.893222E-14
7418.30912948318  6.758817E-14
7418.37404453367  7.014645E-14
7418.43895504421  7.040228E-14
7418.50386101455  6.806387E-14
7418.56876244443  7.187720E-14
7418.63365933359  7.296260E-14
7418.69855168177  7.456368E-14
7418.76343948872  6.960659E-14
7418.82832275417  7.128858E-14
7418.89320147787  7.465921E-14
7418.95807565955  7.317705E-14
7419.02294529897  7.047247E-14
7419.08781039587  7.175781E-14
7419.15267094997  7.104909E-14
7419.21752696104  7.077977E-14
7419.28237842881  6.746578E-14
7419.34722535302  7.216914E-14
7419.41206773342  7.301528E-14
7419.47690556974  7.034027E-14
7419.54173886173  7.116858E-14
7419.60656760914  6.699253E-14
7419.6713918117  6.447813E-14
7419.73621146916  7.078786E-14
7419.80102658126  6.880600E-14
7419.86583714775  7.170718E-14
7419.93064316836  7.191380E-14
7419.99544464285  6.950327E-14
7420.06024157094  6.973010E-14
7420.1250339524  6.996560E-14
7420.18982178695  6.823811E-14
7420.25460507435  6.980815E-14
7420.31938381433  7.131792E-14
7420.38415800664  6.846374E-14
7420.44892765102  6.927540E-14
7420.51369274722  7.039346E-14
7420.57845329498  6.734758E-14
7420.64320929405  7.079512E-14
7420.70796074416  6.950773E-14
7420.77270764506  6.921172E-14
7420.8374499965  7.244159E-14
7420.90218779822  7.086894E-14
7420.96692104996  7.035066E-14
7421.03164975147  6.741741E-14
7421.09637390249  7.115185E-14
7421.16109350276  7.107370E-14
7421.22580855203  7.408425E-14
7421.29051905005  6.934010E-14
7421.35522499655  7.214044E-14
7421.41992639129  7.138309E-14
7421.484623234  7.424836E-14
7421.54931552444  7.016057E-14
7421.61400326234  7.339986E-14
7421.67868644745  7.142399E-14
7421.74336507951  7.255185E-14
7421.80803915828  7.281969E-14
7421.87270868349  7.099135E-14
7421.93737365489  6.988041E-14
7422.00203407223  7.263989E-14
7422.06668993525  7.441323E-14
7422.13134124369  7.364269E-14
7422.1959879973  7.217897E-14
7422.26063019583  7.225410E-14
7422.32526783901  7.136508E-14
7422.38990092661  6.852381E-14
7422.45452945835  6.903241E-14
7422.51915343399  7.382625E-14
7422.58377285328  7.263883E-14
7422.64838771595  7.330081E-14
7422.71299802176  7.118403E-14
7422.77760377044  7.171600E-14
7422.84220496175  6.752002E-14
7422.90680159543  6.914358E-14
7422.97139367123  7.039864E-14
7423.03598118889  6.934111E-14
7423.10056414816  6.783038E-14
7423.16514254878  6.630481E-14
7423.22971639051  7.295177E-14
7423.29428567308  6.645112E-14
7423.35885039625  7.151211E-14
7423.42341055976  6.817502E-14
7423.48796616336  6.514626E-14
7423.55251720678  6.611583E-14
7423.61706368979  7.029993E-14
7423.68160561213  6.662771E-14
7423.74614297353  6.320133E-14
7423.81067577376  6.969385E-14
7423.87520401255  6.563991E-14
7423.93972768966  6.863168E-14
7424.00424680482  6.686786E-14
7424.0687613578  6.577722E-14
7424.13327134832  6.550946E-14
7424.19777677615  6.293413E-14
7424.26227764103  6.266306E-14
7424.3267739427  6.193560E-14
7424.39126568092  6.729748E-14
7424.45575285543  6.812669E-14
7424.52023546597  6.698518E-14
7424.5847135123  6.627958E-14
7424.64918699417  6.885456E-14
7424.71365591131  6.640807E-14
7424.77812026349  6.571672E-14
7424.84258005044  6.560823E-14
7424.90703527191  6.976325E-14
7424.97148592765  7.015367E-14
7425.03593201742  6.695072E-14
7425.10037354095  6.773975E-14
7425.164810498  6.977281E-14
7425.22924288831  6.991487E-14
7425.29367071163  6.656983E-14
7425.35809396772  6.824204E-14
7425.42251265631  6.855520E-14
7425.48692677716  6.520901E-14
7425.55133633002  6.816463E-14
7425.61574131463  7.148708E-14
7425.68014173074  6.674593E-14
7425.7445375781  7.246548E-14
7425.80892885646  7.040593E-14
7425.87331556558  6.866946E-14
7425.93769770519  7.329347E-14
7426.00207527504  7.199973E-14
7426.0664482749  7.415902E-14
7426.13081670449  7.050736E-14
7426.19518056358  7.157241E-14
7426.25953985191  7.308692E-14
7426.32389456924  7.267082E-14
7426.3882447153  7.027170E-14
7426.45259028986  7.385271E-14
7426.51693129265  7.315659E-14
7426.58126772344  7.242153E-14
7426.64559958196  7.246792E-14
7426.70992686797  7.245858E-14
7426.77424958122  6.915638E-14
7426.83856772146  7.921343E-14
7426.90288128843  7.133184E-14
7426.9671902819  7.364882E-14
7427.0314947016  7.317261E-14
7427.09579454728  7.216386E-14
7427.16008981871  7.585248E-14
7427.22438051562  7.587250E-14
7427.28866663777  7.270735E-14
7427.3529481849  7.534058E-14
7427.41722515678  7.601133E-14
7427.48149755314  7.095003E-14
7427.54576537374  7.671136E-14
7427.61002861833  7.414905E-14
7427.67428728666  7.544558E-14
7427.73854137848  7.130500E-14
7427.80279089354  7.292645E-14
7427.8670358316  7.246278E-14
7427.93127619239  7.136919E-14
7427.99551197568  7.409039E-14
7428.05974318121  7.196199E-14
7428.12396980874  7.535605E-14
7428.18819185802  7.323536E-14
7428.25240932879  7.307903E-14
7428.31662222081  7.126363E-14
7428.38083053383  7.163759E-14
7428.4450342676  7.176987E-14
7428.50923342188  7.426246E-14
7428.5734279964  7.457313E-14
7428.63761799094  7.410867E-14
7428.70180340523  7.477068E-14
7428.76598423903  7.360291E-14
7428.83016049208  7.291581E-14
7428.89433216415  7.676921E-14
7428.95849925499  7.196795E-14
7429.02266176434  7.519948E-14
7429.08681969195  7.138809E-14
7429.15097303759  7.680105E-14
7429.215121801  7.379740E-14
7429.27926598192  6.967833E-14
7429.34340558013  7.602981E-14
7429.40754059537  7.227790E-14
7429.47167102738  7.338262E-14
7429.53579687593  6.988055E-14
7429.59991814076  7.603359E-14
7429.66403482163  7.617739E-14
7429.72814691829  7.453252E-14
7429.7922544305  7.510213E-14
7429.85635735799  7.535761E-14
7429.92045570054  7.779134E-14
7429.98454945789  7.564552E-14
7430.04863862979  7.339372E-14
7430.112723216  7.352497E-14
7430.17680321626  7.286650E-14
7430.24087863035  7.362006E-14
7430.30494945799  7.318916E-14
7430.36901569896  7.234321E-14
7430.433077353  7.095958E-14
7430.49713441986  7.139660E-14
7430.5611868993  7.110981E-14
7430.62523479108  7.377009E-14
7430.68927809494  7.382103E-14
7430.75331681064  7.793827E-14
7430.81735093793  7.558019E-14
7430.88138047657  7.473477E-14
7430.94540542632  7.338966E-14
7431.00942578691  7.578783E-14
7431.07344155812  6.964189E-14
7431.13745273968  7.106050E-14
7431.20145933137  7.172388E-14
7431.26546133292  7.263715E-14
7431.3294587441  7.093592E-14
7431.39345156465  7.661261E-14
7431.45743979434  7.202329E-14
7431.52142343292  7.193405E-14
7431.58540248014  7.024383E-14
7431.64937693575  6.856322E-14
7431.71334679952  7.051963E-14
7431.77731207119  7.090743E-14
7431.84127275052  7.186652E-14
7431.90522883726  7.187868E-14
7431.96918033118  7.327175E-14
7432.03312723202  6.718161E-14
7432.09706953954  7.209772E-14
7432.16100725349  7.203997E-14
7432.22494037363  7.124984E-14
7432.28886889971  7.204528E-14
7432.35279283149  7.008801E-14
7432.41671216873  6.965424E-14
7432.48062691118  6.961567E-14
7432.54453705859  7.360177E-14
7432.60844261073  6.938363E-14
7432.67234356734  6.812032E-14
7432.73623992818  7.300452E-14
7432.80013169301  6.895348E-14
7432.86401886158  7.195823E-14
7432.92790143364  7.149481E-14
7432.99177940897  7.056829E-14
7433.0556527873  7.132156E-14
7433.1195215684  6.963650E-14
7433.18338575202  7.421123E-14
7433.24724533792  7.200699E-14
7433.31110032585  7.032866E-14
7433.37495071558  7.203313E-14
7433.43879650684  7.300822E-14
7433.50263769942  7.101738E-14
7433.56647429305  7.197489E-14
7433.6303062875  7.139109E-14
7433.69413368251  7.236686E-14
7433.75795647786  7.581440E-14
7433.82177467329  7.394587E-14
7433.88558826857  7.272335E-14
7433.94939726344  7.597399E-14
7434.01320165767  7.136616E-14
7434.077001451  7.149079E-14
7434.14079664321  7.741233E-14
7434.20458723405  7.174686E-14
7434.26837322326  7.377163E-14
7434.33215461062  7.298465E-14
7434.39593139588  7.254134E-14
7434.45970357878  7.079859E-14
7434.52347115911  7.233523E-14
7434.5872341366  7.258563E-14
7434.65099251101  7.477784E-14
7434.71474628211  7.239991E-14
7434.77849544966  7.326634E-14
7434.8422400134  6.819177E-14
7434.9059799731  7.183226E-14
7434.96971532851  7.415792E-14
7435.03344607939  7.462494E-14
7435.09717222551  7.579193E-14
7435.16089376662  7.334493E-14
7435.22461070246  7.286763E-14
7435.28832303282  7.569801E-14
7435.35203075744  6.995336E-14
7435.41573387607  7.029230E-14
7435.47943238849  7.531840E-14
7435.54312629444  7.623868E-14
7435.60681559369  7.355202E-14
7435.670500286  7.290894E-14
7435.73418037111  7.318447E-14
7435.79785584879  7.369148E-14
7435.86152671881  7.545585E-14
7435.92519298092  7.464533E-14
7435.98885463487  7.236574E-14
7436.05251168042  7.449570E-14
7436.11616411734  7.245272E-14
7436.17981194539  7.233100E-14
7436.24345516432  7.561988E-14
7436.30709377389  7.426582E-14
7436.37072777385  7.239759E-14
7436.43435716399  7.443951E-14
7436.49798194403  7.288176E-14
7436.56160211376  7.422571E-14
7436.62521767293  7.187113E-14
7436.68882862129  7.037296E-14
7436.75243495861  7.104412E-14
7436.81603668465  7.450289E-14
7436.87963379916  6.921188E-14
7436.94322630191  7.156851E-14
7437.00681419265  7.325106E-14
7437.07039747116  7.452169E-14
7437.13397613717  7.573799E-14
7437.19755019046  7.421623E-14
7437.26111963079  7.236102E-14
7437.32468445791  7.332881E-14
7437.38824467158  7.380959E-14
7437.45180027157  7.412378E-14
7437.51535125764  7.455638E-14
7437.57889762954  7.013698E-14
7437.64243938704  7.046428E-14
7437.7059765299  7.364373E-14
7437.76950905788  7.200419E-14
7437.83303697073  7.441281E-14
7437.89656026822  7.589588E-14
7437.96007895012  7.191735E-14
7438.02359301617  7.311519E-14
7438.08710246614  7.853583E-14
7438.1506072998  7.327492E-14
7438.21410751689  7.788843E-14
7438.27760311719  7.424736E-14
7438.34109410046  7.713418E-14
7438.40458046646  7.540518E-14
7438.46806221494  7.469288E-14
7438.53153934567  7.497602E-14
7438.59501185841  7.430670E-14
7438.65847975292  7.457856E-14
7438.72194302896  7.166698E-14
7438.7854016863  7.540510E-14
7438.8488557247  7.559667E-14
7438.91230514391  7.404707E-14
7438.9757499437  7.331801E-14
7439.03919012383  7.383758E-14
7439.10262568407  7.636045E-14
7439.16605662417  7.518603E-14
7439.2294829439  7.718117E-14
7439.29290464302  7.336921E-14
7439.35632172129  7.581359E-14
7439.41973417847  7.267290E-14
7439.48314201432  7.224067E-14
7439.54654522862  7.471667E-14
7439.60994382111  7.440682E-14
7439.67333779157  7.551714E-14
7439.73672713975  7.520257E-14
7439.80011186542  7.698682E-14
7439.86349196834  7.672471E-14
7439.92686744828  7.211969E-14
7439.99023830498  7.471116E-14
7440.05360453823  7.624946E-14
7440.11696614778  7.003307E-14
7440.18032313339  7.218856E-14
7440.24367549483  7.573551E-14
7440.30702323186  7.475801E-14
7440.37036634424  7.599915E-14
7440.43370483174  7.253669E-14
7440.49703869412  7.595454E-14
7440.56036793114  7.391977E-14
7440.62369254257  7.572391E-14
7440.68701252817  7.308999E-14
7440.75032788769  7.816659E-14
7440.81363862092  7.688508E-14
7440.87694472761  7.652214E-14
7440.94024620752  7.431299E-14
7441.00354306042  7.347999E-14
7441.06683528607  7.423200E-14
7441.13012288424  7.172394E-14
7441.19340585468  7.233236E-14
7441.25668419717  7.373780E-14
7441.31995791147  7.135927E-14
7441.38322699734  7.405757E-14
7441.44649145454  7.351602E-14
7441.50975128285  7.134382E-14
7441.57300648202  7.060889E-14
7441.63625705181  7.282378E-14
7441.699502992  6.976396E-14
7441.76274430235  7.304786E-14
7441.82598098262  7.120697E-14
7441.88921303258  7.125375E-14
7441.95244045199  7.010265E-14
7442.01566324061  6.834097E-14
7442.07888139822  7.386431E-14
7442.14209492457  6.672745E-14
7442.20530381943  7.132222E-14
7442.26850808257  7.477948E-14
7442.33170771375  6.870602E-14
7442.39490271273  6.845427E-14
7442.45809307929  7.117083E-14
7442.52127881318  7.080170E-14
7442.58445991418  6.944750E-14
7442.64763638204  7.263687E-14
7442.71080821653  7.253603E-14
7442.77397541742  7.161424E-14
7442.83713798448  6.965956E-14
7442.90029591747  6.988239E-14
7442.96344921615  7.298263E-14
7443.02659788029  7.247101E-14
7443.08974190966  7.426729E-14
7443.15288130402  7.497296E-14
7443.21601606314  7.406005E-14
7443.27914618678  7.370557E-14
7443.34227167472  7.736443E-14
7443.40539252671  7.448291E-14
7443.46850874253  7.382385E-14
7443.53162032193  7.478881E-14
7443.59472726469  7.468504E-14
7443.65782957057  7.541627E-14
7443.72092723934  7.486537E-14
7443.78402027077  7.193648E-14
7443.84710866461  7.371387E-14
7443.91019242065  7.062870E-14
7443.97327153864  7.367629E-14
7444.03634601835  7.087655E-14
7444.09941585954  7.410871E-14
7444.162481062  7.414610E-14
7444.22554162548  7.293126E-14
7444.28859754974  7.434164E-14
7444.35164883457  7.061304E-14
7444.41469547972  7.107067E-14
7444.47773748495  7.301143E-14
7444.54077485005  7.286064E-14
7444.60380757477  7.107694E-14
7444.66683565888  7.443419E-14
7444.72985910216  7.511366E-14
7444.79287790436  7.359648E-14
7444.85589206526  7.544440E-14
7444.91890158462  7.412757E-14
7444.98190646221  7.563537E-14
7445.0449066978  7.263188E-14
7445.10790229116  7.412985E-14
7445.17089324205  7.067657E-14
7445.23387955024  7.284555E-14
7445.29686121551  7.501959E-14
7445.35983823761  7.577664E-14
7445.42281061632  7.452845E-14
7445.4857783514  7.295796E-14
7445.54874144263  7.737559E-14
7445.61169988977  7.547921E-14
7445.67465369259  7.280159E-14
7445.73760285086  7.531301E-14
7445.80054736434  7.622427E-14
7445.86348723281  7.420591E-14
7445.92642245603  7.509697E-14
7445.98935303378  7.590558E-14
7446.05227896582  7.641515E-14
7446.11520025192  7.446095E-14
7446.17811689185  7.214600E-14
7446.24102888538  7.496715E-14
7446.30393623227  7.034972E-14
7446.3668389323  7.586547E-14
7446.42973698524  7.205663E-14
7446.49263039086  7.072279E-14
7446.55551914891  7.120819E-14
7446.61840325918  6.741807E-14
7446.68128272144  6.939599E-14
7446.74415753545  6.589031E-14
7446.80702770098  6.935720E-14
7446.8698932178  6.829972E-14
7446.93275408568  6.876666E-14
7446.9956103044  6.788408E-14
7447.05846187371  7.045659E-14
7447.1213087934  6.626424E-14
7447.18415106322  7.122928E-14
7447.24698868296  6.630373E-14
7447.30982165238  6.774391E-14
7447.37264997126  6.997211E-14
7447.43547363935  6.766393E-14
7447.49829265643  6.982518E-14
7447.56110702228  6.804874E-14
7447.62391673665  7.098635E-14
7447.68672179933  6.791760E-14
7447.74952221009  6.769841E-14
7447.81231796868  6.825733E-14
7447.8751090749  7.355160E-14
7447.93789552849  7.561080E-14
7448.00067732925  7.142805E-14
7448.06345447692  7.121293E-14
7448.1262269713  7.748506E-14
7448.18899481215  7.263169E-14
7448.25175799923  7.245075E-14
7448.31451653233  7.112951E-14
7448.3772704112  7.434401E-14
7448.44001963563  7.328495E-14
7448.50276420539  7.445684E-14
7448.56550412024  7.562096E-14
7448.62823937995  7.373860E-14
7448.69096998431  7.533436E-14
7448.75369593307  7.380913E-14
7448.81641722602  7.159335E-14
7448.87913386292  7.183950E-14
7448.94184584354  7.160463E-14
7449.00455316766  7.226277E-14
7449.06725583505  7.431695E-14
7449.12995384548  7.531461E-14
7449.19264719872  7.634954E-14
7449.25533589454  7.171152E-14
7449.31801993272  6.843539E-14
7449.38069931304  6.946968E-14
7449.44337403525  7.720982E-14
7449.50604409913  7.363264E-14
7449.56870950446  7.428995E-14
7449.631370251  7.505458E-14
7449.69402633854  7.339797E-14
7449.75667776684  7.589901E-14
7449.81932453568  7.087347E-14
7449.88196664482  7.659984E-14
7449.94460409404  7.537083E-14
7450.00723688312  7.382469E-14
7450.06986501182  7.078471E-14
7450.13248847992  7.606606E-14
7450.19510728719  7.455044E-14
7450.25772143341  7.339197E-14
7450.32033091835  7.559940E-14
7450.38293574178  7.616794E-14
7450.44553590347  7.485556E-14
7450.5081314032  7.520497E-14
7450.57072224075  7.292500E-14
7450.63330841587  7.414604E-14
7450.69588992836  7.523599E-14
7450.75846677797  7.567217E-14
7450.8210389645  7.478816E-14
7450.8836064877  7.416388E-14
7450.94616934735  7.418866E-14
7451.00872754323  7.562739E-14
7451.07128107511  7.587613E-14
7451.13382994277  7.238302E-14
7451.19637414597  7.105293E-14
7451.25891368449  7.466994E-14
7451.32144855811  7.465046E-14
7451.38397876661  7.458450E-14
7451.44650430974  7.768557E-14
7451.5090251873  7.615608E-14
7451.57154139905  7.522483E-14
7451.63405294476  7.457453E-14
7451.69655982422  7.569891E-14
7451.7590620372  7.557269E-14
7451.82155958346  7.702830E-14
7451.8840524628  7.636179E-14
7451.94654067497  7.747526E-14
7452.00902421976  7.750769E-14
7452.07150309694  7.547643E-14
7452.13397730629  7.480115E-14
7452.19644684757  7.638012E-14
7452.25891172057  7.637697E-14
7452.32137192506  7.541507E-14
7452.38382746082  7.817485E-14
7452.44627832762  7.556588E-14
7452.50872452524  7.714652E-14
7452.57116605344  7.635526E-14
7452.63360291202  7.641882E-14
7452.69603510073  7.775796E-14
7452.75846261937  7.901361E-14
7452.8208854677  7.777158E-14
7452.8833036455  8.012039E-14
7452.94571715254  7.960738E-14
7453.0081259886  7.471875E-14
7453.07053015346  7.911617E-14
7453.1329296469  7.735164E-14
7453.19532446868  7.504489E-14
7453.25771461859  7.683846E-14
7453.3201000964  7.794818E-14
7453.38248090189  7.709074E-14
7453.44485703482  7.714853E-14
7453.50722849499  7.456150E-14
7453.56959528217  7.678251E-14
7453.63195739613  7.838426E-14
7453.69431483665  7.567450E-14
7453.7566676035  7.843680E-14
7453.81901569647  7.623916E-14
7453.88135911532  7.538092E-14
7453.94369785984  7.498117E-14
7454.0060319298  7.504944E-14
7454.06836132499  7.777231E-14
7454.13068604516  7.444257E-14
7454.19300609012  7.573489E-14
7454.25532145962  7.523379E-14
7454.31763215345  7.645654E-14
7454.37993817139  7.739352E-14
7454.4422395132  7.819784E-14
7454.50453617868  7.592934E-14
7454.5668281676  7.694996E-14
7454.62911547972  7.466175E-14
7454.69139811484  7.571121E-14
7454.75367607274  8.003902E-14
7454.81594935317  7.555520E-14
7454.87821795593  7.537545E-14
7454.9404818808  7.761668E-14
7455.00274112754  7.336329E-14
7455.06499569594  7.445649E-14
7455.12724558578  7.760470E-14
7455.18949079684  7.530677E-14
7455.25173132888  7.359063E-14
7455.3139671817  7.656554E-14
7455.37619835506  7.666403E-14
7455.43842484876  7.311457E-14
7455.50064666255  7.557950E-14
7455.56286379623  7.846688E-14
7455.62507624958  7.610342E-14
7455.68728402236  7.632333E-14
7455.74948711437  7.698481E-14
7455.81168552536  7.599893E-14
7455.87387925514  7.456401E-14
7455.93606830348  7.474743E-14
7455.99825267014  7.602979E-14
7456.06043235493  7.405390E-14
7456.1226073576  7.584212E-14
7456.18477767794  7.996013E-14
7456.24694331574  7.862094E-14
7456.30910427076  7.615145E-14
7456.37126054279  8.005693E-14
7456.43341213162  7.667326E-14
7456.495559037  7.721058E-14
7456.55770125874  7.886684E-14
7456.6198387966  7.961912E-14
7456.68197165037  7.670505E-14
7456.74409981982  7.587900E-14
7456.80622330474  7.769893E-14
7456.8683421049  7.656388E-14
7456.93045622009  7.635183E-14
7456.99256565008  7.689523E-14
7457.05467039465  7.519322E-14
7457.11677045359  7.539240E-14
7457.17886582668  7.382462E-14
7457.24095651369  7.715071E-14
7457.3030425144  7.802754E-14
7457.3651238286  7.627986E-14
7457.42720045606  7.621896E-14
7457.48927239657  7.288266E-14
7457.55133964991  7.666491E-14
7457.61340221585  7.544121E-14
7457.67546009418  7.905267E-14
7457.73751328468  7.283155E-14
7457.79956178712  7.473657E-14
7457.86160560129  7.793371E-14
7457.92364472698  8.101746E-14
7457.98567916395  7.522855E-14
7458.047708912  7.770163E-14
7458.1097339709  7.589505E-14
7458.17175434043  7.391175E-14
7458.23377002038  7.598944E-14
7458.29578101052  7.832323E-14
7458.35778731064  7.256695E-14
7458.41978892052  7.753416E-14
7458.48178583994  7.736514E-14
7458.54377806868  7.596687E-14
7458.60576560652  7.379763E-14
7458.66774845325  7.410960E-14
7458.72972660864  7.813125E-14
7458.79170007249  7.704108E-14
7458.85366884456  7.685633E-14
7458.91563292464  7.576502E-14
7458.97759231251  7.855104E-14
7459.03954700797  8.015653E-14
7459.10149701077  7.725894E-14
7459.16344232072  7.836449E-14
7459.22538293759  7.870012E-14
7459.28731886116  7.546347E-14
7459.34925009122  7.623277E-14
7459.41117662755  7.921559E-14
7459.47309846992  7.461517E-14
7459.53501561813  7.948302E-14
7459.59692807196  7.543872E-14
7459.65883583118  7.417293E-14
7459.72073889559  7.378491E-14
7459.78263726495  7.636948E-14
7459.84453093907  7.198713E-14
7459.90641991771  7.256415E-14
7459.96830420066  7.772206E-14
7460.03018378771  7.261979E-14
7460.09205867864  7.456602E-14
7460.15392887323  7.882138E-14
7460.21579437126  7.650083E-14
7460.27765517252  7.583207E-14
7460.33951127679  7.600762E-14
7460.40136268385  7.912782E-14
7460.46320939349  7.770831E-14
7460.52505140549  7.922189E-14
7460.58688871964  7.771563E-14
7460.64872133571  7.470701E-14
7460.7105492535  7.794064E-14
7460.77237247278  7.668180E-14
7460.83419099333  7.979594E-14
7460.89600481496  7.767366E-14
7460.95781393742  7.879414E-14
7461.01961836052  7.743778E-14
7461.08141808404  7.842737E-14
7461.14321310775  7.531509E-14
7461.20500343145  7.973582E-14
7461.26678905491  7.679082E-14
7461.32856997792  7.689277E-14
7461.39034620027  7.869415E-14
7461.45211772174  7.761101E-14
7461.51388454212  7.629320E-14
7461.57564666118  7.430928E-14
7461.63740407872  7.626189E-14
7461.69915679451  7.778617E-14
7461.76090480836  7.326207E-14
7461.82264812002  7.853327E-14
7461.8843867293  7.984177E-14
7461.94612063598  7.670911E-14
7462.00784983984  7.767058E-14
7462.06957434067  7.498781E-14
7462.13129413825  7.932514E-14
7462.19300923237  7.929218E-14
7462.25471962281  7.662699E-14
7462.31642530936  7.387628E-14
7462.37812629181  7.590512E-14
7462.43982256993  7.039181E-14
7462.50151414352  7.232566E-14
7462.56320101236  7.410321E-14
7462.62488317623  7.566349E-14
7462.68656063493  7.584968E-14
7462.74823338823  7.612367E-14
7462.80990143593  7.523203E-14
7462.87156477781  7.295687E-14
7462.93322341365  7.538343E-14
7462.99487734324  7.301320E-14
7463.05652656637  7.181078E-14
7463.11817108282  7.004350E-14
7463.17981089238  7.053345E-14
7463.24144599483  6.990193E-14
7463.30307638997  7.050254E-14
7463.36470207758  6.816672E-14
7463.42632305744  7.062519E-14
7463.48793932934  7.128851E-14
7463.54955089307  7.103489E-14
7463.61115774841  6.761977E-14
7463.67275989516  7.186400E-14
7463.73435733309  7.211809E-14
7463.795950062  7.242832E-14
7463.85753808166  7.118869E-14
7463.91912139188  7.248316E-14
7463.98069999243  7.095450E-14
7464.04227388311  7.119668E-14
7464.10384306369  6.864497E-14
7464.16540753397  7.304762E-14
7464.22696729373  7.038932E-14
7464.28852234277  7.286854E-14
7464.35007268086  7.097444E-14
7464.4116183078  7.171049E-14
7464.47315922337  7.322926E-14
7464.53469542737  7.401215E-14
7464.59622691957  7.472819E-14
7464.65775369977  7.646427E-14
7464.71927576775  7.479794E-14
7464.78079312331  7.747372E-14
7464.84230576622  7.906441E-14
7464.90381369628  7.551421E-14
7464.96531691328  7.675542E-14
7465.02681541701  7.870859E-14
7465.08830920724  7.874986E-14
7465.14979828378  8.112892E-14
7465.2112826464  7.822271E-14
7465.2727622949  7.471590E-14
7465.33423722907  7.590809E-14
7465.39570744869  7.755294E-14
7465.45717295355  7.955386E-14
7465.51863374344  7.456525E-14
7465.58008981815  7.423086E-14
7465.64154117747  8.035711E-14
7465.70298782119  7.765034E-14
7465.76442974909  7.532705E-14
7465.82586696097  7.497036E-14
7465.88729945661  7.681453E-14
7465.9487272358  7.327573E-14
7466.01015029833  7.977909E-14
7466.071568644  7.760689E-14
7466.13298227259  7.894243E-14
7466.19439118388  7.985690E-14
7466.25579537767  7.771670E-14
7466.31719485375  8.256351E-14
7466.37858961191  7.834175E-14
7466.43997965194  7.680706E-14
7466.50136497362  7.795008E-14
7466.56274557675  7.971946E-14
7466.62412146111  7.861819E-14
7466.6854926265  7.804579E-14
7466.74685907271  7.879541E-14
7466.80822079952  7.735499E-14
7466.86957780673  7.777949E-14
7466.93093009412  8.097710E-14
7466.99227766149  7.888676E-14
7467.05362050862  7.832648E-14
7467.11495863531  7.782894E-14
7467.17629204134  8.194893E-14
7467.23762072652  7.795976E-14
7467.29894469062  8.325296E-14
7467.36026393343  7.684414E-14
7467.42157845476  7.703320E-14
7467.48288825438  7.997634E-14
7467.54419333209  7.937437E-14
7467.60549368769  7.812011E-14
7467.66678932095  7.971649E-14
7467.72808023167  7.938190E-14
7467.78936641965  8.045734E-14
7467.85064788467  7.910445E-14
7467.91192462653  7.680093E-14
7467.97319664501  7.626586E-14
7468.03446393991  7.755554E-14
7468.09572651101  7.530431E-14
7468.15698435812  8.079317E-14
7468.21823748101  7.895631E-14
7468.27948587949  7.673532E-14
7468.34072955334  7.860466E-14
7468.40196850236  7.862637E-14
7468.46320272634  7.825450E-14
7468.52443222506  7.842877E-14
7468.58565699832  7.876724E-14
7468.64687704592  7.807189E-14
7468.70809236764  7.464254E-14
7468.76930296327  7.734535E-14
7468.83050883261  7.571432E-14
7468.89170997545  7.557882E-14
7468.95290639159  8.280913E-14
7469.0140980808  7.891884E-14
7469.0752850429  7.800609E-14
7469.13646727766  8.048108E-14
7469.19764478489  7.594863E-14
7469.25881756436  8.188979E-14
7469.31998561589  8.069251E-14
7469.38114893925  7.904767E-14
7469.44230753424  7.613605E-14
7469.50346140066  7.830764E-14
7469.5646105383  7.696491E-14
7469.62575494694  7.692284E-14
7469.68689462639  7.534822E-14
7469.74802957643  7.792278E-14
7469.80915979686  7.645610E-14
7469.87028528747  7.997541E-14
7469.93140604805  7.540382E-14
7469.9925220784  7.760394E-14
7470.05363337832  7.614120E-14
7470.11473994759  7.991597E-14
7470.175841786  7.698472E-14
7470.23693889336  7.996443E-14
7470.29803126945  7.592734E-14
7470.35911891406  8.211684E-14
7470.42020182701  7.540924E-14
7470.48128000806  7.704240E-14
7470.54235345703  7.679165E-14
7470.60342217369  7.884196E-14
7470.66448615786  8.195854E-14
7470.72554540931  8.069597E-14
7470.78659992786  7.703372E-14
7470.84764971328  7.698710E-14
7470.90869476537  8.134370E-14
7470.96973508393  7.698490E-14
7471.03077066875  8.032051E-14
7471.09180151963  7.583160E-14
7471.15282763636  7.657903E-14
7471.21384901873  7.731629E-14
7471.27486566654  7.912959E-14
7471.33587757959  7.987160E-14
7471.39688475766  7.987747E-14
7471.45788720056  7.755884E-14
7471.51888490807  7.666236E-14
7471.57987788  7.918726E-14
7471.64086611614  7.705996E-14
7471.70184961627  7.459250E-14
7471.76282838021  7.968841E-14
7471.82380240774  7.802533E-14
7471.88477169865  7.835401E-14
7471.94573625275  7.660075E-14
7472.00669606983  7.506539E-14
7472.06765114968  7.994959E-14
7472.1286014921  7.401972E-14
7472.18954709689  8.072090E-14
7472.25048796384  7.854503E-14
7472.31142409273  8.263201E-14
7472.37235548339  7.647142E-14
7472.43328213559  7.798529E-14
7472.49420404913  7.846747E-14
7472.55512122381  8.120253E-14
7472.61603365943  8.140514E-14
7472.67694135577  7.894389E-14
7472.73784431265  7.643161E-14
7472.79874252984  7.669048E-14
7472.85963600716  7.733397E-14
7472.92052474439  7.769913E-14
7472.98140874133  8.119368E-14
7473.04228799778  7.703107E-14
7473.10316251353  7.833339E-14
7473.16403228839  7.985606E-14
7473.22489732214  7.924715E-14
7473.28575761458  7.850213E-14
7473.34661316552  7.963315E-14
7473.40746397474  7.533244E-14
7473.46831004205  8.061129E-14
7473.52915136723  7.704947E-14
7473.5899879501  7.994821E-14
7473.65081979044  7.586056E-14
7473.71164688805  8.102708E-14
7473.77246924273  7.680998E-14
7473.83328685428  8.125634E-14
7473.89409972249  7.655236E-14
7473.95490784716  7.100050E-14
7474.01571122809  7.983858E-14
7474.07650986507  7.573763E-14
7474.13730375791  7.900332E-14
7474.1980929064  7.794770E-14
7474.25887731033  7.893337E-14
7474.31965696951  7.787924E-14
7474.38043188374  7.935129E-14
7474.4412020528  7.768998E-14
7474.50196747651  7.772542E-14
7474.56272815465  7.584797E-14
7474.62348408703  8.057019E-14
7474.68423527344  7.660813E-14
7474.74498171368  7.735938E-14
7474.80572340755  7.897766E-14
7474.86646035485  7.409390E-14
7474.92719255537  8.057171E-14
7474.98792000892  8.070788E-14
7475.04864271529  7.619529E-14
7475.10936067429  7.478434E-14
7475.1700738857  7.684889E-14
7475.23078234933  7.745599E-14
7475.29148606498  7.790659E-14
7475.35218503245  7.697459E-14
7475.41287925153  7.702924E-14
7475.47356872202  8.039641E-14
7475.53425344372  7.972893E-14
7475.59493341644  7.694802E-14
7475.65560863997  8.249129E-14
7475.71627911411  8.203799E-14
7475.77694483866  7.953590E-14
7475.83760581341  7.770253E-14
7475.89826203817  8.266275E-14
7475.95891351274  8.088684E-14
7476.01956023692  7.709266E-14
7476.0802022105  7.840713E-14
7476.14083943329  7.957532E-14
7476.20147190508  7.968022E-14
7476.26209962568  7.964875E-14
7476.32272259488  8.151371E-14
7476.38334081249  8.295139E-14
7476.44395427829  7.936903E-14
7476.50456299211  7.787308E-14
7476.56516695373  7.722128E-14
7476.62576616295  8.008652E-14
7476.68636061958  8.057577E-14
7476.74695032341  7.585832E-14
7476.80753527425  7.505215E-14
7476.86811547189  8.145554E-14
7476.92869091614  7.801418E-14
7476.98926160679  7.253159E-14
7477.04982754365  8.169567E-14
7477.11038872652  7.654902E-14
7477.1709451552  7.723828E-14
7477.23149682948  7.801513E-14
7477.29204374918  7.570278E-14
7477.35258591409  7.735521E-14
7477.413123324  7.641133E-14
7477.47365597873  8.317725E-14
7477.53418387807  7.867394E-14
7477.59470702182  7.310594E-14
7477.65522540979  7.822002E-14
7477.71573904178  7.551617E-14
7477.77624791758  8.012617E-14
7477.83675203701  7.679232E-14
7477.89725139985  7.469589E-14
7477.95774600592  7.443501E-14
7478.01823585501  7.709126E-14
7478.07872094693  7.680692E-14
7478.13920128147  7.831759E-14
7478.19967685844  7.687910E-14
7478.26014767764  7.575605E-14
7478.32061373888  7.942177E-14
7478.38107504195  7.635026E-14
7478.44153158665  7.828415E-14
7478.50198337279  8.005691E-14
7478.56243040017  8.167967E-14
7478.6228726686  7.745006E-14
7478.68331017787  7.855726E-14
7478.74374292779  7.654901E-14
7478.80417091815  7.814266E-14
7478.86459414877  7.561092E-14
7478.92501261944  7.671947E-14
7478.98542632997  8.070858E-14
7479.04583528016  8.079888E-14
7479.10623946981  7.877171E-14
7479.16663889873  7.786568E-14
7479.22703356671  7.718060E-14
7479.28742347356  8.318295E-14
7479.34780861909  7.752752E-14
7479.40818900309  7.847936E-14
7479.46856462537  8.113513E-14
7479.52893548574  7.709144E-14
7479.58930158399  7.788542E-14
7479.64966291993  7.694226E-14
7479.71001949336  7.845210E-14
7479.77037130408  7.780194E-14
7479.83071835191  8.212022E-14
7479.89106063664  8.032426E-14
7479.95139815807  7.669013E-14
7480.01173091602  7.952201E-14
7480.07205891028  8.039114E-14
7480.13238214065  7.855675E-14
7480.19270060695  7.931104E-14
7480.25301430897  7.966533E-14
7480.31332324651  7.780678E-14
7480.3736274194  7.429972E-14
7480.43392682742  7.538630E-14
7480.49422147038  7.875778E-14
7480.55451134808  7.951613E-14
7480.61479646033  7.748165E-14
7480.67507680694  8.016410E-14
7480.73535238771  7.631151E-14
7480.79562320244  7.939794E-14
7480.85588925093  7.814883E-14
7480.916150533  7.571854E-14
7480.97640704844  8.014780E-14
7481.03665879706  7.752708E-14
7481.09690577868  7.956161E-14
7481.15714799307  7.853947E-14
7481.21738544007  7.652077E-14
7481.27761811947  8.044500E-14
7481.33784603106  7.869163E-14
7481.39806917468  7.846874E-14
7481.4582875501  7.944046E-14
7481.51850115715  7.749822E-14
7481.57870999563  7.684440E-14
7481.63891406533  7.689967E-14
7481.69911336607  7.888363E-14
7481.75930789765  7.880893E-14
7481.81949765989  7.968643E-14
7481.87968265257  7.854522E-14
7481.93986287551  7.606302E-14
7482.00003832852  7.746919E-14
7482.0602090114  7.821731E-14
7482.12037492395  7.467840E-14
7482.18053606599  7.386196E-14
7482.24069243732  8.090460E-14
7482.30084403773  7.826658E-14
7482.36099086705  7.213747E-14
7482.42113292508  8.282761E-14
7482.48127021162  7.772420E-14
7482.54140272647  7.824066E-14
7482.60153046945  7.805314E-14
7482.66165344037  7.596043E-14
7482.72177163902  7.821818E-14
7482.78188506521  8.048335E-14
7482.84199371876  7.471664E-14
7482.90209759946  7.703685E-14
7482.96219670713  7.729888E-14
7483.02229104157  7.701255E-14
7483.08238060259  7.746474E-14
7483.14246538999  7.747871E-14
7483.20254540359  8.160250E-14
7483.26262064318  7.265758E-14
7483.32269110858  7.791685E-14
7483.38275679959  7.855880E-14
7483.44281771603  7.702299E-14
7483.50287385769  7.923654E-14
7483.56292522438  8.001074E-14
7483.62297181592  7.574481E-14
7483.68301363211  7.794102E-14
7483.74305067276  7.677186E-14
7483.80308293767  7.784585E-14
7483.86311042665  7.952973E-14
7483.92313313952  8.157243E-14
7483.98315107607  7.673959E-14
7484.04316423612  7.378900E-14
7484.10317261947  7.873047E-14
7484.16317622593  7.792896E-14
7484.22317505532  8.056971E-14
7484.28316910743  8.199916E-14
7484.34315838208  7.887794E-14
7484.40314287908  7.990607E-14
7484.46312259822  8.063388E-14
7484.52309753933  7.827376E-14
7484.58306770221  7.644604E-14
7484.64303308667  8.018005E-14
7484.70299369251  7.797929E-14
7484.76294951955  8.081235E-14
7484.82290056759  8.049036E-14
7484.88284683644  8.350415E-14
7484.94278832592  7.715778E-14
7485.00272503583  7.955182E-14
7485.06265696597  7.797417E-14
7485.12258411617  8.163674E-14
7485.18250648622  7.786926E-14
7485.24242407594  8.038062E-14
7485.30233688513  7.620485E-14
7485.36224491361  8.384959E-14
7485.42214816118  7.620111E-14
7485.48204662766  7.882937E-14
7485.54194031285  7.727614E-14
7485.60182921656  7.192045E-14
7485.6617133386  7.739832E-14
7485.72159267879  7.933071E-14
7485.78146723693  7.407868E-14
7485.84133701282  8.000061E-14
7485.90120200629  7.976776E-14
7485.96106221714  7.931681E-14
7486.02091764518  7.854530E-14
7486.08076829023  7.957123E-14
7486.14061415208  7.915318E-14
7486.20045523055  8.000235E-14
7486.26029152546  8.151515E-14
7486.3201230366  7.756104E-14
7486.3799497638  7.853189E-14
7486.43977170686  7.848151E-14
7486.49958886559  8.086125E-14
7486.55940123981  7.935280E-14
7486.61920882932  7.783533E-14
7486.67901163393  8.050326E-14
7486.73880965346  7.544398E-14
7486.79860288771  7.835079E-14
7486.8583913365  7.918973E-14
7486.91817499964  7.929948E-14
7486.97795387693  7.802891E-14
7487.0377279682  8.302230E-14
7487.09749727325  7.849208E-14
7487.15726179188  7.830286E-14
7487.21702152392  7.703954E-14
7487.27677646918  7.713419E-14
7487.33652662746  7.807562E-14
7487.39627199857  7.543743E-14
7487.45601258234  8.138160E-14
7487.51574837856  8.121602E-14
7487.57547938706  7.697563E-14
7487.63520560764  7.971838E-14
7487.69492704011  7.991818E-14
7487.75464368429  7.513578E-14
7487.81435553999  7.959922E-14
7487.87406260702  7.953439E-14
7487.93376488519  7.932642E-14
7487.99346237431  7.622014E-14
7488.05315507421  8.092091E-14
7488.11284298468  7.751299E-14
7488.17252610554  7.594157E-14
7488.2322044366  7.928920E-14
7488.29187797768  7.689665E-14
7488.35154672858  8.062514E-14
7488.41121068913  7.634833E-14
7488.47086985913  8.248403E-14
7488.53052423839  7.936922E-14
7488.59017382673  7.664412E-14
7488.64981862397  7.991808E-14
7488.7094586299  8.193596E-14
7488.76909384436  7.534248E-14
7488.82872426714  7.544027E-14
7488.88834989806  7.601881E-14
7488.94797073694  7.778381E-14
7489.00758678359  7.425773E-14
7489.06719803782  8.002257E-14
7489.12680449944  7.513426E-14
7489.18640616827  7.484634E-14
7489.24600304412  8.074682E-14
7489.30559512681  7.907467E-14
7489.36518241615  7.813137E-14
7489.42476491194  7.655264E-14
7489.48434261402  7.618172E-14
7489.54391552218  7.969754E-14
7489.60348363624  8.087091E-14
7489.66304695602  7.533913E-14
7489.72260548134  7.844263E-14
7489.78215921199  7.608628E-14
7489.8417081478  7.705247E-14
7489.90125228859  7.797013E-14
7489.96079163416  7.957113E-14
7490.02032618434  8.063966E-14
7490.07985593893  7.840769E-14
7490.13938089774  7.354963E-14
7490.1989010606  7.835785E-14
7490.25841642732  7.730174E-14
7490.31792699771  7.644766E-14
7490.37743277159  7.945025E-14
7490.43693374877  7.682222E-14
7490.49642992907  7.556400E-14
7490.5559213123  7.990766E-14
7490.61540789827  7.949337E-14
7490.6748896868  7.800256E-14
7490.73436667771  7.959304E-14
7490.79383887081  7.736593E-14
7490.85330626592  8.105664E-14
7490.91276886284  7.863544E-14
7490.97222666141  7.244503E-14
7491.03167966142  7.836734E-14
7491.0911278627  7.496790E-14
7491.15057126506  7.486743E-14
7491.21000986832  7.776429E-14
7491.2694436723  7.508716E-14
7491.3288726768  7.976129E-14
7491.38829688164  7.787239E-14
7491.44771628665  7.851461E-14
7491.50713089163  7.930970E-14
7491.5665406964  7.756511E-14
7491.62594570078  7.919334E-14
7491.68534590458  7.751175E-14
7491.74474130762  7.492691E-14
7491.80413190972  7.975884E-14
7491.86351771069  7.375047E-14
7491.92289871034  7.526771E-14
7491.9822749085  7.317860E-14
7492.04164630498  7.645586E-14
7492.1010128996  7.378810E-14
7492.16037469217  7.300612E-14
7492.2197316825  7.697598E-14
7492.27908387043  8.019402E-14
7492.33843125575  7.679441E-14
7492.3977738383  7.418904E-14
7492.45711161788  7.175127E-14
7492.51644459432  7.703173E-14
7492.57577276742  7.477061E-14
7492.63509613702  7.727655E-14
7492.69441470291  7.459184E-14
7492.75372846493  7.172986E-14
7492.81303742288  7.815752E-14
7492.87234157659  7.307178E-14
7492.93164092588  7.747144E-14
7492.99093547055  7.580073E-14
7493.05022521043  7.375522E-14
7493.10951014533  7.498647E-14
7493.16879027508  7.438170E-14
7493.22806559948  7.433965E-14
7493.28733611837  7.531712E-14
7493.34660183155  7.708057E-14
7493.40586273884  7.639762E-14
7493.46511884007  7.638599E-14
7493.52437013504  7.091552E-14
7493.58361662358  8.169261E-14
7493.6428583055  7.801363E-14
7493.70209518063  7.127913E-14
7493.76132724877  8.269238E-14
7493.82055450976  7.675476E-14
7493.8797769634  7.396842E-14
7493.93899460952  7.672210E-14
7493.99820744794  7.936518E-14
7494.05741547846  7.780332E-14
7494.11661870092  8.060123E-14
7494.17581711513  8.226652E-14
7494.2350107209  7.710448E-14
7494.29419951807  8.165540E-14
7494.35338350644  7.822904E-14
7494.41256268583  7.469460E-14
7494.47173705607  7.593610E-14
7494.53090661697  7.850522E-14
7494.59007136835  7.855378E-14
7494.64923131003  7.844651E-14
7494.70838644184  7.832986E-14
7494.76753676358  7.912352E-14
7494.82668227508  7.495100E-14
7494.88582297616  7.551791E-14
7494.94495886663  7.704381E-14
7495.00408994633  7.515546E-14
7495.06321621506  8.090653E-14
7495.12233767264  8.025578E-14
7495.18145431891  7.793064E-14
7495.24056615366  7.545180E-14
7495.29967317673  7.603021E-14
7495.35877538794  7.323616E-14
7495.4178727871  7.690733E-14
7495.47696537403  7.947293E-14
7495.53605314857  7.473537E-14
7495.59513611051  7.247997E-14
7495.6542142597  7.631953E-14
7495.71328759593  7.431630E-14
7495.77235611905  7.356585E-14
7495.83141982886  7.178497E-14
7495.89047872518  6.989213E-14
7495.94953280784  7.344784E-14
7496.00858207666  7.001572E-14
7496.06762653147  6.959744E-14
7496.12666617206  6.740201E-14
7496.18570099828  7.092624E-14
7496.24473100994  7.159731E-14
7496.30375620686  7.039316E-14
7496.36277658886  6.705872E-14
7496.42179215577  7.148569E-14
7496.4808029074  7.050568E-14
7496.53980884357  6.988512E-14
7496.59880996411  7.616602E-14
7496.65780626884  7.409434E-14
7496.71679775758  7.410472E-14
7496.77578443015  7.293826E-14
7496.83476628637  7.229583E-14
7496.89374332607  6.953661E-14
7496.95271554906  7.250372E-14
7497.01168295517  7.296399E-14
7497.07064554421  7.067358E-14
7497.12960331602  7.125501E-14
7497.18855627041  7.249851E-14
7497.2475044072  7.056142E-14
7497.30644772622  7.804387E-14
7497.36538622729  7.534318E-14
7497.42431991022  7.259329E-14
7497.48324877485  7.220036E-14
7497.54217282099  7.626962E-14
7497.60109204847  8.100063E-14
7497.66000645711  7.420930E-14
7497.71891604673  7.641002E-14
7497.77782081715  7.633019E-14
7497.8367207682  7.871804E-14
7497.8956158997  8.038269E-14
7497.95450621147  7.921782E-14
7498.01339170334  8.102954E-14
7498.07227237511  7.956043E-14
7498.13114822664  7.893844E-14
7498.19001925772  7.783603E-14
7498.24888546819  7.990244E-14
7498.30774685787  7.759232E-14
7498.36660342658  7.397877E-14
7498.42545517414  7.450652E-14
7498.48430210039  7.549206E-14
7498.54314420513  7.664878E-14
7498.6019814882  8.239724E-14
7498.66081394941  7.801730E-14
7498.7196415886  8.013470E-14
7498.77846440559  7.740348E-14
7498.83728240019  7.655823E-14
7498.89609557223  7.925821E-14
7498.95490392154  8.109844E-14
7499.01370744794  7.654175E-14
7499.07250615126  7.517771E-14
7499.13130003131  7.948421E-14
7499.19008908792  8.151252E-14
7499.24887332092  7.638849E-14
7499.30765273013  7.705697E-14
7499.36642731537  8.010933E-14
7499.42519707647  7.887299E-14
7499.48396201326  7.884025E-14
7499.54272212555  8.163714E-14
7499.60147741317  7.724356E-14
7499.66022787594  7.876947E-14
7499.7189735137  7.758932E-14
7499.77771432626  7.861509E-14
7499.83645031345  7.754095E-14
7499.8951814751  7.659162E-14
7499.95390781102  7.479018E-14
7500.01262932105  7.776710E-14
7500.071346005  7.499266E-14
7500.13005786271  8.091671E-14
7500.188764894  7.809017E-14
7500.2474670987  7.293227E-14
7500.30616447662  8.153745E-14
7500.36485702759  7.594554E-14
7500.42354475145  7.327782E-14
7500.48222764801  7.444728E-14
7500.5409057171  7.908834E-14
7500.59957895855  8.058581E-14
7500.65824737217  7.541128E-14
7500.71691095781  7.823093E-14
7500.77556971527  7.822616E-14
7500.8342236444  7.858420E-14
7500.89287274501  7.886953E-14
7500.95151701693  7.630391E-14
7501.01015645999  8.092433E-14
7501.068791074  7.746314E-14
7501.12742085881  7.117749E-14
7501.18604581423  8.077503E-14
7501.24466594009  7.551016E-14
7501.30328123621  7.568134E-14
7501.36189170243  7.498247E-14
7501.42049733857  8.107667E-14
7501.47909814446  7.667132E-14
7501.53769411991  7.883597E-14
7501.59628526477  7.852180E-14
7501.65487157885  7.916415E-14
7501.71345306198  7.964749E-14
7501.77202971399  7.504833E-14
7501.83060153471  7.581444E-14
7501.88916852396  7.548651E-14
7501.94773068157  7.569383E-14
7502.00628800736  7.734479E-14
7502.06484050117  7.719796E-14
7502.12338816282  7.648367E-14
7502.18193099214  7.515149E-14
7502.24046898895  7.862224E-14
7502.29900215308  7.650865E-14
7502.35753048437  7.514221E-14
7502.41605398263  7.699510E-14
7502.4745726477  7.787963E-14
7502.5330864794  7.783475E-14
7502.59159547756  7.553619E-14
7502.650099642  7.711153E-14
7502.70859897256  7.082355E-14
7502.76709346907  7.512890E-14
7502.82558313135  7.384130E-14
7502.88406795922  8.047152E-14
7502.94254795252  7.971670E-14
7503.00102311108  7.611849E-14
7503.05949343472  7.651982E-14
7503.11795892327  8.030393E-14
7503.17641957656  7.748523E-14
7503.23487539442  7.970096E-14
7503.29332637668  7.590192E-14
7503.35177252316  7.983937E-14
7503.41021383369  7.608358E-14
7503.46865030811  7.336031E-14
7503.52708194624  7.788595E-14
7503.5855087479  7.928958E-14
7503.64393071294  7.513531E-14
7503.70234784117  7.762796E-14
7503.76076013243  8.020230E-14
7503.81916758654  7.764615E-14
7503.87757020333  8.143493E-14
7503.93596798264  7.227833E-14
7503.9943609243  7.614718E-14
7504.05274902812  7.560415E-14
7504.11113229394  7.672410E-14
7504.1695107216  7.664652E-14
7504.22788431091  7.363999E-14
7504.28625306171  7.669915E-14
7504.34461697383  7.344737E-14
7504.40297604709  7.553954E-14
7504.46133028134  7.725815E-14
7504.51967967639  7.349544E-14
7504.57802423208  7.801634E-14
7504.63636394824  7.725188E-14
7504.69469882469  7.506677E-14
7504.75302886127  7.215933E-14
7504.81135405781  7.514716E-14
7504.86967441413  7.327767E-14
7504.92798993008  8.101128E-14
7504.98630060546  7.797763E-14
7505.04460644013  7.770421E-14
7505.1029074339  7.402114E-14
7505.16120358662  7.670268E-14
7505.2194948981  7.478478E-14
7505.27778136818  7.534528E-14
7505.33606299669  7.391600E-14
7505.39433978346  7.075552E-14
7505.45261172833  7.818868E-14
7505.51087883111  7.769048E-14
7505.56914109165  7.557935E-14
7505.62739850977  7.234467E-14
7505.68565108531  7.508173E-14
7505.74389881809  7.826351E-14
7505.80214170795  7.656367E-14
7505.86037975472  7.609235E-14
7505.91861295823  8.068252E-14
7505.97684131831  7.447848E-14
7506.03506483479  7.744472E-14
7506.09328350751  7.290019E-14
7506.15149733629  7.581761E-14
7506.20970632096  7.697928E-14
7506.26791046137  7.419778E-14
7506.32610975734  8.036624E-14
7506.38430420869  7.269340E-14
7506.44249381527  7.599483E-14
7506.50067857691  7.529577E-14
7506.55885849343  7.813015E-14
7506.61703356468  7.068183E-14
7506.67520379047  7.624736E-14
7506.73336917065  7.534147E-14
7506.79152970504  7.318606E-14
7506.84968539348  7.368504E-14
7506.9078362358  7.629638E-14
7506.96598223184  7.112407E-14
7507.02412338142  7.815074E-14
7507.08225968437  7.116705E-14
7507.14039114054  7.778181E-14
7507.19851774975  7.757143E-14
7507.25663951184  7.788353E-14
7507.31475642663  7.401412E-14
7507.37286849397  7.509347E-14
7507.43097571367  7.015978E-14
7507.48907808559  7.598890E-14
7507.54717560954  7.761249E-14
7507.60526828537  7.490259E-14
7507.66335611291  7.716954E-14
7507.72143909198  7.281167E-14
7507.77951722243  7.298876E-14
7507.83759050408  7.430135E-14
7507.89565893677  7.532296E-14
7507.95372252033  7.481402E-14
7508.0117812546  7.400757E-14
7508.06983513941  7.441317E-14
7508.1278841746  7.291188E-14
7508.18592835998  7.148700E-14
7508.24396769542  7.240215E-14
7508.30200218072  7.604736E-14
7508.36003181574  7.036623E-14
7508.41805660029  7.567054E-14
7508.47607653423  7.398739E-14
7508.53409161737  7.357927E-14
7508.59210184956  7.360684E-14
7508.65010723063  7.627491E-14
7508.70810776041  6.887177E-14
7508.76610343874  7.969843E-14
7508.82409426545  7.588080E-14
7508.88208024037  7.746358E-14
7508.94006136335  7.127509E-14
7508.99803763422  7.497960E-14
7509.0560090528  7.097107E-14
7509.11397561894  7.288983E-14
7509.17193733247  7.505157E-14
7509.22989419322  7.304194E-14
7509.28784620104  7.388331E-14
7509.34579335574  7.004472E-14
7509.40373565718  7.708745E-14
7509.46167310518  7.583300E-14
7509.51960569958  7.231095E-14
7509.57753344021  7.991082E-14
7509.63545632692  7.251815E-14
7509.69337435953  7.699879E-14
7509.75128753788  8.093169E-14
7509.80919586181  7.424883E-14
7509.86709933115  7.523785E-14
7509.92499794574  7.915782E-14
7509.98289170541  7.367329E-14
7510.04078061  7.827133E-14
7510.09866465935  7.398915E-14
7510.15654385328  7.735904E-14
7510.21441819164  7.246002E-14
7510.27228767427  8.002396E-14
7510.33015230099  7.744932E-14
7510.38801207165  7.928744E-14
7510.44586698608  7.815293E-14
7510.50371704411  7.821353E-14
7510.56156224559  7.911261E-14
7510.61940259035  7.718798E-14
7510.67723807823  7.583361E-14
7510.73506870905  7.711847E-14
7510.79289448267  7.613426E-14
7510.85071539891  7.491465E-14
7510.90853145761  7.432375E-14
7510.96634265862  7.506233E-14
7511.02414900175  7.535589E-14
7511.08195048687  7.660657E-14
7511.13974711379  6.981160E-14
7511.19753888236  7.625775E-14
7511.25532579241  7.837988E-14
7511.31310784378  6.962691E-14
7511.37088503631  7.744469E-14
7511.42865736984  7.428340E-14
7511.4864248442  7.236709E-14
7511.54418745923  6.861533E-14
7511.60194521476  7.281174E-14
7511.65969811064  6.176706E-14
7511.71744614671  6.901832E-14
7511.77518932279  7.062161E-14
7511.83292763873  6.891283E-14
7511.89066109437  6.918067E-14
7511.94838968954  6.832459E-14
7512.00611342408  6.329919E-14
7512.06383229783  6.624923E-14
7512.12154631063  7.392143E-14
7512.17925546231  7.226966E-14
7512.23695975271  6.612961E-14
7512.29465918168  6.944259E-14
7512.35235374905  6.549200E-14
7512.41004345465  6.582405E-14
7512.46772829833  7.003249E-14
7512.52540827993  6.276347E-14
7512.58308339928  6.599671E-14
7512.64075365622  6.960805E-14
7512.69841905059  6.500463E-14
7512.75607958223  7.120088E-14
7512.81373525099  6.663092E-14
7512.87138605668  6.722442E-14
7512.92903199916  6.711924E-14
7512.98667307827  6.789663E-14
7513.04430929384  6.697345E-14
7513.10194064571  6.335950E-14
7513.15956713373  7.142571E-14
7513.21718875772  7.272466E-14
7513.27480551754  6.952399E-14
7513.33241741301  7.339399E-14
7513.39002444399  7.438975E-14
7513.4476266103  6.827830E-14
7513.5052239118  7.270488E-14
7513.5628163483  7.520936E-14
7513.62040391967  7.410768E-14
7513.67798662573  7.279613E-14
7513.73556446633  7.642145E-14
7513.79313744131  7.450973E-14
7513.85070555051  7.296415E-14
7513.90826879375  7.207611E-14
7513.9658271709  7.382567E-14
7514.02338068178  7.698380E-14
7514.08092932624  7.254098E-14
7514.13847310412  7.846144E-14
7514.19601201525  7.378648E-14
7514.25354605948  7.362133E-14
7514.31107523665  7.601300E-14
7514.3685995466  7.432437E-14
7514.42611898916  7.522628E-14
7514.48363356419  7.394639E-14
