8921.93111578444  9.004231E-14
8922.01359942611  9.922266E-14
8922.09607782571  9.600029E-14
8922.17855098285  1.060980E-13
8922.26101889714  9.308824E-14
8922.34348156816  9.112061E-14
8922.42593899554  1.016364E-13
8922.50839117888  9.649532E-14
8922.59083811778  1.087022E-13
8922.67327981185  1.076138E-13
8922.7557162607  9.654291E-14
8922.83814746393  1.100679E-13
8922.92057342116  1.037889E-13
8923.00299413198  9.791280E-14
8923.085409596  1.009579E-13
8923.16781981283  1.021902E-13
8923.25022478208  9.553480E-14
8923.33262450336  9.820134E-14
8923.41501897627  1.059500E-13
8923.49740820042  9.748487E-14
8923.57979217542  1.019099E-13
8923.66217090087  1.006823E-13
8923.74454437638  1.035095E-13
8923.82691260156  9.957782E-14
8923.90927557602  9.219714E-14
8923.99163329936  9.771745E-14
8924.07398577121  1.058247E-13
8924.15633299114  9.722025E-14
8924.23867495879  1.028477E-13
8924.32101167376  1.012268E-13
8924.40334313566  9.415553E-14
8924.48566934409  1.033504E-13
8924.56799029867  1.039955E-13
8924.650305999  1.017019E-13
8924.7326164447  9.479017E-14
8924.81492163536  1.014653E-13
8924.89722157061  9.466306E-14
8924.97951625004  9.132246E-14
8925.06180567328  1.044477E-13
8925.14408983993  1.016829E-13
8925.22636874959  9.945347E-14
8925.30864240188  1.014997E-13
8925.39091079641  9.978052E-14
8925.47317393279  9.815551E-14
8925.55543181063  9.572620E-14
8925.63768442954  1.022182E-13
8925.71993178912  9.814712E-14
8925.802173889  9.931945E-14
8925.88441072877  9.137197E-14
8925.96664230806  9.276211E-14
8926.04886862646  9.440565E-14
8926.13108968361  9.667652E-14
8926.21330547909  9.581534E-14
8926.29551601252  1.036187E-13
8926.37772128352  9.536688E-14
8926.4599212917  9.154891E-14
8926.54211603666  1.006919E-13
8926.62430551803  9.781959E-14
8926.7064897354  9.879651E-14
8926.7886686884  9.891428E-14
8926.87084237663  1.007791E-13
8926.95301079971  9.839100E-14
8927.03517395725  9.293753E-14
8927.11733184886  9.129793E-14
8927.19948447415  1.022313E-13
8927.28163183273  1.028761E-13
8927.36377392423  9.827427E-14
8927.44591074824  1.023406E-13
8927.52804230438  9.604389E-14
8927.61016859228  9.751005E-14
8927.69228961153  8.644999E-14
8927.77440536175  9.304858E-14
8927.85651584256  9.280524E-14
8927.93862105357  9.349959E-14
8928.02072099438  9.844749E-14
8928.10281566463  8.772360E-14
8928.18490506391  8.291428E-14
8928.26698919184  9.127223E-14
8928.34906804804  9.324551E-14
8928.43114163212  9.800627E-14
8928.51320994369  9.691661E-14
8928.59527298237  9.596168E-14
8928.67733074777  9.407221E-14
8928.75938323951  9.461563E-14
8928.8414304572  8.930308E-14
8928.92347240046  8.568965E-14
8929.0055090689  8.500609E-14
8929.08754046213  9.498733E-14
8929.16956657976  9.329957E-14
8929.25158742143  9.368716E-14
8929.33360298674  8.747536E-14
8929.4156132753  9.030577E-14
8929.49761828673  9.402541E-14
8929.57961802065  9.336355E-14
8929.66161247666  9.148661E-14
8929.7436016544  9.518385E-14
8929.82558555347  8.925457E-14
8929.90756417349  9.042109E-14
8929.98953751406  8.906562E-14
8930.07150557482  9.668992E-14
8930.15346835538  8.928957E-14
8930.23542585535  9.256264E-14
8930.31737807436  8.237385E-14
8930.39932501201  9.386152E-14
8930.48126666792  9.181942E-14
8930.56320304171  9.222663E-14
8930.64513413299  9.648880E-14
8930.72705994139  9.238142E-14
8930.80898046652  9.439248E-14
8930.890895708  9.496852E-14
8930.97280566544  9.499532E-14
8931.05471033847  9.722307E-14
8931.13660972669  1.012280E-13
8931.21850382973  9.993864E-14
8931.30039264721  9.851808E-14
8931.38227617874  9.732349E-14
8931.46415442394  9.966730E-14
8931.54602738243  9.456119E-14
8931.62789505382  9.263078E-14
8931.70975743774  1.002664E-13
8931.79161453381  9.825578E-14
8931.87346634164  9.347986E-14
8931.95531286084  9.702493E-14
8932.03715409105  9.506115E-14
8932.11899003187  9.128728E-14
8932.20082068294  9.686794E-14
8932.28264604386  9.878188E-14
8932.36446611425  9.518558E-14
8932.44628089374  9.861462E-14
8932.52809038194  9.902525E-14
8932.60989457847  9.700147E-14
8932.69169348296  1.026029E-13
8932.77348709502  9.644014E-14
8932.85527541428  9.585158E-14
8932.93705844035  9.723600E-14
8933.01883617284  9.779474E-14
8933.10060861139  1.033046E-13
8933.18237575562  9.483593E-14
8933.26413760513  9.476076E-14
8933.34589415956  9.319189E-14
8933.42764541853  1.007251E-13
8933.50939138165  9.681654E-14
8933.59113204854  9.030004E-14
8933.67286741883  9.937628E-14
8933.75459749214  9.417877E-14
8933.83632226808  1.049447E-13
8933.91804174629  8.935812E-14
8933.99975592638  8.459569E-14
8934.08146480797  8.988982E-14
8934.16316839068  9.191792E-14
8934.24486667414  9.229453E-14
8934.32655965797  1.045853E-13
8934.40824734178  9.722330E-14
8934.48992972521  1.034572E-13
8934.57160680787  9.924184E-14
8934.65327858938  9.701924E-14
8934.73494506938  1.042498E-13
8934.81660624747  8.968216E-14
8934.89826212329  9.761221E-14
8934.97991269645  9.290287E-14
8935.06155796658  9.211605E-14
8935.1431979333  1.007213E-13
8935.22483259623  9.849574E-14
8935.306461955  9.771153E-14
8935.38808600924  9.566501E-14
8935.46970475855  9.759893E-14
8935.55131820257  9.494895E-14
8935.63292634093  9.338337E-14
8935.71452917323  9.775600E-14
8935.79612669912  9.857776E-14
8935.8777189182  9.868044E-14
8935.95930583012  1.015981E-13
8936.04088743448  9.934050E-14
8936.12246373091  1.029677E-13
8936.20403471904  9.604253E-14
8936.2856003985  9.951167E-14
8936.3671607689  1.012472E-13
8936.44871582987  9.534941E-14
8936.53026558104  9.401423E-14
8936.61181002203  9.893759E-14
8936.69334915247  9.755769E-14
8936.77488297197  9.833401E-14
8936.85641148018  9.475917E-14
8936.9379346767  9.408631E-14
8937.01945256118  1.022829E-13
8937.10096513322  9.129241E-14
8937.18247239246  1.036587E-13
8937.26397433852  9.446467E-14
8937.34547097104  9.937578E-14
8937.42696228962  9.471608E-14
8937.50844829392  9.819915E-14
8937.58992898353  9.759875E-14
8937.6714043581  1.060263E-13
8937.75287441725  9.983182E-14
8937.83433916061  9.293538E-14
8937.9157985878  9.971933E-14
8937.99725269845  1.051706E-13
8938.07870149218  9.740655E-14
8938.16014496864  9.192778E-14
8938.24158312742  9.893339E-14
8938.32301596818  1.052660E-13
8938.40444349053  9.937046E-14
8938.4858656941  9.786980E-14
8938.56728257853  9.580377E-14
8938.64869414342  1.025653E-13
8938.73010038843  1.024787E-13
8938.81150131316  1.033912E-13
8938.89289691726  9.944876E-14
8938.97428720034  9.770119E-14
8939.05567216205  1.021304E-13
8939.13705180199  9.928020E-14
8939.21842611981  1.093525E-13
8939.29979511513  1.047575E-13
8939.38115878758  9.665778E-14
8939.46251713678  1.002628E-13
8939.54387016238  1.035228E-13
8939.62521786399  1.026270E-13
8939.70656024124  8.995809E-14
8939.78789729377  9.906609E-14
8939.8692290212  9.982263E-14
8939.95055542317  1.023730E-13
8940.03187649929  9.609683E-14
8940.11319224921  9.321731E-14
8940.19450267255  8.872905E-14
8940.27580776894  9.250572E-14
8940.35710753801  9.746287E-14
8940.43840197939  9.622050E-14
8940.51969109271  8.955236E-14
8940.6009748776  9.466826E-14
8940.6822533337  9.606506E-14
8940.76352646062  8.861497E-14
8940.84479425801  9.301853E-14
8940.92605672548  9.749069E-14
8941.00731386269  1.012339E-13
8941.08856566924  9.625964E-14
8941.16981214478  9.238773E-14
8941.25105328894  1.007414E-13
8941.33228910135  1.033751E-13
8941.41351958163  1.013891E-13
8941.49474472942  9.587893E-14
8941.57596454435  8.888189E-14
8941.65717902606  9.395139E-14
8941.73838817417  9.762707E-14
8941.81959198832  9.999268E-14
8941.90079046814  9.774206E-14
8941.98198361325  9.914408E-14
8942.0631714233  1.012836E-13
8942.14435389791  1.028215E-13
8942.22553103673  9.651914E-14
8942.30670283937  8.775801E-14
8942.38786930547  9.489404E-14
8942.46903043466  9.510024E-14
8942.55018622659  9.823523E-14
8942.63133668087  9.953090E-14
8942.71248179715  1.096432E-13
8942.79362157505  1.075534E-13
8942.87475601422  9.795202E-14
8942.95588511427  1.028726E-13
8943.03700887486  1.040198E-13
8943.1181272956  9.423332E-14
8943.19924037614  8.974274E-14
8943.28034811611  9.979594E-14
8943.36145051513  1.042249E-13
8943.44254757286  1.046620E-13
8943.52363928891  1.064670E-13
8943.60472566292  1.014435E-13
8943.68580669454  1.002778E-13
8943.76688238338  9.654343E-14
8943.8479527291  1.039958E-13
8943.92901773131  9.470046E-14
8944.01007738966  9.320366E-14
8944.09113170378  9.391233E-14
8944.17218067331  8.808140E-14
8944.25322429788  9.432282E-14
8944.33426257713  9.811626E-14
8944.41529551069  1.033039E-13
8944.49632309819  9.019319E-14
8944.57734533928  1.001682E-13
8944.65836223358  9.582575E-14
8944.73937378075  8.783156E-14
8944.8203799804  1.028088E-13
8944.90138083217  8.515263E-14
8944.98237633571  9.547699E-14
8945.06336649065  9.252001E-14
8945.14435129662  1.007030E-13
8945.22533075326  9.304477E-14
8945.30630486021  9.544861E-14
8945.3872736171  9.589457E-14
8945.46823702357  9.815908E-14
8945.54919507927  9.732955E-14
8945.63014778381  9.992521E-14
8945.71109513685  9.605729E-14
8945.79203713801  9.110322E-14
8945.87297378695  9.435830E-14
8945.95390508328  9.550477E-14
8946.03483102665  1.046667E-13
8946.11575161671  9.291602E-14
8946.19666685308  9.259408E-14
8946.2775767354  8.911409E-14
8946.35848126332  9.100360E-14
8946.43938043646  9.360049E-14
8946.52027425448  8.744475E-14
8946.60116271699  9.329128E-14
8946.68204582366  9.111458E-14
8946.7629235741  9.188566E-14
8946.84379596797  8.777817E-14
8946.9246630049  8.246014E-14
8947.00552468453  8.880588E-14
8947.08638100649  9.280596E-14
8947.16723197044  9.260900E-14
8947.24807757599  9.427271E-14
8947.32891782281  9.483344E-14
8947.40975271052  9.015563E-14
8947.49058223876  9.655826E-14
8947.57140640717  9.507767E-14
8947.6522252154  9.771156E-14
8947.73303866309  9.758489E-14
8947.81384674987  9.814134E-14
8947.89464947538  9.404593E-14
8947.97544683926  9.406261E-14
8948.05623884115  9.325392E-14
8948.1370254807  9.558143E-14
8948.21780675754  9.721312E-14
8948.29858267132  1.009277E-13
8948.37935322167  9.795941E-14
8948.46011840824  8.756434E-14
8948.54087823067  9.277292E-14
8948.62163268859  8.702585E-14
8948.70238178165  9.541313E-14
8948.7831255095  9.652088E-14
8948.86386387176  9.762159E-14
8948.94459686809  9.257979E-14
8949.02532449812  9.939137E-14
8949.1060467615  9.746757E-14
8949.18676365787  9.622923E-14
8949.26747518686  9.890462E-14
8949.34818134813  9.901813E-14
8949.42888214131  9.803639E-14
8949.50957756604  1.023591E-13
8949.59026762198  9.545607E-14
8949.67095230875  9.896773E-14
8949.75163162601  1.041594E-13
8949.8323055734  9.820698E-14
8949.91297415055  9.784117E-14
8949.99363735711  9.333363E-14
8950.07429519273  9.377647E-14
8950.15494765704  9.855810E-14
8950.2355947497  9.385252E-14
8950.31623647033  9.699785E-14
8950.3968728186  9.483847E-14
8950.47750379414  9.535536E-14
8950.55812939659  9.921516E-14
8950.6387496256  9.986777E-14
8950.7193644808  1.000937E-13
8950.79997396186  9.127482E-14
8950.88057806841  9.402833E-14
8950.96117680008  9.422619E-14
8951.04177015654  9.887181E-14
8951.12235813742  9.255784E-14
8951.20294074237  9.906155E-14
8951.28351797102  1.010668E-13
8951.36408982304  9.471825E-14
8951.44465629805  8.999504E-14
8951.52521739571  9.982479E-14
8951.60577311566  9.519794E-14
8951.68632345755  8.567433E-14
8951.76686842102  8.653497E-14
8951.84740800571  9.661414E-14
8951.92794221128  9.151084E-14
8952.00847103736  1.019653E-13
8952.08899448361  8.808877E-14
8952.16951254967  8.738695E-14
8952.25002523518  8.429442E-14
8952.33053253979  9.392649E-14
8952.41103446315  8.990303E-14
8952.49153100491  9.914272E-14
8952.5720221647  1.025983E-13
8952.65250794218  1.001754E-13
8952.73298833699  1.049420E-13
8952.81346334878  9.978910E-14
8952.89393297719  9.957592E-14
8952.97439722188  9.938525E-14
8953.05485608249  9.928344E-14
8953.13530955867  1.040153E-13
8953.21575765006  1.017164E-13
8953.29620035631  1.068629E-13
8953.37663767707  1.043604E-13
8953.45706961199  1.013009E-13
8953.53749616071  9.843597E-14
8953.61791732288  9.731490E-14
8953.69833309815  1.036302E-13
8953.77874348617  9.937002E-14
8953.85914848659  9.562694E-14
8953.93954809905  1.002300E-13
8954.0199423232  9.796404E-14
8954.10033115869  9.724401E-14
8954.18071460518  9.118621E-14
8954.26109266229  7.920478E-14
8954.3414653297  7.725298E-14
8954.42183260704  8.477415E-14
8954.50219449397  9.270614E-14
8954.58255099013  9.158510E-14
8954.66290209517  9.913274E-14
8954.74324780874  9.564132E-14
8954.82358813049  7.874222E-14
8954.90392306008  6.803935E-14
8954.98425259715  6.433040E-14
8955.06457674134  7.552485E-14
8955.14489549232  9.095415E-14
8955.22520884972  9.834057E-14
8955.3055168132  1.018654E-13
8955.38581938241  1.024890E-13
8955.46611655701  9.912272E-14
8955.54640833664  1.013547E-13
8955.62669472094  1.013716E-13
8955.70697570958  9.987973E-14
8955.7872513022  9.849595E-14
8955.86752149845  9.739188E-14
8955.94778629799  9.684917E-14
8956.02804570046  9.607643E-14
8956.10829970552  9.908512E-14
8956.18854831282  1.033878E-13
8956.268791522  1.034942E-13
8956.34902933272  1.012237E-13
8956.42926174464  9.622725E-14
8956.5094887574  1.006941E-13
8956.58971037066  1.024866E-13
8956.66992658406  9.899151E-14
8956.75013739726  9.920551E-14
8956.83034280991  9.705098E-14
8956.91054282167  9.996939E-14
8956.99073743218  1.065600E-13
8957.0709266411  9.907460E-14
8957.15111044808  9.802187E-14
8957.23128885278  1.056249E-13
8957.31146185484  1.018948E-13
8957.39162945392  9.909841E-14
8957.47179164967  1.082262E-13
8957.55194844175  1.024270E-13
8957.63209982981  1.047579E-13
8957.7122458135  9.966666E-14
8957.79238639247  1.013841E-13
8957.87252156638  1.059763E-13
8957.95265133489  1.126679E-13
8958.03277569764  1.056961E-13
8958.11289465429  1.063170E-13
8958.19300820449  1.058330E-13
8958.27311634791  1.029333E-13
8958.35321908418  9.575063E-14
8958.43331641297  8.481565E-14
8958.51340833394  8.942210E-14
8958.59349484673  9.551509E-14
8958.67357595099  9.912215E-14
8958.7536516464  1.053445E-13
8958.83372193259  9.916594E-14
8958.91378680923  9.999715E-14
8958.99384627596  1.059527E-13
8959.07390033246  9.892781E-14
8959.15394897836  1.037582E-13
8959.23399221333  1.017971E-13
8959.31403003702  9.692619E-14
8959.39406244908  1.080307E-13
8959.47408944918  9.840234E-14
8959.55411103697  1.046757E-13
8959.6341272121  1.060001E-13
8959.71413797423  1.043664E-13
8959.79414332302  1.068776E-13
8959.87414325812  1.015706E-13
8959.95413777919  1.055353E-13
8960.03412688588  1.082462E-13
8960.11411057786  9.961431E-14
8960.19408885478  9.889329E-14
8960.27406171629  9.927690E-14
8960.35402916205  1.031844E-13
8960.43399119172  9.870190E-14
8960.51394780497  9.946902E-14
8960.59389900143  1.043343E-13
8960.67384478078  1.003755E-13
8960.75378514266  1.001051E-13
8960.83372008674  1.090231E-13
8960.91364961267  1.035446E-13
8960.99357372012  1.100501E-13
8961.07349240874  1.021855E-13
8961.15340567818  9.881159E-14
8961.23331352811  9.833268E-14
8961.31321595819  9.641659E-14
8961.39311296806  1.045344E-13
8961.4730045574  9.983689E-14
8961.55289072586  9.820823E-14
8961.6327714731  1.001163E-13
8961.71264679877  1.026978E-13
8961.79251670253  9.469053E-14
8961.87238118406  9.309769E-14
8961.952240243  9.819509E-14
8962.03209387901  9.809407E-14
8962.11194209175  8.836872E-14
8962.19178488088  8.764320E-14
8962.27162224607  7.155833E-14
8962.35145418697  6.534997E-14
8962.43128070323  7.468879E-14
8962.51110179453  6.894687E-14
8962.59091746052  6.987169E-14
8962.67072770086  8.226364E-14
8962.75053251521  8.585473E-14
8962.83033190324  9.411984E-14
8962.91012586459  1.006551E-13
8962.98991439894  1.015570E-13
8963.06969750594  9.476325E-14
8963.14947518525  1.003062E-13
8963.22924743654  9.820978E-14
8963.30901425946  9.530246E-14
8963.38877565368  7.994493E-14
8963.46853161885  6.849226E-14
8963.54828215465  7.286113E-14
8963.62802726073  8.230728E-14
8963.70776693674  1.008803E-13
8963.78750118237  1.038941E-13
8963.86722999725  9.941933E-14
8963.94695338107  1.046310E-13
8964.02667133347  1.003385E-13
8964.10638385413  9.991076E-14
8964.18609094269  1.014907E-13
8964.26579259883  1.011652E-13
8964.34548882221  9.834240E-14
8964.42517961249  1.012706E-13
8964.50486496934  1.041653E-13
8964.58454489241  1.018340E-13
8964.66421938137  1.035511E-13
8964.74388843588  1.038912E-13
8964.8235520556  1.002697E-13
8964.9032102402  1.045398E-13
8964.98286298934  1.028071E-13
8965.06251030269  1.004754E-13
8965.14215217991  9.768473E-14
8965.22178862065  9.246167E-14
8965.30141962459  8.495478E-14
8965.38104519139  6.087009E-14
8965.46066532071  5.769038E-14
8965.54028001222  6.364415E-14
8965.61988926559  8.007807E-14
8965.69949308046  8.598422E-14
8965.77909145652  9.045873E-14
8965.85868439341  1.025178E-13
8965.93827189082  1.034856E-13
8966.0178539484  1.024820E-13
8966.09743056582  1.091288E-13
8966.17700174274  9.847041E-14
8966.25656747882  8.960396E-14
8966.33612777375  7.843353E-14
8966.41568262717  7.638039E-14
8966.49523203875  8.209474E-14
8966.57477600816  9.534570E-14
8966.65431453507  1.012238E-13
8966.73384761913  9.734302E-14
8966.81337526002  9.689876E-14
8966.89289745741  9.984916E-14
8966.97241421095  9.819852E-14
8967.05192552032  9.877667E-14
8967.13143138517  1.040726E-13
8967.21093180518  1.014227E-13
8967.29042678002  9.900718E-14
8967.36991630934  1.001121E-13
8967.44940039282  1.024711E-13
8967.52887903012  1.018434E-13
8967.60835222092  1.042207E-13
8967.68781996487  1.006074E-13
8967.76728226164  1.092407E-13
8967.8467391109  8.945615E-14
8967.92619051232  1.019232E-13
8968.00563646557  1.079453E-13
8968.08507697031  1.032948E-13
8968.16451202621  1.106394E-13
8968.24394163294  1.091841E-13
8968.32336579016  1.084286E-13
8968.40278449755  1.067267E-13
8968.48219775477  1.023560E-13
8968.56160556149  1.051213E-13
8968.64100791739  1.008560E-13
8968.72040482211  1.126815E-13
8968.79979627535  9.557685E-14
8968.87918227675  9.944901E-14
8968.958562826  1.004684E-13
8969.03793792276  9.810747E-14
8969.11730756671  9.887836E-14
8969.1966717575  9.922231E-14
8969.27603049481  1.014898E-13
8969.35538377831  1.035035E-13
8969.43473160767  1.009924E-13
8969.51407398255  1.030529E-13
8969.59341090263  9.518218E-14
8969.67274236757  1.072059E-13
8969.75206837706  9.500713E-14
8969.83138893074  1.043347E-13
8969.91070402831  1.024589E-13
8969.99001366941  9.635383E-14
8970.06931785374  1.031978E-13
8970.14861658096  1.037744E-13
8970.22790985072  1.080966E-13
8970.30719766272  1.017602E-13
8970.38648001662  1.072958E-13
8970.46575691209  1.057287E-13
8970.54502834879  1.105226E-13
8970.62429432641  1.056171E-13
8970.70355484461  1.067323E-13
8970.78280990306  1.034364E-13
8970.86205950144  1.018288E-13
8970.94130363941  9.223019E-14
8971.02054231665  8.299847E-14
8971.09977553283  8.410902E-14
8971.17900328763  9.106358E-14
8971.2582255807  9.125780E-14
8971.33744241173  8.429997E-14
8971.41665378039  7.008318E-14
8971.49585968635  6.097081E-14
8971.57506012927  5.230255E-14
8971.65425510885  5.580511E-14
8971.73344462474  6.810803E-14
8971.81262867662  8.961943E-14
8971.89180726416  9.613088E-14
8971.97098038703  9.830163E-14
8972.05014804491  1.039763E-13
8972.12931023748  1.021672E-13
8972.2084669644  1.033563E-13
8972.28761822535  1.011855E-13
8972.36676402  1.077279E-13
8972.44590434802  1.104175E-13
8972.52503920909  1.149100E-13
8972.60416860288  1.029585E-13
8972.68329252907  1.048162E-13
8972.76241098732  9.493242E-14
8972.84152397732  8.778965E-14
8972.92063149874  8.987425E-14
8972.99973355125  1.047443E-13
8973.07883013453  1.037468E-13
8973.15792124825  1.041636E-13
8973.23700689208  1.008114E-13
8973.31608706571  1.069991E-13
8973.3951617688  1.100013E-13
8973.47423100103  1.067803E-13
8973.55329476207  1.118836E-13
8973.63235305161  1.115789E-13
8973.71140586931  1.125625E-13
8973.79045321485  1.053686E-13
8973.86949508791  1.058644E-13
8973.94853148817  1.088985E-13
8974.02756241528  1.063244E-13
8974.10658786894  9.448812E-14
8974.18560784883  9.035937E-14
8974.2646223546  8.977750E-14
8974.34363138595  9.553931E-14
8974.42263494255  1.008604E-13
8974.50163302407  1.024451E-13
8974.58062563019  1.007097E-13
8974.65961276059  8.696386E-14
8974.73859441495  7.889096E-14
8974.81757059293  8.064832E-14
8974.89654129422  9.234466E-14
8974.9755065185  1.048547E-13
8975.05446626544  1.059320E-13
8975.13342053472  1.049950E-13
8975.21236932601  1.071501E-13
8975.291312639  1.000330E-13
8975.37025047336  1.079073E-13
8975.44918282877  1.150007E-13
8975.5281097049  1.064563E-13
8975.60703110145  1.129227E-13
8975.68594701807  1.041824E-13
8975.76485745445  1.155612E-13
8975.84376241028  1.058280E-13
8975.92266188522  1.006636E-13
8976.00155587896  1.111690E-13
8976.08044439117  9.831902E-14
8976.15932742153  1.083986E-13
8976.23820496973  1.106163E-13
8976.31707703543  9.695742E-14
8976.39594361833  9.798786E-14
8976.47480471809  9.948632E-14
8976.55366033441  1.064046E-13
8976.63251046695  1.001982E-13
8976.7113551154  1.163114E-13
8976.79019427943  1.082906E-13
8976.86902795873  1.114447E-13
8976.94785615297  1.070232E-13
8977.02667886185  9.716370E-14
8977.10549608503  1.061356E-13
8977.18430782219  1.049903E-13
8977.26311407302  9.515198E-14
8977.34191483719  1.075283E-13
8977.42071011439  1.069253E-13
8977.49949990429  1.072080E-13
8977.57828420659  1.013458E-13
8977.65706302095  1.102875E-13
8977.73583634706  9.925271E-14
8977.8146041846  1.161965E-13
8977.89336653325  1.062404E-13
8977.9721233927  1.061687E-13
8978.05087476262  1.035010E-13
8978.12962064269  1.045835E-13
8978.2083610326  1.000198E-13
8978.28709593203  1.144773E-13
8978.36582534066  1.096623E-13
8978.44454925816  1.176417E-13
8978.52326768424  1.073499E-13
8978.60198061855  1.077003E-13
8978.6806880608  1.093854E-13
8978.75939001066  1.081967E-13
8978.8380864678  1.169940E-13
8978.91677743192  1.096043E-13
8978.9954629027  1.160616E-13
8979.07414287982  1.092026E-13
8979.15281736297  1.059333E-13
8979.23148635182  1.092098E-13
8979.31014984605  1.085636E-13
8979.38880784536  1.220057E-13
8979.46746034942  1.174941E-13
8979.54610735793  1.105654E-13
8979.62474887055  1.197431E-13
8979.70338488698  1.095893E-13
8979.7820154069  1.174711E-13
8979.86064042999  1.164037E-13
8979.93925995594  1.044347E-13
8980.01787398443  1.101792E-13
8980.09648251514  1.041915E-13
8980.17508554777  1.112987E-13
8980.25368308199  9.337351E-14
8980.33227511748  8.164267E-14
8980.41086165394  5.482878E-14
8980.48944269104  3.684109E-14
8980.56801822848  4.065587E-14
8980.64658826594  5.435836E-14
8980.72515280309  7.322114E-14
8980.80371183963  8.639582E-14
8980.88226537525  9.914058E-14
8980.96081340962  1.139672E-13
8981.03935594243  9.779094E-14
8981.11789297337  1.096704E-13
8981.19642450213  1.129430E-13
8981.27495052839  1.152736E-13
8981.35347105183  1.090222E-13
8981.43198607214  1.061722E-13
8981.51049558902  1.096538E-13
8981.58899960213  1.175866E-13
8981.66749811118  1.120221E-13
8981.74599111584  1.059300E-13
8981.8244786158  1.145565E-13
8981.90296061076  1.176189E-13
8981.98143710039  1.151210E-13
8982.05990808438  1.178151E-13
8982.13837356243  1.124812E-13
8982.21683353421  1.105760E-13
8982.29528799942  1.147154E-13
8982.37373695774  1.142479E-13
8982.45218040885  1.233193E-13
8982.53061835246  1.176710E-13
8982.60905078824  1.245827E-13
8982.68747771588  1.150709E-13
8982.76589913507  1.233890E-13
8982.84431504549  1.137653E-13
8982.92272544685  1.230117E-13
8983.00113033881  1.199262E-13
8983.07952972109  1.209742E-13
8983.15792359335  1.165852E-13
8983.23631195528  1.155008E-13
8983.31469480659  1.182846E-13
8983.39307214695  1.215756E-13
8983.47144397606  1.219040E-13
8983.5498102936  1.160618E-13
8983.62817109927  1.279952E-13
8983.70652639275  1.201461E-13
8983.78487617373  1.163705E-13
8983.86322044189  1.177898E-13
8983.94155919694  1.148538E-13
8984.01989243856  1.222963E-13
8984.09822016644  1.267723E-13
8984.17654238027  1.206849E-13
8984.25485907974  1.228730E-13
8984.33317026453  1.175181E-13
8984.41147593435  1.245222E-13
8984.48977608888  1.239457E-13
8984.5680707278  1.175313E-13
8984.64635985082  1.277586E-13
8984.72464345761  1.104636E-13
8984.80292154788  1.175781E-13
8984.88119412131  1.148838E-13
8984.9594611776  1.211807E-13
8985.03772271642  1.225061E-13
8985.11597873749  1.226614E-13
8985.19422924048  1.146117E-13
8985.27247422509  1.132039E-13
8985.350713691  1.203007E-13
8985.42894763792  1.234365E-13
8985.50717606553  1.156739E-13
8985.58539897353  1.161349E-13
8985.6636163616  1.220297E-13
8985.74182822944  1.184001E-13
8985.82003457674  1.186562E-13
8985.89823540319  1.208058E-13
8985.97643070848  1.197473E-13
8986.05462049232  1.285049E-13
8986.13280475438  1.191940E-13
8986.21098349436  1.182163E-13
8986.28915671197  1.127626E-13
8986.36732440687  1.043484E-13
8986.44548657878  8.914964E-14
8986.52364322738  6.146778E-14
8986.60179435237  6.028282E-14
8986.67993995344  6.901471E-14
8986.75808003028  8.828495E-14
8986.83621458259  1.030399E-13
8986.91434361006  1.189512E-13
8986.99246711239  9.962361E-14
8987.07058508927  1.078367E-13
8987.14869754038  1.071224E-13
8987.22680446543  9.913404E-14
8987.30490586412  8.473322E-14
8987.38300173612  7.758754E-14
8987.46109208115  6.757280E-14
8987.53917689889  4.584477E-14
8987.61725618904  3.525860E-14
8987.69532995129  4.956943E-14
8987.77339818534  7.368369E-14
8987.85146089088  9.429725E-14
8987.92951806761  1.095898E-13
8988.00756971523  1.049595E-13
8988.08561583342  1.009110E-13
8988.16365642188  1.009385E-13
8988.24169148031  1.097353E-13
8988.31972100841  1.130154E-13
8988.39774500587  1.198796E-13
8988.47576347238  1.222242E-13
8988.55377640765  1.178735E-13
8988.63178381136  1.203409E-13
8988.70978568322  1.199461E-13
8988.78778202292  1.194857E-13
8988.86577283015  1.147804E-13
8988.94375810462  9.754985E-14
8989.02173784602  7.911517E-14
8989.09971205404  8.477616E-14
8989.17768072839  9.221726E-14
8989.25564386875  1.035269E-13
8989.33360147483  1.141802E-13
8989.41155354633  1.101330E-13
8989.48950008294  1.115200E-13
8989.56744108436  1.069756E-13
8989.64537655029  1.165120E-13
8989.72330648041  1.261089E-13
8989.80123087444  1.228434E-13
8989.87914973207  1.233327E-13
8989.95706305299  1.228752E-13
8990.03497083691  1.272607E-13
8990.11287308352  1.166348E-13
8990.19076979253  1.280436E-13
8990.26866096362  1.194470E-13
8990.3465465965  1.116132E-13
8990.42442669087  1.163763E-13
8990.50230124642  1.151950E-13
8990.58017026286  1.100172E-13
8990.65803373987  9.658883E-14
8990.73589167717  7.272586E-14
8990.81374407445  5.148097E-14
8990.89159093141  5.786488E-14
8990.96943224775  7.977411E-14
8991.04726802317  9.789083E-14
8991.12509825737  1.104341E-13
8991.20292295005  1.096107E-13
8991.2807421009  1.172619E-13
8991.35855570962  1.188038E-13
8991.43636377593  1.089195E-13
8991.51416629952  8.593431E-14
8991.59196328008  6.360362E-14
8991.66975471731  4.239160E-14
8991.74754061093  3.930294E-14
8991.82532096063  5.509893E-14
8991.9030957661  7.159515E-14
8991.98086502706  7.227619E-14
8992.05862874319  7.523647E-14
8992.13638691421  9.524070E-14
8992.2141395398  1.062630E-13
8992.29188661969  1.223764E-13
8992.36962815356  1.236673E-13
8992.44736414111  1.227178E-13
8992.52509458205  1.191857E-13
8992.60281947609  1.234848E-13
8992.68053882291  1.223689E-13
8992.75825262223  1.274724E-13
8992.83596087374  1.289210E-13
8992.91366357715  1.276035E-13
8992.99136073215  1.160610E-13
8993.06905233846  1.191107E-13
8993.14673839577  1.218940E-13
8993.22441890379  1.203936E-13
8993.30209386222  1.208491E-13
8993.37976327076  1.208845E-13
8993.45742712911  1.300470E-13
8993.53508543698  1.266194E-13
8993.61273819407  1.289396E-13
8993.69038540008  1.260185E-13
8993.76802705472  1.351864E-13
8993.84566315769  1.306667E-13
8993.92329370869  1.278583E-13
8994.00091870743  1.293943E-13
8994.07853815361  1.308314E-13
8994.15615204693  1.359751E-13
8994.23376038711  1.302346E-13
8994.31136317383  1.295737E-13
8994.38896040681  1.223106E-13
8994.46655208575  1.318810E-13
8994.54413821035  1.311596E-13
8994.62171878032  1.322593E-13
8994.69929379537  1.303055E-13
8994.7768632552  1.232607E-13
8994.85442715951  1.243562E-13
8994.93198550801  1.201877E-13
8995.00953830039  1.341951E-13
8995.08708553638  1.347989E-13
8995.16462721567  1.278232E-13
8995.24216333797  1.304447E-13
8995.31969390298  1.293581E-13
8995.39721891041  1.305203E-13
8995.47473835997  1.298843E-13
8995.55225225135  1.304463E-13
8995.62976058428  1.323791E-13
8995.70726335844  1.398163E-13
8995.78476057356  1.266037E-13
8995.86225222932  1.320386E-13
8995.93973832546  1.362686E-13
8996.01721886166  1.348127E-13
8996.09469383763  1.290707E-13
8996.17216325308  1.317047E-13
8996.24962710772  1.330260E-13
8996.32708540125  1.262971E-13
8996.40453813338  1.382447E-13
8996.48198530383  1.379867E-13
8996.55942691228  1.384342E-13
8996.63686295846  1.389251E-13
8996.71429344207  1.346670E-13
8996.79171836282  1.416979E-13
8996.86913772041  1.292191E-13
8996.94655151455  1.318614E-13
8997.02395974496  1.366157E-13
8997.10136241133  1.342232E-13
8997.17875951338  1.309685E-13
8997.25615105081  1.301734E-13
8997.33353702334  1.292239E-13
8997.41091743067  1.362573E-13
8997.4882922725  1.363516E-13
8997.56566154856  1.376627E-13
8997.64302525854  1.284823E-13
8997.72038340215  1.324738E-13
8997.79773597912  1.363731E-13
8997.87508298913  1.416971E-13
8997.95242443191  1.346735E-13
8998.02976030716  1.319227E-13
8998.10709061459  1.445992E-13
8998.18441535391  1.288759E-13
8998.26173452483  1.313062E-13
8998.33904812706  1.344377E-13
8998.41635616031  1.340464E-13
8998.49365862429  1.356249E-13
8998.57095551871  1.300065E-13
8998.64824684328  1.350350E-13
8998.72553259771  1.372103E-13
8998.80281278171  1.314852E-13
8998.88008739499  1.378493E-13
8998.95735643726  1.252066E-13
8999.03461990823  1.314436E-13
8999.11187780762  1.308668E-13
8999.18913013513  1.410419E-13
8999.26637689047  1.292424E-13
8999.34361807336  1.308006E-13
8999.42085368351  1.310365E-13
8999.49808372062  1.377890E-13
8999.57530818441  1.230145E-13
8999.65252707459  1.385422E-13
8999.72974039088  1.315419E-13
8999.80694813298  1.257685E-13
8999.8841503006  1.287546E-13
8999.96134689347  1.213004E-13
9000.03853791128  1.082996E-13
9000.11572335376  7.444343E-14
9000.19290322061  6.022051E-14
9000.27007751154  3.024682E-14
9000.34724622628  3.864694E-14
9000.42440936453  6.776839E-14
9000.50156692601  9.475133E-14
9000.57871891042  8.809843E-14
9000.65586531748  8.395204E-14
9000.73300614691  8.667874E-14
9000.81014139841  8.454865E-14
9000.8872710717  1.031312E-13
9000.9643951665  1.216113E-13
9001.04151368251  1.233346E-13
9001.11862661946  1.190868E-13
9001.19573397704  1.245014E-13
9001.27283575499  1.216738E-13
9001.34993195301  1.182548E-13
9001.42702257081  1.303793E-13
9001.50410760812  1.355695E-13
9001.58118706463  1.319840E-13
9001.65826094008  1.293925E-13
9001.73532923417  1.230660E-13
9001.81239194662  1.354098E-13
9001.88944907714  1.282508E-13
9001.96650062545  1.250716E-13
9002.04354659126  1.310627E-13
9002.12058697429  1.417454E-13
9002.19762177425  1.278328E-13
9002.27465099086  1.384448E-13
9002.35167462383  1.336423E-13
9002.42869267288  1.379342E-13
9002.50570513772  1.405911E-13
9002.58271201807  1.507467E-13
9002.65971331365  1.277375E-13
9002.73670902417  1.346316E-13
9002.81369914934  1.342422E-13
9002.89068368889  1.396102E-13
9002.96766264254  1.309452E-13
9003.04463600998  1.526898E-13
9003.12160379095  1.449486E-13
9003.19856598515  1.374195E-13
9003.27552259232  1.429309E-13
9003.35247361215  1.293620E-13
9003.42941904438  1.202200E-13
9003.50635888871  9.070614E-14
9003.58329314486  8.195736E-14
9003.66022181255  6.847727E-14
9003.73714489151  8.774170E-14
9003.81406238143  7.813215E-14
9003.89097428205  7.285431E-14
9003.96788059308  7.702916E-14
9004.04478131424  9.971392E-14
9004.12167644524  1.187509E-13
9004.19856598581  1.320415E-13
9004.27544993567  1.260121E-13
9004.35232829451  1.480736E-13
9004.42920106208  1.415573E-13
9004.50606823809  1.448610E-13
9004.58292982225  1.388708E-13
9004.65978581429  1.365608E-13
9004.73663621391  1.442526E-13
9004.81348102085  1.408963E-13
9004.89032023482  1.407746E-13
9004.96715385554  1.454102E-13
9005.04398188273  1.448879E-13
9005.12080431611  1.437802E-13
9005.19762115539  1.456606E-13
9005.2744324003  1.468202E-13
9005.35123805056  1.442151E-13
9005.42803810588  1.511076E-13
9005.50483256599  1.471666E-13
9005.58162143061  1.422454E-13
9005.65840469945  1.418029E-13
9005.73518237224  1.403896E-13
9005.8119544487  1.429715E-13
9005.88872092854  1.411176E-13
9005.96548181149  1.399364E-13
9006.04223709726  1.439072E-13
9006.11898678558  1.501762E-13
9006.19573087618  1.468094E-13
9006.27246936877  1.391987E-13
9006.34920226306  1.506659E-13
9006.42592955879  1.387408E-13
9006.50265125567  1.501721E-13
9006.57936735343  1.361084E-13
9006.65607785179  1.323265E-13
9006.73278275046  1.314763E-13
9006.80948204917  1.200771E-13
9006.88617574764  1.292025E-13
9006.9628638456  1.322864E-13
9007.03954634276  1.227919E-13
9007.11622323885  1.170175E-13
9007.19289453359  1.264760E-13
9007.2695602267  1.393757E-13
9007.3462203179  1.319636E-13
9007.42287480693  1.067693E-13
9007.49952369349  9.601547E-14
9007.57616697731  8.758045E-14
9007.65280465813  1.109537E-13
9007.72943673565  1.190211E-13
9007.8060632096  1.278038E-13
9007.8826840797  1.203923E-13
9007.95929934568  1.380482E-13
9008.03590900727  1.307490E-13
9008.11251306418  1.479741E-13
9008.18911151614  1.379499E-13
9008.26570436287  1.361302E-13
9008.3422916041  1.325815E-13
9008.41887323954  1.403570E-13
9008.49544926894  1.410115E-13
9008.57201969199  1.477792E-13
9008.64858450845  1.525002E-13
9008.72514371802  1.428632E-13
9008.80169732043  1.430083E-13
9008.87824531541  1.320750E-13
9008.95478770268  1.252319E-13
9009.03132448196  1.279421E-13
9009.10785565299  1.243591E-13
9009.18438121548  1.340207E-13
9009.26090116916  1.338361E-13
9009.33741551376  1.340080E-13
9009.413924249  1.490143E-13
9009.49042737461  1.464413E-13
9009.56692489031  1.450751E-13
9009.64341679583  1.395819E-13
9009.71990309089  1.363143E-13
9009.79638377523  1.419333E-13
9009.87285884856  1.428233E-13
9009.94932831061  1.376542E-13
9010.02579216112  1.395907E-13
9010.10225039979  1.344221E-13
9010.17870302638  1.398184E-13
9010.25515004058  1.503667E-13
9010.33159144214  1.414510E-13
9010.40802723079  1.461518E-13
9010.48445740624  1.405678E-13
9010.56088196823  1.383777E-13
9010.63730091648  1.393472E-13
9010.71371425072  1.380307E-13
9010.79012197068  1.351114E-13
9010.86652407608  1.392205E-13
9010.94292056666  1.279449E-13
9011.01931144214  1.310419E-13
9011.09569670224  1.271105E-13
9011.17207634671  1.301071E-13
9011.24845037525  1.213039E-13
9011.3248187876  1.371300E-13
9011.4011815835  1.353706E-13
9011.47753876267  1.301046E-13
9011.55389032483  1.237036E-13
9011.63023626972  1.091952E-13
9011.70657659706  8.942785E-14
9011.78291130659  7.198082E-14
9011.85924039802  5.438087E-14
9011.9355638711  6.798551E-14
9012.01188172555  8.343083E-14
9012.0881939611  1.071117E-13
9012.16450057747  1.200674E-13
9012.24080157441  1.244258E-13
9012.31709695163  1.373495E-13
9012.39338670887  1.411373E-13
9012.46967084585  1.496296E-13
9012.54594936232  1.286930E-13
9012.62222225799  1.389335E-13
9012.69848953259  1.362883E-13
9012.77475118586  1.370921E-13
9012.85100721753  1.463994E-13
9012.92725762733  1.305975E-13
9013.00350241499  1.417571E-13
9013.07974158024  1.424093E-13
9013.1559751228  1.344311E-13
9013.23220304242  1.426087E-13
9013.30842533881  1.423014E-13
9013.38464201172  1.416078E-13
9013.46085306088  1.345527E-13
9013.53705848601  1.462762E-13
9013.61325828684  1.385537E-13
9013.68945246312  1.374903E-13
9013.76564101456  1.514162E-13
9013.8418239409  1.448875E-13
9013.91800124188  1.436259E-13
9013.99417291722  1.447427E-13
9014.07033896666  1.387968E-13
9014.14649938993  1.487090E-13
9014.22265418676  1.416458E-13
9014.29880335688  1.470443E-13
9014.37494690003  1.525238E-13
9014.45108481594  1.375553E-13
9014.52721710434  1.356067E-13
9014.60334376497  1.336381E-13
9014.67946479755  1.608736E-13
9014.75558020182  1.553155E-13
9014.83168997752  1.606467E-13
9014.90779412438  1.487240E-13
9014.98389264212  1.482186E-13
9015.05998553049  1.437150E-13
9015.13607278921  1.399183E-13
9015.21215441803  1.517870E-13
9015.28823041667  1.516891E-13
9015.36430078487  1.435700E-13
9015.44036552237  1.423522E-13
9015.51642462888  1.492966E-13
9015.59247810416  1.417362E-13
9015.66852594794  1.452186E-13
9015.74456815994  1.438131E-13
9015.82060473991  1.365679E-13
9015.89663568758  1.353416E-13
9015.97266100269  1.432546E-13
9016.04868068496  1.290676E-13
9016.12469473413  1.300703E-13
9016.20070314995  1.271164E-13
9016.27670593214  1.222974E-13
9016.35270308044  1.093960E-13
9016.42869459458  9.587685E-14
9016.5046804743  6.281875E-14
9016.58066071934  4.674115E-14
9016.65663532943  3.084804E-14
9016.73260430431  2.343360E-14
9016.80856764371  2.276634E-14
9016.88452534738  4.841883E-14
9016.96047741504  8.470001E-14
9017.03642384643  1.069189E-13
9017.11236464129  1.174130E-13
9017.18829979935  1.314652E-13
9017.26422932036  1.330813E-13
9017.34015320404  1.310649E-13
9017.41607145015  1.356044E-13
9017.4919840584  1.478942E-13
9017.56789102854  1.457001E-13
9017.64379236031  1.270325E-13
9017.71968805344  1.478216E-13
9017.79557810768  1.462824E-13
9017.87146252275  1.392797E-13
9017.9473412984  1.397247E-13
9018.02321443437  1.250074E-13
9018.09908193039  1.331497E-13
9018.17494378619  1.247605E-13
9018.25080000153  1.316625E-13
9018.32665057613  1.444555E-13
9018.40249550974  1.425906E-13
9018.47833480208  1.476745E-13
9018.55416845291  1.447061E-13
9018.62999646196  1.478976E-13
9018.70581882897  1.565812E-13
9018.78163555368  1.522994E-13
9018.85744663582  1.500447E-13
9018.93325207514  1.516403E-13
9019.00905187138  1.560217E-13
9019.08484602427  1.415745E-13
9019.16063453355  1.444447E-13
9019.23641739896  1.496814E-13
9019.31219462025  1.505167E-13
9019.38796619714  1.489950E-13
9019.4637321294  1.431158E-13
9019.53949241674  1.374141E-13
9019.61524705891  1.430041E-13
9019.69099605566  1.503475E-13
9019.76673940672  1.470128E-13
9019.84247711183  1.554509E-13
9019.91820917073  1.516682E-13
9019.99393558317  1.551979E-13
9020.06965634888  1.477213E-13
9020.14537146761  1.395350E-13
9020.22108093909  1.477126E-13
9020.29678476307  1.465001E-13
9020.37248293929  1.516637E-13
9020.44817546748  1.415752E-13
9020.5238623474  1.440390E-13
9020.59954357878  1.511685E-13
9020.67521916137  1.424924E-13
9020.7508890949  1.486908E-13
9020.82655337911  1.426994E-13
9020.90221201376  1.460210E-13
9020.97786499857  1.381636E-13
9021.0535123333  1.399235E-13
9021.12915401768  1.486942E-13
9021.20479005147  1.467143E-13
9021.28042043439  1.381286E-13
9021.35604516619  1.471716E-13
9021.43166424662  1.396108E-13
9021.50727767542  1.375164E-13
9021.58288545233  1.365689E-13
9021.65848757709  1.453018E-13
9021.73408404945  1.349591E-13
9021.80967486915  1.273526E-13
9021.88526003593  1.265269E-13
9021.96083954954  1.269006E-13
9022.03641340971  1.338331E-13
9022.11198161621  1.371869E-13
9022.18754416876  1.245294E-13
9022.26310106711  1.245395E-13
9022.33865231101  1.304542E-13
9022.4141979002  9.963229E-14
9022.48973783442  7.881669E-14
9022.56527211342  5.786790E-14
9022.64080073694  4.023979E-14
9022.71632370473  5.725460E-14
9022.79184101653  8.559921E-14
9022.86735267208  1.137710E-13
9022.94285867114  1.120780E-13
9023.01835901344  1.189730E-13
9023.09385369873  1.236597E-13
9023.16934272676  1.332033E-13
9023.24482609728  1.223897E-13
9023.32030381001  1.323493E-13
9023.39577586472  1.324074E-13
9023.47124226115  1.273977E-13
9023.54670299904  1.311401E-13
9023.62215807815  1.381975E-13
9023.6976074982  1.414330E-13
9023.77305125896  1.241091E-13
9023.84848936016  1.250495E-13
9023.92392180156  1.391417E-13
9023.9993485829  1.225476E-13
9024.07476970393  1.269687E-13
9024.15018516438  1.343051E-13
9024.22559496402  1.275207E-13
9024.30099910258  1.283443E-13
9024.37639757983  1.298166E-13
9024.45179039549  1.378594E-13
9024.52717754931  1.307615E-13
9024.60255904105  1.231828E-13
9024.67793487046  1.346833E-13
9024.75330503727  1.294159E-13
9024.82866954124  1.295450E-13
9024.90402838211  1.249906E-13
9024.97938155964  1.308924E-13
9025.05472907357  1.397402E-13
9025.13007092365  1.253825E-13
9025.20540710962  1.312661E-13
9025.28073763124  1.180998E-13
9025.35606248825  1.213753E-13
9025.4313816804  1.183211E-13
9025.50669520745  1.187730E-13
9025.58200306913  1.182527E-13
9025.6573052652  9.856185E-14
9025.73260179541  8.619714E-14
9025.8078926595  5.512336E-14
9025.88317785722  3.066852E-14
9025.95845738833  4.070321E-14
9026.03373125258  5.863678E-14
9026.1089994497  9.653429E-14
9026.18426197946  1.032396E-13
9026.2595188416  1.248912E-13
9026.33477003587  1.167005E-13
9026.41001556202  1.194772E-13
9026.4852554198  1.331725E-13
9026.56048960897  1.136842E-13
9026.63571812926  1.329444E-13
9026.71094098043  1.224300E-13
9026.78615816224  1.293054E-13
9026.86136967443  1.345739E-13
9026.93657551676  1.364426E-13
9027.01177568897  1.373611E-13
9027.08697019081  1.212603E-13
9027.16215902204  1.302666E-13
9027.2373421824  1.339102E-13
9027.31251967166  1.342977E-13
9027.38769148955  1.310260E-13
9027.46285763583  1.254739E-13
9027.53801811026  1.343357E-13
9027.61317291258  1.228307E-13
9027.68832204254  1.258167E-13
9027.7634654999  1.318170E-13
9027.83860328441  1.293940E-13
9027.91373539582  1.211539E-13
9027.98886183389  1.286302E-13
9028.06398259836  1.339721E-13
9028.13909768899  1.307207E-13
9028.21420710552  1.324827E-13
9028.28931084772  1.319352E-13
9028.36440891534  1.326403E-13
9028.43950130813  1.315720E-13
9028.51458802583  1.278316E-13
9028.58966906821  1.426898E-13
9028.66474443502  1.281201E-13
9028.73981412601  1.329056E-13
9028.81487814094  1.244220E-13
9028.88993647955  1.149396E-13
9028.9649891416  1.308654E-13
9029.04003612685  1.244158E-13
9029.11507743504  1.205679E-13
9029.19011306594  1.232347E-13
9029.2651430193  1.080046E-13
9029.34016729486  1.121044E-13
9029.41518589239  1.198954E-13
9029.49019881164  1.087696E-13
9029.56520605236  1.282430E-13
9029.64020761431  1.142111E-13
9029.71520349724  1.369026E-13
9029.79019370091  1.251409E-13
9029.86517822508  1.231443E-13
9029.94015706949  1.238150E-13
9030.0151302339  1.187516E-13
9030.09009771807  1.292552E-13
9030.16505952175  1.196428E-13
9030.24001564471  1.274038E-13
9030.31496608668  1.281568E-13
9030.38991084744  1.336265E-13
9030.46484992673  1.241934E-13
9030.53978332431  1.252124E-13
9030.61471103994  1.389677E-13
9030.68963307337  1.256337E-13
9030.76454942437  1.302545E-13
9030.83946009267  1.235074E-13
9030.91436507805  1.300076E-13
9030.98926438026  1.272333E-13
9031.06415799905  1.198603E-13
9031.13904593419  1.297690E-13
9031.21392818542  1.156897E-13
9031.28880475251  1.034215E-13
9031.36367563521  8.793768E-14
9031.43854083329  7.652238E-14
9031.51340034649  9.464957E-14
9031.58825417457  1.086069E-13
9031.6631023173  1.246786E-13
9031.73794477443  1.248000E-13
9031.81278154571  1.234472E-13
9031.88761263091  1.235433E-13
9031.96243802978  1.272951E-13
9032.03725774208  1.171354E-13
9032.11207176758  1.341553E-13
9032.18688010602  1.184866E-13
9032.26168275717  1.178508E-13
9032.33647972078  1.219694E-13
9032.41127099661  1.309226E-13
9032.48605658443  1.292674E-13
9032.56083648399  1.220786E-13
9032.63561069504  1.325143E-13
9032.71037921736  1.246938E-13
9032.78514205069  1.234870E-13
9032.8598991948  1.246606E-13
9032.93465064945  1.283024E-13
9033.00939641439  1.290390E-13
9033.08413648939  1.326254E-13
9033.1588708742  1.276339E-13
9033.23359956858  1.228658E-13
9033.30832257231  1.317170E-13
9033.38303988512  1.259763E-13
9033.45775150679  1.264459E-13
9033.53245743708  1.268232E-13
9033.60715767574  1.360846E-13
9033.68185222254  1.222251E-13
9033.75654107723  1.262996E-13
9033.83122423958  1.344858E-13
9033.90590170935  1.326619E-13
9033.9805734863  1.259031E-13
9034.05523957018  1.265992E-13
9034.12989996077  1.283305E-13
9034.20455465782  1.220807E-13
9034.2792036611  1.231167E-13
9034.35384697035  1.313218E-13
9034.42848458536  1.264568E-13
9034.50311650587  1.256093E-13
9034.57774273165  1.265806E-13
9034.65236326246  1.361836E-13
9034.72697809807  1.312918E-13
9034.80158723823  1.200169E-13
9034.87619068271  1.140880E-13
9034.95078843127  1.233303E-13
9035.02538048367  1.286344E-13
9035.09996683968  1.230674E-13
9035.17454749906  1.286246E-13
9035.24912246156  1.255513E-13
9035.32369172696  1.270063E-13
9035.39825529502  1.170872E-13
9035.47281316549  1.248419E-13
9035.54736533815  1.238453E-13
9035.62191181275  1.218141E-13
9035.69645258906  1.239839E-13
9035.77098766684  1.210205E-13
9035.84551704586  1.170739E-13
9035.92004072588  1.220346E-13
9035.99455870667  1.208652E-13
9036.06907098798  1.222607E-13
9036.14357756958  1.250782E-13
9036.21807845124  1.248676E-13
9036.29257363272  1.262520E-13
9036.36706311378  1.203718E-13
9036.4415468942  1.239814E-13
9036.51602497372  1.282418E-13
9036.59049735213  1.157456E-13
9036.66496402918  1.238198E-13
9036.73942500463  1.197209E-13
9036.81388027826  1.218800E-13
9036.88832984983  1.232718E-13
9036.9627737191  1.233762E-13
9037.03721188584  1.283944E-13
9037.11164434981  1.208186E-13
9037.18607111079  1.146940E-13
9037.26049216852  1.206014E-13
9037.3349075228  1.176816E-13
9037.40931717336  1.200052E-13
9037.48372111999  1.212153E-13
9037.55811936246  1.198231E-13
9037.63251190051  1.217290E-13
9037.70689873393  1.131812E-13
9037.78127986248  1.248673E-13
9037.85565528592  1.184321E-13
9037.93002500402  1.190859E-13
9038.00438901655  1.237252E-13
9038.07874732328  1.204099E-13
9038.15309992397  1.177233E-13
9038.22744681839  1.209319E-13
9038.3017880063  1.222149E-13
9038.37612348748  1.272054E-13
9038.45045326169  1.188687E-13
9038.5247773287  1.278529E-13
9038.59909568828  1.194548E-13
9038.67340834019  1.147755E-13
9038.7477152842  1.169810E-13
9038.82201652008  1.169568E-13
9038.8963120476  1.188447E-13
9038.97060186653  1.191838E-13
9039.04488597663  1.071749E-13
9039.11916437768  1.159688E-13
9039.19343706944  1.173939E-13
9039.26770405167  1.122314E-13
9039.34196532416  1.141696E-13
9039.41622088667  1.177808E-13
9039.49047073896  1.202028E-13
9039.5647148808  1.165876E-13
9039.63895331198  1.134707E-13
9039.71318603225  1.228617E-13
9039.78741304138  1.184281E-13
9039.86163433914  1.177975E-13
9039.93584992531  1.144911E-13
9040.01005979965  1.156290E-13
9040.08426396193  1.002440E-13
9040.15846241192  1.093217E-13
9040.2326551494  1.115460E-13
9040.30684217413  1.145994E-13
9040.38102348589  1.079031E-13
9040.45519908443  1.134236E-13
9040.52936896954  1.185594E-13
9040.60353314099  1.160989E-13
9040.67769159854  1.163402E-13
9040.75184434197  1.164760E-13
9040.82599137104  1.157966E-13
9040.90013268553  1.162310E-13
9040.97426828521  1.174815E-13
9041.04839816985  1.039884E-13
9041.12252233922  1.108883E-13
9041.1966407931  1.125085E-13
9041.27075353125  1.055201E-13
9041.34486055345  1.095602E-13
9041.41896185946  1.198050E-13
9041.49305744906  1.181635E-13
9041.56714732203  1.145476E-13
9041.64123147814  1.133177E-13
9041.71530991714  1.195512E-13
9041.78938263883  1.101877E-13
9041.86344964297  1.154440E-13
9041.93751092933  1.116264E-13
9042.01156649769  1.154338E-13
9042.08561634782  1.124921E-13
9042.15966047949  1.057025E-13
9042.23369889247  1.067741E-13
9042.30773158655  1.081527E-13
9042.38175856148  1.004091E-13
9042.45577981705  1.161028E-13
9042.52979535303  1.062165E-13
9042.60380516919  1.051916E-13
9042.67780926531  9.176955E-14
9042.75180764116  8.050876E-14
9042.8258002965  7.263498E-14
9042.89978723113  9.155979E-14
9042.97376844481  1.023578E-13
9043.04774393731  1.151769E-13
9043.12171370841  1.070620E-13
9043.19567775789  1.099521E-13
9043.26963608552  1.076193E-13
9043.34358869107  1.098389E-13
9043.41753557432  1.132389E-13
9043.49147673504  1.112726E-13
9043.565412173  1.163704E-13
9043.639341888  1.156410E-13
9043.71326587978  1.145682E-13
9043.78718414815  1.141243E-13
9043.86109669286  1.135200E-13
9043.9350035137  1.119893E-13
9044.00890461044  1.036844E-13
9044.08279998285  1.136342E-13
9044.15668963071  1.127052E-13
9044.2305735538  1.155725E-13
9044.3044517519  1.053784E-13
9044.37832422478  1.051865E-13
9044.45219097221  1.112682E-13
9044.52605199397  1.069287E-13
9044.59990728985  1.033866E-13
9044.6737568596  1.134413E-13
9044.74760070302  1.115060E-13
9044.82143881989  1.134496E-13
9044.89527120996  1.174937E-13
9044.96909787303  1.061423E-13
9045.04291880887  1.080031E-13
9045.11673401726  1.084021E-13
9045.19054349797  1.112640E-13
9045.26434725079  1.164590E-13
9045.33814527548  1.088940E-13
9045.41193757184  1.068207E-13
9045.48572413962  1.140165E-13
9045.55950497862  1.035365E-13
9045.63328008862  1.182449E-13
9045.70704946938  1.140221E-13
9045.78081312069  1.014459E-13
9045.85457104233  1.100916E-13
9045.92832323407  1.068169E-13
9046.00206969569  1.060841E-13
9046.07581042698  1.124065E-13
9046.1495454277  1.007173E-13
9046.22327469765  1.082326E-13
9046.29699823659  1.106031E-13
9046.37071604432  1.086194E-13
9046.4444281206  1.129712E-13
9046.51813446521  1.045716E-13
9046.59183507794  1.053989E-13
9046.66552995857  1.163231E-13
9046.73921910687  1.003283E-13
9046.81290252263  1.029095E-13
9046.88658020562  1.045044E-13
9046.96025215562  1.064462E-13
9047.03391837242  1.058022E-13
9047.1075788558  1.060860E-13
9047.18123360553  1.111445E-13
9047.2548826214  1.035317E-13
9047.32852590318  9.466627E-14
9047.40216345066  9.176275E-14
9047.47579526361  1.044439E-13
9047.54942134183  9.895131E-14
9047.62304168508  1.064891E-13
9047.69665629316  9.619214E-14
9047.77026516583  1.053514E-13
9047.84386830289  1.006960E-13
9047.91746570412  1.062274E-13
9047.99105736928  1.134635E-13
9048.06464329818  1.069208E-13
9048.13822349059  1.083288E-13
9048.21179794629  1.075185E-13
9048.28536666506  1.098877E-13
9048.35892964668  1.122653E-13
9048.43248689094  1.007374E-13
9048.50603839763  1.137502E-13
9048.57958416651  1.015375E-13
9048.65312419738  9.990148E-14
9048.72665849002  1.067656E-13
9048.8001870442  1.020793E-13
9048.87370985972  1.147286E-13
9048.94722693636  1.041879E-13
9049.02073827389  1.024920E-13
9049.09424387211  1.017254E-13
9049.16774373078  1.084246E-13
9049.24123784971  1.030567E-13
9049.31472622867  1.063070E-13
9049.38820886745  1.017722E-13
9049.46168576582  9.976843E-14
9049.53515692358  1.046182E-13
9049.60862234051  1.031353E-13
9049.68208201639  1.048456E-13
9049.755535951  1.081915E-13
9049.82898414413  1.085928E-13
9049.90242659556  1.074912E-13
9049.97586330508  1.059527E-13
9050.04929427248  9.852505E-14
9050.12271949753  9.829148E-14
9050.19613898003  1.043767E-13
9050.26955271975  9.331739E-14
9050.34296071648  9.960437E-14
9050.41636297002  1.099367E-13
9050.48975948013  9.820241E-14
9050.56315024661  1.009499E-13
9050.63653526925  1.105087E-13
9050.70991454782  1.053154E-13
9050.78328808212  1.126459E-13
9050.85665587193  9.912184E-14
9050.93001791704  1.025172E-13
9051.00337421723  9.202228E-14
9051.07672477229  1.030670E-13
9051.150069582  9.774545E-14
9051.22340864615  9.643687E-14
9051.29674196453  9.932701E-14
9051.37006953692  1.019174E-13
9051.44339136312  1.064839E-13
9051.5167074429  9.923757E-14
9051.59001777605  9.905158E-14
9051.66332236237  9.930477E-14
9051.73662120163  1.019944E-13
9051.80991429363  9.058124E-14
9051.88320163816  1.018638E-13
9051.95648323499  1.053059E-13
9052.02975908392  1.040658E-13
9052.10302918474  1.030811E-13
9052.17629353722  9.921884E-14
9052.24955214117  1.020831E-13
9052.32280499638  1.035424E-13
9052.39605210261  9.874875E-14
9052.46929345967  1.062716E-13
9052.54252906734  1.080647E-13
9052.61575892542  9.248008E-14
9052.68898303369  1.020774E-13
9052.76220139193  8.709564E-14
9052.83541399995  7.756451E-14
9052.90862085752  6.334946E-14
9052.98182196443  5.784916E-14
9053.05501732048  6.973189E-14
9053.12820692545  7.755701E-14
9053.20139077914  8.806081E-14
9053.27456888133  9.757819E-14
9053.34774123181  1.028433E-13
9053.42090783037  9.765118E-14
9053.4940686768  1.059941E-13
9053.5672237709  1.014114E-13
9053.64037311244  9.508879E-14
9053.71351670123  9.766862E-14
9053.78665453705  9.940565E-14
9053.85978661968  9.873751E-14
9053.93291294893  9.747128E-14
9054.00603352458  9.448083E-14
9054.07914834643  9.951129E-14
9054.15225741426  9.721279E-14
9054.22536072786  1.082590E-13
9054.29845828703  1.038522E-13
9054.37155009155  1.025431E-13
9054.44463614122  1.021281E-13
9054.51771643583  1.054468E-13
9054.59079097517  1.082127E-13
9054.66385975903  1.057002E-13
9054.73692278721  1.037091E-13
9054.80998005949  9.956074E-14
9054.88303157566  9.826019E-14
9054.95607733552  9.897733E-14
9055.02911733886  1.023315E-13
9055.10215158548  9.663378E-14
9055.17518007516  1.075161E-13
9055.2482028077  1.039281E-13
9055.32121978289  9.930566E-14
9055.39423100051  1.029328E-13
9055.46723646038  1.006310E-13
9055.54023616227  1.021011E-13
9055.61323010598  1.087477E-13
9055.6862182913  9.691374E-14
9055.75920071803  1.026258E-13
9055.83217738596  9.928718E-14
9055.90514829488  1.037247E-13
9055.9781134446  1.055304E-13
9056.05107283488  1.012135E-13
9056.12402646554  1.024327E-13
9056.19697433637  1.003914E-13
9056.26991644716  1.115454E-13
9056.34285279771  1.035294E-13
9056.4157833878  9.860033E-14
9056.48870821724  1.035969E-13
9056.56162728582  1.052636E-13
9056.63454059333  9.622096E-14
9056.70744813956  1.020544E-13
9056.78034992431  1.093660E-13
9056.85324594738  9.871049E-14
9056.92613620857  9.844623E-14
9056.99902070765  9.502407E-14
9057.07189944444  9.487977E-14
9057.14477241872  1.012665E-13
9057.2176396303  1.056775E-13
9057.29050107896  9.559618E-14
9057.3633567645  9.880008E-14
9057.43620668672  9.921825E-14
9057.50905084542  1.084866E-13
9057.58188924038  1.052747E-13
9057.65472187141  9.919498E-14
9057.7275487383  9.727153E-14
9057.80036984084  1.049456E-13
9057.87318517885  9.773537E-14
9057.9459947521  1.004840E-13
9058.01879856039  1.053266E-13
9058.09159660353  9.707467E-14
9058.16438888131  9.897285E-14
9058.23717539353  1.002569E-13
9058.30995613998  1.054716E-13
9058.38273112046  1.019997E-13
9058.45550033477  1.082615E-13
9058.5282637827  9.804889E-14
9058.60102146406  9.432088E-14
9058.67377337863  9.649700E-14
9058.74651952622  1.017190E-13
9058.81925990663  1.020381E-13
9058.89199451965  1.024576E-13
9058.96472336508  9.934500E-14
9059.03744644272  9.851697E-14
9059.11016375236  1.037962E-13
9059.18287529381  1.030968E-13
9059.25558106687  1.010408E-13
9059.32828107132  9.658395E-14
9059.40097530698  1.008260E-13
9059.47366377363  9.073396E-14
9059.54634647108  9.931405E-14
9059.61902339913  9.868105E-14
9059.69169455758  9.544029E-14
9059.76435994622  9.950519E-14
9059.83701956485  9.857993E-14
9059.90967341328  9.911241E-14
9059.9823214913  1.053636E-13
9060.05496379871  9.664422E-14
9060.12760033532  9.807179E-14
9060.20023110091  8.562517E-14
9060.2728560953  8.015629E-14
9060.34547531827  7.258657E-14
9060.41808876964  6.438707E-14
9060.4906964492  7.133765E-14
9060.56329835676  8.258535E-14
9060.63589449211  9.402752E-14
9060.70848485505  9.630054E-14
9060.78106944538  1.013058E-13
9060.8536482629  1.001116E-13
9060.92622130742  1.000337E-13
9060.99878857874  9.966317E-14
9061.07135007666  9.987662E-14
9061.14390580098  9.538492E-14
9061.21645575149  9.993001E-14
9061.288999928  1.043528E-13
9061.36153833032  1.103443E-13
9061.43407095824  1.053840E-13
9061.50659781157  9.571604E-14
9061.57911889011  9.955909E-14
9061.65163419365  8.931701E-14
9061.724143722  8.991872E-14
9061.79664747497  9.295576E-14
9061.86914545236  9.085044E-14
9061.94163765396  9.323503E-14
9062.01412407959  9.412431E-14
9062.08660472904  1.009075E-13
9062.15907960212  9.351320E-14
9062.23154869862  9.480849E-14
9062.30401201836  9.622204E-14
9062.37646956113  9.730108E-14
9062.44892132675  9.621638E-14
9062.521367315  9.422992E-14
9062.59380752569  8.455643E-14
9062.66624195864  7.774020E-14
9062.73867061364  7.609360E-14
9062.81109349049  8.092083E-14
9062.883510589  8.519690E-14
9062.95592190898  7.735883E-14
9063.02832745022  1.029487E-13
9063.10072721253  8.758332E-14
9063.17312119572  9.027859E-14
9063.2455093996  9.290608E-14
9063.31789182395  9.148263E-14
9063.3902684686  9.123268E-14
9063.46263933333  9.256863E-14
9063.53500441797  9.136007E-14
9063.6073637223  8.887482E-14
9063.67971724615  9.166383E-14
9063.75206498931  8.312290E-14
9063.82440695159  8.442190E-14
9063.8967431328  8.411566E-14
9063.96907353273  7.419779E-14
9064.0413981512  7.293850E-14
9064.11371698801  7.603090E-14
9064.18603004296  8.504983E-14
9064.25833731587  9.829586E-14
9064.33063880654  9.533238E-14
9064.40293451477  9.159264E-14
9064.47522444037  1.011379E-13
9064.54750858314  9.642417E-14
9064.6197869429  9.822316E-14
9064.69205951945  9.932867E-14
9064.7643263126  1.056305E-13
9064.83658732215  1.004437E-13
9064.90884254791  9.727543E-14
9064.98109198969  1.062959E-13
9065.05333564729  1.030808E-13
9065.12557352052  1.102125E-13
9065.19780560919  1.058534E-13
9065.27003191311  1.024954E-13
9065.34225243208  1.098828E-13
9065.41446716591  1.038224E-13
9065.48667611441  1.035799E-13
9065.55887927739  9.933668E-14
9065.63107665465  1.089115E-13
9065.70326824601  1.032883E-13
9065.77545405126  1.009009E-13
9065.84763407023  9.958705E-14
9065.91980830271  1.007147E-13
9065.99197674852  1.061528E-13
9066.06413940746  1.042783E-13
9066.13629627935  1.066763E-13
9066.20844736399  1.126539E-13
9066.28059266118  1.025753E-13
9066.35273217075  1.020912E-13
9066.4248658925  1.036054E-13
9066.49699382623  1.208643E-13
9066.56911597177  1.148648E-13
9066.64123232891  1.016584E-13
9066.71334289747  9.591634E-14
9066.78544767725  1.088599E-13
9066.85754666808  9.880718E-14
9066.92963986975  1.056212E-13
9067.00172728207  9.755276E-14
9067.07380890486  1.033625E-13
9067.14588473793  1.089969E-13
9067.21795478108  1.058272E-13
9067.29001903413  1.078770E-13
9067.36207749689  1.017440E-13
9067.43413016917  1.035402E-13
9067.50617705078  9.870427E-14
9067.57821814153  1.021900E-13
9067.65025344123  1.029300E-13
9067.72228294969  1.112536E-13
9067.79430666673  1.039871E-13
9067.86632459215  1.075654E-13
9067.93833672577  9.863212E-14
9068.01034306739  1.081790E-13
9068.08234361684  1.005456E-13
9068.15433837392  1.095169E-13
9068.22632733844  1.045387E-13
9068.29831051021  9.992492E-14
9068.37028788906  1.048778E-13
9068.44225947478  1.086001E-13
9068.5142252672  1.018099E-13
9068.58618526612  1.108449E-13
9068.65813947135  9.951976E-14
9068.73008788272  1.061431E-13
9068.80203050003  1.069449E-13
9068.8739673231  8.471266E-14
9068.94589835173  6.778534E-14
9069.01782358574  5.087802E-14
9069.08974302495  3.361145E-14
9069.16165666916  2.933105E-14
9069.2335645182  5.304968E-14
9069.30546657187  7.457396E-14
9069.37736283  9.415417E-14
9069.44925329238  1.041461E-13
9069.52113795883  9.355566E-14
9069.59301682918  9.720764E-14
9069.66488990323  1.043720E-13
9069.7367571808  9.673078E-14
9069.80861866171  1.068512E-13
9069.88047434575  1.057068E-13
9069.95232423276  1.034391E-13
9070.02416832255  1.166631E-13
9070.09600661493  1.151181E-13
9070.16783910971  1.043433E-13
9070.23966580671  1.062931E-13
9070.31148670575  1.030104E-13
9070.38330180663  1.104616E-13
9070.45511110919  1.120495E-13
9070.52691461322  1.037998E-13
9070.59871231855  1.106726E-13
9070.670504225  1.082144E-13
9070.74229033237  1.077610E-13
9070.81407064049  1.076198E-13
9070.88584514916  1.125419E-13
9070.95761385821  1.012206E-13
9071.02937676745  1.068250E-13
9071.10113387671  1.074470E-13
9071.17288518578  1.032244E-13
9071.2446306945  1.032190E-13
9071.31637040267  1.038490E-13
9071.38810431012  1.055947E-13
9071.45983241665  1.061251E-13
9071.5315547221  1.060530E-13
9071.60327122628  9.330627E-14
9071.67498192899  9.614930E-14
9071.74668683006  7.264004E-14
9071.81838592931  5.649210E-14
9071.89007922655  4.288558E-14
9071.9617667216  3.541085E-14
9072.03344841429  4.367119E-14
9072.10512430442  6.553248E-14
9072.17679439182  7.745515E-14
9072.2484586763  9.392688E-14
9072.32011715768  9.409441E-14
9072.39176983577  9.172785E-14
9072.46341671041  9.752323E-14
9072.5350577814  1.090162E-13
9072.60669304857  1.096208E-13
9072.67832251173  1.101668E-13
9072.7499461707  1.137363E-13
9072.8215640253  1.019398E-13
9072.89317607535  1.018685E-13
9072.96478232068  1.116267E-13
9073.03638276108  1.060937E-13
9073.1079773964  1.053248E-13
9073.17956622644  1.053647E-13
9073.25114925103  1.095186E-13
9073.32272646998  1.218450E-13
9073.39429788312  1.155522E-13
9073.46586349027  1.146924E-13
9073.53742329124  1.038149E-13
9073.60897728586  1.208132E-13
9073.68052547394  1.184066E-13
9073.75206785531  1.135080E-13
9073.82360442978  1.035168E-13
9073.89513519718  9.554731E-14
9073.96666015733  1.028538E-13
9074.03817931005  1.041213E-13
9074.10969265515  9.578982E-14
9074.18120019247  7.249515E-14
9074.25270192182  7.280899E-14
9074.32419784302  6.165715E-14
9074.39568795589  8.592014E-14
9074.46717226025  9.018672E-14
9074.53865075594  1.017749E-13
9074.61012344276  1.075941E-13
9074.68159032054  1.128297E-13
9074.75305138911  1.118346E-13
9074.82450664827  1.167309E-13
9074.89595609786  1.207438E-13
9074.9673997377  1.015343E-13
9075.03883756761  1.072793E-13
9075.11026958741  1.130900E-13
9075.18169579693  1.087632E-13
9075.25311619598  1.138761E-13
9075.32453078439  1.147233E-13
9075.39593956199  1.070836E-13
9075.46734252859  1.122366E-13
9075.53873968401  1.139695E-13
9075.61013102809  1.154777E-13
9075.68151656065  1.103112E-13
9075.7528962815  1.163467E-13
9075.82427019048  1.136277E-13
9075.8956382874  1.059958E-13
9075.96700057209  1.163967E-13
9076.03835704437  1.166813E-13
9076.10970770407  1.131697E-13
9076.18105255101  1.131940E-13
9076.25239158502  1.133417E-13
9076.32372480591  1.140129E-13
9076.39505221352  1.141166E-13
9076.46637380766  1.078854E-13
9076.53768958817  1.236055E-13
9076.60899955487  1.148926E-13
9076.68030370757  1.072815E-13
9076.75160204611  9.921952E-14
9076.82289457032  1.037836E-13
9076.89418128001  1.267857E-13
9076.96546217501  1.145015E-13
9077.03673725515  1.235468E-13
9077.10800652025  1.125769E-13
9077.17926997014  1.155078E-13
9077.25052760465  1.129548E-13
9077.32177942359  1.143830E-13
9077.3930254268  1.118583E-13
9077.4642656141  1.155006E-13
9077.53549998532  1.194824E-13
9077.60672854028  1.251432E-13
9077.67795127881  1.151366E-13
9077.74916820074  1.061514E-13
9077.82037930588  1.121737E-13
9077.89158459409  1.038148E-13
9077.96278406516  1.210101E-13
9078.03397771894  1.125834E-13
9078.10516555525  1.151316E-13
9078.17634757391  1.158387E-13
9078.24752377476  1.075642E-13
9078.31869415762  1.224604E-13
9078.38985872233  1.154545E-13
9078.46101746869  1.171307E-13
9078.53217039655  1.108855E-13
9078.60331750573  1.144153E-13
9078.67445879606  9.942249E-14
9078.74559426737  1.099274E-13
9078.81672391948  1.116896E-13
9078.88784775223  1.038617E-13
9078.95896576544  8.791804E-14
9079.03007795894  9.245099E-14
9079.10118433255  9.502995E-14
9079.17228488612  9.577187E-14
9079.24337961946  9.725556E-14
9079.31446853241  9.590928E-14
9079.38555162479  8.096126E-14
9079.45662889643  8.286130E-14
9079.52770034716  8.965093E-14
9079.59876597682  9.863243E-14
9079.66982578522  8.200358E-14
9079.74087977221  5.810681E-14
9079.8119279376  5.293205E-14
9079.88297028123  4.944621E-14
9079.95400680294  6.562002E-14
9080.02503750253  8.717257E-14
9080.09606237986  9.152903E-14
9080.16708143476  9.752613E-14
9080.23809466703  1.043616E-13
9080.30910207653  1.071962E-13
9080.38010366308  9.654575E-14
9080.4510994265  9.969625E-14
9080.52208936664  9.814484E-14
9080.59307348333  9.601683E-14
9080.66405177638  9.037046E-14
9080.73502424564  1.061166E-13
9080.80599089092  1.004537E-13
9080.87695171208  9.792975E-14
9080.94790670894  1.021159E-13
9081.01885588132  1.075259E-13
9081.08979922907  8.683425E-14
9081.160736752  7.520933E-14
9081.23166844996  4.741549E-14
9081.30259432278  4.485683E-14
9081.37351437028  5.218780E-14
9081.4444285923  6.590933E-14
9081.51533698868  9.445248E-14
9081.58623955924  8.481559E-14
9081.65713630381  9.241865E-14
9081.72802722224  9.933851E-14
9081.79891231434  9.396424E-14
9081.86979157996  1.079782E-13
9081.94066501893  1.039567E-13
9082.01153263108  1.136073E-13
9082.08239441624  1.110999E-13
9082.15325037425  1.107468E-13
9082.22410050493  1.263306E-13
9082.29494480813  1.136502E-13
9082.36578328368  1.148045E-13
9082.43661593141  1.034999E-13
9082.50744275115  9.790926E-14
9082.57826374274  1.115930E-13
9082.64907890601  1.057177E-13
9082.71988824079  1.140665E-13
9082.79069174693  1.097051E-13
9082.86148942425  1.011170E-13
9082.93228127259  1.064111E-13
9083.00306729178  1.034046E-13
9083.07384748166  1.106790E-13
9083.14462184206  1.184172E-13
9083.21539037282  1.099216E-13
9083.28615307377  1.129395E-13
9083.35690994475  1.094731E-13
9083.42766098559  1.092202E-13
9083.49840619613  1.128740E-13
9083.5691455762  1.110174E-13
9083.63987912564  1.004777E-13
9083.71060684428  1.073058E-13
9083.78132873196  1.106299E-13
9083.85204478852  1.078518E-13
9083.92275501378  1.100984E-13
9083.9934594076  1.034306E-13
9084.0641579698  1.120051E-13
9084.13485070022  1.104780E-13
9084.2055375987  1.108851E-13
9084.27621866506  1.021351E-13
9084.34689389916  1.101862E-13
9084.41756330082  1.056423E-13
9084.48822686988  1.058945E-13
9084.55888460619  1.069843E-13
9084.62953650957  1.060615E-13
9084.70018257986  1.032346E-13
9084.7708228169  1.022871E-13
9084.84145722053  1.107624E-13
9084.91208579059  1.143346E-13
9084.98270852691  9.500883E-14
9085.05332542933  1.009141E-13
9085.12393649769  1.057049E-13
9085.19454173182  1.008908E-13
9085.26514113157  9.608448E-14
9085.33573469677  9.991141E-14
9085.40632242726  9.332631E-14
9085.47690432288  9.324797E-14
9085.54748038347  9.682669E-14
9085.61805060886  9.594006E-14
9085.6886149989  1.019834E-13
9085.75917355342  1.028887E-13
9085.82972627226  1.038795E-13
9085.90027315526  1.018359E-13
9085.97081420226  9.950230E-14
9086.0413494131  9.994795E-14
9086.11187878762  9.971878E-14
9086.18240232566  9.527481E-14
9086.25292002706  1.042523E-13
9086.32343189165  9.353222E-14
9086.39393791928  8.401339E-14
9086.46443810978  7.699460E-14
9086.534932463  6.683119E-14
9086.60542097878  5.716991E-14
9086.67590365696  6.745105E-14
9086.74638049737  7.350803E-14
9086.81685149985  6.505341E-14
9086.88731666426  5.829768E-14
9086.95777599042  4.227136E-14
9087.02822947819  2.649530E-14
9087.09867712739  3.552894E-14
9087.16911893787  5.197691E-14
9087.23955490948  7.493365E-14
9087.30998504205  8.502945E-14
9087.38040933542  8.600932E-14
9087.45082778944  9.817933E-14
9087.52124040394  9.225250E-14
9087.59164717877  9.809183E-14
9087.66204811378  9.479826E-14
9087.7324432088  9.513734E-14
9087.80283246367  9.227355E-14
9087.87321587824  9.036685E-14
9087.94359345234  9.092853E-14
9088.01396518583  9.379133E-14
9088.08433107853  9.685819E-14
9088.1546911303  9.591816E-14
9088.22504534099  8.880755E-14
9088.29539371042  9.105218E-14
9088.36573623844  8.973544E-14
9088.4360729249  9.004507E-14
9088.50640376964  8.348101E-14
9088.5767287725  9.267205E-14
9088.64704793333  9.420326E-14
9088.71736125197  9.007732E-14
9088.78766872826  8.575120E-14
9088.85797036204  8.824608E-14
9088.92826615316  9.540993E-14
9088.99855610147  8.619968E-14
9089.0688402068  9.005162E-14
9089.13911846901  9.275543E-14
9089.20939088792  8.034580E-14
9089.2796574634  8.343361E-14
9089.34991819528  7.834909E-14
9089.42017308342  9.073553E-14
9089.49042212764  7.539740E-14
9089.5606653278  6.780844E-14
9089.63090268374  8.312476E-14
9089.70113419531  8.529003E-14
9089.77135986235  5.969317E-14
9089.84157968471  6.327170E-14
9089.91179366223  6.528578E-14
9089.98200179476  6.292606E-14
9090.05220408213  7.270823E-14
9090.12240052421  7.249059E-14
9090.19259112083  7.854860E-14
9090.26277587185  7.619140E-14
9090.33295477709  6.716029E-14
9090.40312783642  6.869941E-14
9090.47329504968  6.526833E-14
9090.54345641671  7.277000E-14
9090.61361193735  6.559169E-14
9090.68376161147  6.312618E-14
9090.7539054389  6.542489E-14
9090.82404341948  6.115655E-14
9090.89417555308  6.317851E-14
9090.96430183953  6.550895E-14
9091.03442227867  6.516981E-14
9091.10453687037  7.257923E-14
9091.17464561445  6.438909E-14
9091.24474851078  7.233043E-14
9091.3148455592  7.636164E-14
9091.38493675955  7.052158E-14
9091.45502211169  5.879706E-14
9091.52510161545  7.109654E-14
9091.5951752707  6.833889E-14
9091.66524307728  6.649291E-14
9091.73530503503  6.646117E-14
9091.8053611438  6.963786E-14
9091.87541140345  6.489265E-14
9091.94545581381  7.130500E-14
9092.01549437474  6.797174E-14
9092.08552708609  6.833570E-14
9092.15555394771  6.934485E-14
9092.22557495944  6.649124E-14
9092.29559012113  6.366472E-14
9092.36559943264  5.957666E-14
9092.4356028938  5.090456E-14
9092.50560050448  4.834590E-14
9092.57559226452  4.667269E-14
9092.64557817377  5.646487E-14
9092.71555823207  6.494938E-14
9092.78553243929  6.355573E-14
9092.85550079526  6.848337E-14
9092.92546329984  6.216820E-14
9092.99541995288  7.077961E-14
9093.06537075422  6.716112E-14
9093.13531570373  6.835687E-14
9093.20525480124  6.580695E-14
9093.27518804662  6.257088E-14
9093.3451154397  6.347352E-14
9093.41503698035  6.242909E-14
9093.4849526684  6.396751E-14
9093.55486250372  5.211084E-14
9093.62476648615  5.068095E-14
9093.69466461555  4.591627E-14
9093.76455689176  4.542437E-14
9093.83444331463  4.711659E-14
9093.90432388403  5.014823E-14
9093.9741985998  5.312391E-14
9094.04406746178  5.746147E-14
9094.11393046984  5.993264E-14
9094.18378762382  5.189758E-14
9094.25363892359  5.740631E-14
9094.32348436897  5.635408E-14
9094.39332395984  5.272319E-14
9094.46315769605  5.818360E-14
9094.53298557743  5.761261E-14
9094.60280760386  5.971945E-14
9094.67262377518  5.115568E-14
9094.74243409124  4.730526E-14
9094.8122385519  5.997648E-14
9094.88203715701  4.730275E-14
9094.95182990642  5.482806E-14
9095.02161679998  4.860852E-14
9095.09139783755  4.625709E-14
9095.16117301899  4.175405E-14
9095.23094234414  4.411563E-14
9095.30070581286  3.824129E-14
9095.370463425  4.026667E-14
9095.44021518042  3.461389E-14
9095.50996107897  4.525525E-14
9095.5797011205  4.562160E-14
9095.64943530488  4.771683E-14
9095.71916363194  3.871386E-14
9095.78888610156  4.196327E-14
9095.85860271358  5.156948E-14
9095.92831346785  4.281756E-14
9095.99801836423  3.940394E-14
9096.06771740258  3.859316E-14
9096.13741058275  3.856473E-14
9096.20709790459  4.467998E-14
9096.27677936797  3.555643E-14
9096.34645497273  4.217742E-14
9096.41612471873  4.080024E-14
9096.48578860584  3.225725E-14
9096.55544663389  4.060248E-14
9096.62509880275  4.002815E-14
9096.69474511228  3.687752E-14
9096.76438556233  3.681167E-14
9096.83402015274  3.524066E-14
9096.9036488834  3.817493E-14
9096.97327175414  3.539480E-14
