[vega_dopcor.fits] 1 2304 3.00 1.012  3850.031  3925.860 Vega
 3857.17    7.8078E-9    6.430      783331.
 3863.60    8.2696E-9    6.450     3517400.
 3870.05    7.3120E-9    6.460     4319820.
 3876.51    6.3648E-9    6.470     4052257.
 3882.98    5.4192E-9    6.490     2678164.
 3889.47    5.1819E-9    6.490     1497498.
 3895.96    6.0847E-9    6.500     2843922.
 3902.46    6.9886E-9    6.520     3621554.
 3908.98    7.8803E-9    6.520     3757696.
 3915.50    8.3156E-9    6.540     3396357.
 3922.04    8.3492E-9    6.540     2963103.
[vega_dopcor.fits] 2 2304 3.00 1.012  3894.360  3971.062 Vega
 3902.46    6.9886E-9    6.520     3596211.
 3908.98    7.8803E-9    6.520     5190127.
 3915.50    8.3156E-9    6.540     5887699.
 3922.04    8.3492E-9    6.540     6198915.
 3928.58    8.3752E-9    6.560     5941157.
 3935.14    8.4091E-9    6.570     5027286.
 3941.71    7.8433E-9    6.580     5177021.
 3948.29    7.0380E-9    6.590     4567575.
 3954.88    6.2403E-9    6.600     3667844.
 3961.48    5.4470E-9    6.610     2433574.
[vega_dopcor.fits] 3 2304 3.00 1.012  3939.719  4017.312 Vega
 3948.29    7.0380E-9    6.590     5430027.
 3954.88    6.2403E-9    6.600     5295961.
 3961.48    5.4470E-9    6.610     4010693.
 3968.09    5.8278E-9    6.630     1935624.
 3974.72    6.3046E-9    6.630     3004584.
 3981.35    6.7765E-9    6.650     4489801.
 3988.00    7.2437E-9    6.650     5132824.
 3994.65    7.6579E-9    6.670     5258372.
 4001.32    8.0809E-9    6.680     5079000.
 4008.00    8.4882E-9    6.690     4795681.
[vega_dopcor.fits] 4 2304 3.00 1.012  3986.143  4064.649 Vega
 3994.65    7.6579E-9    6.670     6327281.
 4001.32    8.0809E-9    6.680     6874726.
 4008.00    8.4882E-9    6.690     7057421.
 4014.69    8.7370E-9    6.700     7069336.
 4021.39    8.7240E-9    6.710     6891263.
 4028.10    8.7110E-9    6.730     6675077.
 4034.83    8.7060E-9    6.730     6534913.
 4041.56    8.6372E-9    6.750     6338021.
 4048.31    8.5531E-9    6.760     5979137.
 4055.07    8.4698E-9    6.770     5724589.
[vega_dopcor.fits] 5 2304 3.00 1.012  4033.671  4113.112 Vega
 4041.56    8.6372E-9    6.750     7151279.
 4048.31    8.5531E-9    6.760     7336850.
 4055.07    8.4698E-9    6.770     7446437.
 4061.84    8.3796E-9    6.780     7339352.
 4068.62    7.8736E-9    6.790     7099751.
 4075.41    7.3507E-9    6.800     6786542.
 4082.21    6.8309E-9    6.810     6226591.
 4089.02    6.3655E-9    6.830     5145519.
 4095.85    6.0032E-9    6.840     3293566.
 4102.69    5.6511E-9    6.850     2055082.
 4109.54    5.2952E-9    6.860     3900785.
[vega_dopcor.fits] 6 2304 3.00 1.012  4082.342  4162.740 Vega
 4089.02    6.3655E-9    6.830     5390206.
 4095.85    6.0032E-9    6.840     3663804.
 4102.69    5.6511E-9    6.850     2410813.
 4109.54    5.2952E-9    6.860     4735383.
 4116.40    5.6394E-9    6.870     6313490.
 4123.27    6.3765E-9    6.880     7094122.
 4130.15    7.1046E-9    6.890     7308420.
 4137.04    7.8287E-9    6.910     7640156.
 4143.95    7.8821E-9    6.920     7633007.
 4150.87    7.9431E-9    6.920     7605388.
 4157.79    7.9973E-9    6.940     7545609.
[vega_dopcor.fits] 7 2304 3.00 1.012  4132.199  4213.577 Vega
 4137.04    7.8287E-9    6.910     7490996.
 4143.95    7.8821E-9    6.920     7876991.
 4150.87    7.9431E-9    6.920     8160859.
 4157.79    7.9973E-9    6.940     8334365.
 4164.73    8.0148E-9    6.960     8404851.
 4171.69    7.9734E-9    6.960     8385962.
 4178.65    7.9323E-9    6.970     8427992.
 4185.62    7.8913E-9    6.990     8542001.
 4192.61    7.8723E-9    7.000     8551337.
 4199.61    7.8605E-9    7.010     8391571.
 4206.62    7.8416E-9    7.020     8304923.
[vega_dopcor.fits] 8 2304 3.00 1.012  4183.286  4265.667 Vega
 4192.61    7.8723E-9    7.000     8869361.
 4199.61    7.8605E-9    7.010     9029861.
 4206.62    7.8416E-9    7.020     9180137.
 4213.64    7.8154E-9    7.030     9155948.
 4220.67    7.7465E-9    7.050     9129655.
 4227.72    7.6781E-9    7.060     8990727.
 4234.78    7.6104E-9    7.070     8874031.
 4241.85    7.5571E-9    7.080     8896265.
 4248.93    7.5112E-9    7.090     8707868.
 4256.02    7.4655E-9    7.100     8677755.
[vega_dopcor.fits] 9 2304 3.00 1.012  4235.647  4319.058 Vega
 4241.85    7.5571E-9    7.080     9163301.
 4248.93    7.5112E-9    7.090     9264184.
 4256.02    7.4655E-9    7.100     9442357.
 4263.12    7.4270E-9    7.120     9484398.
 4270.24    7.3954E-9    7.130     9425274.
 4277.37    7.3572E-9    7.140     9519393.
 4284.51    7.3260E-9    7.150     9464389.
 4291.66    7.2081E-9    7.160     9299081.
 4298.82    7.0464E-9    7.180     9132937.
 4306.00    6.8821E-9    7.190     9005609.
 4313.19    6.6172E-9    7.190     8661733.
[vega_dopcor.fits] 10 2304 3.00 1.012  4289.333  4373.798 Vega
 4298.82    7.0464E-9    7.180     9255054.
 4306.00    6.8821E-9    7.190     9331924.
 4313.19    6.6172E-9    7.190     9109908.
 4320.38    5.8026E-9    7.220     8653153.
 4327.60    4.9908E-9    7.220     7254100.
 4334.82    4.1872E-9    7.240     4849576.
 4342.06    4.3861E-9    7.240     3556288.
 4349.30    5.0191E-9    7.260     6440111.
 4356.56    5.6439E-9    7.280     8313913.
 4363.84    6.1565E-9    7.280     9129523.
[vega_dopcor.fits] 11 2304 3.00 1.012  4344.394  4429.940 Vega
 4349.30    5.0191E-9    7.260     6423336.
 4356.56    5.6439E-9    7.280     8449615.
 4363.84    6.1565E-9    7.280     9436352.
 4371.12    6.3428E-9    7.300     9884466.
 4378.42    6.5348E-9    7.310     1.0232E7
 4385.73    6.7202E-9    7.310     1.0108E7
 4393.04    6.7412E-9    7.340     1.0296E7
 4400.38    6.7311E-9    7.340     1.0439E7
 4407.72    6.7211E-9    7.360     1.0497E7
 4415.08    6.7172E-9    7.370     1.0429E7
 4422.45    6.7072E-9    7.380     1.0581E7
[vega_dopcor.fits] 12 2304 3.00 1.012  4400.883  4487.540 Vega
 4407.72    6.7211E-9    7.360     1.0437E7
 4415.08    6.7172E-9    7.370     1.0525E7
 4422.45    6.7072E-9    7.380     1.0811E7
 4429.83    6.7034E-9    7.400     1.0877E7
 4437.23    6.6995E-9    7.400     1.0928E7
 4444.63    6.6772E-9    7.420     1.0869E7
 4452.05    6.6550E-9    7.430     1.0972E7
 4459.48    6.6390E-9    7.450     1.1064E7
 4466.93    6.6047E-9    7.450     1.0923E7
 4474.38    6.5645E-9    7.470     1.1032E7
 4481.85    6.5186E-9    7.480     1.0629E7
[vega_dopcor.fits] 13 2304 3.00 1.012  4458.856  4546.652 Vega
 4466.93    6.6047E-9    7.450     1.0729E7
 4474.38    6.5645E-9    7.470     1.0971E7
 4481.85    6.5186E-9    7.480     1.0653E7
 4489.33    6.4849E-9    7.500     1.1138E7
 4496.83    6.4574E-9    7.500     1.1275E7
 4504.33    6.4359E-9    7.520     1.1262E7
 4511.85    6.4144E-9    7.530     1.1415E7
 4519.38    6.3696E-9    7.550     1.1368E7
 4526.93    6.3250E-9    7.550     1.1513E7
 4534.48    6.2866E-9    7.570     1.1457E7
 4542.05    6.2599E-9    7.580     1.1586E7
[vega_dopcor.fits] 14 2304 3.00 1.012  4518.375  4607.340 Vega
 4526.93    6.3250E-9    7.550     1.1176E7
 4534.48    6.2866E-9    7.570     1.1243E7
 4542.05    6.2599E-9    7.580     1.1422E7
 4549.63    6.2448E-9    7.600     1.1284E7
 4557.23    6.2297E-9    7.610     1.1416E7
 4564.84    6.2089E-9    7.620     1.1615E7
 4572.46    6.1769E-9    7.630     1.1588E7
 4580.09    6.1450E-9    7.640     1.1616E7
 4587.73    6.1133E-9    7.660     1.1748E7
 4595.39    6.1041E-9    7.670     1.1913E7
 4603.06    6.0894E-9    7.690     1.1974E7
[vega_dopcor.fits] 15 2304 3.00 1.012  4579.500  4669.666 Vega
 4587.73    6.1133E-9    7.660     1.1344E7
 4595.39    6.1041E-9    7.670     1.1608E7
 4603.06    6.0894E-9    7.690     1.1707E7
 4610.75    6.0803E-9    7.690     1.1765E7
 4618.44    6.0545E-9    7.710     1.1749E7
 4626.15    6.0232E-9    7.720     1.1815E7
 4633.87    5.9921E-9    7.740     1.1902E7
 4641.61    5.9667E-9    7.740     1.2029E7
 4649.35    5.9468E-9    7.770     1.2110E7
 4657.12    5.9215E-9    7.770     1.2150E7
 4664.89    5.8910E-9    7.790     1.2205E7
[vega_dopcor.fits] 16 2304 3.00 1.012  4642.299  4733.698 Vega
 4649.35    5.9468E-9    7.770     1.1545E7
 4657.12    5.9215E-9    7.770     1.1657E7
 4664.89    5.8910E-9    7.790     1.1750E7
 4672.68    5.8444E-9    7.800     1.1875E7
 4680.48    5.7981E-9    7.810     1.1984E7
 4688.29    5.7470E-9    7.830     1.2100E7
 4696.12    5.6858E-9    7.830     1.2161E7
 4703.95    5.6305E-9    7.860     1.2224E7
 4711.81    5.5705E-9    7.860     1.2291E7
 4719.67    5.5519E-9    7.880     1.2416E7
 4727.55    5.5386E-9    7.890     1.2437E7
[vega_dopcor.fits] 17 2304 3.00 1.012  4706.841  4799.507 Vega
 4711.81    5.5705E-9    7.860     1.1614E7
 4719.67    5.5519E-9    7.880     1.1767E7
 4727.55    5.5386E-9    7.890     1.1841E7
 4735.44    5.5201E-9    7.900     1.1919E7
 4743.34    5.5220E-9    7.920     1.2033E7
 4751.26    5.5240E-9    7.930     1.2110E7
 4759.19    5.5310E-9    7.950     1.2150E7
 4767.14    5.4973E-9    7.950     1.2209E7
 4775.09    5.4388E-9    7.970     1.2305E7
 4783.06    5.3859E-9    7.990     1.2381E7
 4791.05    5.3433E-9    8.000     1.2448E7
[vega_dopcor.fits] 18 2304 3.00 1.012  4773.199  4867.168 Vega
 4783.06    5.3859E-9    7.990     1.1661E7
 4791.05    5.3433E-9    8.000     1.1760E7
 4799.05    5.3108E-9    8.010     1.1826E7
 4807.06    5.2785E-9    8.020     1.1853E7
 4815.08    5.1983E-9    8.040     1.1864E7
 4823.12    5.0444E-9    8.050     1.1754E7
 4831.17    4.8861E-9    8.060     1.1535E7
 4839.23    4.6123E-9    8.080     1.0935E7
 4847.31    4.0148E-9    8.090     9484640.
 4855.40    3.4215E-9    8.110     6683719.
[vega_dopcor.fits] 19 2304 3.00 1.012  4841.451  4936.761 Vega
 4847.31    4.0148E-9    8.090     8883057.
 4855.40    3.4215E-9    8.110     6266214.
 4863.51    3.0449E-9    8.110     5094287.
 4871.62    3.5886E-9    8.140     8496787.
 4879.76    4.1331E-9    8.140     1.0335E7
 4887.90    4.6262E-9    8.160     1.1278E7
 4896.06    4.7400E-9    8.170     1.1836E7
 4904.23    4.8521E-9    8.190     1.2186E7
 4912.42    4.9622E-9    8.200     1.2415E7
 4920.62    4.9640E-9    8.210     1.2353E7
 4928.83    4.9657E-9    8.230     1.2758E7
[vega_dopcor.fits] 20 2304 3.00 1.012  4911.680  5008.369 Vega
 4920.62    4.9640E-9    8.210     1.1489E7
 4928.83    4.9657E-9    8.230     1.1872E7
 4937.06    4.9674E-9    8.240     1.2037E7
 4945.30    4.9463E-9    8.260     1.2208E7
 4953.56    4.9298E-9    8.270     1.2256E7
 4961.83    4.9089E-9    8.280     1.2424E7
 4970.11    4.8881E-9    8.290     1.2508E7
 4978.40    4.8673E-9    8.310     1.2636E7
 4986.71    4.8466E-9    8.330     1.2742E7
 4995.04    4.8216E-9    8.340     1.2854E7
 5003.38    4.7923E-9    8.350     1.2899E7
[vega_dopcor.fits] 21 2304 3.00 1.012  4983.974  5082.082 Vega
 4995.04    4.8216E-9    8.340     1.1910E7
 5003.38    4.7923E-9    8.350     1.1954E7
 5011.73    4.7675E-9    8.360     1.2101E7
 5020.09    4.7429E-9    8.380     1.2005E7
 5028.47    4.7184E-9    8.400     1.2372E7
 5036.87    4.6984E-9    8.400     1.2395E7
 5045.27    4.6741E-9    8.420     1.2639E7
 5053.69    4.6543E-9    8.440     1.2655E7
 5062.13    4.6345E-9    8.450     1.2917E7
 5070.58    4.6106E-9    8.460     1.3054E7
[vega_dopcor.fits] 22 2304 3.00 1.012  5058.423  5157.994 Vega
 5070.58    4.6106E-9    8.460     1.1791E7
 5079.04    4.5910E-9    8.480     1.1949E7
 5087.52    4.5715E-9    8.490     1.2066E7
 5096.01    4.5479E-9    8.510     1.2155E7
 5104.52    4.5285E-9    8.520     1.2346E7
 5113.04    4.5052E-9    8.540     1.2497E7
 5121.58    4.4860E-9    8.540     1.2637E7
 5130.12    4.4588E-9    8.570     1.2745E7
 5138.69    4.4316E-9    8.580     1.2879E7
 5147.27    4.4006E-9    8.590     1.3057E7
[vega_dopcor.fits] 23 2304 3.00 1.012  5135.127  5236.204 Vega
 5147.27    4.4006E-9    8.590     1.1754E7
 5155.86    4.3698E-9    8.600     1.1900E7
 5190.37    4.2763E-9    8.660     1.2426E7
 5199.03    4.2621E-9    8.680     1.2574E7
 5207.71    4.2479E-9    8.690     1.2818E7
 5216.40    4.2299E-9    8.710     1.3029E7
 5225.11    4.2158E-9    8.720     1.3160E7
[vega_dopcor.fits] 24 2304 3.00 1.012  5214.190  5316.820 Vega
 5225.11    4.2158E-9    8.720     1.1636E7
 5233.83    4.1940E-9    8.740     1.1732E7
 5242.57    4.1723E-9    8.750     1.2021E7
 5251.32    4.1470E-9    8.760     1.2187E7
 5260.08    4.1256E-9    8.790     1.2343E7
 5268.87    4.1042E-9    8.790     1.2484E7
 5277.66    4.0831E-9    8.810     1.2627E7
 5286.47    4.0620E-9    8.820     1.2901E7
 5295.29    4.0410E-9    8.840     1.3119E7
 5304.13    4.0164E-9    8.860     1.3269E7
[vega_dopcor.fits] 25 2304 3.00 1.012  5295.723  5399.953 Vega
 5304.13    4.0164E-9    8.860     1.1844E7
 5312.99    3.9957E-9    8.860     1.1820E7
 5321.85    3.9751E-9    8.890     1.2118E7
 5330.74    3.9582E-9    8.900     1.2198E7
 5339.64    3.9450E-9    8.910     1.2409E7
 5348.55    3.9282E-9    8.930     1.2604E7
 5357.48    3.9151E-9    8.940     1.2716E7
 5366.42    3.9021E-9    8.960     1.2778E7
 5375.38    3.8855E-9    8.970     1.2948E7
 5384.35    3.8655E-9    8.990     1.3104E7
 5393.34    3.8455E-9    9.000     1.3233E7
[vega_dopcor.fits] 26 2304 3.00 1.012  5379.842  5485.724 Vega
 5384.35    3.8655E-9    8.990     1.2087E7
 5393.34    3.8455E-9    9.000     1.2373E7
 5402.34    3.8256E-9    9.020     1.2419E7
 5411.36    3.8059E-9    9.030     1.2493E7
 5420.39    3.7827E-9    9.050     1.2522E7
 5429.44    3.7667E-9    9.060     1.2570E7
 5438.50    3.7472E-9    9.080     1.2633E7
 5447.58    3.7313E-9    9.090     1.2665E7
 5456.67    3.7155E-9    9.110     1.2735E7
 5465.78    3.6997E-9    9.120     1.2806E7
 5474.90    3.6840E-9    9.140     1.2865E7
[vega_dopcor.fits] 27 2304 3.00 1.012  5466.673  5574.261 Vega
 5474.90    3.6840E-9    9.140     1.2667E7
 5484.04    3.6649E-9    9.160     1.2641E7
 5493.20    3.6494E-9    9.170     1.2633E7
 5502.37    3.6305E-9    9.180     1.2625E7
 5511.55    3.6118E-9    9.200     1.2634E7
 5520.75    3.5964E-9    9.220     1.2661E7
 5529.97    3.5779E-9    9.230     1.2537E7
 5539.20    3.5594E-9    9.240     1.2643E7
 5548.44    3.5410E-9    9.270     1.2691E7
 5557.71    3.5227E-9    9.270     1.2741E7
 5566.98    3.5045E-9    9.290     1.2775E7
[vega_dopcor.fits] 28 2304 3.00 1.012  5556.351  5665.698 Vega
 5566.98    3.5045E-9    9.290     1.2220E7
 5576.27    3.4864E-9    9.310     1.2255E7
 5585.58    3.4684E-9    9.330     1.2303E7
 5594.91    3.4537E-9    9.340     1.2398E7
 5604.25    3.4358E-9    9.350     1.2483E7
 5613.60    3.4213E-9    9.370     1.2566E7
 5622.97    3.4036E-9    9.390     1.2697E7
 5632.36    3.3860E-9    9.400     1.2856E7
 5641.76    3.3685E-9    9.410     1.2994E7
 5651.17    3.3542E-9    9.440     1.3212E7
 5660.61    3.3369E-9    9.450     1.3441E7
[vega_dopcor.fits] 29 2304 3.00 1.012  5649.015  5760.183 Vega
 5660.61    3.3369E-9    9.450     1.1600E7
 5670.06    3.3197E-9    9.460     1.1682E7
 5679.52    3.3025E-9    9.480     1.1842E7
 5689.00    3.2855E-9    9.500     1.2036E7
 5698.50    3.2715E-9    9.510     1.2270E7
 5708.01    3.2546E-9    9.530     1.2482E7
 5717.54    3.2408E-9    9.540     1.2785E7
 5727.08    3.2241E-9    9.560     1.3069E7
 5736.64    3.2074E-9    9.580     1.3395E7
 5746.22    3.1908E-9    9.590     1.3750E7
[vega_dopcor.fits] 30 2304 3.00 1.012  5744.820  5857.869 Vega
 5755.81    3.1744E-9    9.610     1.0848E7
 5765.42    3.1580E-9    9.620     1.1085E7
 5775.04    3.1417E-9    9.640     1.1413E7
 5784.68    3.1254E-9    9.660     1.1720E7
 5794.34    3.1122E-9    9.670     1.2095E7
 5804.01    3.0961E-9    9.690     1.2511E7
 5813.70    3.0801E-9    9.700     1.2950E7
 5823.40    3.0670E-9    9.720     1.3436E7
 5833.12    3.0512E-9    9.740     1.3877E7
 5842.86    3.0326E-9    9.750     1.4391E7
 5852.61    3.0170E-9    9.770     1.4946E7
[vega_dopcor.fits] 31 2304 3.00 1.012  5843.927  5958.921 Vega
 5852.61    3.0170E-9    9.770     1.0960E7
 5862.38    3.0014E-9    9.790     1.1285E7
 5872.17    2.9831E-9    9.800     1.1566E7
 5881.97    2.9705E-9    9.820     1.1920E7
 5901.62    2.9426E-9    9.850     1.2457E7
 5911.47    2.9301E-9    9.870     1.2742E7
 5921.34    2.9176E-9    9.880     1.2940E7
 5931.22    2.9026E-9    9.900     1.3244E7
 5941.12    2.8876E-9    9.920     1.3440E7
 5951.04    2.8727E-9    9.930     1.3641E7
[vega_dopcor.fits] 32 2304 3.00 1.012  5946.510  6063.519 Vega
 5960.97    2.8578E-9    9.950     1.1609E7
 5970.92    2.8431E-9    9.970     1.1729E7
 5980.89    2.8284E-9    9.980     1.1803E7
 5990.87    2.8138E-9   10.000     1.1940E7
 6000.87    2.7992E-9   10.020     1.2076E7
 6010.89    2.7848E-9   10.030     1.2142E7
 6020.92    2.7704E-9   10.050     1.2284E7
 6030.97    2.7561E-9   10.070     1.2441E7
 6041.04    2.7444E-9   10.080     1.2541E7
 6051.12    2.7302E-9   10.110     1.2762E7
[vega_dopcor.fits] 33 2304 3.00 1.012  6052.755  6171.851 Vega
 6061.23    2.7161E-9   10.110     1.1219E7
 6071.34    2.7046E-9   10.140     1.1292E7
 6081.48    2.6906E-9   10.150     1.1415E7
 6091.63    2.6767E-9   10.170     1.1591E7
 6101.80    2.6604E-9   10.180     1.1707E7
 6111.98    2.6467E-9   10.210     1.1837E7
 6122.19    2.6330E-9   10.210     1.1990E7
 6132.40    2.6194E-9   10.240     1.2252E7
 6142.64    2.6059E-9   10.250     1.2422E7
 6163.16    2.5814E-9   10.290     1.2828E7
[vega_dopcor.fits] 34 2304 3.00 1.012  6162.862  6284.121 Vega
 6173.45    2.5681E-9   10.310     1.0760E7
 6183.76    2.5548E-9   10.320     1.0889E7
 6194.08    2.5416E-9   10.340     1.1027E7
 6204.42    2.5285E-9   10.350     1.1215E7
 6214.77    2.5132E-9   10.380     1.1413E7
 6225.15    2.5002E-9   10.390     1.1579E7
 6235.54    2.4895E-9   10.410     1.1798E7
 6245.95    2.4767E-9   10.420     1.2035E7
 6256.37    2.4662E-9   10.450     1.2311E7
 6266.82    2.4557E-9   10.460     1.2569E7
[vega_dopcor.fits] 35 2304 3.00 1.012  6277.047  6400.547 Vega
 6287.75    2.4304E-9   10.500     1.0050E7
 6298.25    2.4156E-9   10.510     1.0211E7
 6308.76    2.4031E-9   10.530     1.0490E7
 6319.29    2.3885E-9   10.550     1.0781E7
 6329.84    2.3762E-9   10.570     1.1017E7
 6340.41    2.3661E-9   10.580     1.1278E7
 6350.99    2.3539E-9   10.600     1.1462E7
 6361.59    2.3439E-9   10.620     1.1882E7
 6372.21    2.3318E-9   10.640     1.2033E7
 6382.85    2.3197E-9   10.650     1.2487E7
 6393.50    2.3078E-9   10.670     1.2784E7
[vega_dopcor.fits] 36 2304 3.00 1.012  6395.539  6521.367 Vega
 6404.17    2.2958E-9   10.700     1.0026E7
 6414.87    2.2840E-9   10.700     1.0161E7
 6425.57    2.2722E-9   10.730     1.0375E7
 6436.30    2.2584E-9   10.740     1.0512E7
 6447.04    2.2426E-9   10.760     1.0713E7
 6457.80    2.2289E-9   10.780     1.0807E7
 6468.58    2.2134E-9   10.800     1.1067E7
 6479.38    2.1958E-9   10.820     1.1179E7
 6490.20    2.1705E-9   10.830     1.1367E7
 6501.03    2.1434E-9   10.850     1.1553E7
 6511.88    2.1186E-9   10.870     1.1623E7
[vega_dopcor.fits] 37 2304 3.00 1.012  6518.586  6646.832 Vega
 6533.64    2.0210E-9   10.900     9474800.
 6544.54    1.9360E-9   10.930     8795270.
 6555.47    1.8512E-9   10.940     7032932.
 6566.41    1.7669E-9   10.960     6316934.
 6577.37    1.7178E-9   10.980     8855851.
 6588.35    1.7944E-9   11.000     9760355.
 6599.35    1.8727E-9   11.010     1.0253E7
 6610.36    1.9490E-9   11.040     1.0508E7
 6621.40    2.0247E-9   11.050     1.0639E7
 6632.45    2.0442E-9   11.070     1.0761E7
[vega_dopcor.fits] 38 2304 3.00 1.012  6646.459  6777.215 Vega
 6654.61    2.0325E-9   11.110     9771783.
 6665.72    2.0257E-9   11.130     9798187.
 6676.85    2.0189E-9   11.140     9828665.
 6687.99    2.0085E-9   11.160     9873832.
 6699.15    2.0000E-9   11.190     9908794.
 6710.34    1.9897E-9   11.200     9898354.
 6721.54    1.9812E-9   11.220     9976899.
 6732.76    1.9710E-9   11.240     1.0035E7
 6744.00    1.9608E-9   11.250     1.0038E7
 6755.25    1.9507E-9   11.280     1.0168E7
 6766.53    1.9406E-9   11.290     1.0223E7
[vega_dopcor.fits] 39 2304 3.00 1.012  6779.445  6912.813 Vega
 6789.14    1.9206E-9   11.330     9061985.
 6800.47    1.9107E-9   11.350     9097452.
 6811.82    1.9008E-9   11.370     9125704.
 6823.19    1.8910E-9   11.390     9199162.
 6834.58    1.8812E-9   11.410     9295178.
 6845.99    1.8733E-9   11.430     9405885.
 6857.42    1.8636E-9   11.440     9571650.
 6868.86    1.8540E-9   11.470     7763169.
 6880.33    1.8444E-9   11.480     8964787.
 6891.81    1.8349E-9   11.510     8854941.
 6903.32    1.8254E-9   11.520     9543259.
[vega_dopcor.fits] 40 2304 3.00 1.012  6917.858  7053.945 Vega
 6926.38    1.8066E-9   11.560     7670764.
 6937.94    1.7972E-9   11.580     7871440.
 6949.52    1.7880E-9   11.600     8090757.
 6961.12    1.7787E-9   11.630     8292882.
 6972.75    1.7695E-9   11.630     8577605.
 6984.38    1.7604E-9   11.660     8783967.
 6996.04    1.7513E-9   11.680     9040382.
 7007.72    1.7423E-9   11.700     9393219.
 7019.42    1.7317E-9   11.710     9697303.
 7031.13    1.7227E-9   11.740     1.0091E7
 7042.87    1.7154E-9   11.760     1.0404E7
[vega_dopcor.fits] 41 2304 3.00 1.012  7062.037  7200.957 Vega
 7078.20    1.6890E-9   11.810     7164579.
 7090.01    1.6787E-9   11.840     7363781.
 7101.85    1.6700E-9   11.850     7630024.
 7113.70    1.6599E-9   11.880     7898249.
 7125.58    1.6513E-9   11.890     8280118.
 7137.47    1.6413E-9   11.910     8591234.
 7149.38    1.6328E-9   11.940     8940491.
 7161.32    1.6244E-9   11.950     9252915.
[vega_dopcor.fits] 42 2304 3.00 1.012  7212.350  7354.223 Vega
 7221.29    1.5828E-9   12.050     6378626.
 7233.34    1.5761E-9   12.080     6510915.
 7245.42    1.5680E-9   12.090     6706646.
 7257.51    1.5599E-9   12.110     6969274.
 7269.62    1.5518E-9   12.140     7223017.
 7281.76    1.5438E-9   12.150     7564181.
 7293.91    1.5358E-9   12.180     7851350.
 7306.09    1.5293E-9   12.190     8262712.
 7318.28    1.5214E-9   12.220     8681800.
 7330.50    1.5136E-9   12.230     9134250.
 7342.73    1.5058E-9   12.260     9678224.
[vega_dopcor.fits] 43 2304 3.00 1.012  7369.197  7514.151 Vega
 7379.57    1.4812E-9   12.310     5638841.
 7391.88    1.4722E-9   12.340     5891181.
 7404.22    1.4632E-9   12.360     6148926.
 7416.58    1.4557E-9   12.380     6424094.
 7428.96    1.4468E-9   12.400     6733529.
 7441.36    1.4380E-9   12.420     7074712.
 7453.78    1.4306E-9   12.450     7424749.
 7466.23    1.4245E-9   12.460     7812988.
 7478.69    1.4172E-9   12.480     8308728.
 7491.17    1.4111E-9   12.510     8746939.
 7503.68    1.4038E-9   12.520     9188849.
[vega_dopcor.fits] 44 2304 3.00 1.012  7533.015  7681.187 Vega
 7541.31    1.3848E-9   12.590     5623556.
 7553.90    1.3776E-9   12.610     5866220.
 7566.51    1.3705E-9   12.630     6057136.
 7579.14    1.3634E-9   12.650     6210837.
 7617.54    1.3410E-9    1.080      546802.
 7662.34    1.3161E-9    2.159     1107359.
 7673.32    1.3092E-9    1.080      555843.
[vega_dopcor.fits] 45 2304 3.00 1.012  7704.277  7855.814 Vega
 7719.47    1.2820E-9   12.890     6591119.
 7732.36    1.2754E-9   12.900     6369186.
 7745.26    1.2676E-9   12.930     6179689.
 7758.19    1.2611E-9   12.950     5965665.
 7784.12    1.2493E-9   12.990     5606569.
 7797.11    1.2428E-9   13.010     5459731.
 7810.12    1.2364E-9   13.040     5328313.
 7823.16    1.2311E-9   13.060     5197969.
 7836.22    1.2248E-9   13.080     5122947.
[vega_dopcor.fits] 46 2304 3.00 1.012  7883.504  8038.563 Vega
 7901.84    1.1935E-9   13.190     5091913.
 7915.03    1.1873E-9   13.210     5047434.
 7928.24    1.1812E-9   13.230     4990675.
 7941.47    1.1751E-9   13.260     4950865.
 7954.73    1.1690E-9   13.280     4945115.
 7968.01    1.1630E-9   13.300     4971004.
 7981.31    1.1570E-9   13.320     4961490.
 7994.63    1.1510E-9   13.350     4954795.
 8007.98    1.1450E-9   13.360     4995915.
 8021.34    1.1391E-9   13.390     5046266.
[vega_dopcor.fits] 47 2304 3.00 1.012  8071.265  8230.014 Vega
 8088.51    1.1100E-9   13.510     3975528.
 8102.02    1.1033E-9   13.520     4010948.
 8115.54    1.0976E-9   13.540     4062840.
 8129.08    1.0919E-9   13.570     4079945.
 8142.65    1.0863E-9   13.600     4139596.
 8172.42    1.0764E-9    2.313      756216.
 8190.35    1.0712E-9    2.699      900610.
 8203.85    1.0672E-9    4.241     1487570.
 8210.84    1.0654E-9   13.711     4820454.
[vega_dopcor.fits] 48 2304 3.00 1.012  8268.185  8430.803 Vega
 8279.60    1.0439E-9   13.820     2893344.
 8293.42    1.0385E-9   13.840     3002098.
 8307.26    1.0331E-9   13.869     3161122.
 8321.13    1.0278E-9   13.891     3265560.
 8335.02    1.0234E-9   13.910     3438854.
 8348.93    1.0181E-9   13.939     3668192.
 8362.87    1.0119E-9   13.961     3838870.
 8376.83    1.0067E-9   13.980     4055319.
 8390.81    1.0006E-9   14.010     4288747.
 8404.82   9.9543E-10   14.020     4526455.
 8418.84   9.9029E-10   14.061     4785629.
[vega_dopcor.fits] 49 2304 3.00 1.012  8474.948  8641.630 Vega
 8489.34   9.5878E-10   14.170     2759890.
 8503.51   9.5208E-10   14.199     2738268.
 8517.71   9.4542E-10   14.221     3060762.
 8531.93   9.3880E-10   14.240     3096705.
 8546.17   9.3224E-10   14.260     3007332.
 8560.43   9.2657E-10   14.289     3473200.
 8574.72   9.2178E-10   14.320     3661702.
 8589.04   9.1702E-10   14.330     3412628.
 8603.37   9.1229E-10   14.359     3417433.
 8617.73   9.0758E-10   14.391     3894821.
 8632.12   9.0289E-10   14.410     3941577.
[vega_dopcor.fits] 50 2304 3.00 1.012  8692.314  8863.269 Vega
 8704.40   9.0197E-10   14.529     3741349.
 8718.93   9.0228E-10   14.561     3576790.
 8733.49   9.0343E-10   14.570     3184820.
 8748.06   9.0458E-10   14.609     2542732.
 8762.67   8.9990E-10   14.619     2920632.
 8777.29   8.9361E-10   14.660     3101375.
 8791.95   8.8736E-10   14.670     3096699.
 8806.62   8.8115E-10   14.699     3027240.
 8821.32   8.7499E-10   14.721     2885767.
 8836.04   8.6887E-10   14.750     2686889.
 8850.79   8.6358E-10   14.779     2262061.
[vega_dopcor.fits] 51 2304 3.00 1.012  8921.121  9096.572 Vega
 8939.81   9.2048E-10   14.920     2747696.
 8954.73   9.2164E-10   14.949     2646698.
 8969.68   9.0430E-10   14.971     2459321.
 8984.65   8.8729E-10   15.000     2223131.
 8999.65   8.7060E-10   15.020     2022773.
 9014.67   8.5422E-10   15.051     1612482.
 9029.72   8.3738E-10   15.070     2053082.
 9044.79   8.2086E-10   15.100     2331701.
 9059.89   8.2191E-10   15.119     2324675.
 9075.01   8.3210E-10   15.150     2286798.
