4459.26057111387  7.983836E-14
4459.30184254312  9.855126E-14
4459.34311135982  7.310488E-14
4459.38437756379  8.727882E-14
4459.4256411548  7.153954E-14
4459.46690213266  1.066759E-13
4459.50816049716  6.427809E-14
4459.54941624812  1.201585E-13
4459.59066938531  5.100458E-14
4459.63191990854  1.319645E-13
4459.67316781761  7.392260E-14
4459.71441311232  1.361553E-13
4459.75565579245  7.209397E-14
4459.79689585782  7.535255E-14
4459.83813330821  6.696256E-14
4459.87936814343  5.513744E-14
4459.92060036327  8.670458E-14
4459.96182996754  6.443666E-14
4460.00305695602  4.927366E-14
4460.04428132853  6.428436E-14
4460.08550308484  7.646828E-14
4460.12672222477  5.570702E-14
4460.16793874812  4.160174E-14
4460.20915265467  7.858039E-14
4460.25036394423  7.951111E-14
4460.2915726166  1.039938E-13
4460.33277867157  7.818014E-14
4460.37398210895  7.707496E-14
4460.41518292853  5.569537E-14
4460.45638113011  1.025190E-13
4460.49757671349  9.417053E-14
4460.53876967847  1.048665E-13
4460.57996002485  1.044250E-13
4460.62114775242  1.230630E-13
4460.66233286099  7.184367E-14
4460.70351535034  1.310533E-13
4460.74469522029  9.018029E-14
4460.78587247063  9.617988E-14
4460.82704710116  9.497381E-14
4460.86821911168  9.176043E-14
4460.90938850199  1.017893E-13
4460.95055527188  9.391079E-14
4460.99171942116  1.061962E-13
4461.03288094963  6.600059E-14
4461.07403985708  1.155199E-13
4461.11519614331  1.314053E-13
4461.15634980813  1.105147E-13
4461.19750085133  9.013753E-14
4461.23864927271  1.053297E-13
4461.27979507208  1.017655E-13
4461.32093824922  9.427518E-14
4461.36207880395  1.240160E-13
4461.40321673605  9.092329E-14
4461.44435204534  1.228763E-13
4461.48548473161  1.237261E-13
4461.52661479465  9.119151E-14
4461.56774223428  1.040808E-13
4461.60886705029  1.134356E-13
4461.64998924247  1.257791E-13
4461.69110881063  7.331715E-14
4461.73222575458  7.964315E-14
4461.7733400741  8.371371E-14
4461.814451769  9.350509E-14
4461.85556083909  7.692082E-14
4461.89666728415  1.089353E-13
4461.937771104  6.689216E-14
4461.97887229842  8.092844E-14
4462.01997086722  6.546773E-14
4462.06106681021  7.795029E-14
4462.10216012718  9.669723E-14
4462.14325081793  9.392695E-14
4462.18433888227  8.619041E-14
4462.22542431998  6.242098E-14
4462.26650713089  6.626229E-14
4462.30758731477  7.028262E-14
4462.34866487145  7.777482E-14
4462.38973980071  5.537894E-14
4462.43081210235  6.545439E-14
4462.47188177619  5.881966E-14
4462.51294882202  6.557629E-14
4462.55401323963  8.116644E-14
4462.59507502884  8.747201E-14
4462.63613418944  9.446864E-14
4462.67719072123  7.572198E-14
4462.71824462402  4.997055E-14
4462.75929589761  8.898447E-14
4462.80034454179  7.800695E-14
4462.84139055637  6.624645E-14
4462.88243394115  6.653599E-14
4462.92347469593  7.162867E-14
4462.96451282052  8.685255E-14
4463.00554831471  8.199050E-14
4463.04658117831  9.487906E-14
4463.08761141111  7.159004E-14
4463.12863901292  8.447006E-14
4463.16966398355  5.566549E-14
4463.21068632279  9.769227E-14
4463.25170603044  1.013032E-13
4463.29272310631  9.384672E-14
4463.3337375502  6.861592E-14
4463.37474936191  7.981656E-14
4463.41575854124  9.886500E-14
4463.456765088  6.316802E-14
4463.49776900198  1.256486E-13
4463.538770283  1.087889E-13
4463.57976893084  9.607758E-14
4463.62076494532  9.153224E-14
4463.66175832623  1.081148E-13
4463.70274907338  9.321314E-14
4463.74373718658  6.942240E-14
4463.78472266561  6.646972E-14
4463.8257055103  9.160231E-14
4463.86668572042  8.190517E-14
4463.90766329581  1.004662E-13
4463.94863823624  9.075516E-14
4463.98961054153  1.213329E-13
4464.03058021148  9.336310E-14
4464.07154724589  9.193487E-14
4464.11251164456  9.375716E-14
4464.1534734073  9.591567E-14
4464.19443253392  1.070816E-13
4464.2353890242  1.009069E-13
4464.27634287797  1.036895E-13
4464.31729409501  8.382569E-14
4464.35824267513  1.121593E-13
4464.39918861814  1.197828E-13
4464.44013192384  1.159240E-13
4464.48107259203  1.130762E-13
4464.52201062252  1.115396E-13
4464.56294601511  1.201707E-13
4464.60387876959  1.017802E-13
4464.64480888579  1.114481E-13
4464.68573636349  1.247633E-13
4464.72666120251  1.166721E-13
4464.76758340264  1.333659E-13
4464.8085029637  1.154866E-13
4464.84941988548  1.121149E-13
4464.89033416778  8.376314E-14
4464.93124581042  1.019462E-13
4464.97215481319  1.217611E-13
4465.0130611759  9.700485E-14
4465.05396489836  1.209404E-13
4465.09486598036  9.936116E-14
4465.13576442172  9.508166E-14
4465.17666022223  9.324321E-14
4465.21755338169  1.012041E-13
4465.25844389993  1.021844E-13
4465.29933177673  8.174358E-14
4465.3402170119  9.627713E-14
4465.38109960525  9.615871E-14
4465.42197955658  1.012928E-13
4465.4628568657  1.257678E-13
4465.50373153241  8.532424E-14
4465.54460355651  1.084526E-13
4465.58547293781  8.225755E-14
4465.62633967612  8.391562E-14
4465.66720377123  6.130404E-14
4465.70806522295  1.048006E-13
4465.7489240311  7.961854E-14
4465.78978019547  9.208088E-14
4465.83063371586  7.485215E-14
4465.87148459209  8.449486E-14
4465.91233282395  9.063393E-14
4465.95317841126  1.118549E-13
4465.99402135382  8.894061E-14
4466.03486165143  1.197207E-13
4466.07569930389  1.316845E-13
4466.11653431102  1.069879E-13
4466.15736667262  1.038958E-13
4466.19819638849  1.551589E-13
4466.23902345844  1.100031E-13
4466.27984788228  1.108048E-13
4466.32066965981  1.039356E-13
4466.36148879083  1.230832E-13
4466.40230527515  1.265679E-13
4466.44311911258  1.141942E-13
4466.48393030292  1.340250E-13
4466.52473884598  9.265330E-14
4466.56554474157  1.125593E-13
4466.60634798948  1.279742E-13
4466.64714858953  1.231500E-13
4466.68794654152  1.123004E-13
4466.72874184525  9.554977E-14
4466.76953450055  1.101163E-13
4466.8103245072  1.071920E-13
4466.85111186501  1.032581E-13
4466.8918965738  1.237059E-13
4466.93267863336  1.091515E-13
4466.97345804351  1.166875E-13
4467.01423480405  1.020951E-13
4467.05500891479  1.020491E-13
4467.09578037553  8.873858E-14
4467.13654918607  8.552786E-14
4467.17731534624  1.101005E-13
4467.21807885582  1.029336E-13
4467.25883971464  1.147650E-13
4467.29959792249  7.080493E-14
4467.34035347918  7.573436E-14
4467.38110638452  9.158997E-14
4467.42185663832  8.417427E-14
4467.46260424038  1.019626E-13
4467.50334919051  9.136865E-14
4467.54409148852  8.914981E-14
4467.58483113421  1.174715E-13
4467.62556812739  7.729151E-14
4467.66630246786  6.443268E-14
4467.70703415545  1.168966E-13
4467.74776318994  8.720525E-14
4467.78848957115  1.170336E-13
4467.82921329889  1.042334E-13
4467.86993437296  1.091858E-13
4467.91065279317  1.238511E-13
4467.95136855934  9.315279E-14
4467.99208167125  1.108059E-13
4468.03279212873  1.030039E-13
4468.07349993158  8.508516E-14
4468.11420507961  1.199814E-13
4468.15490757262  1.208623E-13
4468.19560741043  1.105521E-13
4468.23630459284  1.180040E-13
4468.27699911965  1.307570E-13
4468.31769099069  1.271389E-13
4468.35838020574  1.455752E-13
4468.39906676464  1.018309E-13
4468.43975066717  1.180246E-13
4468.48043191315  1.101148E-13
4468.52111050239  1.084910E-13
4468.56178643469  1.364849E-13
4468.60245970987  1.241092E-13
4468.64313032772  1.441586E-13
4468.68379828807  1.343842E-13
4468.72446359071  1.139084E-13
4468.76512623546  8.718672E-14
4468.80578622213  1.376054E-13
4468.84644355052  1.020379E-13
4468.88709822044  1.110445E-13
4468.9277502317  1.104801E-13
4468.9683995841  1.268550E-13
4469.00904627747  1.165531E-13
4469.0496903116  1.074678E-13
4469.09033168631  1.184212E-13
4469.1309704014  1.194200E-13
4469.17160645668  9.101526E-14
4469.21223985197  9.401210E-14
4469.25287058706  1.013106E-13
4469.29349866177  1.093237E-13
4469.33412407592  9.777055E-14
4469.37474682929  8.963643E-14
4469.41536692172  1.021252E-13
4469.455984353  1.051974E-13
4469.49659912295  8.510480E-14
4469.53721123137  9.689356E-14
4469.57782067808  7.878365E-14
4469.61842746287  1.006177E-13
4469.65903158557  1.006863E-13
4469.69963304598  8.244031E-14
4469.74023184392  9.397730E-14
4469.78082797918  8.942449E-14
4469.82142145159  1.157290E-13
4469.86201226094  9.575651E-14
4469.90260040706  8.922679E-14
4469.94318588974  9.054853E-14
4469.98376870881  9.795210E-14
4470.02434886406  1.006254E-13
4470.06492635532  1.095101E-13
4470.10550118238  1.106609E-13
4470.14607334506  1.088771E-13
4470.18664284317  8.706602E-14
4470.22720967652  1.067002E-13
4470.26777384493  9.794443E-14
4470.30833534818  8.977937E-14
4470.34889418612  9.384009E-14
4470.38945035853  9.826867E-14
4470.43000386523  1.011719E-13
4470.47055470603  7.011787E-14
4470.51110288075  8.936392E-14
4470.55164838918  1.040201E-13
4470.59219123115  8.683778E-14
4470.63273140646  8.694015E-14
4470.67326891493  1.107911E-13
4470.71380375636  9.619792E-14
4470.75433593057  1.079352E-13
4470.79486543736  1.190487E-13
4470.83539227655  1.160768E-13
4470.87591644795  1.032306E-13
4470.91643795136  1.195758E-13
4470.95695678661  9.074580E-14
4470.99747295349  1.190678E-13
4471.03798645183  1.126232E-13
4471.07849728143  1.028872E-13
4471.11900544211  1.006690E-13
4471.15951093367  1.123879E-13
4471.20001375592  1.259541E-13
4471.24051390869  1.030919E-13
4471.28101139177  9.853930E-14
4471.32150620498  7.751562E-14
4471.36199834814  1.048443E-13
4471.40248782105  1.124160E-13
4471.44297462353  1.012014E-13
4471.48345875538  1.087455E-13
4471.52394021642  1.084104E-13
4471.56441900646  1.187686E-13
4471.60489512531  1.124283E-13
4471.64536857279  1.055894E-13
4471.6858393487  1.025845E-13
4471.72630745286  9.157199E-14
4471.76677288508  9.521311E-14
4471.80723564517  1.040185E-13
4471.84769573294  9.271217E-14
4471.88815314821  1.078001E-13
4471.92860789079  9.302712E-14
4471.96905996048  1.020761E-13
4472.00950935711  9.679216E-14
4472.04995608048  9.643684E-14
4472.09040013041  1.278902E-13
4472.13084150671  1.018806E-13
4472.17128020919  1.121918E-13
4472.21171623767  1.109495E-13
4472.25214959195  1.123454E-13
4472.29258027185  1.029826E-13
4472.33300827718  1.346323E-13
4472.37343360775  1.315254E-13
4472.41385626339  9.580354E-14
4472.45427624389  1.138299E-13
4472.49469354907  1.283241E-13
4472.53510817875  1.443380E-13
4472.57552013275  1.106874E-13
4472.61592941086  1.304240E-13
4472.6563360129  1.080268E-13
4472.69673993869  1.206445E-13
4472.73714118804  1.033483E-13
4472.77753976077  1.236001E-13
4472.81793565669  1.194603E-13
4472.8583288756  1.409413E-13
4472.89871941732  1.249001E-13
4472.93910728168  1.135141E-13
4472.97949246847  1.130004E-13
4473.01987497752  1.153529E-13
4473.06025480864  1.380369E-13
4473.10063196163  1.039901E-13
4473.14100643632  1.129299E-13
4473.18137823252  1.204209E-13
4473.22174735004  1.278648E-13
4473.2621137887  1.093583E-13
4473.3024775483  1.109332E-13
4473.34283862867  1.116870E-13
4473.38319702961  1.098896E-13
4473.42355275095  9.405930E-14
4473.46390579249  1.074134E-13
4473.50425615405  8.804113E-14
4473.54460383544  1.292938E-13
4473.58494883648  1.192386E-13
4473.62529115698  1.169611E-13
4473.66563079675  1.113198E-13
4473.70596775562  9.405572E-14
4473.74630203338  1.022792E-13
4473.78663362987  1.267720E-13
4473.82696254489  1.104283E-13
4473.86728877826  1.107114E-13
4473.90761232979  1.096217E-13
4473.94793319929  1.042666E-13
4473.98825138659  1.143689E-13
4474.02856689149  1.164397E-13
4474.06887971381  1.174500E-13
4474.10918985336  1.073684E-13
4474.14949730997  1.306690E-13
4474.18980208344  1.286842E-13
4474.23010417359  1.256617E-13
4474.27040358024  1.295675E-13
4474.31070030319  1.253442E-13
4474.35099434227  1.242232E-13
4474.39128569729  1.424752E-13
4474.43157436806  1.211785E-13
4474.47186035441  1.379219E-13
4474.51214365614  1.339097E-13
4474.55242427306  1.357916E-13
4474.59270220501  1.038171E-13
4474.63297745179  1.103580E-13
4474.67325001321  1.333626E-13
4474.71351988909  1.269578E-13
4474.75378707926  1.209592E-13
4474.79405158351  1.089156E-13
4474.83431340167  1.182308E-13
4474.87457253356  1.336944E-13
4474.91482897899  1.211057E-13
4474.95508273778  1.059173E-13
4474.99533380973  1.211219E-13
4475.03558219468  1.394148E-13
4475.07582789243  1.259548E-13
4475.11607090279  1.315414E-13
4475.1563112256  1.240832E-13
4475.19654886065  1.317341E-13
4475.23678380777  1.375082E-13
4475.27701606678  1.241151E-13
4475.31724563748  1.160327E-13
4475.35747251971  1.228840E-13
4475.39769671326  1.152645E-13
4475.43791821797  1.230646E-13
4475.47813703364  1.209634E-13
4475.51835316009  8.672927E-14
4475.55856659714  1.132423E-13
4475.5987773446  1.123097E-13
4475.6389854023  1.144087E-13
4475.67919077004  1.296658E-13
4475.71939344765  1.258407E-13
4475.75959343494  1.139199E-13
4475.79979073173  1.190735E-13
4475.83998533783  1.032489E-13
4475.88017725307  1.203465E-13
4475.92036647725  1.171950E-13
4475.9605530102  1.085922E-13
4476.00073685174  1.248401E-13
4476.04091800167  1.312574E-13
4476.08109645982  1.292158E-13
4476.121272226  1.317890E-13
4476.16144530004  1.309991E-13
4476.20161568175  1.051854E-13
4476.24178337094  1.215778E-13
4476.28194836743  1.352341E-13
4476.32211067105  9.872713E-14
4476.3622702816  1.268779E-13
4476.40242719891  1.176745E-13
4476.4425814228  1.011251E-13
4476.48273295307  1.012201E-13
4476.52288178955  1.145255E-13
4476.56302793206  9.844856E-14
4476.60317138042  1.007521E-13
4476.64331213443  9.889399E-14
4476.68345019393  1.167465E-13
4476.72358555872  9.655865E-14
4476.76371822863  9.856783E-14
4476.80384820347  1.059458E-13
4476.84397548307  1.155357E-13
4476.88410006723  1.009087E-13
4476.92422195578  1.071690E-13
4476.96434114854  9.970813E-14
4477.00445764532  1.057963E-13
4477.04457144595  1.107432E-13
4477.08468255023  1.094731E-13
4477.124790958  9.656229E-14
4477.16489666906  9.580113E-14
4477.20499968324  9.751289E-14
4477.24510000035  1.004355E-13
4477.28519762022  1.218344E-13
4477.32529254266  1.243430E-13
4477.36538476749  1.239834E-13
4477.40547429453  1.211596E-13
4477.4455611236  1.241354E-13
4477.48564525451  1.143592E-13
4477.52572668709  1.143427E-13
4477.56580542116  1.126098E-13
4477.60588145652  1.147020E-13
4477.64595479302  1.352276E-13
4477.68602543045  1.178921E-13
4477.72609336864  1.400440E-13
4477.76615860742  1.339979E-13
4477.80622114659  1.454717E-13
4477.84628098598  1.348694E-13
4477.88633812541  1.120474E-13
4477.9263925647  1.481278E-13
4477.96644430366  1.250755E-13
4478.00649334212  1.284155E-13
4478.0465396799  1.218248E-13
4478.08658331681  1.409767E-13
4478.12662425267  1.424845E-13
4478.16666248731  1.301127E-13
4478.20669802054  1.361148E-13
4478.24673085219  1.199921E-13
4478.28676098207  1.298941E-13
4478.32678841  1.206769E-13
4478.36681313581  1.207325E-13
4478.40683515931  1.281226E-13
4478.44685448032  1.242263E-13
4478.48687109867  1.318572E-13
4478.52688501416  1.209279E-13
4478.56689622664  1.179344E-13
4478.6069047359  1.160463E-13
4478.64691054178  1.205267E-13
4478.6869136441  1.213030E-13
4478.72691404266  1.314167E-13
4478.7669117373  1.015016E-13
4478.80690672784  1.340345E-13
4478.8468990141  1.391824E-13
4478.88688859588  1.181914E-13
4478.92687547303  1.209999E-13
4478.96685964535  1.165907E-13
4479.00684111267  1.286313E-13
4479.04681987481  1.223222E-13
4479.08679593159  1.082775E-13
4479.12676928283  1.133938E-13
4479.16673992835  1.335394E-13
4479.20670786798  1.122742E-13
4479.24667310152  1.151578E-13
4479.28663562881  1.242689E-13
4479.32659544966  1.283839E-13
4479.3665525639  1.137513E-13
4479.40650697135  1.195532E-13
4479.44645867182  1.311341E-13
4479.48640766515  1.274580E-13
4479.52635395114  1.262878E-13
4479.56629752963  1.119066E-13
4479.60623840043  1.231225E-13
4479.64617656337  1.177845E-13
4479.68611201826  1.294397E-13
4479.72604476493  1.230700E-13
4479.7659748032  1.114378E-13
4479.80590213289  1.343107E-13
4479.84582675383  1.178618E-13
4479.88574866582  1.100873E-13
4479.92566786871  1.123528E-13
4479.9655843623  1.182173E-13
4480.00549814643  1.193072E-13
4480.0454092209  1.096599E-13
4480.08531758555  1.249753E-13
4480.1252232402  1.109988E-13
4480.16512618466  1.039988E-13
4480.20502641876  1.312489E-13
4480.24492394233  1.017248E-13
4480.28481875518  9.740840E-14
4480.32471085713  1.092643E-13
4480.36460024802  9.674003E-14
4480.40448692766  9.755423E-14
4480.44437089587  1.038333E-13
4480.48425215248  1.013759E-13
4480.5241306973  9.755102E-14
4480.56400653017  8.379963E-14
4480.6038796509  1.011989E-13
4480.64375005932  9.523257E-14
4480.68361775525  9.653368E-14
4480.7234827385  1.087305E-13
4480.76334500892  8.322087E-14
4480.80320456631  8.710124E-14
4480.8430614105  1.021392E-13
4480.88291554131  9.385172E-14
4480.92276695858  1.045271E-13
4480.96261566211  1.009763E-13
4481.00246165173  1.027627E-13
4481.04230492727  9.669922E-14
4481.08214548854  8.837869E-14
4481.12198333538  8.741453E-14
4481.16181846761  1.115801E-13
4481.20165088504  9.845010E-14
4481.2414805875  9.792045E-14
4481.28130757483  1.044130E-13
4481.32113184682  1.001096E-13
4481.36095340333  1.094507E-13
4481.40077224415  9.437043E-14
4481.44058836913  1.033131E-13
4481.48040177808  1.076870E-13
4481.52021247083  9.585074E-14
4481.56002044719  1.071388E-13
4481.599825707  9.072517E-14
4481.63962825009  1.131723E-13
4481.67942807626  9.129223E-14
4481.71922518535  8.804529E-14
4481.75901957717  9.670574E-14
4481.79881125157  8.852092E-14
4481.83860020835  1.040425E-13
4481.87838644734  9.063892E-14
4481.91816996837  1.065981E-13
4481.95795077126  9.814302E-14
4481.99772885584  7.901129E-14
4482.03750422192  9.436415E-14
4482.07727686934  1.162441E-13
4482.11704679792  9.472945E-14
4482.15681400748  8.894735E-14
4482.19657849785  8.913861E-14
4482.23634026884  9.417953E-14
4482.2760993203  1.138396E-13
4482.31585565204  8.570784E-14
4482.35560926388  9.932153E-14
4482.39536015565  9.275018E-14
4482.43510832718  1.037834E-13
4482.47485377829  9.103231E-14
4482.5145965088  9.636330E-14
4482.55433651855  1.058092E-13
4482.59407380735  9.751770E-14
4482.63380837503  8.370858E-14
4482.67354022141  8.691580E-14
4482.71326934633  9.644876E-14
4482.7529957496  9.510901E-14
4482.79271943105  9.003094E-14
4482.83244039051  8.294819E-14
4482.8721586278  9.888915E-14
4482.91187414275  1.043070E-13
4482.95158693518  9.766730E-14
4482.99129700492  1.004546E-13
4483.03100435179  1.036974E-13
4483.07070897562  9.873278E-14
4483.11041087623  9.127874E-14
4483.15011005346  8.971937E-14
4483.18980650712  9.167281E-14
4483.22950023705  7.482144E-14
4483.26919124306  8.329090E-14
4483.30887952498  8.540708E-14
4483.34856508265  9.905590E-14
4483.38824791588  8.325727E-14
4483.4279280245  8.069452E-14
4483.46760540834  8.813705E-14
4483.50728006723  1.022725E-13
4483.54695200098  9.845154E-14
4483.58662120943  1.112044E-13
4483.6262876924  1.127281E-13
4483.66595144973  1.022605E-13
4483.70561248122  9.407202E-14
4483.74527078672  1.100567E-13
4483.78492636605  1.071681E-13
4483.82457921903  1.142309E-13
4483.86422934549  1.168525E-13
4483.90387674526  1.143320E-13
4483.94352141817  1.217593E-13
4483.98316336404  1.095639E-13
4484.02280258269  1.365348E-13
4484.06243907396  1.160507E-13
4484.10207283767  1.260277E-13
4484.14170387365  1.288472E-13
4484.18133218172  1.168681E-13
4484.22095776172  1.247627E-13
4484.26058061346  1.216420E-13
4484.30020073679  1.226370E-13
4484.33981813151  1.424911E-13
4484.37943279747  1.268389E-13
4484.41904473449  1.332000E-13
4484.45865394239  1.336081E-13
4484.498260421  1.106428E-13
4484.53786417015  1.249674E-13
4484.57746518968  1.332490E-13
4484.61706347939  1.120789E-13
4484.65665903913  1.234996E-13
4484.69625186872  9.881421E-14
4484.73584196799  1.100894E-13
4484.77542933676  9.782324E-14
4484.81501397486  1.101625E-13
4484.85459588213  1.165016E-13
4484.89417505838  1.110268E-13
4484.93375150346  1.035865E-13
4484.97332521717  1.023498E-13
4485.01289619936  1.169942E-13
4485.05246444985  1.125142E-13
4485.09202996847  1.139336E-13
4485.13159275504  1.058162E-13
4485.1711528094  1.157321E-13
4485.21071013137  1.174656E-13
4485.25026472079  1.123877E-13
4485.28981657747  1.383151E-13
4485.32936570125  1.059325E-13
4485.36891209196  1.295529E-13
4485.40845574942  1.235029E-13
4485.44799667347  1.332910E-13
4485.48753486393  1.204249E-13
4485.52707032062  1.076188E-13
4485.56660304339  1.389926E-13
4485.60613303206  1.292242E-13
4485.64566028645  1.356235E-13
4485.6851848064  1.169425E-13
4485.72470659173  1.235064E-13
4485.76422564227  1.265139E-13
4485.80374195786  1.223754E-13
4485.84325553832  1.300797E-13
4485.88276638347  1.301076E-13
4485.92227449316  1.211628E-13
4485.9617798672  1.325438E-13
4486.00128250544  1.177192E-13
4486.04078240768  1.228531E-13
4486.08027957378  1.290385E-13
4486.11977400355  1.228903E-13
4486.15926569683  1.182891E-13
4486.19875465343  1.290474E-13
4486.2382408732  1.138268E-13
4486.27772435597  1.123593E-13
4486.31720510156  1.202716E-13
4486.3566831098  1.292930E-13
4486.39615838052  1.072061E-13
4486.43563091355  1.246381E-13
4486.47510070872  1.135495E-13
4486.51456776587  1.126237E-13
4486.55403208481  1.105044E-13
4486.59349366539  1.152884E-13
4486.63295250743  1.094221E-13
4486.67240861076  1.162611E-13
4486.71186197521  1.097429E-13
4486.75131260061  1.214160E-13
4486.79076048679  1.113573E-13
4486.83020563358  1.116683E-13
4486.86964804081  1.319560E-13
4486.90908770832  1.213994E-13
4486.94852463593  1.234069E-13
4486.98795882347  1.118650E-13
4487.02739027077  1.295795E-13
4487.06681897767  1.356483E-13
4487.10624494399  1.273782E-13
4487.14566816956  1.318370E-13
4487.18508865422  1.308482E-13
4487.2245063978  1.207037E-13
4487.26392140012  1.263413E-13
4487.30333366102  1.382315E-13
4487.34274318033  1.302451E-13
4487.38214995787  1.328698E-13
4487.42155399349  1.180083E-13
4487.46095528701  1.332342E-13
4487.50035383826  1.223964E-13
4487.53974964707  1.146219E-13
4487.57914271328  1.337223E-13
4487.61853303671  1.278747E-13
4487.6579206172  1.247486E-13
4487.69730545457  1.169406E-13
4487.73668754867  1.115963E-13
4487.77606689931  1.170217E-13
4487.81544350634  1.211413E-13
4487.85481736958  1.234505E-13
4487.89418848887  1.194292E-13
4487.93355686403  1.247568E-13
4487.9729224949  1.264756E-13
4488.0122853813  1.126920E-13
4488.05164552308  1.300134E-13
4488.09100292007  1.207228E-13
4488.13035757209  1.171907E-13
4488.16970947897  1.304571E-13
4488.20905864055  1.159982E-13
4488.24840505666  1.269116E-13
4488.28774872714  1.203058E-13
4488.32708965181  1.227453E-13
4488.36642783051  1.220486E-13
4488.40576326306  1.223248E-13
4488.44509594931  1.090946E-13
4488.48442588908  1.122268E-13
4488.5237530822  1.264102E-13
4488.56307752851  1.133399E-13
4488.60239922784  1.261851E-13
4488.64171818002  1.140651E-13
4488.68103438489  1.144646E-13
4488.72034784228  1.139181E-13
4488.75965855201  1.088538E-13
4488.79896651393  1.221070E-13
4488.83827172787  1.040030E-13
4488.87757419365  1.112123E-13
4488.91687391111  9.101469E-14
4488.95617088009  9.793533E-14
4488.99546510041  1.076475E-13
4489.03475657191  1.190396E-13
4489.07404529442  1.054626E-13
4489.11333126778  1.055335E-13
4489.15261449182  1.297876E-13
4489.19189496637  1.085568E-13
4489.23117269126  1.213561E-13
4489.27044766633  1.075243E-13
4489.30971989141  1.160559E-13
4489.34898936633  1.010803E-13
4489.38825609094  9.670830E-14
4489.42752006505  1.004900E-13
4489.46678128851  1.169121E-13
4489.50603976114  1.140507E-13
4489.54529548279  1.012503E-13
4489.58454845328  1.097831E-13
4489.62379867245  1.079516E-13
4489.66304614014  1.066294E-13
4489.70229085617  1.052220E-13
4489.74153282037  1.011804E-13
4489.7807720326  1.170432E-13
4489.82000849267  1.081344E-13
4489.85924220042  1.048034E-13
4489.89847315568  9.794609E-14
4489.9377013583  9.644422E-14
4489.9769268081  1.074898E-13
4490.01614950491  9.023619E-14
4490.05536944858  1.038992E-13
4490.09458663894  1.112589E-13
4490.13380107581  9.657199E-14
4490.17301275904  9.507313E-14
4490.21222168846  1.031221E-13
4490.25142786389  1.040378E-13
4490.29063128519  9.177887E-14
4490.32983195218  9.301439E-14
4490.3690298647  9.362163E-14
4490.40822502258  9.788128E-14
4490.44741742565  9.675008E-14
4490.48660707376  9.500435E-14
4490.52579396673  8.596475E-14
4490.5649781044  8.872074E-14
4490.6041594866  9.773912E-14
4490.64333811318  1.028692E-13
4490.68251398396  1.068010E-13
4490.72168709878  1.113804E-13
4490.76085745747  1.092438E-13
4490.80002505988  1.039810E-13
4490.83918990583  1.008873E-13
4490.87835199516  9.920348E-14
4490.9175113277  9.585907E-14
4490.9566679033  1.064617E-13
4490.99582172178  1.003478E-13
4491.03497278298  1.074795E-13
4491.07412108674  9.513821E-14
4491.1132666329  1.072780E-13
4491.15240942127  9.893866E-14
4491.19154945172  1.001294E-13
4491.23068672406  1.175221E-13
4491.26982123814  1.018739E-13
4491.30895299379  1.065028E-13
4491.34808199084  1.044642E-13
4491.38720822914  1.105478E-13
4491.42633170851  1.096542E-13
4491.4654524288  1.024673E-13
4491.50457038983  1.139130E-13
4491.54368559145  1.179637E-13
4491.5827980335  1.093200E-13
4491.6219077158  1.106883E-13
4491.6610146382  1.073582E-13
4491.70011880052  1.111554E-13
4491.73922020261  1.140580E-13
4491.77831884431  1.082410E-13
4491.81741472544  1.122298E-13
4491.85650784585  1.014364E-13
4491.89559820537  9.585780E-14
4491.93468580384  9.516282E-14
4491.97377064109  1.016921E-13
4492.01285271697  1.025262E-13
4492.0519320313  1.045548E-13
4492.09100858393  1.153203E-13
4492.13008237469  1.054743E-13
4492.16915340342  1.032706E-13
4492.20822166995  1.155453E-13
4492.24728717413  1.091447E-13
4492.28634991578  1.115910E-13
4492.32540989475  1.077052E-13
4492.36446711087  9.757831E-14
4492.40352156398  1.262819E-13
4492.44257325392  1.059054E-13
4492.48162218052  1.170406E-13
4492.52066834363  1.244580E-13
4492.55971174307  1.052869E-13
4492.59875237869  1.089316E-13
4492.63779025032  1.115672E-13
4492.6768253578  1.143656E-13
4492.71585770097  1.181460E-13
4492.75488727967  1.126389E-13
4492.79391409373  1.230417E-13
4492.83293814299  1.185724E-13
4492.87195942729  1.320697E-13
4492.91097794646  1.126968E-13
4492.94999370035  1.259960E-13
4492.98900668879  1.350205E-13
4493.02801691163  1.366754E-13
4493.06702436868  1.239272E-13
4493.1060290598  1.098114E-13
4493.14503098483  1.268858E-13
4493.18403014359  1.272005E-13
4493.22302653594  1.344366E-13
4493.26202016171  1.286771E-13
4493.30101102073  1.090985E-13
4493.33999911284  1.298968E-13
4493.37898443788  1.351780E-13
4493.4179669957  1.311359E-13
4493.45694678613  1.195538E-13
4493.495923809  1.330155E-13
4493.53489806416  1.184405E-13
4493.57386955144  1.226839E-13
4493.61283827068  1.182052E-13
4493.65180422173  1.242494E-13
4493.69076740442  1.371622E-13
4493.72972781859  1.379154E-13
4493.76868546407  1.296052E-13
4493.80764034071  1.246345E-13
4493.84659244834  1.323465E-13
4493.88554178681  1.318585E-13
4493.92448835596  1.177742E-13
4493.96343215561  1.192926E-13
4494.00237318562  1.299892E-13
4494.04131144581  1.180855E-13
4494.08024693604  1.219062E-13
4494.11917965613  1.174457E-13
4494.15810960593  1.300886E-13
4494.19703678528  1.134567E-13
4494.23596119402  1.197896E-13
4494.27488283198  1.213512E-13
4494.31380169901  1.214320E-13
4494.35271779494  1.197108E-13
4494.39163111961  1.151259E-13
4494.43054167287  1.103534E-13
4494.46944945456  1.227708E-13
4494.5083544645  1.240518E-13
4494.54725670255  1.111456E-13
4494.58615616855  1.150432E-13
4494.62505286232  1.206098E-13
4494.66394678372  1.041350E-13
4494.70283793258  1.175670E-13
4494.74172630874  1.057512E-13
4494.78061191204  1.125610E-13
4494.81949474233  1.102407E-13
4494.85837479944  1.119986E-13
4494.89725208321  1.076552E-13
4494.93612659349  1.067548E-13
4494.9749983301  9.854028E-14
4495.0138672929  1.006246E-13
4495.05273348173  1.017822E-13
4495.09159689642  9.829176E-14
4495.13045753681  9.715360E-14
4495.16931540275  8.575930E-14
4495.20817049407  8.651881E-14
4495.24702281063  9.734101E-14
4495.28587235224  8.552627E-14
4495.32471911877  9.322338E-14
4495.36356311004  9.576920E-14
4495.4024043259  9.233585E-14
4495.4412427662  1.007755E-13
4495.48007843076  9.266587E-14
4495.51891131944  9.873930E-14
4495.55774143206  1.097727E-13
4495.59656876849  1.046847E-13
4495.63539332854  1.008273E-13
4495.67421511208  8.405009E-14
4495.71303411893  1.020682E-13
4495.75185034894  9.893062E-14
4495.79066380195  1.047049E-13
4495.82947447779  1.120044E-13
4495.86828237633  1.011390E-13
4495.90708749738  1.202248E-13
4495.94588984081  1.170112E-13
4495.98468940643  1.097978E-13
4496.02348619411  1.083350E-13
4496.06228020368  1.191042E-13
4496.10107143497  1.149433E-13
4496.13985988785  1.140406E-13
4496.17864556213  1.237432E-13
4496.21742845768  1.226662E-13
4496.25620857432  1.083509E-13
4496.2949859119  1.172792E-13
4496.33376047027  1.100037E-13
4496.37253224926  1.222345E-13
4496.41130124872  1.207820E-13
4496.45006746848  1.133051E-13
4496.4888309084  9.986692E-14
4496.52759156831  1.058317E-13
4496.56634944806  1.035166E-13
4496.60510454748  1.075160E-13
4496.64385686642  1.050691E-13
4496.68260640473  1.148462E-13
4496.72135316224  1.042180E-13
4496.7600971388  1.054517E-13
4496.79883833425  1.170602E-13
4496.83757674843  1.054895E-13
4496.87631238118  1.150230E-13
4496.91504523236  1.180686E-13
4496.95377530179  1.147627E-13
4496.99250258933  1.178235E-13
4497.03122709481  1.223970E-13
4497.06994881808  1.192100E-13
4497.10866775899  1.082170E-13
4497.14738391737  1.015533E-13
4497.18609729306  1.104359E-13
4497.22480788592  1.073975E-13
4497.26351569578  1.076697E-13
4497.30222072249  1.046560E-13
4497.34092296589  1.117355E-13
4497.37962242583  9.512234E-14
4497.41831910213  9.994697E-14
4497.45701299467  1.088260E-13
4497.49570410326  1.048282E-13
4497.53439242776  1.135969E-13
4497.57307796801  9.665911E-14
4497.61176072386  1.041652E-13
4497.65044069514  1.174807E-13
4497.68911788171  1.076021E-13
4497.7277922834  1.107496E-13
4497.76646390006  9.916679E-14
4497.80513273153  1.065130E-13
4497.84379877766  1.189013E-13
4497.88246203829  1.062151E-13
4497.92112251327  1.056542E-13
4497.95978020243  1.091919E-13
4497.99843510563  1.180296E-13
4498.0370872227  1.134255E-13
4498.07573655349  1.162680E-13
4498.11438309785  1.163532E-13
4498.15302685561  1.154320E-13
4498.19166782663  1.194184E-13
4498.23030601075  1.187980E-13
4498.26894140781  1.107928E-13
4498.30757401765  1.237115E-13
4498.34620384013  1.184196E-13
4498.38483087508  1.227135E-13
4498.42345512236  1.213468E-13
4498.46207658179  1.264239E-13
4498.50069525324  1.213954E-13
4498.53931113654  1.279786E-13
4498.57792423154  1.233998E-13
4498.61653453808  1.280491E-13
4498.65514205601  1.342658E-13
4498.69374678517  1.304723E-13
4498.73234872541  1.330819E-13
4498.77094787658  1.177230E-13
4498.80954423851  1.253197E-13
4498.84813781106  1.272737E-13
4498.88672859407  1.276612E-13
4498.92531658738  1.150796E-13
4498.96390179083  1.268117E-13
4499.00248420429  1.286030E-13
4499.04106382758  1.389295E-13
4499.07964066056  1.240895E-13
4499.11821470306  1.226267E-13
4499.15678595495  1.150952E-13
4499.19535441606  1.214271E-13
4499.23392008623  1.200337E-13
4499.27248296531  1.271464E-13
4499.31104305315  1.329235E-13
4499.3496003496  1.339513E-13
4499.3881548545  1.308763E-13
4499.4267065677  1.245394E-13
4499.46525548903  1.162598E-13
4499.50380161835  1.078205E-13
4499.54234495551  1.161564E-13
4499.58088550034  1.140079E-13
4499.6194232527  1.163411E-13
4499.65795821244  1.012960E-13
4499.69649037939  1.146009E-13
4499.7350197534  1.195888E-13
4499.77354633433  1.183821E-13
4499.81207012201  1.137912E-13
4499.85059111629  1.104088E-13
4499.88910931703  1.090130E-13
4499.92762472406  1.159994E-13
4499.96613733723  1.029456E-13
4500.00464715639  1.100455E-13
4500.04315418139  1.202723E-13
4500.08165841206  1.127021E-13
4500.12015984827  1.250944E-13
4500.15865848985  1.218427E-13
4500.19715433666  1.314005E-13
4500.23564738853  1.134802E-13
4500.27413764533  1.303844E-13
4500.31262510688  1.302712E-13
4500.35110977304  1.334560E-13
4500.38959164366  1.354602E-13
4500.42807071859  1.274796E-13
4500.46654699766  1.245538E-13
4500.50502048074  1.439269E-13
4500.54349116766  1.279622E-13
4500.58195905827  1.481662E-13
4500.62042415243  1.246592E-13
4500.65888644997  1.344803E-13
4500.69734595074  1.391948E-13
4500.7358026546  1.271890E-13
4500.77425656139  1.167140E-13
4500.81270767096  1.360382E-13
4500.85115598315  1.319553E-13
4500.88960149781  1.263394E-13
4500.9280442148  1.337330E-13
4500.96648413395  1.230260E-13
4501.00492125512  1.325056E-13
4501.04335557816  1.342717E-13
4501.08178710291  1.202419E-13
4501.12021582921  1.221617E-13
4501.15864175692  1.128445E-13
4501.19706488589  1.303103E-13
4501.23548521597  1.236198E-13
4501.273902747  1.204847E-13
4501.31231747882  1.240495E-13
4501.3507294113  1.238039E-13
4501.38913854427  1.267218E-13
4501.42754487758  1.208155E-13
4501.4659484111  1.191421E-13
4501.50434914465  1.110220E-13
4501.54274707809  1.146331E-13
4501.58114221128  1.090663E-13
4501.61953454405  1.128695E-13
4501.65792407625  1.056811E-13
4501.69631080775  1.029747E-13
4501.73469473837  1.121861E-13
4501.77307586798  1.121972E-13
4501.81145419642  1.095993E-13
4501.84982972354  1.016588E-13
4501.88820244919  1.048418E-13
4501.92657237322  1.092474E-13
4501.96493949547  1.016120E-13
4502.0033038158  1.023961E-13
4502.04166533406  1.022198E-13
4502.08002405009  1.012778E-13
4502.11837996375  1.008633E-13
4502.15673307487  9.208376E-14
4502.19508338332  9.912415E-14
4502.23343088894  8.678259E-14
4502.27177559159  9.207601E-14
4502.3101174911  1.079818E-13
4502.34845658733  9.881074E-14
4502.38679288014  1.091820E-13
4502.42512636935  8.903424E-14
4502.46345705485  9.975112E-14
4502.50178493645  9.972346E-14
4502.54011001403  9.859959E-14
4502.57843228743  1.017941E-13
4502.61675175649  1.129463E-13
4502.65506842107  1.160915E-13
4502.69338228102  1.092322E-13
4502.73169333619  1.086663E-13
4502.77000158642  1.166712E-13
4502.80830703157  1.176768E-13
4502.8466096715  1.152994E-13
4502.88490950603  1.198734E-13
4502.92320653504  1.135223E-13
4502.96150075836  1.181506E-13
4502.99979217586  1.142883E-13
4503.03808078737  1.066312E-13
4503.07636659276  1.120919E-13
4503.11464959186  1.248868E-13
4503.15292978453  1.122555E-13
4503.19120717063  1.099761E-13
4503.22948175  1.207001E-13
4503.26775352248  1.169644E-13
4503.30602248795  1.222906E-13
4503.34428864624  1.237882E-13
4503.3825519972  1.209111E-13
4503.42081254069  1.114786E-13
4503.45907027655  1.177062E-13
4503.49732520465  1.308971E-13
4503.53557732482  1.220598E-13
4503.57382663692  1.313385E-13
4503.6120731408  1.390755E-13
4503.65031683631  1.258311E-13
4503.68855772331  1.205498E-13
4503.72679580164  1.324552E-13
4503.76503107116  1.296003E-13
4503.80326353171  1.285166E-13
4503.84149318315  1.322896E-13
4503.87972002533  1.453585E-13
4503.91794405811  1.227231E-13
4503.95616528132  1.233811E-13
4503.99438369483  1.341955E-13
4504.03259929849  1.414638E-13
4504.07081209214  1.380508E-13
4504.10902207565  1.347600E-13
4504.14722924885  1.365889E-13
4504.18543361161  1.333604E-13
4504.22363516377  1.265652E-13
4504.26183390519  1.308641E-13
4504.30002983572  1.329790E-13
4504.33822295521  1.275867E-13
4504.37641326352  1.459929E-13
4504.41460076048  1.329564E-13
4504.45278544597  1.419990E-13
4504.49096731982  1.439549E-13
4504.5291463819  1.331181E-13
4504.56732263205  1.303408E-13
4504.60549607013  1.284214E-13
4504.64366669598  1.320800E-13
4504.68183450947  1.324003E-13
4504.71999951044  1.295055E-13
4504.75816169874  1.264444E-13
4504.79632107424  1.249317E-13
4504.83447763678  1.315932E-13
4504.87263138621  1.319976E-13
4504.91078232239  1.243384E-13
4504.94893044516  1.475410E-13
4504.98707575439  1.267973E-13
4505.02521824993  1.315257E-13
4505.06335793162  1.205109E-13
4505.10149479933  1.290061E-13
4505.1396288529  1.229448E-13
4505.17776009219  1.293570E-13
4505.21588851705  1.236484E-13
4505.25401412733  1.310451E-13
4505.29213692289  1.351298E-13
4505.33025690358  1.380306E-13
4505.36837406925  1.225745E-13
4505.40648841976  1.344084E-13
4505.44459995496  1.270330E-13
4505.48270867471  1.194700E-13
4505.52081457885  1.316410E-13
4505.55891766725  1.331993E-13
4505.59701793975  1.344731E-13
4505.6351153962  1.199784E-13
4505.67321003647  1.255565E-13
4505.71130186041  1.380609E-13
4505.74939086786  1.243459E-13
4505.78747705869  1.327551E-13
4505.82556043274  1.302621E-13
4505.86364098988  1.304903E-13
4505.90171872995  1.152361E-13
4505.93979365281  1.181367E-13
4505.97786575832  1.199621E-13
4506.01593504632  1.113236E-13
4506.05400151668  1.265480E-13
4506.09206516924  1.339014E-13
4506.13012600386  1.310771E-13
4506.16818402039  1.362931E-13
4506.2062392187  1.263118E-13
4506.24429159863  1.279096E-13
4506.28234116004  1.400715E-13
4506.32038790278  1.224873E-13
4506.3584318267  1.347898E-13
4506.39647293167  1.246869E-13
4506.43451121753  1.447715E-13
4506.47254668415  1.323348E-13
4506.51057933137  1.406838E-13
4506.54860915906  1.276401E-13
4506.58663616705  1.380234E-13
4506.62466035522  1.426296E-13
4506.66268172342  1.276635E-13
4506.70070027149  1.301418E-13
4506.73871599931  1.243685E-13
4506.77672890671  1.325571E-13
4506.81473899356  1.378486E-13
4506.85274625971  1.401775E-13
4506.89075070501  1.352221E-13
4506.92875232933  1.317917E-13
4506.96675113251  1.359667E-13
4507.00474711442  1.239064E-13
4507.04274027491  1.256654E-13
4507.08073061382  1.260983E-13
4507.11871813103  1.229009E-13
4507.15670282638  1.336486E-13
4507.19468469974  1.183344E-13
4507.23266375095  1.374629E-13
4507.27063997987  1.304254E-13
4507.30861338635  1.192875E-13
4507.34658397027  1.310038E-13
4507.38455173146  1.163575E-13
4507.42251666978  1.266041E-13
4507.4604787851  1.245421E-13
4507.49843807726  1.292117E-13
4507.53639454613  1.179381E-13
4507.57434819156  1.230564E-13
4507.6122990134  1.314774E-13
4507.65024701152  1.265916E-13
4507.68819218576  1.177684E-13
4507.72613453599  1.238344E-13
4507.76407406206  1.210833E-13
4507.80201076382  1.298888E-13
4507.83994464114  1.238906E-13
4507.87787569387  1.293441E-13
4507.91580392187  1.181826E-13
4507.95372932499  1.328415E-13
4507.99165190309  1.208927E-13
4508.02957165603  1.209205E-13
4508.06748858366  1.259297E-13
4508.10540268584  1.277575E-13
4508.14331396243  1.243987E-13
4508.18122241328  1.275773E-13
4508.21912803825  1.168826E-13
4508.2570308372  1.332725E-13
4508.29493080999  1.393333E-13
4508.33282795647  1.322895E-13
4508.3707222765  1.238518E-13
4508.40861376993  1.145060E-13
4508.44650243664  1.133992E-13
4508.48438827646  1.357413E-13
4508.52227128926  1.120980E-13
4508.56015147489  1.406525E-13
4508.59802883322  1.128935E-13
4508.6359033641  1.335790E-13
4508.67377506739  1.135160E-13
4508.71164394294  1.089538E-13
4508.74950999062  1.159409E-13
4508.78737321028  1.235552E-13
4508.82523360178  1.082646E-13
4508.86309116497  1.117039E-13
4508.90094589972  1.183112E-13
4508.93879780588  1.148875E-13
4508.97664688331  1.262232E-13
4509.01449313187  1.226914E-13
4509.05233655142  1.099037E-13
4509.09017714181  1.123389E-13
4509.12801490291  1.175338E-13
4509.16584983456  1.254734E-13
4509.20368193664  1.137644E-13
4509.24151120899  1.190701E-13
4509.27933765148  1.126007E-13
4509.31716126396  1.370358E-13
4509.35498204629  1.132108E-13
4509.39279999834  1.141291E-13
4509.43061511995  1.317541E-13
4509.46842741099  1.145825E-13
4509.50623687132  1.172462E-13
4509.54404350079  1.179530E-13
4509.58184729927  1.219247E-13
4509.61964826661  1.084752E-13
4509.65744640267  1.422428E-13
4509.69524170731  1.365419E-13
4509.73303418039  1.383975E-13
4509.77082382177  1.341996E-13
4509.80861063131  1.317134E-13
4509.84639460886  1.381342E-13
4509.88417575428  1.352214E-13
4509.92195406745  1.332363E-13
4509.9597295482  1.324500E-13
4509.99750219641  1.280920E-13
4510.03527201193  1.215092E-13
4510.07303899461  1.142451E-13
4510.11080314434  1.291594E-13
4510.14856446095  1.219768E-13
4510.18632294431  1.193877E-13
4510.22407859428  1.096104E-13
4510.26183141072  1.389943E-13
4510.29958139349  1.228967E-13
4510.33732854244  1.307341E-13
4510.37507285744  1.392916E-13
4510.41281433835  1.267732E-13
4510.45055298503  1.301217E-13
4510.48828879734  1.234604E-13
4510.52602177513  1.180490E-13
4510.56375191827  1.345523E-13
4510.60147922661  1.234191E-13
4510.63920370002  1.283774E-13
4510.67692533836  1.238003E-13
4510.71464414149  1.258897E-13
4510.75236010927  1.264822E-13
4510.79007324155  1.298574E-13
4510.8277835382  1.292702E-13
4510.86549099908  1.345020E-13
4510.90319562405  1.415896E-13
4510.94089741296  1.399061E-13
4510.97859636569  1.338006E-13
4511.01629248209  1.255692E-13
4511.05398576202  1.272883E-13
4511.09167620533  1.356000E-13
4511.12936381191  1.352661E-13
4511.16704858159  1.285782E-13
4511.20473051425  1.273103E-13
4511.24240960974  1.422855E-13
4511.28008586793  1.365490E-13
4511.31775928867  1.366721E-13
4511.35542987183  1.306220E-13
4511.39309761727  1.296823E-13
4511.43076252485  1.368784E-13
4511.46842459443  1.271918E-13
4511.50608382587  1.290904E-13
4511.54374021904  1.313890E-13
4511.58139377379  1.355742E-13
4511.61904448998  1.524809E-13
4511.65669236748  1.277188E-13
4511.69433740615  1.423861E-13
4511.73197960585  1.102982E-13
4511.76961896644  1.261770E-13
4511.80725548778  1.380047E-13
4511.84488916974  1.223675E-13
4511.88252001217  1.349340E-13
4511.92014801495  1.312825E-13
4511.95777317791  1.260584E-13
4511.99539550095  1.408305E-13
4512.0330149839  1.142211E-13
4512.07063162664  1.253796E-13
4512.10824542903  1.259766E-13
4512.14585639092  1.317177E-13
4512.18346451219  1.378675E-13
4512.22106979269  1.159077E-13
4512.25867223228  1.238921E-13
4512.29627183084  1.304567E-13
4512.33386858821  1.365371E-13
4512.37146250426  1.244370E-13
4512.40905357886  1.082726E-13
4512.44664181186  1.198331E-13
4512.48422720314  1.223737E-13
4512.52180975254  1.123154E-13
4512.55938945994  1.334709E-13
4512.59696632519  1.233807E-13
4512.63454034817  1.156262E-13
4512.67211152873  1.215731E-13
4512.70967986673  1.116675E-13
4512.74724536204  1.335181E-13
4512.78480801451  1.173184E-13
4512.82236782403  1.314500E-13
4512.85992479043  1.147111E-13
4512.8974789136  1.244128E-13
4512.93503019339  1.244870E-13
4512.97257862966  1.238804E-13
4513.01012422228  1.264145E-13
4513.04766697111  1.154039E-13
4513.08520687602  1.239841E-13
4513.12274393687  1.144247E-13
4513.16027815351  1.277467E-13
4513.19780952582  1.128854E-13
4513.23533805366  1.272677E-13
4513.27286373689  1.264836E-13
4513.31038657537  1.221369E-13
4513.34790656897  1.045166E-13
4513.38542371756  1.236143E-13
4513.42293802099  1.058340E-13
4513.46044947912  1.324323E-13
4513.49795809183  1.076167E-13
4513.53546385898  1.100379E-13
4513.57296678043  1.232219E-13
4513.61046685604  1.120655E-13
4513.64796408568  1.133794E-13
4513.68545846921  1.101098E-13
4513.7229500065  1.223443E-13
4513.76043869741  1.220707E-13
4513.7979245418  1.068091E-13
4513.83540753954  1.235115E-13
4513.8728876905  1.154253E-13
4513.91036499453  1.141305E-13
4513.94783945151  1.185018E-13
4513.98531106128  1.172225E-13
4514.02277982373  1.247295E-13
4514.06024573872  1.248841E-13
4514.0977088061  1.167167E-13
4514.13516902574  1.265185E-13
4514.17262639752  1.249208E-13
4514.21008092129  1.322553E-13
4514.24753259691  1.196115E-13
4514.28498142426  1.326503E-13
4514.3224274032  1.327963E-13
4514.35987053358  1.207031E-13
4514.39731081529  1.177227E-13
4514.43474824817  1.326095E-13
4514.4721828321  1.318253E-13
4514.50961456695  1.091429E-13
4514.54704345257  1.386871E-13
4514.58446948883  1.271736E-13
4514.6218926756  1.253353E-13
4514.65931301275  1.173983E-13
4514.69673050013  1.291158E-13
4514.73414513761  1.137387E-13
4514.77155692506  1.109090E-13
4514.80896586235  1.270431E-13
4514.84637194934  1.052211E-13
4514.88377518589  1.129597E-13
4514.92117557187  1.171229E-13
4514.95857310715  1.128946E-13
4514.99596779159  1.094747E-13
4515.03335962505  1.157827E-13
4515.07074860741  1.231201E-13
4515.10813473853  1.109389E-13
4515.14551801828  1.114277E-13
4515.18289844651  1.194563E-13
4515.22027602311  1.110293E-13
4515.25765074792  1.140227E-13
4515.29502262082  1.147172E-13
4515.33239164168  1.093239E-13
4515.36975781036  1.134132E-13
4515.40712112673  1.102708E-13
4515.44448159065  1.202345E-13
4515.48183920199  1.204712E-13
4515.51919396062  1.141666E-13
4515.5565458664  1.210876E-13
4515.5938949192  1.128553E-13
4515.63124111888  1.113455E-13
4515.66858446532  1.186502E-13
4515.70592495837  1.141841E-13
4515.74326259791  1.217984E-13
4515.78059738381  1.234192E-13
4515.81792931592  1.172551E-13
4515.85525839411  1.132080E-13
4515.89258461826  1.135898E-13
4515.92990798823  1.038329E-13
4515.96722850389  1.189084E-13
4516.0045461651  1.180102E-13
4516.04186097172  1.248244E-13
4516.07917292364  1.276914E-13
4516.11648202071  1.066362E-13
4516.1537882628  1.326036E-13
4516.19109164978  1.155681E-13
4516.22839218152  1.217307E-13
4516.26568985788  1.237865E-13
4516.30298467873  9.824734E-14
4516.34027664393  1.074483E-13
4516.37756575337  1.078474E-13
4516.41485200689  1.105742E-13
4516.45213540438  1.162601E-13
4516.4894159457  1.258630E-13
4516.52669363071  1.212424E-13
4516.56396845929  1.308049E-13
4516.60124043129  1.234811E-13
4516.6385095466  1.169642E-13
4516.67577580507  1.231313E-13
4516.71303920658  1.164183E-13
4516.75029975099  1.279968E-13
4516.78755743817  1.379067E-13
4516.82481226799  1.322178E-13
4516.86206424032  1.326253E-13
4516.89931335502  1.284742E-13
4516.93655961196  1.354108E-13
4516.97380301102  1.420897E-13
4517.01104355206  1.466836E-13
4517.04828123494  1.424407E-13
4517.08551605954  1.405059E-13
4517.12274802573  1.363151E-13
4517.15997713337  1.306286E-13
4517.19720338233  1.268936E-13
4517.23442677248  1.214356E-13
4517.27164730369  1.274746E-13
4517.30886497584  1.444307E-13
4517.34607978877  1.131743E-13
4517.38329174237  1.152287E-13
4517.42050083651  1.227204E-13
4517.45770707104  1.285712E-13
4517.49491044585  1.360104E-13
4517.5321109608  1.253606E-13
4517.56930861576  1.348770E-13
4517.6065034106  1.342483E-13
4517.64369534519  1.254300E-13
4517.6808844194  1.374250E-13
4517.71807063309  1.257568E-13
4517.75525398613  1.375252E-13
4517.7924344784  1.222645E-13
4517.82961210977  1.113911E-13
4517.8667868801  1.239507E-13
4517.90395878926  1.152956E-13
4517.94112783713  1.063705E-13
4517.97829402356  1.141538E-13
4518.01545734844  1.092241E-13
4518.05261781163  1.353497E-13
4518.089775413  9.681576E-14
4518.12693015243  1.209904E-13
4518.16408202977  1.317929E-13
4518.2012310449  1.138337E-13
4518.23837719769  1.098421E-13
4518.27552048802  1.246310E-13
4518.31266091574  1.016227E-13
4518.34979848073  1.130498E-13
4518.38693318287  1.185153E-13
4518.42406502201  1.029097E-13
4518.46119399804  1.077408E-13
4518.49832011081  1.221149E-13
4518.53544336021  1.095853E-13
4518.5725637461  1.102971E-13
4518.60968126835  1.029310E-13
4518.64679592683  1.077620E-13
4518.68390772142  9.829544E-14
4518.72101665197  9.735019E-14
4518.75812271837  1.049803E-13
4518.79522592049  1.123624E-13
4518.83232625819  1.128137E-13
4518.86942373135  1.006349E-13
4518.90651833983  1.118856E-13
4518.94361008351  1.050139E-13
4518.98069896225  1.058812E-13
4519.01778497594  1.164349E-13
4519.05486812444  1.087861E-13
4519.09194840762  1.053101E-13
4519.12902582534  1.133064E-13
4519.1661003775  1.117525E-13
4519.20317206394  1.087081E-13
4519.24024088455  1.264299E-13
4519.2773068392  8.954480E-14
4519.31436992776  1.111372E-13
4519.35143015009  1.175193E-13
4519.38848750608  1.167158E-13
4519.42554199559  1.099314E-13
4519.46259361849  1.172800E-13
4519.49964237465  1.203525E-13
4519.53668826395  1.134016E-13
4519.57373128627  1.120357E-13
4519.61077144146  1.401980E-13
4519.6478087294  1.288308E-13
4519.68484314996  1.161370E-13
4519.72187470302  1.272800E-13
4519.75890338845  1.261868E-13
4519.79592920612  1.334743E-13
4519.83295215589  1.212693E-13
4519.86997223766  1.307918E-13
4519.90698945127  1.451680E-13
4519.94400379661  1.254352E-13
4519.98101527355  1.454095E-13
4520.01802388197  1.386330E-13
4520.05502962172  1.355172E-13
4520.09203249269  1.307902E-13
4520.12903249476  1.416684E-13
4520.16602962778  1.315513E-13
4520.20302389163  1.312170E-13
4520.24001528619  1.328340E-13
4520.27700381133  1.329992E-13
4520.31398946692  1.295556E-13
4520.35097225283  1.272476E-13
4520.38795216894  1.313321E-13
4520.42492921512  1.353730E-13
4520.46190339124  1.209493E-13
4520.49887469717  1.115542E-13
4520.53584313279  1.209715E-13
4520.57280869797  1.257208E-13
4520.60977139258  1.156593E-13
4520.6467312165  1.374429E-13
4520.6836881696  1.135902E-13
4520.72064225176  1.187690E-13
4520.75759346283  1.070502E-13
4520.79454180271  1.161369E-13
4520.83148727126  1.145974E-13
4520.86842986835  1.282667E-13
4520.90536959386  1.079789E-13
4520.94230644767  1.207068E-13
4520.97924042964  1.261691E-13
4521.01617153965  1.063901E-13
4521.05309977757  1.180925E-13
4521.09002514328  1.217725E-13
4521.12694763665  1.126296E-13
4521.16386725755  1.164427E-13
4521.20078400586  1.229453E-13
4521.23769788145  1.043086E-13
4521.2746088842  1.271415E-13
4521.31151701398  1.271401E-13
4521.34842227065  1.235924E-13
4521.38532465411  1.141964E-13
4521.42222416421  1.146460E-13
4521.45912080085  1.410714E-13
4521.49601456388  1.289181E-13
4521.53290545318  1.196658E-13
4521.56979346863  1.251353E-13
4521.6066786101  1.205113E-13
4521.64356087747  1.473508E-13
4521.68044027061  1.311502E-13
4521.7173167894  1.243856E-13
4521.7541904337  1.248789E-13
4521.7910612034  1.195797E-13
4521.82792909837  1.420717E-13
4521.86479411848  1.175929E-13
4521.90165626361  1.373145E-13
4521.93851553363  1.424895E-13
4521.97537192842  1.397308E-13
4522.01222544785  1.370553E-13
4522.0490760918  1.439936E-13
4522.08592386014  1.333437E-13
4522.12276875274  1.324860E-13
4522.15961076949  1.435882E-13
4522.19644991026  1.403745E-13
4522.23328617492  1.325528E-13
4522.27011956334  1.351794E-13
4522.30695007541  1.345039E-13
4522.34377771099  1.461525E-13
4522.38060246997  1.331752E-13
4522.41742435222  1.411891E-13
4522.45424335761  1.463543E-13
4522.49105948602  1.384303E-13
4522.52787273732  1.625075E-13
4522.5646831114  1.506736E-13
4522.60149060812  1.330685E-13
4522.63829522736  1.458459E-13
4522.675096969  1.556903E-13
4522.71189583291  1.339712E-13
4522.74869181897  1.348163E-13
4522.78548492706  1.198473E-13
4522.82227515705  1.367639E-13
4522.85906250881  1.286532E-13
4522.89584698222  1.152753E-13
4522.93262857717  1.456063E-13
4522.96940729351  1.173115E-13
4523.00618313114  1.166221E-13
4523.04295608993  1.153257E-13
4523.07972616974  1.136095E-13
4523.11649337047  1.129050E-13
4523.15325769198  1.036344E-13
4523.19001913416  1.085408E-13
4523.22677769687  1.081269E-13
4523.26353338  1.129126E-13
4523.30028618342  1.250424E-13
4523.337036107  9.684211E-14
4523.37378315063  1.008564E-13
4523.41052731419  9.328589E-14
4523.44726859753  9.952436E-14
4523.48400700056  1.043831E-13
4523.52074252313  9.700906E-14
4523.55747516514  9.670315E-14
4523.59420492645  9.335111E-14
4523.63093180694  1.032864E-13
4523.66765580649  9.984217E-14
4523.70437692498  1.079492E-13
4523.74109516227  9.150160E-14
4523.77781051826  9.850326E-14
4523.81452299282  1.051801E-13
4523.85123258582  1.057985E-13
4523.88793929715  9.392961E-14
4523.92464312667  1.119044E-13
4523.96134407427  1.075873E-13
4523.99804213983  1.040275E-13
4524.03473732321  1.166876E-13
4524.07142962431  1.187373E-13
4524.10811904299  1.293042E-13
4524.14480557913  1.184817E-13
4524.18148923262  1.354182E-13
4524.21817000333  1.320389E-13
4524.25484789114  1.253786E-13
4524.29152289592  1.129928E-13
4524.32819501755  1.321377E-13
4524.36486425592  1.256388E-13
4524.40153061089  1.355956E-13
4524.43819408235  1.236893E-13
4524.47485467018  1.328575E-13
4524.51151237425  1.289478E-13
4524.54816719444  1.330992E-13
4524.58481913063  1.368479E-13
4524.6214681827  1.366662E-13
4524.65811435052  1.314750E-13
4524.69475763399  1.341085E-13
4524.73139803296  1.373787E-13
4524.76803554732  1.455356E-13
4524.80467017695  1.286505E-13
4524.84130192174  1.187067E-13
4524.87793078155  1.254426E-13
4524.91455675626  1.243911E-13
4524.95117984576  1.272532E-13
4524.98780004992  1.347321E-13
4525.02441736862  1.545860E-13
4525.06103180175  1.389821E-13
4525.09764334917  1.244051E-13
4525.13425201078  1.204534E-13
4525.17085778644  1.065610E-13
4525.20746067603  1.222600E-13
4525.24406067945  1.334879E-13
4525.28065779655  1.143979E-13
4525.31725202724  1.300000E-13
4525.35384337137  1.181663E-13
4525.39043182883  9.706056E-14
4525.42701739951  1.262654E-13
4525.46360008328  1.157558E-13
4525.50017988002  1.217679E-13
4525.53675678961  1.109761E-13
4525.57333081193  1.100909E-13
4525.60990194686  1.126109E-13
4525.64647019428  1.146830E-13
4525.68303555406  1.299886E-13
4525.7195980261  9.006784E-14
4525.75615761026  1.055544E-13
4525.79271430642  1.048741E-13
4525.82926811448  1.057824E-13
4525.8658190343  1.010934E-13
4525.90236706577  1.029066E-13
4525.93891220877  1.028145E-13
4525.97545446317  1.067831E-13
4526.01199382886  9.782799E-14
4526.04853030572  1.161156E-13
4526.08506389363  1.008420E-13
4526.12159459247  1.138854E-13
4526.15812240211  1.115745E-13
4526.19464732244  9.344857E-14
4526.23116935334  1.051299E-13
4526.26768849469  9.199149E-14
4526.30420474637  1.168583E-13
4526.34071810826  1.024488E-13
4526.37722858024  1.192177E-13
4526.4137361622  1.015372E-13
4526.450240854  1.146462E-13
4526.48674265554  1.157827E-13
4526.52324156669  1.168153E-13
4526.55973758734  1.059284E-13
4526.59623071736  1.199860E-13
4526.63272095663  1.146946E-13
4526.66920830505  1.252405E-13
4526.70569276248  1.150818E-13
4526.74217432882  1.201193E-13
4526.77865300393  1.154353E-13
4526.8151287877  1.170257E-13
4526.85160168002  1.205594E-13
4526.88807168076  1.176158E-13
4526.92453878981  9.794764E-14
4526.96100300704  1.015088E-13
4526.99746433235  1.255688E-13
4527.0339227656  1.060981E-13
4527.07037830668  1.140146E-13
4527.10683095548  9.998053E-14
4527.14328071186  1.144252E-13
4527.17972757573  8.266522E-14
4527.21617154695  9.236476E-14
4527.25261262541  9.704093E-14
4527.28905081099  1.052530E-13
4527.32548610358  9.917977E-14
4527.36191850305  9.568750E-14
4527.39834800929  1.036505E-13
4527.43477462218  8.800603E-14
4527.47119834159  9.527845E-14
4527.50761916742  9.530421E-14
4527.54403709955  9.407570E-14
4527.58045213785  9.013438E-14
4527.61686428221  8.538798E-14
4527.65327353251  7.929876E-14
4527.68967988864  8.437628E-14
4527.72608335047  9.568812E-14
4527.76248391789  9.423813E-14
4527.79888159079  9.823413E-14
4527.83527636903  9.476266E-14
4527.87166825251  8.043590E-14
4527.90805724112  9.579146E-14
4527.94444333472  9.986054E-14
4527.9808265332  8.988834E-14
4528.01720683646  1.077149E-13
4528.05358424436  9.158363E-14
4528.0899587568  9.480175E-14
4528.12633037365  8.900042E-14
4528.1626990948  1.218564E-13
4528.19906492013  9.558129E-14
4528.23542784953  8.689588E-14
4528.27178788287  9.166543E-14
4528.30814502004  1.026799E-13
4528.34449926093  1.036690E-13
4528.38085060542  9.717543E-14
4528.41719905338  9.639528E-14
4528.45354460471  9.853705E-14
4528.48988725929  1.053518E-13
4528.526227017  1.081511E-13
4528.56256387772  9.971592E-14
4528.59889784134  1.075743E-13
4528.63522890774  1.196676E-13
4528.6715570768  1.244394E-13
4528.70788234841  1.116891E-13
4528.74420472246  9.175513E-14
4528.78052419882  1.124901E-13
4528.81684077738  1.166728E-13
4528.85315445803  1.165026E-13
4528.88946524064  1.290290E-13
4528.9257731251  1.012600E-13
4528.9620781113  1.296356E-13
4528.99838019912  1.086916E-13
4529.03467938844  8.592081E-14
4529.07097567916  9.468064E-14
4529.10726907114  9.283330E-14
4529.14355956428  8.825576E-14
4529.17984715846  1.057757E-13
4529.21613185356  9.728260E-14
4529.25241364947  9.039441E-14
4529.28869254608  8.941234E-14
4529.32496854327  9.324646E-14
4529.36124164092  9.253062E-14
4529.39751183891  8.471496E-14
4529.43377913714  8.975979E-14
4529.47004353548  9.483694E-14
4529.50630503383  7.636829E-14
4529.54256363207  1.017994E-13
4529.57881933007  9.570103E-14
4529.61507212773  8.206839E-14
4529.65132202493  9.582283E-14
4529.68756902156  9.868332E-14
4529.7238131175  6.996359E-14
4529.76005431263  8.535565E-14
4529.79629260685  7.817037E-14
4529.83252800003  8.307125E-14
4529.86876049206  9.441047E-14
4529.90499008283  1.002484E-13
4529.94121677222  8.829468E-14
4529.97744056012  1.051931E-13
4530.01366144641  9.650975E-14
4530.04987943099  1.058917E-13
4530.08609451372  9.983689E-14
4530.12230669451  8.253578E-14
4530.15851597322  8.692649E-14
4530.19472234976  1.074771E-13
4530.23092582401  1.119881E-13
4530.26712639585  1.153176E-13
4530.30332406517  1.067412E-13
4530.33951883185  8.594822E-14
4530.37571069578  1.275755E-13
4530.41189965684  9.569572E-14
4530.44808571493  1.070258E-13
4530.48426886993  8.867223E-14
4530.52044912172  9.016690E-14
4530.55662647019  1.105547E-13
4530.59280091522  1.037053E-13
4530.62897245671  9.696872E-14
4530.66514109454  1.143596E-13
4530.70130682859  8.292884E-14
4530.73746965875  1.079704E-13
4530.77362958491  1.076955E-13
4530.80978660696  8.587925E-14
4530.84594072478  1.202367E-13
4530.88209193825  1.151955E-13
4530.91824024727  9.427924E-14
4530.95438565172  9.408023E-14
4530.99052815148  1.204450E-13
4531.02666774645  1.071843E-13
4531.06280443651  1.091951E-13
4531.09893822155  1.053783E-13
4531.13506910145  1.262893E-13
4531.17119707611  1.128678E-13
4531.20732214541  1.228242E-13
4531.24344430923  1.204738E-13
4531.27956356746  1.185870E-13
4531.31567991999  1.163098E-13
4531.35179336671  9.769246E-14
4531.38790390751  1.076161E-13
4531.42401154227  9.701388E-14
4531.46011627087  1.049723E-13
4531.49621809322  9.844796E-14
4531.53231700919  8.824014E-14
4531.56841301866  1.024138E-13
4531.60450612154  1.028979E-13
4531.64059631771  9.003022E-14
4531.67668360705  7.588349E-14
4531.71276798945  8.594479E-14
4531.7488494648  8.926685E-14
4531.78492803299  7.697926E-14
4531.8210036939  9.092945E-14
4531.85707644743  8.845109E-14
4531.89314629346  8.954910E-14
4531.92921323188  7.419511E-14
4531.96527726257  1.036338E-13
4532.00133838543  8.471135E-14
4532.03739660035  8.209662E-14
4532.0734519072  8.513707E-14
4532.10950430589  1.165111E-13
4532.14555379629  8.653463E-14
4532.18160037831  6.998906E-14
4532.21764405181  8.653726E-14
4532.2536848167  1.074686E-13
4532.28972267286  1.057960E-13
4532.32575762018  9.699108E-14
4532.36178965855  1.068810E-13
4532.39781878785  8.278716E-14
4532.43384500798  1.330308E-13
4532.46986831883  1.099943E-13
4532.50588872028  1.147308E-13
4532.54190621223  1.134561E-13
4532.57792079455  1.159430E-13
4532.61393246715  1.264092E-13
4532.6499412299  1.124921E-13
4532.6859470827  1.086517E-13
4532.72195002544  1.247379E-13
4532.75795005801  1.300102E-13
4532.79394718029  1.045046E-13
4532.82994139217  1.122666E-13
4532.86593269355  1.108464E-13
4532.90192108431  1.111437E-13
4532.93790656434  1.183289E-13
4532.97388913354  1.383330E-13
4533.00986879179  1.452159E-13
4533.04584553897  1.090921E-13
4533.08181937499  1.114570E-13
4533.11779029973  1.478426E-13
4533.15375831307  1.367589E-13
4533.18972341492  1.399264E-13
4533.22568560515  1.162276E-13
4533.26164488367  1.373045E-13
4533.29760125035  1.106225E-13
4533.33355470509  1.317465E-13
4533.36950524778  1.201136E-13
4533.4054528783  9.326897E-14
4533.44139759655  1.347335E-13
4533.47733940243  1.126833E-13
4533.51327829581  1.145112E-13
4533.54921427659  1.122734E-13
4533.58514734466  1.255381E-13
4533.6210774999  1.173553E-13
4533.65700474222  9.064059E-14
4533.69292907149  9.106621E-14
4533.72885048762  1.199265E-13
4533.76476899049  1.100182E-13
4533.80068457998  1.076442E-13
4533.836597256  9.524173E-14
4533.87250701843  1.239940E-13
4533.90841386717  1.094368E-13
4533.94431780209  1.058569E-13
4533.9802188231  1.024097E-13
4534.01611693009  9.380962E-14
4534.05201212294  9.332757E-14
4534.08790440155  1.070129E-13
4534.1237937658  7.931861E-14
4534.1596802156  9.856733E-14
4534.19556375082  9.439776E-14
4534.23144437137  1.074464E-13
4534.26732207712  1.063548E-13
4534.30319686798  1.041731E-13
4534.33906874384  1.113616E-13
4534.37493770458  9.430990E-14
4534.41080375009  7.375341E-14
4534.44666688028  9.889360E-14
4534.48252709502  9.604942E-14
4534.51838439422  7.295151E-14
4534.55423877776  7.988971E-14
4534.59009024553  7.483792E-14
4534.62593879742  9.983456E-14
4534.66178443334  8.921989E-14
4534.69762715316  9.036976E-14
4534.73346695679  1.077471E-13
4534.76930384411  1.034132E-13
4534.80513781501  1.081670E-13
4534.84096886939  9.655003E-14
4534.87679700713  1.156854E-13
4534.91262222814  8.897963E-14
4534.9484445323  9.594104E-14
4534.98426391951  1.004244E-13
4535.02008038965  1.012900E-13
4535.05589394262  9.177703E-14
4535.09170457831  8.251227E-14
4535.12751229661  9.121249E-14
4535.16331709742  1.014780E-13
4535.19911898063  8.700383E-14
4535.23491794613  8.790963E-14
4535.27071399381  9.707870E-14
4535.30650712357  1.062673E-13
4535.34229733529  1.046083E-13
4535.37808462888  1.073804E-13
4535.41386900422  1.010076E-13
4535.44965046121  1.094235E-13
4535.48542899973  1.069836E-13
4535.52120461969  1.070118E-13
4535.55697732097  1.189491E-13
4535.59274710347  1.281106E-13
4535.62851396708  1.130924E-13
4535.66427791169  1.207831E-13
4535.7000389372  1.334073E-13
4535.7357970435  1.231667E-13
4535.77155223048  9.553760E-14
4535.80730449804  9.602686E-14
4535.84305384607  9.995500E-14
4535.87880027446  1.053262E-13
4535.9145437831  8.480666E-14
4535.9502843719  1.106993E-13
4535.98602204074  1.208456E-13
4536.02175678951  9.618888E-14
4536.05748861811  9.464525E-14
4536.09321752644  9.521186E-14
4536.12894351439  1.019848E-13
4536.16466658184  1.207539E-13
4536.20038672871  8.931831E-14
4536.23610395486  7.738020E-14
4536.27181826021  1.147876E-13
4536.30752964465  7.649026E-14
4536.34323810807  9.440894E-14
4536.37894365036  8.957955E-14
4536.41464627142  1.027085E-13
4536.45034597114  9.836421E-14
4536.48604274942  9.994231E-14
4536.52173660615  7.791462E-14
4536.55742754122  9.503819E-14
4536.59311555453  8.340264E-14
4536.62880064598  1.002789E-13
4536.66448281545  9.624540E-14
4536.70016206284  7.815349E-14
4536.73583838805  7.016042E-14
4536.77151179097  1.145575E-13
4536.8071822715  9.509667E-14
4536.84284982953  7.200062E-14
4536.87851446495  8.326228E-14
4536.91417617766  8.952109E-14
4536.94983496756  8.740990E-14
4536.98549083453  1.110700E-13
4537.02114377848  1.056603E-13
4537.0567937993  1.049884E-13
4537.09244089688  1.346050E-13
4537.12808507112  1.142526E-13
4537.16372632192  9.662499E-14
4537.19936464916  1.136741E-13
4537.23500005275  1.227305E-13
4537.27063253258  1.280399E-13
4537.30626208854  1.010448E-13
4537.34188872053  1.233968E-13
4537.37751242844  1.311079E-13
4537.41313321218  1.173504E-13
4537.44875107163  1.427848E-13
4537.4843660067  1.356401E-13
4537.51997801727  1.382616E-13
4537.55558710324  1.226771E-13
4537.59119326451  1.582632E-13
4537.62679650098  1.267778E-13
4537.66239681254  1.186887E-13
4537.69799419908  1.401489E-13
4537.7335886605  1.393640E-13
4537.7691801967  1.304764E-13
4537.80476880757  1.247789E-13
4537.84035449301  1.351441E-13
4537.87593725292  1.264536E-13
4537.91151708718  1.525114E-13
4537.94709399571  1.269858E-13
4537.98266797839  1.422165E-13
4538.01823903511  1.447327E-13
4538.05380716579  1.370333E-13
4538.0893723703  1.295545E-13
4538.12493464855  1.135500E-13
4538.16049400044  1.250925E-13
4538.19605042586  1.337704E-13
4538.23160392471  1.523590E-13
4538.26715449688  1.210113E-13
4538.30270214227  1.264464E-13
4538.33824686078  1.309617E-13
4538.37378865231  1.292227E-13
4538.40932751674  1.226076E-13
4538.44486345398  1.177373E-13
4538.48039646393  1.404061E-13
4538.51592654648  1.077510E-13
4538.55145370153  1.412078E-13
4538.58697792897  1.284871E-13
4538.62249922871  1.311453E-13
4538.65801760063  1.188408E-13
4538.69353304464  1.223877E-13
4538.72904556064  1.267170E-13
4538.76455514851  1.441323E-13
4538.80006180817  1.298663E-13
4538.8355655395  1.415305E-13
4538.87106634241  1.373292E-13
4538.90656421678  1.253938E-13
4538.94205916252  1.220713E-13
4538.97755117953  1.288070E-13
4539.0130402677  1.219379E-13
4539.04852642693  1.455289E-13
4539.08400965712  1.365706E-13
4539.11948995817  1.230376E-13
4539.15496732997  1.293743E-13
4539.19044177242  1.343231E-13
4539.22591328542  1.608935E-13
4539.26138186886  1.274665E-13
4539.29684752266  1.073499E-13
4539.33231024669  1.156691E-13
4539.36777004087  1.099124E-13
4539.40322690509  1.336058E-13
4539.43868083924  1.095875E-13
4539.47413184323  1.313696E-13
4539.50957991696  1.072501E-13
4539.54502506031  8.793543E-14
4539.5804672732  1.080316E-13
4539.61590655551  1.336769E-13
4539.65134290716  1.347528E-13
4539.68677632803  1.221835E-13
4539.72220681802  1.156229E-13
4539.75763437704  1.344638E-13
4539.79305900498  1.369417E-13
4539.82848070174  9.821066E-14
4539.86389946721  1.174541E-13
4539.89931530131  1.530790E-13
4539.93472820392  9.552805E-14
4539.97013817495  1.078516E-13
4540.00554521429  9.946874E-14
4540.04094932185  1.174855E-13
4540.07635049752  1.150761E-13
4540.1117487412  1.383069E-13
4540.14714405279  1.068100E-13
4540.18253643219  1.107043E-13
4540.2179258793  1.266816E-13
4540.25331239401  1.183987E-13
4540.28869597624  1.392436E-13
4540.32407662587  1.142267E-13
4540.35945434281  1.226725E-13
4540.39482912696  1.130926E-13
4540.4302009782  9.839116E-14
4540.46556989646  1.144073E-13
4540.50093588162  1.135442E-13
4540.53629893358  1.259477E-13
4540.57165905225  1.372070E-13
4540.60701623752  9.251264E-14
4540.64237048929  1.358809E-13
4540.67772180747  1.246538E-13
4540.71307019195  1.129909E-13
4540.74841564263  1.231686E-13
4540.78375815941  1.214277E-13
4540.8190977422  1.035343E-13
4540.85443439089  9.944140E-14
4540.88976810539  1.196103E-13
4540.92509888559  8.996838E-14
4540.96042673139  9.806577E-14
4540.99575164269  9.325133E-14
4541.0310736194  1.145565E-13
4541.06639266142  1.059605E-13
4541.10170876863  9.379022E-14
4541.13702194096  1.152321E-13
4541.17233217829  1.031871E-13
4541.20763948053  1.170598E-13
4541.24294384757  9.539968E-14
4541.27824527932  9.385646E-14
4541.31354377568  9.499357E-14
4541.34883933655  1.012910E-13
4541.38413196183  1.174968E-13
4541.41942165142  1.014662E-13
4541.45470840522  1.025693E-13
4541.48999222314  1.288047E-13
4541.52527310507  8.952291E-14
4541.56055105091  1.071923E-13
4541.59582606057  9.951617E-14
4541.63109813395  9.513153E-14
4541.66636727094  1.139690E-13
4541.70163347146  1.034244E-13
4541.73689673539  9.865112E-14
4541.77215706265  1.032647E-13
4541.80741445313  1.114880E-13
4541.84266890674  7.828564E-14
4541.87792042337  1.055746E-13
4541.91316900293  1.114838E-13
4541.94841464532  1.009063E-13
4541.98365735044  1.189625E-13
4542.01889711819  7.832184E-14
4542.05413394848  1.103166E-13
4542.08936784121  1.352893E-13
4542.12459879627  1.086494E-13
4542.15982681358  1.291147E-13
4542.19505189302  1.233357E-13
4542.23027403451  7.413310E-14
4542.26549323795  9.423207E-14
4542.30070950323  1.345551E-13
4542.33592283026  1.055563E-13
4542.37113321895  1.200190E-13
4542.40634066919  9.606691E-14
4542.44154518089  1.360212E-13
4542.47674675394  1.086948E-13
4542.51194538826  9.983992E-14
4542.54714108374  1.117002E-13
4542.58233384029  1.546294E-13
4542.61752365781  9.138304E-14
4542.6527105362  1.223520E-13
4542.68789447536  1.119259E-13
4542.7230754752  1.339883E-13
4542.75825353561  1.299340E-13
4542.79342865651  1.174580E-13
4542.8286008378  1.185190E-13
4542.86377007937  1.094961E-13
4542.89893638113  1.395048E-13
4542.93409974299  1.144543E-13
4542.96926016484  1.162256E-13
4543.00441764659  1.151770E-13
4543.03957218815  1.155498E-13
4543.07472378941  1.024664E-13
4543.10987245028  1.247264E-13
4543.14501817066  1.074069E-13
4543.18016095046  9.428125E-14
4543.21530078957  1.475012E-13
4543.25043768791  1.091583E-13
4543.28557164538  1.089913E-13
4543.32070266187  1.450520E-13
4543.35583073729  1.479308E-13
4543.39095587156  1.088310E-13
4543.42607806456  1.269208E-13
4543.4611973162  1.041161E-13
4543.49631362639  1.052553E-13
4543.53142699503  1.182843E-13
4543.56653742203  1.100151E-13
4543.60164490729  9.206146E-14
4543.6367494507  9.330340E-14
4543.67185105219  1.618976E-13
4543.70694971164  1.463313E-13
4543.74204542897  1.048547E-13
4543.77713820408  1.194326E-13
4543.81222803687  1.243838E-13
4543.84731492724  1.216801E-13
4543.88239887511  1.264872E-13
4543.91747988037  1.453391E-13
4543.95255794294  1.045710E-13
4543.9876330627  1.135138E-13
4544.02270523958  1.426927E-13
4544.05777447347  1.546832E-13
4544.09284076427  1.824306E-13
4544.1279041119  1.269594E-13
4544.16296451626  1.288609E-13
4544.19802197724  1.230061E-13
4544.23307649476  1.369189E-13
4544.26812806873  1.272861E-13
4544.30317669904  1.166522E-13
4544.3382223856  1.320261E-13
4544.37326512831  1.345318E-13
4544.40830492709  1.252421E-13
4544.44334178183  1.069630E-13
4544.47837569244  1.189633E-13
4544.51340665883  1.368340E-13
4544.5484346809  1.079728E-13
4544.58345975855  1.055495E-13
4544.6184818917  1.200888E-13
4544.65350108024  9.401681E-14
4544.68851732409  1.773690E-13
4544.72353062314  1.113040E-13
4544.75854097731  1.199881E-13
4544.79354838649  1.225188E-13
4544.8285528506  1.165334E-13
4544.86355436953  1.252115E-13
4544.89855294321  1.087052E-13
4544.93354857152  9.483879E-14
4544.96854125438  9.880349E-14
4545.00353099169  9.999545E-14
4545.03851778336  1.129231E-13
4545.0735016293  1.575526E-13
4545.1084825294  9.944905E-14
4545.14346048358  8.723509E-14
4545.17843549175  1.109060E-13
4545.2134075538  8.459164E-14
4545.24837666964  1.058104E-13
4545.28334283919  8.637177E-14
4545.31830606234  1.039141E-13
4545.35326633901  7.925741E-14
4545.38822366909  1.230411E-13
4545.4231780525  1.163543E-13
4545.45812948915  1.141256E-13
4545.49307797893  1.046037E-13
4545.52802352176  9.991616E-14
4545.56296611753  7.838239E-14
4545.59790576617  1.178849E-13
4545.63284246757  1.198423E-13
4545.66777622165  7.736443E-14
4545.7027070283  1.594707E-13
4545.73763488743  7.133483E-14
4545.77255979896  1.170310E-13
4545.80748176279  1.063077E-13
4545.84240077883  1.070071E-13
4545.87731684697  7.252180E-14
4545.91222996714  5.328320E-14
4545.94714013923  1.019824E-13
4545.98204736316  6.792029E-14
4546.01695163883  1.184948E-13
4546.05185296615  8.694484E-14
4546.08675134503  1.289960E-13
4546.12164677536  1.094318E-13
4546.15653925707  8.067525E-14
4546.19142879006  1.416964E-13
4546.22631537423  1.089599E-13
4546.26119900949  8.595926E-14
4546.29607969576  1.160695E-13
4546.33095743294  8.246870E-14
4546.36583222093  1.351292E-13
4546.40070405964  1.326290E-13
4546.43557294899  1.342982E-13
4546.47043888887  1.347759E-13
4546.50530187921  1.134183E-13
4546.54016191989  9.315225E-14
4546.57501901084  1.030048E-13
4546.60987315197  1.204243E-13
4546.64472434317  1.221476E-13
4546.67957258436  1.388939E-13
4546.71441787544  8.177061E-14
4546.74926021633  1.177183E-13
4546.78409960693  1.415657E-13
4546.81893604715  1.080074E-13
4546.8537695369  1.163542E-13
