4579.91532424752  1.261765E-13
4579.9577118426  1.306276E-13
4580.00009674871  1.316424E-13
4580.04247896564  1.142101E-13
4580.0848584932  1.058506E-13
4580.12723533119  1.158866E-13
4580.1696094794  1.171359E-13
4580.21198093763  9.658789E-14
4580.2543497057  1.446464E-13
4580.29671578339  1.468357E-13
4580.3390791705  1.340733E-13
4580.38143986685  1.062208E-13
4580.42379787221  1.042835E-13
4580.4661531864  1.050754E-13
4580.50850580922  1.070271E-13
4580.55085574047  1.215735E-13
4580.59320297994  1.370128E-13
4580.63554752744  1.222795E-13
4580.67788938277  1.191726E-13
4580.72022854573  9.617718E-14
4580.76256501611  9.819780E-14
4580.80489879372  9.696197E-14
4580.84722987837  1.301847E-13
4580.88955826984  1.001800E-13
4580.93188396795  1.010958E-13
4580.97420697248  9.743154E-14
4581.01652728325  8.178502E-14
4581.05884490005  1.113628E-13
4581.10115982269  1.151295E-13
4581.14347205096  1.126657E-13
4581.18578158467  1.112055E-13
4581.22808842361  1.033182E-13
4581.27039256759  1.256776E-13
4581.31269401641  1.136716E-13
4581.35499276987  9.222052E-14
4581.39728882777  1.172280E-13
4581.43958218992  1.019161E-13
4581.4818728561  1.425792E-13
4581.52416082614  1.049371E-13
4581.56644609981  1.195918E-13
4581.60872867694  1.199692E-13
4581.65100855732  1.488451E-13
4581.69328574074  9.588524E-14
4581.73556022702  9.748822E-14
4581.77783201595  1.089678E-13
4581.82010110734  1.097782E-13
4581.86236750098  9.034487E-14
4581.90463119669  7.963519E-14
4581.94689219425  1.041875E-13
4581.98915049347  1.197734E-13
4582.03140609416  1.359354E-13
4582.07365899611  1.055091E-13
4582.11590919914  8.213392E-14
4582.15815670303  1.394099E-13
4582.20040150759  1.232215E-13
4582.24264361263  8.042431E-14
4582.28488301794  8.450819E-14
4582.32711972333  1.077469E-13
4582.3693537286  9.111321E-14
4582.41158503356  1.107113E-13
4582.453813638  9.769115E-14
4582.49603954172  9.517532E-14
4582.53826274454  9.951726E-14
4582.58048324624  8.558792E-14
4582.62270104664  1.108402E-13
4582.66491614554  9.807820E-14
4582.70712854274  1.097183E-13
4582.74933823804  1.063779E-13
4582.79154523124  1.184794E-13
4582.83374952215  1.236696E-13
4582.87595111058  1.080909E-13
4582.91814999631  1.314113E-13
4582.96034617916  1.098888E-13
4583.00253965893  1.390606E-13
4583.04473043541  1.271461E-13
4583.08691850843  1.333172E-13
4583.12910387777  1.135503E-13
4583.17128654324  1.369702E-13
4583.21346650465  1.323850E-13
4583.25564376179  1.161419E-13
4583.29781831447  1.611195E-13
4583.33999016249  1.129593E-13
4583.38215930566  1.368751E-13
4583.42432574378  9.914509E-14
4583.46648947666  1.345159E-13
4583.50865050409  1.284691E-13
4583.55080882588  1.285079E-13
4583.59296444183  1.386118E-13
4583.63511735175  1.224885E-13
4583.67726755544  1.131372E-13
4583.71941505271  1.536051E-13
4583.76155984335  1.184139E-13
4583.80370192717  1.138393E-13
4583.84584130398  1.415601E-13
4583.88797797358  9.629202E-14
4583.93011193577  1.299129E-13
4583.97224319036  1.179077E-13
4584.01437173715  1.224224E-13
4584.05649757595  9.575358E-14
4584.09862070655  1.151869E-13
4584.14074112876  1.111651E-13
4584.1828588424  9.959122E-14
4584.22497384725  1.167516E-13
4584.26708614313  1.091639E-13
4584.30919572984  1.211313E-13
4584.35130260718  8.589369E-14
4584.39340677497  1.254551E-13
4584.43550823299  1.279950E-13
4584.47760698106  1.187602E-13
4584.51970301899  1.076936E-13
4584.56179634657  1.236453E-13
4584.60388696361  8.741017E-14
4584.64597486992  1.008221E-13
4584.68806006529  1.258775E-13
4584.73014254955  9.255288E-14
4584.77222232248  1.244421E-13
4584.81429938389  1.181676E-13
4584.8563737336  7.999899E-14
4584.8984453714  1.032982E-13
4584.9405142971  1.089549E-13
4584.9825805105  1.269181E-13
4585.02464401141  1.017937E-13
4585.06670479964  9.878059E-14
4585.10876287499  1.305837E-13
4585.15081823726  1.124683E-13
4585.19287088626  1.098600E-13
4585.23492082179  1.251195E-13
4585.27696804367  1.193172E-13
4585.31901255169  1.169339E-13
4585.36105434566  1.174927E-13
4585.40309342539  1.370815E-13
4585.44512979068  1.335978E-13
4585.48716344134  1.379605E-13
4585.52919437717  1.576433E-13
4585.57122259798  1.290297E-13
4585.61324810358  1.175809E-13
4585.65527089376  1.208485E-13
4585.69729096834  1.466837E-13
4585.73930832712  1.539241E-13
4585.78132296991  1.213304E-13
4585.82333489652  1.267494E-13
4585.86534410674  1.387174E-13
4585.90735060039  1.188781E-13
4585.94935437726  1.383394E-13
4585.99135543718  1.315803E-13
4586.03335377994  1.043766E-13
4586.07534940535  1.292903E-13
4586.11734231322  1.359569E-13
4586.15933250334  1.436604E-13
4586.20131997554  1.224739E-13
4586.24330472961  1.181965E-13
4586.28528676536  1.282889E-13
4586.3272660826  1.299227E-13
4586.36924268114  1.006125E-13
4586.41121656077  1.047829E-13
4586.45318772131  1.012119E-13
4586.49515616257  1.190810E-13
4586.53712188434  1.309130E-13
4586.57908488645  1.030214E-13
4586.62104516868  1.224241E-13
4586.66300273086  1.080109E-13
4586.70495757278  1.178253E-13
4586.74690969426  9.952723E-14
4586.7888590951  1.090416E-13
4586.83080577511  1.217399E-13
4586.87274973409  8.773875E-14
4586.91469097186  1.024151E-13
4586.95662948822  8.857928E-14
4586.99856528297  1.101005E-13
4587.04049835592  8.554912E-14
4587.08242870689  9.923198E-14
4587.12435633567  1.170302E-13
4587.16628124208  1.055439E-13
4587.20820342593  1.130067E-13
4587.25012288701  9.631523E-14
4587.29203962514  1.105740E-13
4587.33395364013  1.027305E-13
4587.37586493178  1.094766E-13
4587.4177734999  1.433495E-13
4587.4596793443  1.154585E-13
4587.50158246479  1.349400E-13
4587.54348286117  1.025144E-13
4587.58538053325  1.202963E-13
4587.62727548084  9.959292E-14
4587.66916770374  9.834898E-14
4587.71105720177  1.484200E-13
4587.75294397474  1.042737E-13
4587.79482802245  1.159108E-13
4587.8367093447  1.297510E-13
4587.87858794131  1.280522E-13
4587.92046381209  1.284789E-13
4587.96233695684  1.544728E-13
4588.00420737537  1.217625E-13
4588.0460750675  1.203910E-13
4588.08794003302  1.266529E-13
4588.12980227174  1.273091E-13
4588.17166178349  1.163622E-13
4588.21351856805  1.047133E-13
4588.25537262525  1.305606E-13
4588.29722395489  1.098849E-13
4588.33907255678  1.175738E-13
4588.38091843073  1.148523E-13
4588.42276157654  1.348233E-13
4588.46460199403  1.327418E-13
4588.506439683  1.252508E-13
4588.54827464327  1.248347E-13
4588.59010687463  1.164671E-13
4588.63193637691  1.477029E-13
4588.67376314991  1.142424E-13
4588.71558719343  1.220369E-13
4588.7574085073  1.136691E-13
4588.79922709131  1.222140E-13
4588.84104294527  1.157061E-13
4588.882856069  1.203129E-13
4588.92466646231  1.254233E-13
4588.966474125  1.268935E-13
4589.00827905688  1.211002E-13
4589.05008125776  1.209764E-13
4589.09188072746  1.352479E-13
4589.13367746578  1.088300E-13
4589.17547147253  1.452566E-13
4589.21726274752  1.232837E-13
4589.25905129055  1.041768E-13
4589.30083710145  1.157157E-13
4589.34262018002  1.203465E-13
4589.38440052606  1.241131E-13
4589.42617813939  1.351540E-13
4589.46795301982  1.229075E-13
4589.50972516717  1.220992E-13
4589.55149458122  1.177206E-13
4589.59326126181  1.387977E-13
4589.63502520873  1.476499E-13
4589.6767864218  1.497617E-13
4589.71854490083  1.058162E-13
4589.76030064563  1.382303E-13
4589.80205365601  1.217062E-13
4589.84380393178  1.234388E-13
4589.88555147274  1.383073E-13
4589.92729627872  1.443636E-13
4589.96903834951  1.228472E-13
4590.01077768493  1.312856E-13
4590.05251428479  1.268534E-13
4590.09424814891  1.369127E-13
4590.13597927708  1.474102E-13
4590.17770766913  1.372333E-13
4590.21943332486  1.333846E-13
4590.26115624409  1.266112E-13
4590.30287642662  1.389454E-13
4590.34459387226  1.317256E-13
4590.38630858083  1.218414E-13
4590.42802055213  1.250210E-13
4590.46972978599  1.277652E-13
4590.5114362822  1.366254E-13
4590.55314004058  1.385347E-13
4590.59484106094  1.037739E-13
4590.63653934309  1.266878E-13
4590.67823488684  1.268826E-13
4590.71992769201  1.246215E-13
4590.76161775841  1.211567E-13
4590.80330508583  1.319737E-13
4590.84498967411  1.208458E-13
4590.88667152304  1.359653E-13
4590.92835063245  1.222064E-13
4590.97002700214  1.277129E-13
4591.01170063192  1.165361E-13
4591.0533715216  1.243707E-13
4591.095039671  1.258051E-13
4591.13670507993  1.269859E-13
4591.1783677482  1.303023E-13
4591.22002767562  1.230594E-13
4591.261684862  1.354439E-13
4591.30333930716  1.195254E-13
4591.3449910109  1.271836E-13
4591.38663997304  1.172463E-13
4591.42828619339  1.261359E-13
4591.46992967177  1.283177E-13
4591.51157040798  1.170146E-13
4591.55320840183  1.173239E-13
4591.59484365314  1.284847E-13
4591.63647616173  1.205354E-13
4591.6781059274  1.283504E-13
4591.71973294996  1.240966E-13
4591.76135722923  1.243164E-13
4591.80297876501  1.281594E-13
4591.84459755714  1.164011E-13
4591.8862136054  1.232886E-13
4591.92782690963  1.221327E-13
4591.96943746962  9.957743E-14
4592.01104528519  1.193941E-13
4592.05265035616  1.121635E-13
4592.09425268234  1.175580E-13
4592.13585226354  9.659079E-14
4592.17744909957  1.108614E-13
4592.21904319024  1.183774E-13
4592.26063453538  1.250033E-13
4592.30222313478  1.110988E-13
4592.34380898827  1.211839E-13
4592.38539209566  1.275782E-13
4592.42697245675  1.264237E-13
4592.46855007137  1.110593E-13
4592.51012493933  1.010046E-13
4592.55169706044  1.115973E-13
4592.5932664345  1.134341E-13
4592.63483306135  1.042201E-13
4592.67639694078  1.140006E-13
4592.71795807262  1.293527E-13
4592.75951645667  1.312732E-13
4592.80107209275  1.358769E-13
4592.84262498068  1.178937E-13
4592.88417512026  1.257066E-13
4592.92572251131  1.322631E-13
4592.96726715364  9.219908E-14
4593.00880904708  1.250338E-13
4593.05034819142  9.767780E-14
4593.09188458648  9.551641E-14
4593.13341823209  1.094176E-13
4593.17494912805  1.168716E-13
4593.21647727417  9.193423E-14
4593.25800267027  8.922051E-14
4593.29952531617  1.107030E-13
4593.34104521168  1.005370E-13
4593.3825623566  1.185076E-13
4593.42407675077  1.135812E-13
4593.46558839398  1.028205E-13
4593.50709728606  9.745641E-14
4593.54860342681  1.131004E-13
4593.59010681606  1.222259E-13
4593.63160745362  1.275704E-13
4593.6731053393  1.073618E-13
4593.71460047291  1.078330E-13
4593.75609285427  1.079688E-13
4593.7975824832  1.160926E-13
4593.83906935951  1.196498E-13
4593.88055348301  1.214604E-13
4593.92203485353  1.230722E-13
4593.96351347086  1.246335E-13
4594.00498933483  1.240403E-13
4594.04646244526  1.199557E-13
4594.08793280195  1.350986E-13
4594.12940040473  1.373925E-13
4594.1708652534  1.435913E-13
4594.21232734779  1.293760E-13
4594.2537866877  1.370325E-13
4594.29524327296  1.385471E-13
4594.33669710337  1.386057E-13
4594.37814817876  1.264549E-13
4594.41959649893  1.272403E-13
4594.46104206371  1.342233E-13
4594.50248487291  1.275440E-13
4594.54392492633  1.258331E-13
4594.58536222381  1.213308E-13
4594.62679676516  9.998712E-14
4594.66822855018  1.252505E-13
4594.7096575787  1.297883E-13
4594.75108385052  1.179420E-13
4594.79250736548  1.097119E-13
4594.83392812338  1.064799E-13
4594.87534612403  1.409494E-13
4594.91676136726  1.164949E-13
4594.95817385288  1.164010E-13
4594.9995835807  1.200852E-13
4595.04099055055  1.253456E-13
4595.08239476222  1.232322E-13
4595.12379621556  1.168886E-13
4595.16519491036  1.164809E-13
4595.20659084645  1.299585E-13
4595.24798402363  1.198487E-13
4595.28937444174  1.231053E-13
4595.33076210058  1.179488E-13
4595.37214699997  1.181563E-13
4595.41352913972  1.313622E-13
4595.45490851965  1.310934E-13
4595.49628513959  1.348094E-13
4595.53765899934  1.266142E-13
4595.57903009871  1.277322E-13
4595.62039843754  1.223869E-13
4595.66176401563  1.260061E-13
4595.7031268328  1.351044E-13
4595.74448688887  1.418143E-13
4595.78584418365  1.138666E-13
4595.82719871697  1.319088E-13
4595.86855048863  1.145177E-13
4595.90989949845  1.270756E-13
4595.95124574626  9.970518E-14
4595.99258923187  1.269845E-13
4596.03392995508  1.279677E-13
4596.07526791574  1.089158E-13
4596.11660311364  1.069829E-13
4596.1579355486  1.310482E-13
4596.19926522045  1.088573E-13
4596.240592129  1.036334E-13
4596.28191627407  1.182102E-13
4596.32323765547  1.007905E-13
4596.36455627302  1.239417E-13
4596.40587212655  8.683879E-14
4596.44718521586  9.773682E-14
4596.48849554077  1.189612E-13
4596.52980310111  1.046828E-13
4596.57110789668  1.073259E-13
4596.61240992732  1.047995E-13
4596.65370919282  1.060644E-13
4596.69500569302  1.135781E-13
4596.73629942773  1.114019E-13
4596.77759039676  1.239560E-13
4596.81887859994  1.159707E-13
4596.86016403709  1.138099E-13
4596.90144670801  9.827557E-14
4596.94272661254  1.159380E-13
4596.98400375048  1.133391E-13
4597.02527812165  1.253671E-13
4597.06654972588  1.212623E-13
4597.10781856298  1.059292E-13
4597.14908463277  1.218503E-13
4597.19034793506  1.302809E-13
4597.23160846969  1.045078E-13
4597.27286623645  1.151253E-13
4597.31412123518  1.176277E-13
4597.35537346569  1.235600E-13
4597.3966229278  1.294602E-13
4597.43786962132  1.184707E-13
4597.47911354609  1.396339E-13
4597.5203547019  1.362282E-13
4597.56159308859  1.379948E-13
4597.60282870597  1.347280E-13
4597.64406155387  1.336486E-13
4597.68529163209  1.391856E-13
4597.72651894046  1.208405E-13
4597.76774347879  1.217257E-13
4597.80896524692  1.263149E-13
4597.85018424464  1.220640E-13
4597.89140047179  1.323201E-13
4597.93261392819  1.346566E-13
4597.97382461364  1.176711E-13
4598.01503252798  1.210782E-13
4598.05623767101  1.375268E-13
4598.09744004257  1.290055E-13
4598.13863964246  1.203124E-13
4598.17983647051  1.206494E-13
4598.22103052654  1.270539E-13
4598.26222181036  1.182998E-13
4598.30341032181  1.273424E-13
4598.34459606068  1.211138E-13
4598.38577902681  1.060718E-13
4598.42695922002  1.168319E-13
4598.46813664012  1.219213E-13
4598.50931128693  1.144973E-13
4598.55048316027  1.176162E-13
4598.59165225997  1.187039E-13
4598.63281858584  1.071133E-13
4598.67398213771  1.120692E-13
4598.71514291539  1.049575E-13
4598.75630091869  9.943177E-14
4598.79745614745  1.057465E-13
4598.83860860149  9.810088E-14
4598.87975828061  7.937134E-14
4598.92090518465  1.094105E-13
4598.96204931342  1.196322E-13
4599.00319066675  1.113934E-13
4599.04432924444  9.911233E-14
4599.08546504633  1.107095E-13
4599.12659807224  1.019652E-13
4599.16772832197  1.111918E-13
4599.20885579537  1.167217E-13
4599.24998049223  1.173312E-13
4599.29110241239  1.199527E-13
4599.33222155567  1.169507E-13
4599.37333792188  1.295132E-13
4599.41445151086  1.302641E-13
4599.45556232241  1.243600E-13
4599.49667035635  1.341698E-13
4599.53777561252  1.235284E-13
4599.57887809073  1.387124E-13
4599.61997779079  1.417472E-13
4599.66107471255  1.349778E-13
4599.7021688558  1.234736E-13
4599.74326022037  1.320858E-13
4599.78434880609  1.162343E-13
4599.82543461278  1.363491E-13
4599.86651764025  1.351960E-13
4599.90759788834  1.410283E-13
4599.94867535685  1.375738E-13
4599.98975004561  1.364187E-13
4600.03082195444  1.433801E-13
4600.07189108317  1.227630E-13
4600.11295743161  1.329015E-13
4600.15402099959  1.452093E-13
4600.19508178693  1.420139E-13
4600.23613979344  1.484784E-13
4600.27719501896  1.245138E-13
4600.31824746329  1.424540E-13
4600.35929712628  1.295605E-13
4600.40034400772  1.384513E-13
4600.44138810746  1.163624E-13
4600.4824294253  1.156381E-13
4600.52346796108  1.296999E-13
4600.56450371461  1.267870E-13
4600.60553668571  1.280729E-13
4600.64656687421  1.084084E-13
4600.68759427994  1.282271E-13
4600.7286189027  1.149770E-13
4600.76964074232  1.143489E-13
4600.81065979863  1.179151E-13
4600.85167607145  1.267297E-13
4600.8926895606  1.257763E-13
4600.93370026589  1.076255E-13
4600.97470818717  1.104621E-13
4601.01571332424  1.101704E-13
4601.05671567693  1.058767E-13
4601.09771524506  1.095824E-13
4601.13871202846  9.411768E-14
4601.17970602694  9.792370E-14
4601.22069724034  1.033703E-13
4601.26168566846  1.102456E-13
4601.30267131114  9.766480E-14
4601.3436541682  1.025565E-13
4601.38463423946  9.056668E-14
4601.42561152474  1.044899E-13
4601.46658602387  1.103838E-13
4601.50755773667  1.076885E-13
4601.54852666295  1.013647E-13
4601.58949280256  1.075996E-13
4601.6304561553  1.057430E-13
4601.671416721  1.110849E-13
4601.71237449949  9.813369E-14
4601.75332949059  1.132890E-13
4601.79428169411  1.173712E-13
4601.83523110989  1.202323E-13
4601.87617773775  1.163964E-13
4601.91712157751  1.107882E-13
4601.958062629  1.133530E-13
4601.99900089203  1.218776E-13
4602.03993636643  1.122797E-13
4602.08086905203  1.197901E-13
4602.12179894864  1.125364E-13
4602.1627260561  1.187604E-13
4602.20365037423  1.350302E-13
4602.24457190284  1.256561E-13
4602.28549064177  1.283246E-13
4602.32640659083  1.227610E-13
4602.36731974985  1.345537E-13
4602.40823011867  1.178606E-13
4602.44913769709  1.378257E-13
4602.49004248494  1.265381E-13
4602.53094448205  1.344543E-13
4602.57184368824  1.354297E-13
4602.61274010333  1.282982E-13
4602.65363372716  1.203112E-13
4602.69452455954  1.430807E-13
4602.7354126003  1.157369E-13
4602.77629784926  1.394518E-13
4602.81718030624  1.213645E-13
4602.85805997108  1.151012E-13
4602.89893684359  1.375205E-13
4602.93981092361  1.416337E-13
4602.98068221095  1.353733E-13
4603.02155070543  1.243593E-13
4603.06241640689  1.394521E-13
4603.10327931515  1.284290E-13
4603.14413943004  1.218763E-13
4603.18499675137  1.352252E-13
4603.22585127897  1.112891E-13
4603.26670301268  1.322883E-13
4603.3075519523  1.237485E-13
4603.34839809767  1.290289E-13
4603.38924144862  1.295879E-13
4603.43008200496  1.148391E-13
4603.47091976653  1.230022E-13
4603.51175473314  1.264004E-13
4603.55258690463  1.098553E-13
4603.59341628081  1.220324E-13
4603.63424286153  1.228618E-13
4603.67506664658  1.259835E-13
4603.71588763582  1.173704E-13
4603.75670582905  1.144292E-13
4603.79752122611  1.212471E-13
4603.83833382682  1.151494E-13
4603.879143631  1.192891E-13
4603.91995063849  1.086644E-13
4603.9607548491  1.170115E-13
4604.00155626267  1.142321E-13
4604.04235487902  1.129361E-13
4604.08315069797  1.179725E-13
4604.12394371935  1.222092E-13
4604.16473394299  1.160148E-13
4604.20552136871  1.312325E-13
4604.24630599634  1.239002E-13
4604.2870878257  1.250626E-13
4604.32786685663  1.270271E-13
4604.36864308894  1.155733E-13
4604.40941652246  1.314430E-13
4604.45018715702  1.375619E-13
4604.49095499245  1.267484E-13
4604.53172002856  1.429900E-13
4604.5724822652  1.350196E-13
4604.61324170218  1.254897E-13
4604.65399833933  1.287926E-13
4604.69475217647  1.295324E-13
4604.73550321344  1.361920E-13
4604.77625145006  1.315722E-13
4604.81699688615  1.341678E-13
4604.85773952155  1.413205E-13
4604.89847935608  1.354496E-13
4604.93921638957  1.382532E-13
4604.97995062183  1.273718E-13
4605.02068205271  1.266059E-13
4605.06141068202  1.199014E-13
4605.1021365096  1.234299E-13
4605.14285953527  1.245751E-13
4605.18357975885  1.253896E-13
4605.22429718018  1.421043E-13
4605.26501179909  1.382120E-13
4605.30572361539  1.552743E-13
4605.34643262892  1.152035E-13
4605.3871388395  1.268395E-13
4605.42784224695  1.259203E-13
4605.46854285112  1.110371E-13
4605.50924065183  1.137954E-13
4605.54993564889  1.220383E-13
4605.59062784215  1.220503E-13
4605.63131723143  1.321119E-13
4605.67200381654  1.128435E-13
4605.71268759734  1.139846E-13
4605.75336857363  1.174848E-13
4605.79404674525  1.127804E-13
4605.83472211202  1.224037E-13
4605.87539467378  1.090003E-13
4605.91606443035  1.144303E-13
4605.95673138156  1.005177E-13
4605.99739552724  1.300817E-13
4606.0380568672  1.241307E-13
4606.0787154013  1.124174E-13
4606.11937112934  1.179417E-13
4606.16002405116  1.201606E-13
4606.2006741666  1.153053E-13
4606.24132147546  1.182845E-13
4606.28196597759  1.341444E-13
4606.32260767281  1.135221E-13
4606.36324656095  1.183206E-13
4606.40388264184  1.181636E-13
4606.4445159153  1.172954E-13
4606.48514638117  1.093295E-13
4606.52577403928  1.213256E-13
4606.56639888944  1.206654E-13
4606.6070209315  1.211414E-13
4606.64764016527  1.273026E-13
4606.6882565906  1.182273E-13
4606.7288702073  1.274989E-13
4606.7694810152  1.264881E-13
4606.81008901415  1.323421E-13
4606.85069420395  1.217320E-13
4606.89129658444  1.259885E-13
4606.93189615546  1.197070E-13
4606.97249291682  1.377531E-13
4607.01308686837  1.234352E-13
4607.05367800992  1.415330E-13
4607.09426634131  1.284782E-13
4607.13485186236  1.340190E-13
4607.17543457292  1.331032E-13
4607.21601447279  1.308062E-13
4607.25659156182  1.299351E-13
4607.29716583983  1.466714E-13
4607.33773730666  1.259351E-13
4607.37830596212  1.307457E-13
4607.41887180606  1.245272E-13
4607.4594348383  1.450357E-13
4607.49999505867  1.262243E-13
4607.54055246701  1.356566E-13
4607.58110706312  1.321715E-13
4607.62165884686  1.380594E-13
4607.66220781805  1.483042E-13
4607.70275397652  1.351887E-13
4607.7432973221  1.194455E-13
4607.78383785461  1.377825E-13
4607.8243755739  1.427261E-13
4607.86491047978  1.135259E-13
4607.90544257209  1.311357E-13
4607.94597185066  1.301488E-13
4607.98649831532  1.241568E-13
4608.0270219659  1.260810E-13
4608.06754280223  1.162265E-13
4608.10806082413  1.359784E-13
4608.14857603145  1.285949E-13
4608.189088424  1.288242E-13
4608.22959800163  1.107692E-13
4608.27010476416  1.159917E-13
4608.31060871142  1.318098E-13
4608.35110984324  1.221598E-13
4608.39160815945  1.205075E-13
4608.43210365989  1.175705E-13
4608.47259634437  1.221628E-13
4608.51308621275  1.205605E-13
4608.55357326484  1.279235E-13
4608.59405750047  1.222999E-13
4608.63453891948  1.210273E-13
4608.6750175217  1.326149E-13
4608.71549330695  1.293195E-13
4608.75596627508  1.187272E-13
4608.79643642591  1.210533E-13
4608.83690375926  1.313547E-13
4608.87736827498  1.280193E-13
4608.9178299729  1.413829E-13
4608.95828885283  1.265350E-13
4608.99874491463  1.240568E-13
4609.03919815811  1.316499E-13
4609.07964858311  1.525768E-13
4609.12009618946  1.424971E-13
4609.16054097699  1.472808E-13
4609.20098294553  1.444121E-13
4609.24142209492  1.468461E-13
4609.28185842498  1.601929E-13
4609.32229193555  1.430908E-13
4609.36272262646  1.354063E-13
4609.40315049754  1.509311E-13
4609.44357554863  1.553226E-13
4609.48399777955  1.472449E-13
4609.52441719013  1.403085E-13
4609.56483378021  1.360207E-13
4609.60524754962  1.396349E-13
4609.6456584982  1.535810E-13
4609.68606662576  1.417286E-13
4609.72647193216  1.400492E-13
4609.76687441721  1.309079E-13
4609.80727408075  1.529662E-13
4609.84767092261  1.420049E-13
4609.88806494263  1.517814E-13
4609.92845614063  1.316257E-13
4609.96884451645  1.361716E-13
4610.00923006993  1.449774E-13
4610.04961280089  1.308571E-13
4610.08999270916  1.497061E-13
4610.13036979458  1.431410E-13
4610.17074405699  1.445608E-13
4610.2111154962  1.381557E-13
4610.25148411207  1.452833E-13
4610.29184990441  1.457822E-13
4610.33221287307  1.340159E-13
4610.37257301787  1.453922E-13
4610.41293033864  1.452201E-13
4610.45328483523  1.442207E-13
4610.49363650746  1.388859E-13
4610.53398535516  1.407093E-13
4610.57433137818  1.427382E-13
4610.61467457634  1.438692E-13
4610.65501494947  1.522526E-13
4610.69535249741  1.487445E-13
4610.73568721999  1.478364E-13
4610.77601911705  1.412125E-13
4610.81634818841  1.547292E-13
4610.85667443392  1.243254E-13
4610.8969978534  1.291919E-13
4610.93731844669  1.352944E-13
4610.97763621362  1.364139E-13
4611.01795115402  1.291301E-13
4611.05826326773  1.438455E-13
4611.09857255459  1.388460E-13
4611.13887901442  1.356738E-13
4611.17918264706  1.338320E-13
4611.21948345234  1.492482E-13
4611.2597814301  1.411746E-13
4611.30007658017  1.414302E-13
4611.34036890238  1.384364E-13
4611.38065839658  1.346319E-13
4611.42094506258  1.360961E-13
4611.46122890023  1.415173E-13
4611.50150990936  1.231228E-13
4611.54178808981  1.381017E-13
4611.5820634414  1.323439E-13
4611.62233596398  1.343552E-13
4611.66260565737  1.241497E-13
4611.70287252141  1.197661E-13
4611.74313655594  1.175738E-13
4611.78339776079  1.251051E-13
4611.82365613579  1.198383E-13
4611.86391168078  1.225554E-13
4611.9041643956  1.142677E-13
4611.94441428007  1.122174E-13
4611.98466133403  1.165875E-13
4612.02490555732  1.207697E-13
4612.06514694977  1.182368E-13
4612.10538551122  1.206572E-13
4612.14562124149  1.257374E-13
4612.18585414044  1.141698E-13
4612.22608420788  1.142160E-13
4612.26631144366  1.110617E-13
4612.30653584761  1.175964E-13
4612.34675741956  1.163042E-13
4612.38697615935  1.241911E-13
4612.42719206682  1.170116E-13
4612.4674051418  1.191860E-13
4612.50761538413  1.125954E-13
4612.54782279363  1.269381E-13
4612.58802737015  1.250215E-13
4612.62822911352  1.282758E-13
4612.66842802358  1.293214E-13
4612.70862410016  1.378311E-13
4612.7488173431  1.494951E-13
4612.78900775223  1.297241E-13
4612.82919532739  1.278872E-13
4612.86938006841  1.465175E-13
4612.90956197513  1.293517E-13
4612.94974104739  1.319946E-13
4612.98991728501  1.362663E-13
4613.03009068785  1.403566E-13
4613.07026125572  1.277534E-13
4613.11042898848  1.424916E-13
4613.15059388594  1.545246E-13
4613.19075594796  1.459176E-13
4613.23091517436  1.377823E-13
4613.27107156499  1.500036E-13
4613.31122511967  1.458486E-13
4613.35137583825  1.416388E-13
4613.39152372056  1.396231E-13
4613.43166876643  1.270669E-13
4613.47181097571  1.395909E-13
4613.51195034822  1.279880E-13
4613.55208688381  1.313272E-13
4613.59222058231  1.275219E-13
4613.63235144356  1.231420E-13
4613.6724794674  1.272158E-13
4613.71260465365  1.361951E-13
4613.75272700216  1.173437E-13
4613.79284651277  1.276556E-13
4613.83296318531  1.141552E-13
4613.87307701961  1.263046E-13
4613.91318801552  1.122357E-13
4613.95329617287  1.135081E-13
4613.99340149149  1.215172E-13
4614.03350397123  1.178664E-13
4614.07360361192  1.274659E-13
4614.11370041341  1.148864E-13
4614.15379437551  1.037549E-13
4614.19388549808  1.088919E-13
4614.23397378095  1.090880E-13
4614.27405922395  1.157243E-13
4614.31414182693  1.245554E-13
4614.35422158972  1.118460E-13
4614.39429851216  1.167040E-13
4614.43437259409  1.081995E-13
4614.47444383533  1.170217E-13
4614.51451223574  1.246162E-13
4614.55457779514  1.187022E-13
4614.59464051338  1.268282E-13
4614.6347003903  1.263789E-13
4614.67475742572  1.194087E-13
4614.71481161949  1.287262E-13
4614.75486297145  1.321786E-13
4614.79491148143  1.258385E-13
4614.83495714927  1.383250E-13
4614.87499997481  1.290521E-13
4614.91503995789  1.425852E-13
4614.95507709835  1.335197E-13
4614.99511139601  1.247818E-13
4615.03514285073  1.281899E-13
4615.07517146233  1.341020E-13
4615.11519723067  1.435994E-13
4615.15522015556  1.429863E-13
4615.19524023686  1.539835E-13
4615.2352574744  1.310210E-13
4615.27527186803  1.360441E-13
4615.31528341757  1.192871E-13
4615.35529212286  1.347963E-13
4615.39529798375  1.310320E-13
4615.43530100008  1.353046E-13
4615.47530117167  1.377324E-13
4615.51529849838  1.361107E-13
4615.55529298003  1.443433E-13
4615.59528461647  1.429630E-13
4615.63527340754  1.546878E-13
4615.67525935307  1.477522E-13
4615.71524245291  1.511122E-13
4615.75522270689  1.436018E-13
4615.79520011485  1.576911E-13
4615.83517467663  1.338349E-13
4615.87514639206  1.467568E-13
4615.915115261  1.456192E-13
4615.95508128328  1.548968E-13
4615.99504445872  1.492316E-13
4616.03500478719  1.373235E-13
4616.07496226851  1.491143E-13
4616.11491690252  1.442830E-13
4616.15486868907  1.463120E-13
4616.19481762798  1.438044E-13
4616.23476371911  1.438100E-13
4616.27470696229  1.295926E-13
4616.31464735736  1.416214E-13
4616.35458490416  1.437928E-13
4616.39451960253  1.381408E-13
4616.43445145231  1.430494E-13
4616.47438045334  1.377932E-13
4616.51430660545  1.373167E-13
4616.55422990849  1.272050E-13
4616.59415036231  1.183959E-13
4616.63406796672  1.138938E-13
4616.67398272159  1.164662E-13
4616.71389462674  1.247616E-13
4616.75380368202  1.305959E-13
4616.79370988726  1.275620E-13
4616.83361324231  1.228895E-13
4616.87351374701  1.190167E-13
4616.9134114012  1.176873E-13
4616.95330620472  1.235643E-13
4616.9931981574  1.220003E-13
4617.03308725909  1.158320E-13
4617.07297350963  1.124761E-13
4617.11285690885  1.195997E-13
4617.15273745661  1.327102E-13
4617.19261515273  1.061751E-13
4617.23248999707  1.279516E-13
4617.27236198945  1.222840E-13
4617.31223112973  1.213495E-13
4617.35209741773  1.233470E-13
4617.39196085331  1.244016E-13
4617.4318214363  1.252763E-13
4617.47167916655  1.374485E-13
4617.51153404388  1.227543E-13
4617.55138606816  1.214139E-13
4617.59123523921  1.230211E-13
4617.63108155688  1.113232E-13
4617.670925021  1.355883E-13
4617.71076563142  1.229995E-13
4617.75060338798  1.378905E-13
4617.79043829053  1.251454E-13
4617.8302703389  1.296317E-13
4617.87009953293  1.371386E-13
4617.90992587246  1.258343E-13
4617.94974935734  1.450429E-13
4617.98956998741  1.373784E-13
4618.0293877625  1.303858E-13
4618.06920268247  1.436884E-13
4618.10901474715  1.492481E-13
4618.14882395638  1.308551E-13
4618.18863031001  1.319020E-13
4618.22843380787  1.317651E-13
4618.26823444981  1.463007E-13
4618.30803223566  1.218156E-13
4618.34782716528  1.429409E-13
4618.38761923851  1.377604E-13
4618.42740845517  1.344892E-13
4618.46719481513  1.242936E-13
4618.50697831821  1.304367E-13
4618.54675896426  1.250735E-13
4618.58653675313  1.419097E-13
4618.62631168465  1.352067E-13
4618.66608375867  1.439114E-13
4618.70585297502  1.503442E-13
4618.74561933356  1.497222E-13
4618.78538283412  1.456465E-13
4618.82514347654  1.419995E-13
4618.86490126068  1.490068E-13
4618.90465618636  1.448932E-13
4618.94440825344  1.402386E-13
4618.98415746175  1.492306E-13
4619.02390381114  1.427479E-13
4619.06364730144  1.378381E-13
4619.10338793252  1.417008E-13
4619.14312570419  1.432200E-13
4619.18286061632  1.427819E-13
4619.22259266873  1.296631E-13
4619.26232186128  1.524807E-13
4619.30204819381  1.400393E-13
4619.34177166615  1.330745E-13
4619.38149227816  1.235393E-13
4619.42121002967  1.351581E-13
4619.46092492053  1.307742E-13
4619.50063695058  1.357009E-13
4619.54034611966  1.287509E-13
4619.58005242762  1.219705E-13
4619.61975587431  1.329468E-13
4619.65945645955  1.245474E-13
4619.69915418321  1.301586E-13
4619.73884904511  1.277540E-13
4619.77854104511  1.137880E-13
4619.81823018304  1.124311E-13
4619.85791645875  1.252899E-13
4619.89759987209  1.275723E-13
4619.9372804229  1.100720E-13
4619.97695811101  1.107786E-13
4620.01663293629  1.024843E-13
4620.05630489856  1.085701E-13
4620.09597399767  1.223972E-13
4620.13564023347  1.120892E-13
4620.17530360579  1.150051E-13
4620.21496411449  1.249878E-13
4620.25462175941  1.074246E-13
4620.29427654039  1.174752E-13
4620.33392845728  1.159479E-13
4620.37357750991  1.250263E-13
4620.41322369814  1.154488E-13
4620.4528670218  1.162837E-13
4620.49250748075  1.173014E-13
4620.53214507482  1.255987E-13
4620.57177980387  1.193156E-13
4620.61141166772  1.200557E-13
4620.65104066624  1.225003E-13
4620.69066679926  1.115096E-13
4620.73029006663  1.307323E-13
4620.76991046819  1.241597E-13
4620.80952800378  1.258855E-13
4620.84914267326  1.238090E-13
4620.88875447646  1.338524E-13
4620.92836341324  1.279965E-13
4620.96796948343  1.441707E-13
4621.00757268687  1.349383E-13
4621.04717302343  1.444314E-13
4621.08677049293  1.298443E-13
4621.12636509523  1.371492E-13
4621.16595683017  1.499235E-13
4621.20554569759  1.428520E-13
4621.24513169734  1.242790E-13
4621.28471482927  1.478222E-13
4621.32429509321  1.356898E-13
4621.36387248902  1.313289E-13
4621.40344701654  1.392950E-13
4621.44301867562  1.418194E-13
4621.4825874661  1.473876E-13
4621.52215338782  1.298191E-13
4621.56171644063  1.427837E-13
4621.60127662438  1.350257E-13
4621.64083393891  1.442572E-13
4621.68038838407  1.438703E-13
4621.71993995971  1.468442E-13
4621.75948866566  1.459551E-13
4621.79903450178  1.357273E-13
4621.8385774679  1.411592E-13
4621.87811756389  1.445015E-13
4621.91765478957  1.441388E-13
4621.9571891448  1.425576E-13
4621.99672062943  1.544639E-13
4622.0362492433  1.493463E-13
4622.07577498625  1.450393E-13
4622.11529785813  1.578933E-13
4622.15481785879  1.491338E-13
4622.19433498807  1.499215E-13
4622.23384924583  1.515514E-13
4622.27336063189  1.403609E-13
4622.31286914613  1.372778E-13
4622.35237478837  1.426796E-13
4622.39187755846  1.406911E-13
4622.43137745625  1.395663E-13
4622.4708744816  1.310819E-13
4622.51036863434  1.352509E-13
4622.54985991431  1.299487E-13
4622.58934832138  1.309801E-13
4622.62883385538  1.386134E-13
4622.66831651616  1.450167E-13
4622.70779630356  1.330400E-13
4622.74727321744  1.410328E-13
4622.78674725764  1.382830E-13
4622.82621842401  1.281627E-13
4622.86568671639  1.368283E-13
4622.90515213464  1.316651E-13
4622.94461467859  1.352198E-13
4622.98407434809  1.305024E-13
4623.023531143  1.160275E-13
4623.06298506316  1.231577E-13
4623.10243610842  1.384249E-13
4623.14188427862  1.260808E-13
4623.18132957361  1.270139E-13
4623.22077199323  1.299458E-13
4623.26021153735  1.302037E-13
4623.29964820579  1.289560E-13
4623.33908199842  1.335727E-13
4623.37851291507  1.338301E-13
4623.4179409556  1.340646E-13
4623.45736611985  1.267854E-13
4623.49678840768  1.304867E-13
4623.53620781892  1.247484E-13
4623.57562435342  1.333292E-13
4623.61503801105  1.298713E-13
4623.65444879162  1.283756E-13
4623.69385669502  1.253077E-13
4623.73326172106  1.151236E-13
4623.77266386961  1.201577E-13
4623.81206314052  1.241937E-13
4623.85145953362  1.282613E-13
4623.89085304878  1.174965E-13
4623.93024368583  1.249235E-13
4623.96963144463  1.364882E-13
4624.00901632502  1.248167E-13
4624.04839832684  1.440824E-13
4624.08777744997  1.256118E-13
4624.12715369422  1.391838E-13
4624.16652705947  1.329215E-13
4624.20589754555  1.222328E-13
4624.24526515231  1.283793E-13
4624.28462987961  1.449516E-13
4624.32399172728  1.359847E-13
4624.36335069519  1.354643E-13
4624.40270678317  1.427078E-13
4624.44205999107  1.446791E-13
4624.48141031876  1.497038E-13
4624.52075776606  1.450405E-13
4624.56010233284  1.328866E-13
4624.59944401894  1.533775E-13
4624.63878282421  1.294276E-13
4624.6781187485  1.472498E-13
4624.71745179166  1.464703E-13
4624.75678195353  1.634759E-13
4624.79610923397  1.439790E-13
4624.83543363283  1.351512E-13
4624.87475514995  1.408335E-13
4624.91407378519  1.439499E-13
4624.95338953839  1.452502E-13
4624.99270240939  1.413048E-13
4625.03201239807  1.395314E-13
4625.07131950425  1.475277E-13
4625.11062372779  1.512003E-13
4625.14992506855  1.330806E-13
4625.18922352636  1.489097E-13
4625.22851910108  1.526737E-13
4625.26781179257  1.301359E-13
4625.30710160066  1.379900E-13
4625.3463885252  1.231888E-13
4625.38567256606  1.463607E-13
4625.42495372307  1.339381E-13
4625.4642319961  1.318618E-13
4625.50350738497  1.426049E-13
4625.54277988956  1.329985E-13
4625.5820495097  1.320181E-13
4625.62131624525  1.253374E-13
4625.66058009606  1.335969E-13
4625.69984106198  1.372304E-13
4625.73909914285  1.331759E-13
4625.77835433854  1.333186E-13
4625.81760664888  1.278652E-13
4625.85685607373  1.396135E-13
4625.89610261293  1.357891E-13
4625.93534626635  1.297466E-13
4625.97458703383  1.191191E-13
4626.01382491522  1.227917E-13
4626.05305991036  1.427544E-13
4626.09229201912  1.128573E-13
4626.13152124134  1.325524E-13
4626.17074757688  1.291633E-13
4626.20997102557  1.158935E-13
4626.24919158728  1.225910E-13
4626.28840926186  1.310436E-13
4626.32762404915  1.263320E-13
4626.36683594901  1.260786E-13
4626.40604496129  1.401548E-13
4626.44525108583  1.301879E-13
4626.48445432249  1.332065E-13
4626.52365467113  1.254043E-13
4626.56285213158  1.308447E-13
4626.60204670371  1.306921E-13
4626.64123838736  1.317771E-13
4626.68042718239  1.293012E-13
4626.71961308865  1.409794E-13
4626.75879610598  1.252286E-13
4626.79797623424  1.310755E-13
4626.83715347328  1.296299E-13
4626.87632782296  1.287575E-13
4626.91549928312  1.291243E-13
4626.95466785361  1.082979E-13
4626.99383353429  1.310918E-13
4627.03299632501  1.196194E-13
4627.07215622562  1.172948E-13
4627.11131323597  1.308079E-13
4627.15046735591  1.192835E-13
4627.1896185853  1.259906E-13
4627.22876692399  1.208720E-13
4627.26791237183  1.182220E-13
4627.30705492867  1.276979E-13
4627.34619459436  1.417620E-13
4627.38533136875  1.161625E-13
4627.42446525171  1.227439E-13
4627.46359624307  1.242190E-13
4627.5027243427  1.184846E-13
4627.54184955044  1.291868E-13
4627.58097186615  1.385291E-13
4627.62009128967  1.459701E-13
4627.65920782087  1.476055E-13
4627.69832145959  1.417489E-13
4627.73743220568  1.374066E-13
4627.77654005901  1.298107E-13
4627.81564501941  1.379644E-13
4627.85474708675  1.427546E-13
4627.89384626088  1.425798E-13
4627.93294254164  1.421588E-13
4627.9720359289  1.336126E-13
4628.0111264225  1.459633E-13
4628.0502140223  1.270013E-13
4628.08929872814  1.365265E-13
4628.12838053989  1.500649E-13
4628.1674594574  1.470289E-13
4628.20653548052  1.545242E-13
4628.24560860909  1.422808E-13
4628.28467884299  1.408573E-13
4628.32374618205  1.340326E-13
4628.36281062613  1.437920E-13
4628.40187217509  1.477845E-13
4628.44093082878  1.507845E-13
4628.47998658704  1.406649E-13
4628.51903944975  1.331382E-13
4628.55808941674  1.282125E-13
4628.59713648787  1.432121E-13
4628.63618066299  1.354047E-13
4628.67522194197  1.479544E-13
4628.71426032465  1.306461E-13
4628.75329581088  1.276151E-13
4628.79232840052  1.436182E-13
4628.83135809343  1.366994E-13
4628.87038488945  1.453740E-13
4628.90940878845  1.460243E-13
4628.94842979027  1.300340E-13
4628.98744789476  1.586289E-13
4629.02646310179  1.314019E-13
4629.06547541121  1.279806E-13
4629.10448482287  1.478462E-13
4629.14349133662  1.425751E-13
4629.18249495232  1.352182E-13
4629.22149566982  1.346200E-13
4629.26049348898  1.280053E-13
4629.29948840965  1.435369E-13
4629.33848043169  1.296410E-13
4629.37746955495  1.573024E-13
4629.41645577928  1.395453E-13
4629.45543910454  1.392356E-13
4629.49441953059  1.461501E-13
4629.53339705727  1.371608E-13
4629.57237168445  1.419842E-13
4629.61134341197  1.307250E-13
4629.6503122397  1.456861E-13
4629.68927816748  1.448489E-13
4629.72824119517  1.365645E-13
4629.76720132263  1.390254E-13
4629.80615854971  1.272494E-13
4629.84511287627  1.275203E-13
4629.88406430215  1.336023E-13
4629.92301282723  1.190689E-13
4629.96195845134  1.318205E-13
4630.00090117435  1.295412E-13
4630.03984099611  1.315938E-13
4630.07877791648  1.245843E-13
4630.11771193531  1.165163E-13
4630.15664305245  1.410836E-13
4630.19557126777  1.383150E-13
4630.23449658112  1.302722E-13
4630.27341899234  1.343354E-13
4630.31233850131  1.356072E-13
4630.35125510787  1.362405E-13
4630.39016881188  1.237347E-13
4630.42907961319  1.217182E-13
4630.46798751167  1.178210E-13
4630.50689250716  1.283667E-13
4630.54579459952  1.271155E-13
4630.58469378861  1.129557E-13
4630.62359007428  1.214137E-13
4630.6624834564  1.115269E-13
4630.7013739348  1.186363E-13
4630.74026150936  1.416226E-13
4630.77914617993  1.280361E-13
4630.81802794636  1.319026E-13
4630.85690680851  1.416883E-13
4630.89578276623  1.405385E-13
4630.93465581938  1.343812E-13
4630.97352596782  1.268090E-13
4631.01239321141  1.367702E-13
4631.05125755  1.336615E-13
4631.09011898344  1.442171E-13
4631.1289775116  1.399911E-13
4631.16783313432  1.338979E-13
4631.20668585147  1.366436E-13
4631.2455356629  1.306248E-13
4631.28438256848  1.377717E-13
4631.32322656804  1.433160E-13
4631.36206766146  1.400540E-13
4631.40090584859  1.429984E-13
4631.43974112929  1.518101E-13
4631.4785735034  1.426399E-13
4631.5174029708  1.614535E-13
4631.55622953133  1.460703E-13
4631.59505318485  1.468757E-13
4631.63387393123  1.480504E-13
4631.67269177031  1.500808E-13
4631.71150670196  1.389134E-13
4631.75031872603  1.410353E-13
4631.78912784237  1.547878E-13
4631.82793405085  1.464464E-13
4631.86673735133  1.405445E-13
4631.90553774365  1.499004E-13
4631.94433522768  1.491165E-13
4631.98312980328  1.390765E-13
4632.0219214703  1.518683E-13
4632.0607102286  1.504413E-13
4632.09949607803  1.413110E-13
4632.13827901846  1.482351E-13
4632.17705904974  1.411470E-13
4632.21583617174  1.491084E-13
4632.2546103843  1.497006E-13
4632.29338168728  1.451812E-13
4632.33215008055  1.524484E-13
4632.37091556396  1.456213E-13
4632.40967813737  1.565564E-13
4632.44843780063  1.553876E-13
4632.48719455361  1.450401E-13
4632.52594839617  1.469388E-13
4632.56469932815  1.385390E-13
4632.60344734943  1.466080E-13
4632.64219245985  1.528097E-13
4632.68093465927  1.371715E-13
4632.71967394756  1.486764E-13
4632.75841032457  1.541965E-13
4632.79714379016  1.334903E-13
4632.83587434419  1.529000E-13
4632.87460198652  1.442174E-13
4632.913326717  1.532688E-13
4632.9520485355  1.392958E-13
4632.99076744187  1.378438E-13
4633.02948343597  1.391944E-13
4633.06819651766  1.445031E-13
4633.10690668679  1.316339E-13
4633.14561394324  1.408738E-13
4633.18431828685  1.332812E-13
4633.22301971748  1.451397E-13
4633.261718235  1.393701E-13
4633.30041383926  1.400253E-13
4633.33910653013  1.320784E-13
4633.37779630745  1.427210E-13
4633.41648317109  1.405217E-13
4633.45516712091  1.373027E-13
4633.49384815677  1.220043E-13
4633.53252627853  1.199004E-13
4633.57120148604  1.173190E-13
4633.60987377917  1.231721E-13
4633.64854315777  1.248982E-13
4633.68720962171  1.423424E-13
4633.72587317083  1.320444E-13
4633.76453380502  1.205669E-13
4633.80319152411  1.262466E-13
4633.84184632798  1.213099E-13
4633.88049821648  1.288861E-13
4633.91914718947  1.121412E-13
4633.95779324681  1.137389E-13
4633.99643638836  1.344284E-13
4634.03507661398  1.216525E-13
4634.07371392353  1.162093E-13
4634.11234831687  1.233036E-13
4634.15097979386  1.378325E-13
4634.18960835437  1.394285E-13
4634.22823399824  1.195463E-13
4634.26685672534  1.264518E-13
4634.30547653553  1.345057E-13
4634.34409342867  1.338228E-13
4634.38270740462  1.251354E-13
4634.42131846324  1.311964E-13
4634.4599266044  1.223532E-13
4634.49853182794  1.183938E-13
4634.53713413373  1.207083E-13
4634.57573352164  1.276261E-13
4634.61432999152  1.224783E-13
4634.65292354324  1.266334E-13
4634.69151417664  1.341617E-13
4634.7301018916  1.286630E-13
4634.76868668797  1.287535E-13
4634.80726856562  1.173011E-13
4634.84584752441  1.240245E-13
4634.88442356419  1.066062E-13
4634.92299668483  1.330100E-13
4634.96156688619  1.269643E-13
4635.00013416812  1.311068E-13
4635.0386985305  1.374821E-13
4635.07725997318  1.335868E-13
4635.11581849602  1.107560E-13
4635.15437409888  1.280154E-13
4635.19292678163  1.326742E-13
4635.23147654412  1.282925E-13
4635.27002338622  1.336059E-13
4635.30856730779  1.393212E-13
4635.34710830869  1.331536E-13
4635.38564638878  1.353490E-13
4635.42418154792  1.355956E-13
4635.46271378597  1.244160E-13
4635.5012431028  1.300125E-13
4635.53976949826  1.505597E-13
4635.57829297222  1.489606E-13
4635.61681352455  1.330074E-13
4635.65533115509  1.290904E-13
4635.69384586372  1.464825E-13
4635.73235765029  1.362782E-13
4635.77086651467  1.446155E-13
4635.80937245671  1.358710E-13
4635.84787547629  1.302232E-13
4635.88637557326  1.332833E-13
4635.92487274748  1.351699E-13
4635.96336699882  1.277015E-13
4636.00185832714  1.336620E-13
4636.0403467323  1.245731E-13
4636.07883221416  1.426300E-13
4636.11731477258  1.305589E-13
4636.15579440743  1.303709E-13
4636.19427111858  1.209446E-13
4636.23274490587  1.433408E-13
4636.27121576918  1.363890E-13
4636.30968370836  1.428558E-13
4636.34814872328  1.282172E-13
4636.38661081381  1.318029E-13
4636.4250699798  1.286700E-13
4636.46352622111  1.335421E-13
4636.50197953762  1.234965E-13
4636.54042992917  1.456592E-13
4636.57887739564  1.329567E-13
4636.61732193689  1.394539E-13
4636.65576355278  1.342613E-13
4636.69420224317  1.323910E-13
4636.73263800793  1.277853E-13
4636.77107084692  1.280110E-13
4636.80950076  1.262296E-13
4636.84792774703  1.303628E-13
4636.88635180788  1.233053E-13
4636.92477294242  1.266872E-13
4636.96319115049  1.323198E-13
4637.00160643198  1.396055E-13
4637.04001878674  1.365408E-13
4637.07842821463  1.247883E-13
4637.11683471552  1.520514E-13
4637.15523828927  1.343765E-13
4637.19363893575  1.472225E-13
4637.23203665482  1.367034E-13
4637.27043144633  1.287682E-13
4637.30882331016  1.380280E-13
4637.34721224617  1.487935E-13
4637.38559825423  1.443843E-13
4637.42398133419  1.385414E-13
4637.46236148591  1.347149E-13
4637.50073870928  1.548142E-13
4637.53911300414  1.397920E-13
4637.57748437036  1.380855E-13
4637.61585280782  1.414668E-13
4637.65421831635  1.344701E-13
4637.69258089585  1.428656E-13
4637.73094054616  1.415262E-13
4637.76929726715  1.350226E-13
4637.80765105869  1.394167E-13
4637.84600192064  1.359098E-13
4637.88434985287  1.441746E-13
4637.92269485523  1.254643E-13
4637.9610369276  1.310882E-13
4637.99937606984  1.177956E-13
4638.03771228181  1.249492E-13
4638.07604556337  1.236287E-13
4638.1143759144  1.153406E-13
4638.15270333475  1.209270E-13
4638.19102782429  1.242888E-13
4638.22934938289  1.163565E-13
4638.26766801041  1.234713E-13
4638.30598370671  1.297443E-13
4638.34429647166  1.221668E-13
4638.38260630513  1.080562E-13
4638.42091320698  1.093407E-13
4638.45921717707  1.135843E-13
4638.49751821527  1.036590E-13
4638.53581632145  1.047775E-13
4638.57411149546  1.120838E-13
4638.61240373718  1.091994E-13
4638.65069304647  9.400324E-14
4638.68897942319  1.135699E-13
4638.72726286722  1.276476E-13
4638.76554337841  1.225033E-13
4638.80382095663  1.137617E-13
4638.84209560174  1.236148E-13
4638.88036731362  1.179753E-13
4638.91863609213  1.262484E-13
4638.95690193713  1.194231E-13
4638.99516484849  1.233355E-13
4639.03342482607  1.322620E-13
4639.07168186974  1.269376E-13
4639.10993597936  1.361736E-13
4639.14818715481  1.213666E-13
4639.18643539595  1.226209E-13
4639.22468070264  1.254230E-13
4639.26292307474  1.209610E-13
4639.30116251214  1.390346E-13
4639.33939901468  1.185715E-13
4639.37763258224  1.432838E-13
4639.41586321468  1.395746E-13
4639.45409091187  1.415359E-13
4639.49231567368  1.484911E-13
4639.53053749996  1.255168E-13
4639.5687563906  1.544447E-13
4639.60697234545  1.437767E-13
4639.64518536438  1.408883E-13
4639.68339544725  1.443260E-13
4639.72160259394  1.293929E-13
4639.75980680431  1.341848E-13
4639.79800807823  1.384111E-13
4639.83620641555  1.356400E-13
4639.87440181616  1.289994E-13
4639.91259427991  1.445026E-13
4639.95078380667  1.213257E-13
4639.98897039632  1.283688E-13
4640.02715404871  1.303905E-13
4640.06533476371  1.262249E-13
4640.1035125412  1.286129E-13
4640.14168738103  1.288227E-13
4640.17985928308  1.361791E-13
4640.2180282472  1.219821E-13
4640.25619427327  1.293257E-13
4640.29435736116  1.307159E-13
4640.33251751073  1.229676E-13
4640.37067472186  1.291303E-13
4640.40882899439  1.198284E-13
4640.44698032821  1.211995E-13
4640.48512872319  1.211300E-13
4640.52327417918  1.242950E-13
4640.56141669606  1.221885E-13
4640.59955627369  1.187577E-13
4640.63769291194  1.130540E-13
4640.67582661068  1.117787E-13
4640.71395736978  1.172789E-13
4640.7520851891  1.101887E-13
4640.79021006851  1.349814E-13
4640.82833200789  1.217124E-13
4640.86645100709  1.218584E-13
4640.90456706598  1.278391E-13
4640.94268018444  1.102032E-13
4640.98079036233  1.217197E-13
4641.01889759952  1.266520E-13
4641.05700189587  1.278323E-13
4641.09510325127  1.228541E-13
4641.13320166556  1.273586E-13
4641.17129713863  1.176551E-13
4641.20938967033  1.418344E-13
4641.24747926054  1.292253E-13
4641.28556590913  1.245216E-13
4641.32364961596  1.397909E-13
4641.3617303809  1.350722E-13
4641.39980820383  1.478874E-13
4641.4378830846  1.199140E-13
4641.4759550231  1.134071E-13
4641.51402401918  1.253970E-13
4641.55209007271  1.457491E-13
4641.59015318357  1.391305E-13
4641.62821335163  1.346470E-13
4641.66627057674  1.364087E-13
4641.70432485878  1.395740E-13
4641.74237619763  1.308565E-13
4641.78042459313  1.275390E-13
4641.81847004518  1.252997E-13
4641.85651255364  1.394236E-13
4641.89455211836  1.278426E-13
4641.93258873923  1.194015E-13
4641.97062241612  1.310099E-13
4642.00865314888  1.281310E-13
4642.0466809374  1.205449E-13
4642.08470578154  1.412816E-13
4642.12272768117  1.484432E-13
4642.16074663615  1.370678E-13
4642.19876264637  1.357531E-13
4642.23677571168  1.368894E-13
4642.27478583196  1.356534E-13
4642.31279300708  1.353872E-13
4642.3507972369  1.487383E-13
4642.3887985213  1.309420E-13
4642.42679686015  1.326675E-13
4642.46479225331  1.413026E-13
4642.50278470065  1.381067E-13
4642.54077420205  1.419971E-13
4642.57876075738  1.461333E-13
4642.6167443665  1.511531E-13
4642.65472502928  1.321628E-13
4642.6927027456  1.440972E-13
4642.73067751532  1.512925E-13
4642.76864933832  1.486486E-13
4642.80661821446  1.386074E-13
4642.84458414362  1.370093E-13
4642.88254712566  1.394242E-13
4642.92050716045  1.575917E-13
4642.95846424788  1.392016E-13
4642.99641838779  1.544649E-13
4643.03436958007  1.298207E-13
4643.07231782459  1.476669E-13
4643.11026312122  1.515551E-13
4643.14820546982  1.316179E-13
4643.18614487028  1.440819E-13
4643.22408132245  1.484750E-13
4643.2620148262  1.406619E-13
4643.29994538142  1.460467E-13
4643.33787298797  1.436022E-13
4643.37579764572  1.407758E-13
4643.41371935455  1.455994E-13
4643.45163811431  1.440143E-13
4643.48955392489  1.581914E-13
4643.52746678616  1.408958E-13
4643.56537669798  1.404537E-13
4643.60328366023  1.460286E-13
4643.64118767277  1.369134E-13
4643.67908873549  1.407042E-13
4643.71698684824  1.297011E-13
4643.75488201091  1.295387E-13
4643.79277422336  1.399586E-13
4643.83066348546  1.357563E-13
4643.86854979709  1.416197E-13
4643.90643315811  1.276260E-13
4643.94431356841  1.303765E-13
4643.98219102784  1.368717E-13
4644.02006553629  1.145530E-13
4644.05793709361  1.156699E-13
4644.0958056997  1.272441E-13
4644.1336713544  1.244356E-13
4644.17153405761  1.220871E-13
4644.20939380918  1.238297E-13
4644.247250609  1.205266E-13
4644.28510445693  1.290859E-13
4644.32295535285  1.330870E-13
4644.36080329662  1.188388E-13
4644.39864828812  1.391028E-13
4644.43649032723  1.180391E-13
4644.4743294138  1.401070E-13
4644.51216554772  1.251888E-13
4644.54999872886  1.144340E-13
4644.58782895709  1.243974E-13
4644.62565623228  1.217279E-13
4644.66348055431  1.214862E-13
4644.70130192304  1.144720E-13
4644.73912033835  1.282714E-13
4644.77693580011  1.299389E-13
4644.8147483082  1.348891E-13
4644.85255786248  1.188400E-13
4644.89036446283  1.272760E-13
4644.92816810912  1.382769E-13
4644.96596880123  1.286405E-13
4645.00376653903  1.336199E-13
4645.04156132238  1.268722E-13
4645.07935315117  1.275317E-13
4645.11714202526  1.475764E-13
4645.15492794453  1.336563E-13
4645.19271090885  1.346468E-13
4645.2304909181  1.378742E-13
4645.26826797214  1.398803E-13
4645.30604207085  1.435810E-13
4645.34381321411  1.412548E-13
4645.38158140179  1.268988E-13
4645.41934663375  1.354055E-13
4645.45710890987  1.499555E-13
4645.49486823004  1.404717E-13
4645.53262459411  1.353808E-13
4645.57037800197  1.514121E-13
4645.60812845348  1.412416E-13
4645.64587594852  1.292609E-13
4645.68362048697  1.308081E-13
4645.72136206869  1.341309E-13
4645.75910069356  1.289960E-13
4645.79683636146  1.368930E-13
4645.83456907225  1.277935E-13
4645.87229882582  1.423858E-13
4645.91002562203  1.143038E-13
4645.94774946076  1.368672E-13
4645.98547034189  1.350547E-13
4646.02318826528  1.371119E-13
4646.06090323082  1.402012E-13
4646.09861523836  1.362945E-13
4646.1363242878  1.253999E-13
4646.174030379  1.279290E-13
4646.21173351184  1.272517E-13
4646.24943368619  1.300141E-13
4646.28713090193  1.240087E-13
4646.32482515892  1.238350E-13
4646.36251645705  1.207906E-13
4646.4002047962  1.214771E-13
4646.43789017622  1.513594E-13
4646.475572597  1.293223E-13
4646.51325205841  1.136442E-13
4646.55092856033  1.207283E-13
4646.58860210263  1.291667E-13
4646.62627268519  1.248108E-13
4646.66394030788  1.076207E-13
4646.70160497057  1.277081E-13
4646.73926667315  1.139126E-13
4646.77692541548  1.159052E-13
4646.81458119743  1.141705E-13
4646.8522340189  1.384112E-13
4646.88988387974  1.115043E-13
4646.92753077984  1.211928E-13
4646.96517471907  1.069239E-13
4647.00281569731  1.142660E-13
4647.04045371442  1.179782E-13
4647.07808877029  1.042664E-13
4647.11572086479  9.925947E-14
4647.1533499978  1.054108E-13
4647.19097616918  1.042404E-13
4647.22859937883  1.080077E-13
4647.2662196266  1.058076E-13
4647.30383691239  1.190425E-13
4647.34145123605  1.149285E-13
4647.37906259748  1.033774E-13
4647.41667099654  1.058377E-13
4647.45427643311  1.137380E-13
4647.49187890706  1.204703E-13
4647.52947841828  1.033401E-13
4647.56707496663  1.175393E-13
4647.60466855199  1.181208E-13
4647.64225917425  1.259308E-13
4647.67984683326  1.058300E-13
4647.71743152892  1.357314E-13
4647.7550132611  1.082544E-13
4647.79259202966  1.237334E-13
4647.8301678345  1.007806E-13
4647.86774067548  1.120069E-13
4647.90531055248  1.343887E-13
4647.94287746538  1.285832E-13
4647.98044141405  1.071587E-13
4648.01800239837  1.101299E-13
4648.05556041822  1.053619E-13
4648.09311547347  1.071953E-13
4648.130667564  1.218804E-13
4648.16821668969  1.157621E-13
4648.2057628504  1.210892E-13
4648.24330604603  1.138680E-13
4648.28084627644  1.131639E-13
4648.31838354151  1.273751E-13
4648.35591784112  1.183183E-13
4648.39344917514  1.110992E-13
4648.43097754346  1.155000E-13
4648.46850294595  1.099249E-13
4648.50602538249  1.160830E-13
4648.54354485294  1.129317E-13
4648.5810613572  1.105357E-13
4648.61857489513  1.079490E-13
4648.65608546661  1.244805E-13
4648.69359307153  1.134857E-13
4648.73109770976  1.046870E-13
4648.76859938117  1.364413E-13
4648.80609808564  1.113507E-13
4648.84359382306  1.076090E-13
4648.88108659329  1.287257E-13
4648.91857639621  1.367656E-13
4648.95606323172  1.199880E-13
4648.99354709966  1.272754E-13
4649.03102799994  1.232562E-13
4649.06850593242  1.169056E-13
4649.10598089698  1.177150E-13
4649.1434528935  1.198478E-13
4649.18092192186  1.216403E-13
4649.21838798194  1.062407E-13
4649.25585107361  1.182788E-13
4649.29331119675  1.151192E-13
4649.33076835124  1.154588E-13
4649.36822253696  1.218129E-13
4649.40567375378  1.066006E-13
4649.44312200158  1.253893E-13
4649.48056728025  1.053171E-13
4649.51800958966  1.129579E-13
4649.55544892968  1.239504E-13
4649.5928853002  1.194428E-13
4649.63031870109  1.316699E-13
4649.66774913223  1.188880E-13
4649.70517659351  1.236921E-13
4649.74260108479  1.126721E-13
4649.78002260596  1.231644E-13
4649.8174411569  1.255296E-13
4649.85485673748  1.257350E-13
4649.89226934759  1.196103E-13
4649.92967898709  1.201513E-13
4649.96708565588  1.284028E-13
4650.00448935382  1.284427E-13
4650.04189008081  1.209249E-13
4650.07928783671  1.287999E-13
4650.1166826214  1.194223E-13
4650.15407443477  1.240794E-13
4650.19146327669  1.336572E-13
4650.22884914705  1.236245E-13
4650.26623204571  1.180949E-13
4650.30361197256  1.299164E-13
4650.34098892749  1.310355E-13
4650.37836291036  1.286421E-13
4650.41573392106  1.163933E-13
4650.45310195947  1.081354E-13
4650.49046702546  1.185944E-13
4650.52782911892  1.247478E-13
4650.56518823972  1.358086E-13
4650.60254438775  1.128181E-13
4650.63989756289  1.094686E-13
4650.677247765  1.071657E-13
4650.71459499398  1.285252E-13
4650.7519392497  1.316989E-13
4650.78928053204  1.283553E-13
4650.82661884088  9.781732E-14
4650.86395417611  1.211955E-13
4650.9012865376  1.150348E-13
4650.93861592522  1.451882E-13
4650.97594233887  1.263107E-13
4651.01326577843  1.356626E-13
4651.05058624375  1.226000E-13
4651.08790373475  1.163755E-13
4651.12521825128  1.348536E-13
4651.16252979323  1.283810E-13
4651.19983836049  1.502691E-13
4651.23714395293  1.327340E-13
4651.27444657042  1.343445E-13
4651.31174621286  1.144264E-13
4651.34904288013  1.449904E-13
4651.38633657209  1.512124E-13
4651.42362728864  1.381802E-13
4651.46091502965  1.280199E-13
4651.49819979501  1.379199E-13
4651.53548158459  1.354932E-13
4651.57276039827  1.326874E-13
4651.61003623595  1.404388E-13
4651.64730909748  1.349793E-13
4651.68457898277  1.318418E-13
4651.72184589168  1.283545E-13
4651.7591098241  1.314514E-13
4651.79637077991  1.342418E-13
4651.833628759  1.145340E-13
4651.87088376123  1.274452E-13
4651.9081357865  1.083968E-13
4651.94538483468  1.338345E-13
4651.98263090565  1.244178E-13
4652.0198739993  1.108571E-13
4652.05711411551  1.273572E-13
4652.09435125416  1.291921E-13
4652.13158541512  1.247019E-13
4652.16881659829  1.129001E-13
4652.20604480354  1.262302E-13
4652.24327003075  1.295306E-13
4652.28049227981  1.486281E-13
4652.31771155059  1.482700E-13
4652.35492784298  1.275948E-13
4652.39214115687  1.097647E-13
4652.42935149212  1.241596E-13
4652.46655884863  1.166544E-13
4652.50376322627  1.290332E-13
4652.54096462492  1.148746E-13
4652.57816304448  1.168899E-13
4652.61535848481  1.180235E-13
4652.65255094581  1.236280E-13
4652.68974042736  1.253738E-13
4652.72692692933  1.079714E-13
4652.7641104516  1.143633E-13
4652.80129099407  1.359915E-13
4652.83846855661  1.268235E-13
4652.8756431391  1.327045E-13
4652.91281474143  1.365383E-13
4652.94998336348  1.193822E-13
4652.98714900513  1.375391E-13
4653.02431166626  1.148535E-13
4653.06147134677  1.163744E-13
4653.09862804651  1.290947E-13
4653.13578176539  1.380343E-13
4653.17293250329  1.322139E-13
4653.21008026008  1.204539E-13
4653.24722503564  1.125589E-13
4653.28436682987  1.092592E-13
4653.32150564265  1.194776E-13
4653.35864147385  1.296006E-13
4653.39577432336  1.516987E-13
4653.43290419106  1.282252E-13
4653.47003107684  1.349154E-13
4653.50715498057  1.233014E-13
4653.54427590215  1.678987E-13
4653.58139384146  1.452665E-13
4653.61850879837  1.566268E-13
4653.65562077277  1.435156E-13
4653.69272976454  1.501461E-13
4653.72983577357  1.406196E-13
4653.76693879975  1.309934E-13
4653.80403884294  1.276720E-13
4653.84113590304  1.287948E-13
4653.87822997993  1.550383E-13
4653.9153210735  1.264640E-13
4653.95240918362  1.490418E-13
4653.98949431019  1.218093E-13
4654.02657645307  1.451545E-13
4654.06365561217  1.415339E-13
4654.10073178736  1.466664E-13
4654.13780497852  1.473947E-13
4654.17487518554  1.529007E-13
4654.21194240831  1.316143E-13
4654.2490066467  1.460193E-13
4654.2860679006  1.443048E-13
4654.3231261699  1.424930E-13
4654.36018145448  1.365141E-13
4654.39723375421  9.590281E-14
4654.434283069  1.362681E-13
4654.47132939871  1.486409E-13
4654.50837274324  1.467059E-13
4654.54541310247  1.195905E-13
4654.58245047628  1.196550E-13
4654.61948486456  1.348356E-13
4654.6565162672  1.481411E-13
4654.69354468406  1.118577E-13
4654.73057011505  1.305632E-13
4654.76759256005  1.238113E-13
4654.80461201893  1.272137E-13
4654.84162849159  1.438198E-13
4654.87864197791  1.273280E-13
4654.91565247777  1.238207E-13
4654.95265999106  1.316976E-13
4654.98966451766  1.301226E-13
4655.02666605746  1.046376E-13
4655.06366461034  1.244845E-13
4655.1006601762  1.273885E-13
4655.1376527549  1.091504E-13
4655.17464234634  1.177239E-13
4655.2116289504  1.032071E-13
4655.24861256697  1.021996E-13
4655.28559319593  1.200708E-13
4655.32257083718  1.244161E-13
4655.35954549058  9.189753E-14
4655.39651715603  1.200790E-13
4655.43348583342  1.124531E-13
4655.47045152262  1.034915E-13
4655.50741422353  9.897146E-14
4655.54437393603  1.233600E-13
4655.58133066  1.154869E-13
4655.61828439534  1.255900E-13
4655.65523514191  1.285132E-13
4655.69218289963  1.081539E-13
4655.72912766836  1.110580E-13
4655.76606944799  1.287673E-13
4655.80300823841  1.117720E-13
4655.8399440395  1.116631E-13
4655.87687685116  1.339455E-13
4655.91380667326  1.250429E-13
4655.9507335057  1.390591E-13
4655.98765734835  1.260621E-13
4656.02457820111  1.110997E-13
4656.06149606386  1.330973E-13
4656.09841093648  1.163754E-13
4656.13532281887  1.307345E-13
4656.1722317109  1.268291E-13
4656.20913761247  1.372297E-13
4656.24604052347  1.271918E-13
4656.28294044376  1.477590E-13
4656.31983737326  1.331883E-13
4656.35673131183  1.383239E-13
4656.39362225937  1.340645E-13
4656.43051021576  1.435123E-13
4656.4673951809  1.315637E-13
4656.50427715466  1.336995E-13
4656.54115613693  1.497849E-13
4656.5780321276  1.460477E-13
4656.61490512656  1.234435E-13
4656.65177513369  1.378347E-13
4656.68864214889  1.177218E-13
4656.72550617202  1.315732E-13
4656.762367203  1.192840E-13
4656.79922524169  1.267991E-13
4656.83608028799  1.359693E-13
4656.87293234179  1.120822E-13
4656.90978140297  1.103674E-13
4656.94662747142  1.171490E-13
4656.98347054702  1.150101E-13
4657.02031062967  1.235083E-13
4657.05714771925  1.056080E-13
4657.09398181564  1.154513E-13
4657.13081291874  1.087537E-13
4657.16764102844  1.211723E-13
4657.20446614461  1.152119E-13
4657.24128826716  1.252317E-13
4657.27810739595  1.226780E-13
4657.31492353089  1.318624E-13
4657.35173667187  1.338994E-13
4657.38854681876  1.335990E-13
4657.42535397145  1.297018E-13
4657.46215812984  1.194303E-13
4657.49895929381  1.126583E-13
4657.53575746325  1.199064E-13
4657.57255263805  1.129098E-13
4657.60934481809  1.197223E-13
4657.64613400327  1.116452E-13
4657.68292019347  1.271184E-13
4657.71970338857  1.360637E-13
4657.75648358848  1.374276E-13
4657.79326079306  1.156806E-13
4657.83003500223  1.133435E-13
4657.86680621586  1.144928E-13
4657.90357443383  1.059235E-13
4657.94033965605  1.173419E-13
4657.97710188239  1.112489E-13
4658.01386111275  1.318119E-13
4658.05061734701  1.152018E-13
4658.08737058506  1.210332E-13
4658.1241208268  1.192959E-13
4658.1608680721  1.157814E-13
4658.19761232087  1.238729E-13
4658.23435357298  1.262701E-13
4658.27109182832  1.135494E-13
4658.3078270868  1.235019E-13
4658.34455934828  1.308873E-13
4658.38128861267  1.137181E-13
4658.41801487985  1.213149E-13
4658.45473814971  1.285858E-13
4658.49145842214  1.222432E-13
4658.52817569703  1.255939E-13
4658.56488997426  1.373493E-13
4658.60160125374  1.187042E-13
4658.63830953533  1.359771E-13
4658.67501481895  1.397812E-13
4658.71171710447  1.468906E-13
4658.74841639178  1.453935E-13
4658.78511268078  1.189539E-13
4658.82180597134  1.454500E-13
4658.85849626337  1.516052E-13
4658.89518355676  1.402191E-13
4658.93186785138  1.456873E-13
4658.96854914714  1.638142E-13
4659.00522744391  1.304848E-13
4659.0419027416  1.596291E-13
4659.07857504008  1.462639E-13
4659.11524433926  1.106970E-13
4659.15191063902  1.437074E-13
4659.18857393924  1.428254E-13
4659.22523423982  1.537794E-13
4659.26189154066  1.426860E-13
4659.29854584163  1.532288E-13
4659.33519714263  1.469869E-13
4659.37184544356  1.427872E-13
4659.40849074429  1.518857E-13
4659.44513304472  1.389963E-13
4659.48177234475  1.140868E-13
4659.51840864425  1.433098E-13
4659.55504194312  1.600071E-13
4659.59167224126  1.388017E-13
4659.62829953855  1.347050E-13
4659.66492383488  1.572567E-13
4659.70154513014  1.532237E-13
4659.73816342423  1.299133E-13
4659.77477871703  1.245149E-13
4659.81139100843  1.546450E-13
4659.84800029833  1.342390E-13
4659.88460658662  1.446023E-13
4659.92120987318  1.508490E-13
4659.95781015791  1.434000E-13
4659.9944074407  1.388531E-13
4660.03100172143  1.281033E-13
4660.06759300001  1.410887E-13
4660.10418127632  1.603902E-13
4660.14076655025  1.378341E-13
4660.1773488217  1.192009E-13
4660.21392809055  1.490166E-13
4660.25050435669  1.502043E-13
4660.28707762003  1.446468E-13
4660.32364788044  1.450240E-13
4660.36021513782  1.218147E-13
4660.39677939206  1.685720E-13
4660.43334064306  1.429514E-13
4660.4698988907  1.362297E-13
4660.50645413487  1.420646E-13
4660.54300637548  1.300337E-13
4660.57955561239  1.459461E-13
4660.61610184552  1.332584E-13
4660.65264507476  1.341150E-13
4660.68918529999  1.382889E-13
4660.7257225211  1.616042E-13
4660.76225673798  1.300977E-13
4660.79878795054  1.412886E-13
4660.83531615866  1.645408E-13
4660.87184136223  1.404114E-13
4660.90836356115  1.392289E-13
4660.94488275531  1.405949E-13
4660.98139894459  1.339982E-13
4661.0179121289  1.427787E-13
4661.05442230811  1.554495E-13
4661.09092948214  1.572596E-13
4661.12743365086  1.649192E-13
4661.16393481418  1.452636E-13
4661.20043297197  1.492515E-13
4661.23692812414  1.429484E-13
4661.27342027058  1.469164E-13
4661.30990941118  1.524955E-13
4661.34639554583  1.180070E-13
4661.38287867443  1.351870E-13
4661.41935879686  1.262169E-13
4661.45583591302  1.440673E-13
4661.49231002281  1.438068E-13
4661.52878112611  1.258037E-13
4661.56524922283  1.605080E-13
4661.60171431284  1.454315E-13
4661.63817639605  1.476692E-13
4661.67463547235  1.347235E-13
4661.71109154163  1.286834E-13
4661.74754460378  1.562902E-13
4661.7839946587  1.224225E-13
4661.82044170627  1.416527E-13
4661.8568857464  1.221706E-13
4661.89332677898  1.066419E-13
4661.9297648039  1.359286E-13
4661.96619982105  1.368609E-13
4662.00263183032  1.480895E-13
4662.03906083162  1.333338E-13
4662.07548682483  1.354584E-13
4662.11190980984  1.487133E-13
4662.14832978655  1.141944E-13
4662.18474675486  1.285764E-13
4662.22116071466  1.268636E-13
4662.25757166584  1.419192E-13
4662.29397960828  1.473811E-13
4662.33038454191  1.404772E-13
4662.36678646659  1.263783E-13
4662.40318538222  1.123586E-13
4662.43958128871  1.257796E-13
4662.47597418594  1.295315E-13
4662.51236407381  1.295398E-13
4662.54875095222  1.326430E-13
4662.58513482104  1.060779E-13
4662.62151568019  1.252754E-13
4662.65789352955  1.342256E-13
4662.69426836902  1.158147E-13
4662.73064019849  1.504150E-13
4662.76700901787  1.244794E-13
4662.80337482703  1.131707E-13
4662.83973762588  1.283047E-13
4662.8760974143  1.585431E-13
4662.91245419221  1.301996E-13
4662.94880795948  1.144928E-13
4662.98515871601  1.376983E-13
4663.02150646171  1.091368E-13
4663.05785119646  1.504832E-13
4663.09419292015  1.401102E-13
4663.13053163269  1.202102E-13
4663.16686733397  1.366930E-13
4663.20320002387  9.465530E-14
4663.23952970231  1.074120E-13
4663.27585636916  1.418733E-13
4663.31218002434  1.258841E-13
4663.34850066772  1.403744E-13
4663.38481829922  1.478193E-13
4663.42113291871  1.269778E-13
4663.4574445261  1.191477E-13
4663.49375312129  1.267716E-13
4663.53005870416  1.584932E-13
4663.56636127462  1.413977E-13
4663.60266083256  1.264720E-13
4663.63895737787  1.216758E-13
4663.67525091044  1.408613E-13
4663.71154143019  1.445838E-13
4663.74782893699  1.176332E-13
4663.78411343075  1.073146E-13
4663.82039491136  1.154949E-13
4663.85667337872  1.378714E-13
4663.89294883272  1.339041E-13
4663.92922127326  1.198993E-13
4663.96549070023  1.269995E-13
4664.00175711354  1.122398E-13
4664.03802051307  1.205949E-13
4664.07428089872  1.337329E-13
4664.11053827039  1.190228E-13
4664.14679262798  1.217042E-13
4664.18304397137  8.813386E-14
4664.21929230047  1.153717E-13
4664.25553761517  1.254949E-13
4664.29177991538  1.252410E-13
4664.32801920097  9.461596E-14
4664.36425547186  1.083660E-13
4664.40048872794  1.232433E-13
4664.43671896909  1.025477E-13
4664.47294619523  1.129516E-13
4664.50917040625  1.218285E-13
4664.54539160204  1.134209E-13
4664.5816097825  1.188000E-13
4664.61782494752  1.410367E-13
4664.65403709701  1.367371E-13
4664.69024623086  1.271168E-13
4664.72645234896  9.581582E-14
4664.76265545122  1.154889E-13
4664.79885553753  1.132893E-13
4664.83505260779  1.439371E-13
4664.87124666188  1.208156E-13
4664.90743769972  1.246445E-13
4664.9436257212  1.000322E-13
4664.97981072621  1.115170E-13
4665.01599271466  1.230475E-13
4665.05217168643  1.461664E-13
4665.08834764143  1.107376E-13
4665.12452057955  1.460590E-13
4665.1606905007  1.302884E-13
4665.19685740476  1.260223E-13
4665.23302129164  1.494177E-13
4665.26918216123  1.510619E-13
4665.30534001343  1.633997E-13
4665.34149484814  1.359145E-13
4665.37764666525  1.289223E-13
4665.41379546467  1.299684E-13
4665.44994124629  1.428300E-13
4665.48608401001  1.068023E-13
4665.52222375572  1.103799E-13
4665.55836048333  1.615272E-13
4665.59449419272  1.571911E-13
4665.63062488381  1.566739E-13
4665.66675255649  1.223035E-13
4665.70287721065  1.181052E-13
4665.73899884619  1.464662E-13
4665.77511746302  1.443542E-13
4665.81123306102  1.034337E-13
4665.84734564011  1.515173E-13
4665.88345520017  1.284504E-13
4665.9195617411  1.248885E-13
4665.95566526281  1.412801E-13
4665.99176576518  1.207191E-13
4666.02786324813  1.454415E-13
4666.06395771154  1.401924E-13
4666.10004915532  9.189232E-14
4666.13613757936  1.623827E-13
4666.17222298357  1.593455E-13
4666.20830536784  1.534089E-13
4666.24438473206  1.496745E-13
4666.28046107615  1.488438E-13
4666.31653439999  1.261455E-13
4666.3526047035  1.359840E-13
4666.38867198655  1.334751E-13
4666.42473624906  1.513043E-13
4666.46079749093  1.324120E-13
4666.49685571204  1.149447E-13
4666.53291091231  1.298463E-13
4666.56896309162  1.183831E-13
4666.60501224989  1.283184E-13
4666.641058387  1.320106E-13
4666.67710150286  1.205786E-13
4666.71314159737  1.230517E-13
4666.74917867042  1.119462E-13
4666.78521272192  9.813108E-14
4666.82124375176  1.487712E-13
4666.85727175984  1.149766E-13
4666.89329674607  1.317085E-13
4666.92931871035  1.225816E-13
4666.96533765256  1.121581E-13
4667.00135357262  1.308956E-13
4667.03736647041  1.324032E-13
4667.07337634585  1.181971E-13
4667.10938319883  9.818225E-14
4667.14538702925  1.079599E-13
4667.18138783701  1.082444E-13
4667.21738562201  9.084023E-14
4667.25338038416  1.095909E-13
4667.28937212334  1.048691E-13
4667.32536083946  9.314945E-14
4667.36134653242  1.092556E-13
4667.39732920212  1.464873E-13
4667.43330884847  7.267519E-14
4667.46928547135  8.979897E-14
4667.50525907067  9.777923E-14
4667.54122964634  1.118073E-13
4667.57719719824  1.154596E-13
4667.61316172629  8.263496E-14
4667.64912323038  1.002771E-13
4667.68508171041  1.107404E-13
4667.72103716629  8.475525E-14
4667.75698959791  1.161323E-13
4667.79293900517  9.881352E-14
4667.82888538798  8.049256E-14
4667.86482874623  9.431547E-14
4667.90076907983  9.405898E-14
4667.93670638867  9.881601E-14
4667.97264067266  8.781451E-14
4668.00857193171  9.412895E-14
4668.0445001657  5.716457E-14
4668.08042537454  8.480390E-14
4668.11634755813  7.997779E-14
4668.15226671637  9.126539E-14
4668.18818284917  1.036958E-13
4668.22409595642  1.007550E-13
4668.26000603803  1.007644E-13
4668.29591309389  1.078068E-13
4668.33181712392  8.493458E-14
4668.367718128  1.010825E-13
4668.40361610604  8.475837E-14
4668.43951105795  1.128512E-13
4668.47540298361  8.660280E-14
4668.51129188295  8.808442E-14
4668.54717775585  9.298617E-14
4668.58306060221  1.094013E-13
4668.61894042195  8.696192E-14
4668.65481721496  1.028579E-13
4668.69069098114  9.679941E-14
4668.72656172039  8.197386E-14
4668.76242943263  1.152146E-13
4668.79829411774  9.961986E-14
4668.83415577563  8.028519E-14
4668.8700144062  1.325580E-13
4668.90587000936  7.457415E-14
4668.941722585  1.085872E-13
4668.97757213303  7.637397E-14
4669.01341865335  1.039516E-13
4669.04926214587  1.471323E-13
4669.08510261048  1.179804E-13
4669.12094004708  1.362174E-13
4669.15677445559  9.278822E-14
4669.19260583589  1.204615E-13
4669.2284341879  7.968639E-14
4669.26425951152  8.666872E-14
4669.30008180664  1.026795E-13
4669.33590107318  9.465622E-14
4669.37171731103  1.218741E-13
4669.4075305201  1.028372E-13
4669.44334070028  1.177396E-13
4669.47914785149  1.093969E-13
4669.51495197362  1.119883E-13
4669.55075306658  9.004857E-14
4669.58655113027  1.446399E-13
4669.62234616459  1.530861E-13
4669.65813816945  1.090803E-13
4669.69392714475  9.801644E-14
4669.72971309038  9.353051E-14
4669.76549600627  1.509651E-13
4669.8012758923  1.040601E-13
4669.83705274838  1.024242E-13
4669.87282657442  1.472294E-13
