5135.59241840564  1.853307E-13
5135.63993901761  1.713008E-13
5135.68745660512  1.484161E-13
5135.73497116794  1.731278E-13
5135.78248270587  1.546660E-13
5135.82999121871  1.983645E-13
5135.87749670622  1.803178E-13
5135.92499916821  1.860968E-13
5135.97249860447  1.678336E-13
5136.01999501477  1.891360E-13
5136.06748839892  1.732820E-13
5136.11497875669  1.722157E-13
5136.16246608787  1.816671E-13
5136.20995039227  1.737283E-13
5136.25743166966  1.848250E-13
5136.30490991983  1.544965E-13
5136.35238514257  1.722263E-13
5136.39985733767  1.659004E-13
5136.44732650492  1.766056E-13
5136.49479264411  1.793234E-13
5136.54225575503  1.807325E-13
5136.58971583747  1.573464E-13
5136.6371728912  2.039974E-13
5136.68462691604  1.691194E-13
5136.73207791175  1.595607E-13
5136.77952587814  1.846529E-13
5136.82697081499  1.677018E-13
5136.8744127221  1.704128E-13
5136.92185159924  1.925852E-13
5136.96928744621  1.382498E-13
5137.01672026281  1.613689E-13
5137.06415004881  1.629333E-13
5137.11157680401  1.711047E-13
5137.1590005282  1.650733E-13
5137.20642122116  1.648219E-13
5137.25383888269  1.659101E-13
5137.30125351258  1.572840E-13
5137.34866511062  1.491306E-13
5137.39607367659  1.674146E-13
5137.44347921029  1.652155E-13
5137.4908817115  1.713570E-13
5137.53828118003  1.535075E-13
5137.58567761564  1.716969E-13
5137.63307101814  1.555876E-13
5137.68046138732  1.490346E-13
5137.72784872297  1.409956E-13
5137.77523302487  1.512499E-13
5137.82261429282  1.408889E-13
5137.8699925266  1.441597E-13
5137.91736772601  1.374200E-13
5137.96473989084  1.448268E-13
5138.01210902087  1.256217E-13
5138.05947511591  1.303291E-13
5138.10683817573  1.512591E-13
5138.15419820013  1.444463E-13
5138.2015551889  1.474851E-13
5138.24890914182  1.681954E-13
5138.2962600587  1.712849E-13
5138.34360793933  1.648058E-13
5138.39095278348  1.480887E-13
5138.43829459095  1.493028E-13
5138.48563336154  1.441823E-13
5138.53296909504  1.261929E-13
5138.58030179123  1.589487E-13
5138.6276314499  1.414999E-13
5138.67495807085  1.593431E-13
5138.72228165387  1.602814E-13
5138.76960219875  1.644629E-13
5138.81691970528  1.508750E-13
5138.86423417325  1.791866E-13
5138.91154560245  1.627665E-13
5138.95885399268  1.441374E-13
5139.00615934372  1.686735E-13
5139.05346165537  1.540318E-13
5139.10076092741  1.827106E-13
5139.14805715965  1.953163E-13
5139.19535035186  1.842910E-13
5139.24264050385  1.964990E-13
5139.2899276154  1.838480E-13
5139.33721168631  1.816684E-13
5139.38449271637  1.778373E-13
5139.43177070536  1.830708E-13
5139.47904565308  1.798552E-13
5139.52631755933  1.558638E-13
5139.57358642389  1.722253E-13
5139.62085224655  1.518807E-13
5139.66811502712  1.393317E-13
5139.71537476537  1.579103E-13
5139.7626314611  1.376820E-13
5139.80988511411  1.512782E-13
5139.85713572419  1.534392E-13
5139.90438329112  1.394294E-13
5139.9516278147  1.386863E-13
5139.99886929472  1.374714E-13
5140.04610773098  1.426755E-13
5140.09334312327  1.316804E-13
5140.14057547137  1.286778E-13
5140.18780477509  1.478413E-13
5140.23503103421  1.173184E-13
5140.28225424853  1.274703E-13
5140.32947441783  1.334164E-13
5140.37669154192  1.171123E-13
5140.42390562058  1.330631E-13
5140.47111665361  1.166493E-13
5140.5183246408  1.426267E-13
5140.56552958194  1.277589E-13
5140.61273147683  1.316322E-13
5140.65993032525  1.409112E-13
5140.70712612701  1.302051E-13
5140.75431888188  1.257225E-13
5140.80150858968  1.351134E-13
5140.84869525019  1.354322E-13
5140.89587886319  1.453078E-13
5140.9430594285  1.428365E-13
5140.99023694589  1.733132E-13
5141.03741141517  1.613339E-13
5141.08458283612  1.640339E-13
5141.13175120854  1.669926E-13
5141.17891653222  1.701477E-13
5141.22607880696  2.075821E-13
5141.27323803254  1.739805E-13
5141.32039420877  1.659581E-13
5141.36754733544  1.844137E-13
5141.41469741233  1.794945E-13
5141.46184443925  1.746238E-13
5141.50898841598  2.048337E-13
5141.55612934232  1.862290E-13
5141.60326721807  1.590233E-13
5141.65040204302  1.767297E-13
5141.69753381695  1.648461E-13
5141.74466253968  1.807804E-13
5141.79178821098  1.850055E-13
5141.83891083065  1.854304E-13
5141.8860303985  1.695365E-13
5141.9331469143  1.818994E-13
5141.98026037786  1.672898E-13
5142.02737078897  1.678560E-13
5142.07447814742  2.009262E-13
5142.12158245301  1.680185E-13
5142.16868370554  1.847049E-13
5142.21578190479  1.698378E-13
5142.26287705055  1.721097E-13
5142.30996914264  1.704014E-13
5142.35705818084  1.499668E-13
5142.40414416493  1.487497E-13
5142.45122709473  1.518721E-13
5142.49830697002  1.735225E-13
5142.5453837906  1.855117E-13
5142.59245755626  1.509582E-13
5142.6395282668  1.616660E-13
5142.68659592201  1.621587E-13
5142.73366052169  1.594536E-13
5142.78072206563  1.572366E-13
5142.82778055362  1.529953E-13
5142.87483598547  1.585898E-13
5142.92188836096  1.468728E-13
5142.9689376799  1.585095E-13
5143.01598394207  1.658839E-13
5143.06302714727  1.569233E-13
5143.1100672953  1.240441E-13
5143.15710438595  1.636515E-13
5143.20413841902  1.339701E-13
5143.25116939429  1.386993E-13
5143.29819731158  1.401581E-13
5143.34522217068  1.322208E-13
5143.39224397136  1.353877E-13
5143.43926271345  1.453678E-13
5143.48627839672  1.322588E-13
5143.53329102097  1.448171E-13
5143.58030058601  1.168386E-13
5143.62730709163  1.398978E-13
5143.67431053761  1.354577E-13
5143.72131092376  1.259493E-13
5143.76830824988  1.362176E-13
5143.81530251576  1.373405E-13
5143.86229372119  1.186332E-13
5143.90928186597  1.302542E-13
5143.9562669499  1.315370E-13
5144.00324897277  1.478565E-13
5144.05022793438  1.442687E-13
5144.09720383452  1.496496E-13
5144.144176673  1.380263E-13
5144.1911464496  1.611506E-13
5144.23811316413  1.585926E-13
5144.28507681637  1.522105E-13
5144.33203740613  1.557453E-13
5144.37899493321  1.559147E-13
5144.42594939739  1.693016E-13
5144.47290079848  1.511444E-13
5144.51984913627  1.716192E-13
5144.56679441056  1.619366E-13
5144.61373662114  1.801685E-13
5144.66067576781  1.700197E-13
5144.70761185037  1.689313E-13
5144.75454486862  1.863818E-13
5144.80147482235  1.712616E-13
5144.84840171135  1.817558E-13
5144.89532553543  1.763538E-13
5144.94224629439  1.835222E-13
5144.98916398801  1.887892E-13
5145.03607861609  1.788071E-13
5145.08299017844  1.707809E-13
5145.12989867485  1.630103E-13
5145.17680410512  1.846355E-13
5145.22370646904  1.848518E-13
5145.27060576641  1.837219E-13
5145.31750199703  1.717015E-13
5145.3643951607  1.706176E-13
5145.41128525721  1.877353E-13
5145.45817228636  1.723161E-13
5145.50505624794  1.627146E-13
5145.55193714176  1.622461E-13
5145.59881496762  1.634484E-13
5145.6456897253  1.664530E-13
5145.69256141462  1.629928E-13
5145.73943003536  1.666685E-13
5145.78629558732  1.613762E-13
5145.8331580703  1.621613E-13
5145.88001748411  1.729199E-13
5145.92687382852  1.694848E-13
5145.97372710335  1.700110E-13
5146.0205773084  1.594009E-13
5146.06742444346  1.512428E-13
5146.11426850832  1.607114E-13
5146.16110950279  1.513398E-13
5146.20794742666  1.647544E-13
5146.25478227973  1.644274E-13
5146.30161406181  1.593241E-13
5146.34844277269  1.635453E-13
5146.39526841216  1.448952E-13
5146.44209098002  1.548802E-13
5146.48891047608  1.539613E-13
5146.53572690014  1.624158E-13
5146.58254025198  1.609895E-13
5146.62935053141  1.754512E-13
5146.67615773823  1.720596E-13
5146.72296187224  1.691683E-13
5146.76976293323  1.604546E-13
5146.816560921  1.623310E-13
5146.86335583536  1.748169E-13
5146.91014767609  1.681358E-13
5146.95693644301  1.654382E-13
5147.0037221359  1.847974E-13
5147.05050475457  1.696859E-13
5147.09728429882  1.478894E-13
5147.14406076844  1.557226E-13
5147.19083416323  1.404627E-13
5147.237604483  1.664140E-13
5147.28437172754  1.490690E-13
5147.33113589666  1.601986E-13
5147.37789699014  1.689425E-13
5147.42465500779  1.593002E-13
5147.47140994941  1.411446E-13
5147.5181618148  1.539662E-13
5147.56491060376  1.686168E-13
5147.61165631608  1.727475E-13
5147.65839895157  1.564812E-13
5147.70513851003  1.582206E-13
5147.75187499125  1.433435E-13
5147.79860839504  1.533504E-13
5147.84533872119  1.566359E-13
5147.89206596951  1.646995E-13
5147.93879013979  1.689167E-13
5147.98551123183  1.565177E-13
5148.03222924544  1.665716E-13
5148.07894418041  1.601809E-13
5148.12565603655  1.682973E-13
5148.17236481365  1.585802E-13
5148.21907051151  1.531086E-13
5148.26577312993  1.710863E-13
5148.31247266872  1.596427E-13
5148.35916912767  1.635663E-13
5148.40586250659  1.622453E-13
5148.45255280527  1.531987E-13
5148.49924002351  1.612586E-13
5148.54592416112  1.577026E-13
5148.5926052179  1.477898E-13
5148.63928319363  1.610418E-13
5148.68595808814  1.502041E-13
5148.73262990121  1.503168E-13
5148.77929863264  1.491962E-13
5148.82596428225  1.423392E-13
5148.87262684982  1.456705E-13
5148.91928633516  1.275092E-13
5148.96594273807  1.374789E-13
5149.01259605835  1.588040E-13
5149.0592462958  1.574692E-13
5149.10589345022  1.620074E-13
5149.15253752141  1.501814E-13
5149.19917850918  1.396170E-13
5149.24581641332  1.508502E-13
5149.29245123363  1.368064E-13
5149.33908296992  1.280851E-13
5149.38571162199  1.566688E-13
5149.43233718964  1.422753E-13
5149.47895967267  1.593869E-13
5149.52557907087  1.558439E-13
5149.57219538406  1.472228E-13
5149.61880861204  1.592456E-13
5149.6654187546  1.506958E-13
5149.71202581154  1.692241E-13
5149.75862978267  1.707257E-13
5149.80523066779  1.844972E-13
5149.8518284667  1.592422E-13
5149.89842317921  1.765290E-13
5149.9450148051  1.768165E-13
5149.9916033442  1.834753E-13
5150.03818879629  1.815687E-13
5150.08477116118  2.037369E-13
5150.13135043867  1.807925E-13
5150.17792662856  1.705725E-13
5150.22449973066  1.852882E-13
5150.27106974476  1.702049E-13
5150.31763667067  1.672225E-13
5150.36420050819  1.824728E-13
5150.41076125713  1.712919E-13
5150.45731891728  1.877489E-13
5150.50387348844  1.701826E-13
5150.55042497043  1.756138E-13
5150.59697336303  1.710586E-13
5150.64351866606  1.853558E-13
5150.69006087932  1.660926E-13
5150.7366000026  1.923565E-13
5150.78313603572  1.663972E-13
5150.82966897846  1.758918E-13
5150.87619883065  1.908218E-13
5150.92272559207  1.679862E-13
5150.96924926253  1.782185E-13
5151.01576984184  1.840358E-13
5151.06228732978  1.928689E-13
5151.10880172619  1.721651E-13
5151.15531303084  1.791146E-13
5151.20182124354  1.683828E-13
5151.24832636411  1.869936E-13
5151.29482839233  1.578640E-13
5151.34132732802  1.459764E-13
5151.38782317097  1.420342E-13
5151.43431592099  1.551909E-13
5151.48080557789  1.639075E-13
5151.52729214146  1.589815E-13
5151.5737756115  1.674038E-13
5151.62025598783  1.471801E-13
5151.66673327025  1.531025E-13
5151.71320745855  1.514053E-13
5151.75967855255  1.673184E-13
5151.80614655204  1.558040E-13
5151.85261145683  1.512187E-13
5151.89907326672  1.503681E-13
5151.94553198151  1.623943E-13
5151.99198760102  1.587464E-13
5152.03844012504  1.628653E-13
5152.08488955337  1.619048E-13
5152.13133588583  1.462916E-13
5152.17777912221  1.659856E-13
5152.22421926231  1.615314E-13
5152.27065630595  1.618829E-13
5152.31709025292  1.624269E-13
5152.36352110304  1.619767E-13
5152.40994885609  1.431693E-13
5152.45637351189  1.420899E-13
5152.50279507025  1.556099E-13
5152.54921353096  1.602803E-13
5152.59562889383  1.629296E-13
5152.64204115866  1.611470E-13
5152.68845032526  1.648873E-13
5152.73485639344  1.635102E-13
5152.78125936299  1.703110E-13
5152.82765923372  1.479171E-13
5152.87405600544  1.559857E-13
5152.92044967794  1.348632E-13
5152.96684025105  1.590907E-13
5153.01322772455  1.604684E-13
5153.05961209825  1.638914E-13
5153.10599337197  1.706311E-13
5153.15237154549  1.580526E-13
5153.19874661864  1.593867E-13
5153.2451185912  1.599847E-13
5153.29148746299  1.708387E-13
5153.33785323382  1.671267E-13
5153.38421590348  1.643040E-13
5153.43057547179  1.673742E-13
5153.47693193854  1.712054E-13
5153.52328530354  1.785283E-13
5153.5696355666  1.729066E-13
5153.61598272752  1.555412E-13
5153.66232678611  1.774230E-13
5153.70866774218  1.720232E-13
5153.75500559552  1.748199E-13
5153.80134034594  1.740905E-13
5153.84767199325  1.797404E-13
5153.89400053726  1.735242E-13
5153.94032597776  1.700089E-13
5153.98664831457  1.727609E-13
5154.03296754749  1.741922E-13
5154.07928367633  1.665539E-13
5154.12559670089  1.701949E-13
5154.17190662098  1.613678E-13
5154.21821343639  1.580177E-13
5154.26451714695  1.576823E-13
5154.31081775245  1.516261E-13
5154.3571152527  1.626004E-13
5154.40340964751  1.640009E-13
5154.44970093668  1.515311E-13
5154.49598912002  1.574629E-13
5154.54227419733  1.356310E-13
5154.58855616842  1.671447E-13
5154.6348350331  1.460683E-13
5154.68111079117  1.445550E-13
5154.72738344244  1.754627E-13
5154.77365298672  1.514741E-13
5154.8199194238  1.493714E-13
5154.86618275351  1.448583E-13
5154.91244297563  1.470876E-13
5154.95870008999  1.569325E-13
5155.00495409639  1.575981E-13
5155.05120499462  1.562464E-13
5155.09745278451  1.597842E-13
5155.14369746585  1.540962E-13
5155.18993903846  1.462953E-13
5155.23617750213  1.497599E-13
5155.28241285669  1.436074E-13
5155.32864510192  1.541223E-13
5155.37487423765  1.556190E-13
5155.42110026367  1.537292E-13
5155.4673231798  1.518075E-13
5155.51354298583  1.579434E-13
5155.55975968159  1.680847E-13
5155.60597326687  1.765586E-13
5155.65218374148  1.600730E-13
5155.69839110523  1.582519E-13
5155.74459535792  1.669973E-13
5155.79079649937  1.600589E-13
5155.83699452938  1.649024E-13
5155.88318944776  1.683676E-13
5155.92938125431  1.711906E-13
5155.97556994885  1.601217E-13
5156.02175553117  1.831297E-13
5156.0679380011  1.756853E-13
5156.11411735842  1.727378E-13
5156.16029360296  1.587902E-13
5156.20646673453  1.647320E-13
5156.25263675291  1.685043E-13
5156.29880365794  1.658034E-13
5156.34496744941  1.686181E-13
5156.39112812712  1.523774E-13
5156.4372856909  1.604371E-13
5156.48344014055  1.583663E-13
5156.52959147587  1.599093E-13
5156.57573969667  1.737036E-13
5156.62188480276  1.555649E-13
5156.66802679395  1.756705E-13
5156.71416567005  1.603015E-13
5156.76030143086  1.653120E-13
5156.8064340762  1.637193E-13
5156.85256360587  1.663589E-13
5156.89869001968  1.681199E-13
5156.94481331743  1.530612E-13
5156.99093349894  1.641612E-13
5157.03705056402  1.631205E-13
5157.08316451247  1.668943E-13
5157.12927534411  1.701567E-13
5157.17538305873  1.829551E-13
5157.22148765615  1.445451E-13
5157.26758913618  1.540427E-13
5157.31368749862  1.787511E-13
5157.35978274329  1.759405E-13
5157.40587487  1.841834E-13
5157.45196387855  1.747946E-13
5157.49804976874  1.748824E-13
5157.5441325404  1.751589E-13
5157.59021219333  1.762985E-13
5157.63628872733  1.714889E-13
5157.68236214223  1.736107E-13
5157.72843243782  1.691289E-13
5157.77449961391  1.863309E-13
5157.82056367032  1.751842E-13
5157.86662460686  1.791927E-13
5157.91268242332  1.733349E-13
5157.95873711953  1.663415E-13
5158.00478869529  1.599482E-13
5158.05083715041  1.872232E-13
5158.0968824847  1.734529E-13
5158.14292469798  1.747833E-13
5158.18896379004  1.867412E-13
5158.2349997607  1.682495E-13
5158.28103260977  1.835709E-13
5158.32706233706  1.812228E-13
5158.37308894237  1.833975E-13
5158.41911242553  1.699671E-13
5158.46513278633  1.742610E-13
5158.51115002459  1.841576E-13
5158.55716414012  1.712892E-13
5158.60317513272  1.789749E-13
5158.64918300221  1.822207E-13
5158.6951877484  1.764710E-13
5158.74118937109  1.803989E-13
5158.78718787011  1.933287E-13
5158.83318324525  1.770432E-13
5158.87917549633  1.911804E-13
5158.92516462315  1.810984E-13
5158.97115062554  1.730305E-13
5159.01713350329  1.907260E-13
5159.06311325622  1.885577E-13
5159.10908988414  1.746098E-13
5159.15506338686  1.707092E-13
5159.20103376419  1.871442E-13
5159.24700101594  1.798110E-13
5159.29296514193  1.766642E-13
5159.33892614195  1.830128E-13
5159.38488401583  1.779745E-13
5159.43083876337  1.749257E-13
5159.47679038439  1.852213E-13
5159.52273887869  1.692122E-13
5159.56868424608  1.829563E-13
5159.61462648639  1.630226E-13
5159.66056559941  1.637487E-13
5159.70650158496  1.748464E-13
5159.75243444285  1.704111E-13
5159.79836417288  1.769730E-13
5159.84429077489  1.674898E-13
5159.89021424866  1.531935E-13
5159.93613459402  1.724407E-13
5159.98205181077  1.705539E-13
5160.02796589874  1.632575E-13
5160.07387685771  1.677490E-13
5160.11978468752  1.579530E-13
5160.16568938797  1.635724E-13
5160.21159095887  1.621721E-13
5160.25748940004  1.828284E-13
5160.30338471128  1.696704E-13
5160.34927689241  1.645778E-13
5160.39516594324  1.870227E-13
5160.44105186358  1.560584E-13
5160.48693465324  1.739060E-13
5160.53281431203  1.710374E-13
5160.57869083977  1.546182E-13
5160.62456423627  1.714034E-13
5160.67043450134  1.813847E-13
5160.71630163478  1.694831E-13
5160.76216563643  1.721140E-13
5160.80802650607  1.800271E-13
5160.85388424354  1.719535E-13
5160.89973884863  1.721315E-13
5160.94559032117  1.772529E-13
5160.99143866096  1.775267E-13
5161.03728386782  1.869546E-13
5161.08312594156  1.727196E-13
5161.12896488199  1.780821E-13
5161.17480068892  1.771678E-13
5161.22063336217  1.805595E-13
5161.26646290154  1.906122E-13
5161.31228930686  1.701024E-13
5161.35811257793  1.749218E-13
5161.40393271457  1.934442E-13
5161.44974971659  1.861065E-13
5161.4955635838  1.773052E-13
5161.54137431601  1.861255E-13
5161.58718191304  1.774261E-13
5161.6329863747  1.793016E-13
5161.6787877008  1.880225E-13
5161.72458589116  1.822865E-13
5161.77038094559  1.964786E-13
5161.8161728639  1.799833E-13
5161.8619616459  1.780676E-13
5161.90774729142  1.784358E-13
5161.95352980025  1.837932E-13
5161.99930917222  1.832475E-13
5162.04508540714  1.802447E-13
5162.09085850482  1.715605E-13
5162.13662846507  1.677714E-13
5162.18239528771  1.854899E-13
5162.22815897255  1.686267E-13
5162.27391951941  1.705399E-13
5162.31967692809  1.690831E-13
5162.36543119842  1.882974E-13
5162.4111823302  1.793658E-13
5162.45693032325  1.736324E-13
5162.50267517738  1.805426E-13
5162.54841689241  1.701552E-13
5162.59415546815  1.775209E-13
5162.63989090441  1.609861E-13
5162.68562320101  1.750850E-13
5162.73135235777  1.639975E-13
5162.77707837448  1.699736E-13
5162.82280125098  1.588165E-13
5162.86852098707  1.655297E-13
5162.91423758258  1.688619E-13
5162.9599510373  1.484016E-13
5163.00566135106  1.553227E-13
5163.05136852366  1.333169E-13
5163.09707255494  1.618586E-13
5163.14277344469  1.605210E-13
5163.18847119274  1.586293E-13
5163.23416579889  1.573478E-13
5163.27985726297  1.456680E-13
5163.32554558478  1.506237E-13
5163.37123076414  1.562138E-13
5163.41691280087  1.359092E-13
5163.46259169479  1.433850E-13
5163.50826744569  1.571898E-13
5163.55394005341  1.502524E-13
5163.59960951775  1.529433E-13
5163.64527583853  1.653984E-13
5163.69093901556  1.433537E-13
5163.73659904866  1.563479E-13
5163.78225593765  1.539158E-13
5163.82790968234  1.737725E-13
5163.87356028254  1.586631E-13
5163.91920773807  1.667063E-13
5163.96485204874  1.819687E-13
5164.01049321437  1.796585E-13
5164.05613123478  1.645088E-13
5164.10176610978  1.828482E-13
5164.14739783918  1.737612E-13
5164.1930264228  1.801436E-13
5164.23865186046  1.715929E-13
5164.28427415197  1.752245E-13
5164.32989329715  1.771702E-13
5164.37550929581  1.673746E-13
5164.42112214777  1.789708E-13
5164.46673185284  1.801008E-13
5164.51233841084  1.788597E-13
5164.55794182158  1.748724E-13
5164.60354208489  1.698660E-13
5164.64913920057  1.754717E-13
5164.69473316844  1.872916E-13
5164.74032398832  1.724461E-13
5164.78591166003  1.808416E-13
5164.83149618337  1.741874E-13
5164.87707755817  1.906336E-13
5164.92265578424  1.814327E-13
5164.9682308614  1.757104E-13
5165.01380278947  1.741102E-13
5165.05937156825  1.783547E-13
5165.10493719757  1.791512E-13
5165.15049967725  1.752664E-13
5165.19605900709  1.656456E-13
5165.24161518692  1.704848E-13
5165.28716821655  1.659791E-13
5165.3327180958  1.692467E-13
5165.37826482449  1.585819E-13
5165.42380840242  1.612762E-13
5165.46934882942  1.681627E-13
5165.51488610531  1.647429E-13
5165.5604202299  1.625724E-13
5165.605951203  1.535848E-13
5165.65147902444  1.715375E-13
5165.69700369404  1.442836E-13
5165.7425252116  1.570679E-13
5165.78804357694  1.458576E-13
5165.83355878989  1.690675E-13
5165.87907085026  1.599122E-13
5165.92457975786  1.563435E-13
5165.97008551252  1.586332E-13
5166.01558811404  1.683254E-13
5166.06108756226  1.512837E-13
5166.10658385697  1.545191E-13
5166.15207699801  1.619518E-13
5166.19756698519  1.617902E-13
5166.24305381833  1.531676E-13
5166.28853749724  1.614538E-13
5166.33401802174  1.597711E-13
5166.37949539165  1.597539E-13
5166.42496960678  1.650223E-13
5166.47044066696  1.615714E-13
5166.515908572  1.525857E-13
5166.56137332172  1.594734E-13
5166.60683491594  1.588191E-13
5166.65229335447  1.500453E-13
5166.69774863713  1.500543E-13
5166.74320076375  1.598620E-13
5166.78864973413  1.508526E-13
5166.83409554809  1.596416E-13
5166.87953820547  1.560362E-13
5166.92497770606  1.542641E-13
5166.97041404969  1.547485E-13
5167.01584723618  1.533980E-13
5167.06127726535  1.557295E-13
5167.10670413701  1.517038E-13
5167.15212785098  1.591720E-13
5167.19754840708  1.569218E-13
5167.24296580513  1.413099E-13
5167.28838004495  1.597734E-13
5167.33379112636  1.590840E-13
5167.37919904917  1.480848E-13
5167.4246038132  1.499144E-13
5167.47000541827  1.448744E-13
5167.51540386421  1.506047E-13
5167.56079915082  1.442088E-13
5167.60619127793  1.485933E-13
5167.65158024535  1.402099E-13
5167.69696605291  1.418321E-13
5167.74234870042  1.466085E-13
5167.7877281877  1.351182E-13
5167.83310451458  1.343452E-13
5167.87847768086  1.355062E-13
5167.92384768638  1.345130E-13
5167.96921453094  1.473136E-13
5168.01457821437  1.222046E-13
5168.05993873648  1.339516E-13
5168.1052960971  1.208984E-13
5168.15065029604  1.280765E-13
5168.19600133313  1.229059E-13
5168.24134920818  1.203779E-13
5168.28669392102  1.283316E-13
5168.33203547145  1.265407E-13
5168.37737385931  1.232321E-13
5168.42270908441  1.245348E-13
5168.46804114656  1.191347E-13
5168.5133700456  1.144071E-13
5168.55869578133  1.306109E-13
5168.60401835359  1.322135E-13
5168.64933776218  1.221707E-13
5168.69465400693  1.372174E-13
5168.73996708766  1.365230E-13
5168.78527700418  1.442028E-13
5168.83058375633  1.329393E-13
5168.87588734391  1.514736E-13
5168.92118776675  1.475303E-13
5168.96648502467  1.610839E-13
5169.01177911748  1.539414E-13
5169.05707004501  1.634741E-13
5169.10235780708  1.615650E-13
5169.14764240351  1.645395E-13
5169.19292383412  1.793211E-13
5169.23820209872  1.594407E-13
5169.28347719715  1.617130E-13
5169.32874912921  1.599954E-13
5169.37401789473  1.682059E-13
5169.41928349353  1.618356E-13
5169.46454592543  1.637836E-13
5169.50980519025  1.630201E-13
5169.55506128782  1.495590E-13
5169.60031421795  1.540703E-13
5169.64556398045  1.462788E-13
5169.69081057517  1.501141E-13
5169.7360540019  1.481205E-13
5169.78129426049  1.438119E-13
5169.82653135073  1.435767E-13
5169.87176527247  1.403712E-13
5169.91699602551  1.522366E-13
5169.96222360968  1.577773E-13
5170.0074480248  1.581768E-13
5170.05266927069  1.436753E-13
5170.09788734717  1.533003E-13
5170.14310225407  1.600193E-13
5170.1883139912  1.521461E-13
5170.23352255838  1.516144E-13
5170.27872795544  1.548159E-13
5170.32393018221  1.643898E-13
5170.36912923848  1.595620E-13
5170.4143251241  1.670563E-13
5170.45951783888  1.697483E-13
5170.50470738265  1.649222E-13
5170.54989375522  1.767067E-13
5170.59507695642  1.839869E-13
5170.64025698607  1.919573E-13
5170.68543384398  1.786181E-13
5170.73060752999  1.880729E-13
5170.77577804391  1.954888E-13
5170.82094538557  1.903093E-13
5170.86610955478  1.981987E-13
5170.91127055138  1.888342E-13
5170.95642837517  2.099003E-13
5171.00158302599  2.058610E-13
5171.04673450365  1.991128E-13
5171.09188280798  2.051023E-13
5171.1370279388  1.955095E-13
5171.18216989594  1.961443E-13
5171.2273086792  2.020674E-13
5171.27244428842  2.060978E-13
5171.31757672342  2.085608E-13
5171.36270598402  1.976404E-13
5171.40783207004  2.026017E-13
5171.45295498131  1.968384E-13
5171.49807471765  1.934774E-13
5171.54319127888  2.014584E-13
5171.58830466482  1.956776E-13
5171.63341487529  2.003936E-13
5171.67852191013  1.982836E-13
5171.72362576915  1.808106E-13
5171.76872645216  1.972846E-13
5171.81382395901  1.946406E-13
5171.85891828951  1.910173E-13
5171.90400944347  1.942958E-13
5171.94909742073  1.725963E-13
5171.99418222111  1.856871E-13
5172.03926384444  1.785510E-13
5172.08434229052  1.818096E-13
5172.1294175592  1.747363E-13
5172.17448965028  1.595943E-13
5172.2195585636  1.600800E-13
5172.26462429898  1.675187E-13
5172.30968685623  1.654098E-13
5172.35474623519  1.668488E-13
5172.39980243567  1.507881E-13
5172.44485545751  1.700707E-13
5172.48990530052  1.671104E-13
5172.53495196452  1.550295E-13
5172.57999544935  1.478551E-13
5172.62503575482  1.533181E-13
5172.67007288076  1.417480E-13
5172.71510682699  1.473040E-13
5172.76013759334  1.402007E-13
5172.80516517962  1.329879E-13
5172.85018958567  1.352906E-13
5172.89521081131  1.414757E-13
5172.94022885636  1.405640E-13
5172.98524372064  1.298364E-13
5173.03025540398  1.290288E-13
5173.0752639062  1.242606E-13
5173.12026922713  1.251209E-13
5173.16527136659  1.221741E-13
5173.2102703244  1.237004E-13
5173.2552661004  1.190519E-13
5173.30025869439  1.199196E-13
5173.34524810622  1.285269E-13
5173.3902343357  1.182796E-13
5173.43521738265  1.112178E-13
5173.4801972469  1.175899E-13
5173.52517392829  1.160708E-13
5173.57014742662  1.091340E-13
5173.61511774172  1.172396E-13
5173.66008487343  1.127364E-13
5173.70504882155  1.131243E-13
5173.75000958593  1.121702E-13
5173.79496716638  1.105815E-13
5173.83992156273  1.143783E-13
5173.8848727748  1.213635E-13
5173.92982080242  1.160908E-13
5173.97476564541  1.112605E-13
5174.0197073036  1.273773E-13
5174.0646457768  1.207240E-13
5174.10958106486  1.304545E-13
5174.15451316759  1.275236E-13
5174.19944208482  1.319067E-13
5174.24436781638  1.337215E-13
5174.28929036208  1.370611E-13
5174.33420972175  1.436235E-13
5174.37912589522  1.470414E-13
5174.42403888232  1.405209E-13
5174.46894868287  1.465460E-13
5174.51385529669  1.497319E-13
5174.55875872361  1.640246E-13
5174.60365896346  1.418423E-13
5174.64855601606  1.556081E-13
5174.69344988124  1.599038E-13
5174.73834055882  1.578581E-13
5174.78322804863  1.698653E-13
5174.82811235049  1.713500E-13
5174.87299346424  1.656350E-13
5174.91787138969  1.594565E-13
5174.96274612667  1.716922E-13
5175.00761767501  1.793893E-13
5175.05248603454  1.691023E-13
5175.09735120507  1.732587E-13
5175.14221318644  1.731337E-13
5175.18707197848  1.668897E-13
5175.231927581  1.790221E-13
5175.27677999383  1.774362E-13
5175.32162921681  1.853781E-13
5175.36647524975  1.821613E-13
5175.41131809249  1.835474E-13
5175.45615774485  1.711988E-13
5175.50099420665  1.827697E-13
5175.54582747773  1.738248E-13
5175.5906575579  1.721073E-13
5175.63548444701  1.783547E-13
5175.68030814486  1.842497E-13
5175.72512865129  1.840880E-13
5175.76994596613  1.837759E-13
5175.8147600892  1.953873E-13
5175.85957102033  1.794719E-13
5175.90437875935  1.853306E-13
5175.94918330608  1.865756E-13
5175.99398466035  1.879344E-13
5176.03878282198  1.821307E-13
5176.08357779081  1.860435E-13
5176.12836956667  1.897092E-13
5176.17315814936  1.887118E-13
5176.21794353874  1.801015E-13
5176.26272573462  1.779702E-13
5176.30750473682  1.872845E-13
5176.35228054519  1.938947E-13
5176.39705315953  1.750531E-13
5176.44182257969  1.892876E-13
5176.48658880549  1.731936E-13
5176.53135183675  1.848789E-13
5176.57611167331  1.769437E-13
5176.62086831499  1.754436E-13
5176.66562176162  1.745203E-13
5176.71037201302  1.832630E-13
5176.75511906903  1.799002E-13
5176.79986292947  1.814710E-13
5176.84460359417  1.809837E-13
5176.88934106296  1.714112E-13
5176.93407533566  1.705328E-13
5176.97880641211  1.653513E-13
5177.02353429213  1.757656E-13
5177.06825897555  1.757639E-13
5177.11298046219  1.664739E-13
5177.15769875189  1.847062E-13
5177.20241384447  1.790874E-13
5177.24712573977  1.757214E-13
5177.2918344376  1.660966E-13
5177.33653993781  1.819258E-13
5177.38124224021  1.637883E-13
5177.42594134463  1.748347E-13
5177.47063725091  1.746888E-13
5177.51532995886  1.768095E-13
5177.56001946833  1.688771E-13
5177.60470577914  1.737047E-13
5177.64938889111  1.805606E-13
5177.69406880408  1.804438E-13
5177.73874551788  1.744591E-13
5177.78341903232  1.702584E-13
5177.82808934725  1.638862E-13
5177.87275646249  1.742216E-13
5177.91742037787  1.793634E-13
5177.96208109321  1.730016E-13
5178.00673860835  1.696284E-13
5178.05139292312  1.730569E-13
5178.09604403734  1.815894E-13
5178.14069195085  1.692551E-13
5178.18533666347  1.723152E-13
5178.22997817504  1.687010E-13
5178.27461648537  1.719284E-13
5178.31925159431  1.702866E-13
5178.36388350167  1.758305E-13
5178.4085122073  1.790627E-13
5178.45313771101  1.883909E-13
5178.49776001264  1.668173E-13
5178.54237911202  1.737568E-13
5178.58699500898  1.679496E-13
5178.63160770334  1.812977E-13
5178.67621719493  1.772870E-13
5178.7208234836  1.797174E-13
5178.76542656916  1.875285E-13
5178.81002645144  1.739549E-13
5178.85462313028  1.852587E-13
5178.8992166055  1.672524E-13
5178.94380687694  1.819273E-13
5178.98839394442  1.810393E-13
5179.03297780778  1.755652E-13
5179.07755846684  1.788195E-13
5179.12213592144  1.922842E-13
5179.1667101714  1.879606E-13
5179.21128121655  1.867475E-13
5179.25584905673  1.888618E-13
5179.30041369176  1.861873E-13
5179.34497512148  1.895058E-13
5179.38953334572  1.880222E-13
5179.4340883643  1.992731E-13
5179.47864017705  1.791910E-13
5179.52318878381  1.838577E-13
5179.56773418441  1.703547E-13
5179.61227637868  1.751744E-13
5179.65681536644  1.804848E-13
5179.70135114754  1.816102E-13
5179.74588372179  1.786082E-13
5179.79041308903  1.787644E-13
5179.8349392491  1.772124E-13
5179.87946220181  1.730792E-13
5179.92398194701  1.687361E-13
5179.96849848452  1.834663E-13
5180.01301181417  1.775772E-13
5180.0575219358  1.718669E-13
5180.10202884924  1.857823E-13
5180.14653255431  1.815851E-13
5180.19103305085  1.762940E-13
5180.23553033868  1.785209E-13
5180.28002441765  1.719290E-13
5180.32451528759  1.777202E-13
5180.36900294831  1.749786E-13
5180.41348739966  1.883601E-13
5180.45796864146  1.633139E-13
5180.50244667355  1.787189E-13
5180.54692149577  1.799006E-13
5180.59139310792  1.819214E-13
5180.63586150987  1.805904E-13
5180.68032670142  1.773558E-13
5180.72478868242  1.701200E-13
5180.76924745269  1.789825E-13
5180.81370301208  1.753968E-13
5180.8581553604  1.749032E-13
5180.90260449749  1.858934E-13
5180.94705042319  1.637601E-13
5180.99149313732  1.751453E-13
5181.03593263972  1.694977E-13
5181.08036893022  1.711219E-13
5181.12480200865  1.800729E-13
5181.16923187485  1.698405E-13
5181.21365852863  1.821868E-13
5181.25808196985  1.799944E-13
5181.30250219833  1.768934E-13
5181.3469192139  1.651889E-13
5181.39133301639  1.734771E-13
5181.43574360564  1.846877E-13
5181.48015098148  1.704098E-13
5181.52455514373  1.808462E-13
5181.56895609225  1.768646E-13
5181.61335382685  1.669402E-13
5181.65774834737  1.839074E-13
5181.70213965364  1.843455E-13
5181.74652774549  1.778683E-13
5181.79091262276  1.860101E-13
5181.83529428528  1.764860E-13
5181.87967273288  1.786992E-13
5181.9240479654  1.718653E-13
5181.96841998267  1.686092E-13
5182.01278878451  1.754759E-13
5182.05715437078  1.746266E-13
5182.10151674129  1.754179E-13
5182.14587589587  1.700063E-13
5182.19023183437  1.759588E-13
5182.23458455662  1.751342E-13
5182.27893406244  1.743449E-13
5182.32328035168  1.714555E-13
5182.36762342417  1.807103E-13
5182.41196327973  1.683227E-13
5182.4562999182  1.757134E-13
5182.50063333942  1.834262E-13
5182.54496354322  1.703666E-13
5182.58929052944  1.698046E-13
5182.6336142979  1.832474E-13
5182.67793484844  1.663664E-13
5182.72225218089  1.715503E-13
5182.76656629509  1.770782E-13
5182.81087719087  1.809279E-13
5182.85518486807  1.622549E-13
5182.89948932651  1.746175E-13
5182.94379056603  1.676761E-13
5182.98808858648  1.646676E-13
5183.03238338767  1.687352E-13
5183.07667496944  1.657452E-13
5183.12096333164  1.733810E-13
5183.16524847408  1.736905E-13
5183.20953039661  1.648320E-13
5183.25380909907  1.709065E-13
5183.29808458127  1.665081E-13
5183.34235684307  1.609956E-13
5183.38662588428  1.616379E-13
5183.43089170476  1.626289E-13
5183.47515430433  1.586949E-13
5183.51941368282  1.621738E-13
5183.56366984008  1.458569E-13
5183.60792277593  1.520318E-13
5183.6521724902  1.536187E-13
5183.69641898275  1.458200E-13
5183.74066225339  1.542446E-13
5183.78490230197  1.443637E-13
5183.82913912831  1.412823E-13
5183.87337273225  1.440524E-13
5183.91760311364  1.410879E-13
5183.9618302723  1.321200E-13
5184.00605420806  1.270476E-13
5184.05027492077  1.323264E-13
5184.09449241025  1.222786E-13
5184.13870667635  1.198701E-13
5184.18291771889  1.155393E-13
5184.22712553772  1.177490E-13
5184.27133013267  1.068074E-13
5184.31553150357  1.096405E-13
5184.35972965026  1.008399E-13
5184.40392457257  1.094821E-13
5184.44811627034  1.082040E-13
5184.4923047434  1.082835E-13
5184.5364899916  1.020277E-13
5184.58067201476  8.803962E-14
5184.62485081272  9.275768E-14
5184.66902638532  9.575279E-14
5184.71319873239  9.481886E-14
5184.75736785376  1.042856E-13
5184.80153374928  1.033547E-13
5184.84569641879  9.337377E-14
5184.8898558621  1.068056E-13
5184.93401207907  1.023111E-13
5184.97816506952  1.132649E-13
5185.02231483329  1.099976E-13
5185.06646137023  1.103859E-13
5185.11060468016  1.139109E-13
5185.15474476291  1.162640E-13
5185.19888161834  1.302238E-13
5185.24301524627  1.216917E-13
5185.28714564654  1.332947E-13
5185.33127281898  1.307428E-13
5185.37539676344  1.459913E-13
5185.41951747974  1.433114E-13
5185.46363496772  1.383088E-13
5185.50774922723  1.451863E-13
5185.5518602581  1.485423E-13
5185.59596806016  1.450865E-13
5185.64007263325  1.618158E-13
5185.6841739772  1.541782E-13
5185.72827209186  1.496669E-13
5185.77236697706  1.645747E-13
5185.81645863264  1.591462E-13
5185.86054705843  1.743879E-13
5185.90463225427  1.709423E-13
5185.94871421999  1.825479E-13
5185.99279295545  1.672241E-13
5186.03686846046  1.801166E-13
5186.08094073487  1.737457E-13
5186.12500977852  1.772426E-13
5186.16907559123  1.755235E-13
5186.21313817286  1.810813E-13
5186.25719752323  1.825437E-13
5186.30125364219  1.780608E-13
5186.34530652957  1.716194E-13
5186.38935618521  1.716648E-13
5186.43340260894  1.837216E-13
5186.47744580061  1.720041E-13
5186.52148576004  1.723422E-13
5186.56552248709  1.799514E-13
5186.60955598158  1.778303E-13
5186.65358624335  1.785752E-13
5186.69761327224  1.784242E-13
5186.7416370681  1.819720E-13
5186.78565763074  1.761570E-13
5186.82967496003  1.776403E-13
5186.87368905578  1.736369E-13
5186.91769991784  1.643696E-13
5186.96170754605  1.774648E-13
5187.00571194024  1.698049E-13
5187.04971310026  1.579468E-13
5187.09371102594  1.694022E-13
5187.13770571712  1.619599E-13
5187.18169717363  1.704932E-13
5187.22568539532  1.584199E-13
5187.26967038202  1.647424E-13
5187.31365213358  1.604237E-13
5187.35763064983  1.696045E-13
5187.4016059306  1.724349E-13
5187.44557797574  1.654564E-13
5187.48954678509  1.787730E-13
5187.53351235848  1.730666E-13
5187.57747469575  1.893429E-13
5187.62143379674  1.784236E-13
5187.6653896613  1.707590E-13
5187.70934228924  1.965338E-13
5187.75329168043  1.850702E-13
5187.79723783469  1.812022E-13
5187.84118075187  1.891006E-13
5187.8851204318  1.854518E-13
5187.92905687432  1.878398E-13
5187.97299007927  1.763480E-13
5188.01692004649  1.943355E-13
5188.06084677582  1.860367E-13
5188.10477026709  1.930165E-13
5188.14869052016  1.857587E-13
5188.19260753485  1.879752E-13
5188.236521311  1.976073E-13
5188.28043184846  1.910584E-13
5188.32433914706  1.849545E-13
5188.36824320664  1.834654E-13
5188.41214402705  1.862491E-13
5188.45604160812  1.874880E-13
5188.49993594969  1.677901E-13
5188.5438270516  1.873196E-13
5188.58771491368  1.798179E-13
5188.63159953579  1.646423E-13
5188.67548091776  1.758151E-13
5188.71935905942  1.813244E-13
5188.76323396063  1.766088E-13
5188.80710562121  1.755618E-13
5188.85097404101  1.750572E-13
5188.89483921987  1.799667E-13
5188.93870115762  1.648039E-13
5188.98255985411  1.591522E-13
5189.02641530918  1.745669E-13
5189.07026752267  1.703487E-13
5189.11411649442  1.519935E-13
5189.15796222426  1.641643E-13
5189.20180471204  1.592782E-13
5189.2456439576  1.463871E-13
5189.28947996077  1.467341E-13
5189.33331272141  1.483900E-13
5189.37714223934  1.652080E-13
5189.42096851441  1.495572E-13
5189.46479154647  1.493276E-13
5189.50861133534  1.470195E-13
5189.55242788087  1.607136E-13
5189.59624118291  1.514328E-13
5189.64005124128  1.641432E-13
5189.68385805584  1.470521E-13
5189.72766162642  1.467532E-13
5189.77146195286  1.495772E-13
5189.81525903501  1.539620E-13
5189.8590528727  1.546148E-13
5189.90284346578  1.574063E-13
5189.94663081409  1.656373E-13
5189.99041491746  1.499664E-13
5190.03419577575  1.409706E-13
5190.07797338878  1.491568E-13
5190.1217477564  1.621090E-13
5190.16551887846  1.627067E-13
5190.20928675479  1.682882E-13
5190.25305138523  1.774043E-13
5190.29681276963  1.688100E-13
5190.34057090783  1.582285E-13
5190.38432579966  1.865644E-13
5190.42807744497  1.806900E-13
5190.47182584361  1.791188E-13
5190.5155709954  1.868798E-13
5190.55931290021  1.915413E-13
5190.60305155785  1.890646E-13
5190.64678696819  1.865153E-13
5190.69051913105  1.880315E-13
5190.73424804629  1.861547E-13
5190.77797371373  1.882595E-13
5190.82169613323  1.893569E-13
5190.86541530462  1.828346E-13
5190.90913122776  1.919713E-13
5190.95284390247  1.910560E-13
5190.99655332861  1.919165E-13
5191.04025950601  1.864887E-13
5191.08396243451  1.924678E-13
5191.12766211397  1.971502E-13
5191.17135854421  1.899026E-13
5191.21505172508  1.869389E-13
5191.25874165643  1.971155E-13
5191.3024283381  1.994451E-13
5191.34611176992  1.981858E-13
5191.38979195174  1.893298E-13
5191.43346888341  1.993959E-13
5191.47714256477  1.984965E-13
5191.52081299565  1.783033E-13
5191.56448017591  1.964470E-13
5191.60814410538  1.880704E-13
5191.6518047839  1.810332E-13
5191.69546221133  1.747818E-13
5191.73911638749  1.753109E-13
5191.78276731224  1.838621E-13
5191.82641498542  1.774898E-13
5191.87005940687  1.820212E-13
5191.91370057643  1.673965E-13
5191.95733849395  1.723494E-13
5192.00097315926  1.694557E-13
5192.04460457222  1.691330E-13
5192.08823273266  1.491690E-13
5192.13185764044  1.610630E-13
5192.17547929538  1.464824E-13
5192.21909769734  1.543024E-13
5192.26271284615  1.596354E-13
5192.30632474167  1.506150E-13
5192.34993338372  1.521934E-13
5192.39353877217  1.533826E-13
5192.43714090685  1.496769E-13
5192.48073978761  1.521958E-13
5192.52433541428  1.529901E-13
5192.56792778671  1.583684E-13
5192.61151690475  1.414104E-13
5192.65510276824  1.564716E-13
5192.69868537702  1.383918E-13
5192.74226473094  1.404276E-13
5192.78584082983  1.398927E-13
5192.82941367355  1.324695E-13
5192.87298326194  1.301462E-13
5192.91654959484  1.414578E-13
5192.9601126721  1.375733E-13
5193.00367249356  1.247579E-13
5193.04722905906  1.495564E-13
5193.09078236845  1.529365E-13
5193.13433242157  1.364828E-13
5193.17787921826  1.507440E-13
5193.22142275838  1.382974E-13
5193.26496304176  1.389015E-13
5193.30850006825  1.344068E-13
5193.35203383769  1.471591E-13
5193.39556434993  1.500171E-13
5193.43909160482  1.418757E-13
5193.48261560219  1.414572E-13
5193.52613634189  1.335965E-13
5193.56965382376  1.296577E-13
5193.61316804766  1.282408E-13
5193.65667901342  1.423473E-13
5193.70018672089  1.432121E-13
5193.74369116992  1.391430E-13
5193.78719236035  1.412851E-13
5193.83069029202  1.482909E-13
5193.87418496478  1.485385E-13
5193.91767637847  1.592104E-13
5193.96116453294  1.592566E-13
5194.00464942804  1.641368E-13
5194.0481310636  1.607598E-13
5194.09160943948  1.690963E-13
5194.13508455552  1.613287E-13
5194.17855641156  1.679224E-13
5194.22202500746  1.732847E-13
5194.26549034304  1.695558E-13
5194.30895241817  1.834531E-13
5194.35241123269  1.719006E-13
5194.39586678643  1.692459E-13
5194.43931907925  1.729075E-13
5194.482768111  1.757758E-13
5194.52621388151  1.944205E-13
5194.56965639063  1.951274E-13
5194.61309563821  1.990475E-13
5194.6565316241  1.771308E-13
5194.69996434814  1.773742E-13
5194.74339381018  1.901500E-13
5194.78682001005  1.985250E-13
5194.83024294762  1.775945E-13
5194.87366262272  1.970829E-13
5194.91707903519  1.834896E-13
5194.96049218489  1.753372E-13
5195.00390207167  1.720558E-13
5195.04730869536  1.787343E-13
5195.09071205582  1.930191E-13
5195.13411215289  1.922661E-13
5195.17750898641  1.889320E-13
5195.22090255624  1.742182E-13
5195.26429286221  1.884564E-13
5195.30767990418  1.839792E-13
5195.35106368199  1.808927E-13
5195.39444419549  1.830359E-13
5195.43782144453  1.660644E-13
5195.48119542894  1.751208E-13
5195.52456614858  1.639999E-13
5195.5679336033  1.747010E-13
5195.61129779294  1.695989E-13
5195.65465871734  1.697141E-13
5195.69801637636  1.634913E-13
5195.74137076984  1.767667E-13
5195.78472189763  1.762004E-13
5195.82806975958  1.598017E-13
5195.87141435552  1.514755E-13
5195.91475568532  1.501415E-13
5195.95809374881  1.711392E-13
5196.00142854584  1.586196E-13
5196.04476007626  1.403159E-13
5196.08808833992  1.430276E-13
5196.13141333667  1.533922E-13
5196.17473506634  1.439428E-13
5196.2180535288  1.509738E-13
5196.26136872388  1.436481E-13
5196.30468065144  1.501425E-13
5196.34798931131  1.586060E-13
5196.39129470336  1.501598E-13
5196.43459682741  1.458106E-13
5196.47789568334  1.615789E-13
5196.52119127097  1.493185E-13
5196.56448359017  1.564689E-13
5196.60777264077  1.570782E-13
5196.65105842262  1.518362E-13
5196.69434093558  1.538947E-13
5196.73762017948  1.535139E-13
5196.78089615419  1.451857E-13
5196.82416885953  1.670920E-13
5196.86743829538  1.640958E-13
5196.91070446156  1.605591E-13
5196.95396735793  1.646680E-13
5196.99722698434  1.619397E-13
5197.04048334064  1.665564E-13
5197.08373642667  1.669472E-13
5197.12698624228  1.646884E-13
5197.17023278732  1.707558E-13
5197.21347606165  1.535814E-13
5197.25671606509  1.767515E-13
5197.29995279752  1.680230E-13
5197.34318625877  1.533365E-13
5197.38641644868  1.692086E-13
5197.42964336712  1.768998E-13
5197.47286701393  1.684638E-13
5197.51608738896  1.708148E-13
5197.55930449206  1.692348E-13
5197.60251832306  1.679155E-13
5197.64572888184  1.787995E-13
5197.68893616823  1.725418E-13
5197.73214018207  1.634442E-13
5197.77534092323  1.726503E-13
5197.81853839155  1.876813E-13
5197.86173258688  1.783383E-13
5197.90492350906  1.747454E-13
5197.94811115795  1.851105E-13
5197.9912955334  1.713510E-13
5198.03447663525  1.729327E-13
5198.07765446336  1.710386E-13
5198.12082901757  1.853876E-13
5198.16400029773  1.705684E-13
5198.20716830369  1.643992E-13
5198.25033303531  1.745482E-13
5198.29349449242  1.606456E-13
5198.33665267489  1.618641E-13
5198.37980758255  1.748943E-13
5198.42295921527  1.662262E-13
5198.46610757288  1.760941E-13
5198.50925265524  1.575723E-13
5198.5523944622  1.663642E-13
5198.59553299361  1.593201E-13
5198.63866824931  1.693408E-13
5198.68180022917  1.696350E-13
5198.72492893302  1.672648E-13
5198.76805436071  1.625619E-13
5198.81117651211  1.742087E-13
5198.85429538705  1.750833E-13
5198.89741098538  1.720737E-13
5198.94052330697  1.744980E-13
5198.98363235165  1.697969E-13
5199.02673811928  1.734053E-13
5199.06984060971  1.707086E-13
5199.11293982278  1.639402E-13
5199.15603575836  1.775132E-13
5199.19912841628  1.703011E-13
5199.2422177964  1.775699E-13
5199.28530389857  1.687864E-13
5199.32838672264  1.769112E-13
5199.37146626846  1.694044E-13
5199.41454253588  1.680686E-13
5199.45761552476  1.795515E-13
5199.50068523493  1.842057E-13
5199.54375166626  1.801736E-13
5199.58681481859  1.880006E-13
5199.62987469178  1.793914E-13
5199.67293128567  1.781262E-13
5199.71598460012  1.745381E-13
5199.75903463498  1.859010E-13
5199.80208139009  1.727304E-13
5199.84512486531  1.751388E-13
5199.8881650605  1.748358E-13
5199.93120197549  1.732902E-13
5199.97423561015  1.754749E-13
5200.01726596431  1.701121E-13
5200.06029303785  1.748776E-13
5200.1033168306  1.746140E-13
5200.14633734242  1.839735E-13
5200.18935457316  1.865032E-13
5200.23236852266  1.706285E-13
5200.27537919079  1.972144E-13
5200.31838657739  1.952300E-13
5200.36139068232  1.976549E-13
5200.40439150542  1.763065E-13
5200.44738904655  1.974932E-13
5200.49038330556  1.909014E-13
5200.53337428231  1.967345E-13
5200.57636197663  1.842648E-13
5200.61934638839  1.945385E-13
5200.66232751744  1.989243E-13
5200.70530536362  1.841141E-13
5200.7482799268  1.875392E-13
5200.79125120682  1.863674E-13
5200.83421920353  1.825518E-13
5200.87718391679  1.702627E-13
5200.92014534645  1.759186E-13
5200.96310349236  1.890889E-13
5201.00605835437  1.815800E-13
5201.04900993234  1.827441E-13
5201.09195822611  1.816126E-13
5201.13490323555  1.752262E-13
5201.17784496049  1.752780E-13
5201.22078340081  1.707705E-13
5201.26371855634  1.810801E-13
5201.30665042694  1.889448E-13
5201.34957901246  1.810141E-13
5201.39250431276  1.722978E-13
5201.43542632768  1.669584E-13
5201.47834505709  1.714713E-13
5201.52126050083  1.804799E-13
5201.56417265875  1.854969E-13
5201.60708153071  1.768059E-13
5201.64998711657  1.716949E-13
5201.69288941617  1.845478E-13
5201.73578842937  1.751108E-13
5201.77868415601  1.897302E-13
5201.82157659596  1.830114E-13
5201.86446574907  1.794408E-13
5201.90735161519  1.850173E-13
5201.95023419417  1.970047E-13
5201.99311348587  1.731339E-13
5202.03598949014  1.911086E-13
5202.07886220682  1.951060E-13
5202.12173163579  1.839790E-13
5202.16459777688  1.824430E-13
5202.20746062996  1.801335E-13
5202.25032019487  2.031676E-13
5202.29317647148  1.719225E-13
5202.33602945963  1.868788E-13
5202.37887915917  1.805763E-13
5202.42172556997  1.841408E-13
5202.46456869187  1.886081E-13
5202.50740852473  2.014141E-13
5202.5502450684  1.741610E-13
5202.59307832274  1.824911E-13
5202.6359082876  1.877349E-13
5202.67873496283  1.736900E-13
5202.72155834829  1.781568E-13
5202.76437844383  1.753543E-13
5202.80719524931  1.641774E-13
5202.85000876458  1.670260E-13
5202.89281898949  1.596177E-13
5202.9356259239  1.614260E-13
5202.97842956766  1.707256E-13
5203.02122992063  1.620391E-13
5203.06402698266  1.765399E-13
5203.10682075361  1.577025E-13
5203.14961123333  1.734050E-13
5203.19239842167  1.683671E-13
5203.23518231849  1.604377E-13
5203.27796292365  1.658757E-13
5203.32074023699  1.680264E-13
5203.36351425838  1.685404E-13
5203.40628498766  1.667100E-13
5203.4490524247  1.643257E-13
5203.49181656935  1.665169E-13
5203.53457742145  1.591740E-13
5203.57733498087  1.642169E-13
5203.62008924747  1.635760E-13
5203.66284022109  1.640867E-13
5203.70558790159  1.720104E-13
5203.74833228883  1.707590E-13
5203.79107338267  1.797710E-13
5203.83381118294  1.859555E-13
5203.87654568953  1.818663E-13
5203.91927690226  1.829500E-13
5203.96200482102  2.002275E-13
5204.00472944564  1.847548E-13
5204.04745077598  1.937378E-13
5204.0901688119  1.964574E-13
5204.13288355326  1.926406E-13
5204.1755949999  1.864609E-13
5204.2183031517  1.980616E-13
5204.26100800849  1.887247E-13
5204.30370957014  1.917364E-13
5204.3464078365  1.788619E-13
5204.38910280743  1.896950E-13
5204.43179448278  1.907949E-13
5204.47448286241  1.876753E-13
5204.51716794618  2.020793E-13
5204.55984973393  1.998277E-13
5204.60252822554  1.868658E-13
5204.64520342085  1.919032E-13
5204.68787531972  1.870943E-13
5204.730543922  1.820244E-13
5204.77320922756  1.830292E-13
5204.81587123624  1.873305E-13
5204.8585299479  1.783268E-13
5204.90118536241  1.866807E-13
5204.94383747961  1.756746E-13
5204.98648629937  1.858841E-13
5205.02913182153  1.759589E-13
5205.07177404596  1.678353E-13
5205.11441297251  1.609632E-13
5205.15704860104  1.588810E-13
5205.1996809314  1.464417E-13
5205.24230996346  1.544711E-13
5205.28493569706  1.523309E-13
5205.32755813207  1.612602E-13
5205.37017726834  1.531801E-13
5205.41279310573  1.514705E-13
5205.45540564409  1.654503E-13
5205.49801488329  1.529423E-13
5205.54062082317  1.467947E-13
5205.5832234636  1.588662E-13
5205.62582280443  1.633734E-13
5205.66841884553  1.548590E-13
5205.71101158674  1.595604E-13
5205.75360102792  1.499036E-13
5205.79618716894  1.522166E-13
5205.83877000964  1.523581E-13
5205.8813495499  1.565385E-13
5205.92392578955  1.562033E-13
5205.96649872846  1.641051E-13
5206.0090683665  1.480474E-13
5206.0516347035  1.634579E-13
5206.09419773934  1.751909E-13
5206.13675747387  1.711255E-13
5206.17931390695  1.677865E-13
5206.22186703844  1.838101E-13
5206.26441686819  1.669351E-13
5206.30696339606  1.684159E-13
5206.3495066219  1.586484E-13
5206.39204654559  1.655840E-13
5206.43458316697  1.675319E-13
5206.4771164859  1.541220E-13
5206.51964650224  1.424742E-13
5206.56217321585  1.507048E-13
5206.60469662658  1.417118E-13
5206.6472167343  1.379874E-13
5206.68973353886  1.472591E-13
5206.73224704013  1.355832E-13
5206.77475723795  1.291590E-13
5206.81726413219  1.409651E-13
5206.8597677227  1.351207E-13
5206.90226800935  1.468090E-13
5206.94476499198  1.512485E-13
5206.98725867048  1.376497E-13
5207.02974904467  1.414473E-13
5207.07223611444  1.559522E-13
5207.11471987963  1.527532E-13
5207.15720034011  1.439947E-13
5207.19967749573  1.299526E-13
5207.24215134635  1.412899E-13
5207.28462189183  1.420467E-13
5207.32708913203  1.548906E-13
5207.36955306681  1.463927E-13
5207.41201369603  1.602161E-13
5207.45447101954  1.523182E-13
5207.49692503721  1.496722E-13
5207.53937574889  1.622019E-13
5207.58182315444  1.720030E-13
5207.62426725373  1.661952E-13
5207.66670804661  1.699193E-13
5207.70914553294  1.779127E-13
5207.75157971257  1.734420E-13
5207.79401058538  1.924357E-13
5207.83643815122  1.877733E-13
5207.87886240994  1.899896E-13
5207.92128336141  1.888834E-13
5207.96370100548  1.906505E-13
5208.00611534202  1.919009E-13
5208.04852637089  1.953691E-13
5208.09093409194  1.907062E-13
5208.13333850504  1.925082E-13
5208.17573961004  2.008270E-13
5208.2181374068  1.821651E-13
5208.26053189519  1.909967E-13
5208.30292307506  1.913926E-13
5208.34531094628  1.849770E-13
5208.38769550869  1.827662E-13
5208.43007676218  1.760576E-13
5208.47245470658  1.793657E-13
5208.51482934177  1.840749E-13
5208.5572006676  1.826119E-13
5208.59956868393  1.798929E-13
5208.64193339063  1.722578E-13
5208.68429478755  1.749426E-13
5208.72665287456  1.765630E-13
5208.7690076515  1.575915E-13
5208.81135911826  1.674393E-13
5208.85370727468  1.744676E-13
5208.89605212062  1.537068E-13
5208.93839365595  1.577321E-13
5208.98073188053  1.525653E-13
5209.02306679421  1.423365E-13
5209.06539839686  1.490108E-13
5209.10772668834  1.418443E-13
5209.15005166851  1.288791E-13
5209.19237333722  1.270585E-13
5209.23469169435  1.329870E-13
5209.27700673975  1.336199E-13
5209.31931847328  1.369395E-13
5209.3616268948  1.291901E-13
5209.40393200417  1.281013E-13
5209.44623380127  1.280121E-13
5209.48853228593  1.464941E-13
5209.53082745804  1.240645E-13
5209.57311931744  1.178193E-13
5209.615407864  1.426192E-13
5209.65769309758  1.481962E-13
5209.69997501805  1.337527E-13
5209.74225362525  1.469625E-13
5209.78452891906  1.504042E-13
5209.82680089934  1.400076E-13
5209.86906956594  1.441548E-13
5209.91133491873  1.565689E-13
5209.95359695758  1.506534E-13
5209.99585568233  1.559953E-13
5210.03811109286  1.634946E-13
5210.08036318902  1.741239E-13
5210.12261197068  1.688762E-13
5210.1648574377  1.928083E-13
5210.20709958993  1.788484E-13
5210.24933842725  1.758369E-13
5210.29157394952  1.820523E-13
5210.33380615659  1.795873E-13
5210.37603504833  1.930226E-13
5210.41826062459  1.912680E-13
5210.46048288525  1.877901E-13
5210.50270183017  1.921054E-13
5210.5449174592  1.905991E-13
5210.58712977221  1.787474E-13
5210.62933876906  1.863357E-13
5210.67154444961  1.885357E-13
5210.71374681373  1.981995E-13
5210.75594586127  1.799211E-13
5210.7981415921  1.776040E-13
5210.84033400609  1.830984E-13
5210.8825231031  1.781495E-13
5210.92470888298  1.653101E-13
5210.9668913456  1.648256E-13
5211.00907049082  1.650147E-13
5211.05124631851  1.809388E-13
5211.09341882852  1.524697E-13
5211.13558802073  1.674305E-13
5211.17775389499  1.853373E-13
5211.21991645117  1.659862E-13
5211.26207568913  1.691906E-13
5211.30423160873  1.594084E-13
5211.34638420984  1.685735E-13
5211.38853349231  1.528007E-13
5211.43067945602  1.502958E-13
5211.47282210082  1.730943E-13
5211.51496142658  1.632195E-13
5211.55709743316  1.704392E-13
5211.59923012042  1.739473E-13
5211.64135948823  1.776579E-13
5211.68348553645  1.543000E-13
5211.72560826495  1.664065E-13
5211.76772767359  1.632997E-13
5211.80984376222  1.727654E-13
5211.85195653072  1.727094E-13
5211.89406597895  1.653362E-13
5211.93617210678  1.848239E-13
5211.97827491405  1.724977E-13
5212.02037440065  1.650371E-13
5212.06247056643  1.887549E-13
5212.10456341126  1.649647E-13
5212.146652935  1.714075E-13
5212.18873913751  1.705799E-13
5212.23082201866  1.848379E-13
5212.27290157831  1.799203E-13
5212.31497781633  1.812118E-13
5212.35705073258  1.793033E-13
5212.39912032693  1.870201E-13
5212.44118659923  1.947065E-13
5212.48324954936  1.794146E-13
5212.52530917717  1.817138E-13
5212.56736548254  1.835764E-13
5212.60941846532  1.758036E-13
5212.65146812539  1.913328E-13
5212.69351446259  1.871649E-13
5212.73555747681  1.900184E-13
5212.7775971679  2.033638E-13
5212.81963353573  1.728864E-13
5212.86166658016  1.812476E-13
5212.90369630105  1.959371E-13
5212.94572269829  1.767217E-13
5212.98774577171  1.748743E-13
5213.0297655212  1.906337E-13
5213.07178194661  1.996666E-13
5213.11379504782  1.856841E-13
5213.15580482468  1.691505E-13
5213.19781127706  1.737445E-13
5213.23981440483  1.785882E-13
5213.28181420785  1.727171E-13
5213.32381068599  1.740112E-13
5213.36580383911  1.827108E-13
5213.40779366707  1.734310E-13
5213.44978016975  1.863997E-13
5213.491763347  1.886163E-13
5213.5337431987  1.852496E-13
5213.5757197247  1.941486E-13
5213.61769292488  1.848443E-13
5213.65966279909  1.976285E-13
5213.70162934721  1.792420E-13
5213.7435925691  2.019577E-13
5213.78555246462  1.781207E-13
5213.82750903364  1.838384E-13
5213.86946227603  1.934292E-13
5213.91141219165  1.919972E-13
5213.95335878037  1.708690E-13
5213.99530204205  1.776924E-13
5214.03724197656  1.764442E-13
5214.07917858377  1.747060E-13
5214.12111186354  1.883392E-13
5214.16304181573  1.814880E-13
5214.20496844022  1.895914E-13
5214.24689173687  1.986852E-13
5214.28881170554  1.870038E-13
5214.3307283461  1.861511E-13
5214.37264165842  1.857168E-13
5214.41455164237  2.126027E-13
5214.4564582978  1.852371E-13
5214.49836162459  1.998634E-13
5214.54026162261  1.844510E-13
5214.58215829171  1.984316E-13
5214.62405163177  1.848654E-13
5214.66594164265  1.799534E-13
5214.70782832422  2.044129E-13
5214.74971167634  1.880414E-13
5214.79159169889  1.767033E-13
5214.83346839172  1.875965E-13
5214.87534175471  2.021824E-13
5214.91721178772  1.957505E-13
5214.95907849063  1.891775E-13
5215.00094186328  1.665893E-13
5215.04280190556  1.932221E-13
5215.08465861733  2.053538E-13
5215.12651199845  1.804620E-13
5215.1683620488  1.828503E-13
5215.21020876824  1.728567E-13
5215.25205215664  1.866740E-13
5215.29389221386  1.776162E-13
5215.33572893977  1.751439E-13
5215.37756233425  1.767528E-13
5215.41939239715  1.796294E-13
5215.46121912834  1.844915E-13
5215.5030425277  1.746680E-13
5215.54486259508  1.744895E-13
5215.58667933036  1.781203E-13
5215.62849273341  1.706261E-13
5215.67030280408  1.818136E-13
5215.71210954225  1.582345E-13
5215.7539129478  1.566157E-13
5215.79571302057  1.562280E-13
5215.83750976045  1.543298E-13
5215.87930316729  1.656760E-13
5215.92109324098  1.711422E-13
5215.96287998137  1.806606E-13
5216.00466338833  1.664768E-13
5216.04644346174  1.457790E-13
5216.08822020145  1.562729E-13
5216.12999360734  1.646206E-13
5216.17176367928  1.559353E-13
5216.21353041713  1.727058E-13
5216.25529382076  1.489756E-13
5216.29705389005  1.615745E-13
5216.33881062485  1.726554E-13
5216.38056402504  1.613254E-13
5216.42231409048  1.751176E-13
5216.46406082105  1.589116E-13
5216.50580421661  1.663620E-13
5216.54754427703  1.683265E-13
5216.58928100217  1.668433E-13
5216.63101439192  1.498258E-13
5216.67274444613  1.700402E-13
5216.71447116468  1.539164E-13
5216.75619454743  1.728284E-13
5216.79791459425  1.659371E-13
5216.83963130501  1.603195E-13
5216.88134467959  1.640025E-13
5216.92305471784  1.651594E-13
5216.96476141964  1.645131E-13
5217.00646478485  1.715480E-13
5217.04816481336  1.763398E-13
5217.08986150502  1.734395E-13
5217.1315548597  1.560396E-13
5217.17324487727  1.701353E-13
5217.21493155761  1.608166E-13
5217.25661490058  1.583931E-13
5217.29829490605  1.668662E-13
5217.33997157389  1.771272E-13
5217.38164490396  1.659431E-13
5217.42331489615  1.638227E-13
5217.46498155032  1.664668E-13
5217.50664486634  1.760658E-13
5217.54830484407  1.592124E-13
5217.58996148339  1.766811E-13
5217.63161478416  1.692920E-13
5217.67326474627  1.549377E-13
5217.71491136956  1.622330E-13
5217.75655465393  1.622854E-13
5217.79819459923  1.655668E-13
5217.83983120534  1.751574E-13
5217.88146447212  1.751653E-13
5217.92309439945  1.697106E-13
5217.96472098719  1.687415E-13
5218.00634423522  1.716125E-13
5218.04796414341  1.657417E-13
5218.08958071162  1.755869E-13
5218.13119393972  1.748690E-13
5218.1728038276  1.590614E-13
5218.21441037511  1.720373E-13
5218.25601358213  1.619761E-13
5218.29761344852  1.775002E-13
5218.33920997416  1.621651E-13
5218.38080315892  1.703732E-13
5218.42239300267  1.687156E-13
5218.46397950528  1.576657E-13
5218.50556266662  1.623096E-13
5218.54714248655  1.587098E-13
5218.58871896496  1.685299E-13
5218.63029210171  1.654206E-13
5218.67186189667  1.437647E-13
5218.71342834972  1.512020E-13
5218.75499146072  1.769302E-13
5218.79655122955  1.556447E-13
5218.83810765607  1.546221E-13
5218.87966074016  1.548145E-13
5218.92121048168  1.621370E-13
5218.96275688052  1.636867E-13
5219.00429993653  1.710870E-13
5219.0458396496  1.622105E-13
5219.08737601959  1.662374E-13
5219.12890904637  1.732170E-13
5219.17043872982  1.669186E-13
5219.2119650698  1.807772E-13
5219.25348806619  1.617330E-13
5219.29500771886  1.786542E-13
5219.33652402768  1.769142E-13
5219.37803699253  1.831900E-13
5219.41954661327  1.849249E-13
5219.46105288977  1.648408E-13
5219.50255582191  1.836774E-13
5219.54405540955  1.905859E-13
5219.58555165258  1.793740E-13
5219.62704455086  1.966212E-13
5219.66853410427  1.809483E-13
5219.71002031267  1.898678E-13
5219.75150317594  1.900100E-13
5219.79298269394  1.771066E-13
5219.83445886656  1.949483E-13
5219.87593169367  1.971399E-13
5219.91740117512  1.868117E-13
5219.95886731081  1.943211E-13
5220.0003301006  2.024342E-13
5220.04178954436  1.854110E-13
5220.08324564196  1.888893E-13
5220.12469839328  1.902352E-13
5220.16614779819  1.938182E-13
5220.20759385656  1.692727E-13
5220.24903656827  1.850613E-13
5220.29047593318  1.845848E-13
5220.33191195118  2.085748E-13
5220.37334462212  1.814836E-13
5220.41477394589  2.050267E-13
5220.45619992235  1.911727E-13
5220.49762255139  1.957383E-13
5220.53904183286  1.799417E-13
5220.58045776666  1.733475E-13
5220.62187035264  1.878120E-13
5220.66327959068  1.617436E-13
5220.70468548065  1.974910E-13
5220.74608802244  1.698622E-13
5220.7874872159  1.853021E-13
5220.82888306091  1.808007E-13
5220.87027555735  1.769446E-13
5220.91166470509  1.708738E-13
5220.95305050401  1.710332E-13
5220.99443295397  1.754003E-13
5221.03581205484  1.726322E-13
5221.07718780651  1.735899E-13
5221.11856020885  1.714532E-13
5221.15992926172  1.830272E-13
5221.20129496501  1.829138E-13
5221.24265731859  1.970195E-13
5221.28401632232  1.814513E-13
5221.32537197609  1.901979E-13
5221.36672427976  1.707557E-13
5221.40807323321  1.614632E-13
5221.44941883632  1.824651E-13
5221.49076108896  1.717844E-13
5221.532099991  1.790691E-13
5221.57343554231  1.782115E-13
5221.61476774277  1.721419E-13
5221.65609659226  1.854702E-13
5221.69742209065  2.034798E-13
5221.7387442378  2.003443E-13
5221.7800630336  1.864398E-13
5221.82137847793  1.828180E-13
5221.86269057064  1.777895E-13
5221.90399931163  1.923771E-13
5221.94530470075  1.965757E-13
5221.9866067379  1.906825E-13
5222.02790542293  2.002986E-13
5222.06920075573  1.894204E-13
5222.11049273617  1.958616E-13
5222.15178136413  2.000637E-13
5222.19306663947  1.894754E-13
5222.23434856208  1.845328E-13
5222.27562713183  1.723673E-13
5222.31690234859  1.837918E-13
5222.35817421223  1.896526E-13
5222.39944272264  1.815936E-13
5222.44070787969  1.870963E-13
5222.48196968325  1.935373E-13
5222.52322813319  1.852927E-13
5222.5644832294  1.724283E-13
5222.60573497174  1.610040E-13
5222.6469833601  1.750373E-13
5222.68822839434  1.927537E-13
5222.72947007434  1.878784E-13
5222.77070839998  1.899698E-13
5222.81194337114  1.975534E-13
5222.85317498768  1.879298E-13
5222.89440324948  1.790210E-13
5222.93562815642  1.587027E-13
5222.97684970838  1.817670E-13
5223.01806790522  1.893207E-13
5223.05928274683  1.758948E-13
5223.10049423308  1.585661E-13
5223.14170236384  1.776795E-13
5223.182907139  1.808816E-13
5223.22410855842  1.768228E-13
5223.26530662198  1.922422E-13
5223.30650132957  1.793365E-13
5223.34769268104  1.713049E-13
5223.38888067629  1.829383E-13
5223.43006531518  1.728060E-13
5223.47124659759  2.007500E-13
5223.5124245234  1.923066E-13
5223.55359909249  1.751154E-13
5223.59477030472  1.751811E-13
5223.63593815998  1.635111E-13
5223.67710265814  1.798378E-13
5223.71826379908  1.767722E-13
5223.75942158267  1.822727E-13
5223.80057600879  1.748034E-13
5223.84172707732  1.868454E-13
5223.88287478813  1.686489E-13
5223.9240191411  1.813308E-13
5223.96516013611  1.913444E-13
5224.00629777303  1.775993E-13
5224.04743205174  1.901937E-13
5224.08856297211  1.663154E-13
5224.12969053403  1.786288E-13
5224.17081473736  1.607168E-13
5224.21193558199  1.709748E-13
5224.25305306779  1.848263E-13
5224.29416719464  1.597905E-13
5224.33527796242  1.817067E-13
5224.376385371  1.678210E-13
5224.41748942026  1.930967E-13
5224.45859011007  1.948555E-13
5224.49968744032  1.724399E-13
5224.54078141088  1.751378E-13
5224.58187202162  1.845659E-13
5224.62295927244  1.990854E-13
5224.66404316319  1.791000E-13
5224.70512369376  1.789161E-13
5224.74620086403  1.607848E-13
5224.78727467388  1.653851E-13
5224.82834512317  1.767781E-13
5224.86941221179  1.717299E-13
5224.91047593962  1.941855E-13
5224.95153630653  1.758661E-13
5224.99259331241  2.031065E-13
5225.03364695712  1.462057E-13
5225.07469724055  1.757561E-13
5225.11574416257  1.769193E-13
5225.15678772306  1.738863E-13
5225.19782792191  1.762229E-13
5225.23886475898  1.692995E-13
5225.27989823415  1.747138E-13
5225.32092834731  1.637513E-13
5225.36195509833  1.749514E-13
5225.40297848709  1.609713E-13
5225.44399851347  1.767110E-13
5225.48501517734  1.521328E-13
5225.52602847859  1.546172E-13
5225.56703841708  1.619532E-13
5225.60804499271  1.635763E-13
5225.64904820535  1.600372E-13
5225.69004805486  1.742199E-13
5225.73104454115  1.665034E-13
5225.77203766408  1.619571E-13
5225.81302742353  1.417013E-13
5225.85401381938  1.555907E-13
5225.8949968515  1.670962E-13
5225.93597651979  1.659274E-13
5225.97695282411  1.538918E-13
5226.01792576434  1.578531E-13
5226.05889534037  1.776012E-13
5226.09986155207  1.462971E-13
5226.14082439932  1.553558E-13
5226.181783882  1.470107E-13
5226.22273999998  1.418811E-13
5226.26369275316  1.518701E-13
5226.3046421414  1.605259E-13
5226.34558816458  1.557074E-13
5226.38653082259  1.583686E-13
5226.42747011531  1.706384E-13
5226.4684060426  1.555496E-13
5226.50933860436  1.634555E-13
5226.55026780045  1.731887E-13
5226.59119363077  1.776265E-13
5226.63211609519  1.720231E-13
5226.67303519358  1.617263E-13
5226.71395092583  1.565725E-13
5226.75486329183  1.543607E-13
5226.79577229143  1.522155E-13
5226.83667792454  1.729473E-13
5226.87758019102  1.484057E-13
5226.91847909076  1.540413E-13
5226.95937462363  1.552910E-13
5227.00026678952  1.368026E-13
5227.0411555883  1.582758E-13
5227.08204101986  1.484500E-13
5227.12292308407  1.559834E-13
5227.16380178082  1.527111E-13
5227.20467710998  1.581396E-13
5227.24554907144  1.453270E-13
5227.28641766507  1.790670E-13
5227.32728289075  1.583922E-13
5227.36814474837  1.311225E-13
5227.40900323781  1.481674E-13
5227.44985835894  1.397745E-13
5227.49071011164  1.370161E-13
5227.53155849581  1.136969E-13
5227.5724035113  1.136729E-13
5227.61324515802  1.263535E-13
5227.65408343583  1.254066E-13
5227.69491834462  1.342942E-13
5227.73574988426  1.071575E-13
5227.77657805465  1.117801E-13
5227.81740285565  1.302915E-13
5227.85822428715  1.138648E-13
5227.89904234904  1.123873E-13
5227.93985704118  1.217532E-13
5227.98066836346  1.197321E-13
5228.02147631577  1.281385E-13
5228.06228089799  1.236953E-13
5228.10308210999  1.306907E-13
5228.14387995165  1.089854E-13
5228.18467442286  1.330706E-13
5228.22546552349  1.289323E-13
5228.26625325344  1.373159E-13
5228.30703761257  1.224627E-13
5228.34781860078  1.241411E-13
5228.38859621794  1.352858E-13
5228.42937046393  1.443267E-13
5228.47014133864  1.475076E-13
5228.51090884194  1.530081E-13
5228.55167297372  1.467948E-13
5228.59243373386  1.683663E-13
5228.63319112224  1.438933E-13
5228.67394513874  1.402616E-13
5228.71469578325  1.493680E-13
5228.75544305564  1.575948E-13
5228.7961869558  1.598050E-13
5228.8369274836  1.751764E-13
5228.87766463894  1.639489E-13
5228.91839842169  1.803715E-13
5228.95912883173  1.562153E-13
5228.99985586895  1.851482E-13
5229.04057953323  1.705067E-13
5229.08129982445  1.785103E-13
5229.12201674248  1.957338E-13
5229.16273028723  1.613529E-13
5229.20344045856  1.679053E-13
5229.24414725635  1.708287E-13
5229.2848506805  1.833522E-13
5229.32555073088  1.635419E-13
5229.36624740738  1.655008E-13
5229.40694070987  1.605195E-13
5229.44763063824  1.846463E-13
5229.48831719238  1.924446E-13
5229.52900037216  1.775317E-13
5229.56968017746  1.784330E-13
5229.61035660818  1.903966E-13
5229.65102966419  1.753434E-13
5229.69169934537  1.874965E-13
5229.73236565161  1.913953E-13
5229.7730285828  1.915437E-13
5229.8136881388  1.765246E-13
5229.85434431951  1.742208E-13
5229.89499712481  1.843893E-13
5229.93564655458  1.933458E-13
5229.97629260871  1.613376E-13
5230.01693528708  1.856522E-13
5230.05757458956  1.887947E-13
5230.09821051605  1.947381E-13
5230.13884306643  1.783481E-13
5230.17947224057  1.911489E-13
5230.22009803837  1.929832E-13
5230.26072045971  1.936003E-13
5230.30133950447  1.642152E-13
5230.34195517253  1.719380E-13
5230.38256746377  1.934407E-13
5230.42317637809  1.731947E-13
5230.46378191536  1.681794E-13
5230.50438407547  1.763658E-13
5230.5449828583  1.716450E-13
5230.58557826373  1.751303E-13
5230.62617029165  1.623285E-13
5230.66675894195  1.702047E-13
5230.7073442145  1.546604E-13
5230.74792610919  1.489643E-13
5230.7885046259  1.729676E-13
5230.82907976452  1.515652E-13
5230.86965152493  1.752792E-13
5230.91021990701  1.581873E-13
5230.95078491066  1.861636E-13
5230.99134653575  1.634669E-13
5231.03190478216  1.403275E-13
5231.07245964979  1.541309E-13
5231.11301113851  1.726194E-13
5231.15355924821  1.792274E-13
5231.19410397878  1.705060E-13
5231.2346453301  1.519607E-13
5231.27518330205  1.729785E-13
5231.31571789451  1.430947E-13
5231.35624910738  1.694093E-13
5231.39677694053  1.586455E-13
5231.43730139385  1.851146E-13
5231.47782246723  1.525398E-13
5231.51834016055  1.730201E-13
5231.5588544737  1.872713E-13
5231.59936540655  1.950950E-13
5231.639872959  1.703038E-13
5231.68037713093  1.844748E-13
5231.72087792222  1.895233E-13
5231.76137533276  1.669852E-13
5231.80186936244  1.650472E-13
5231.84236001113  1.813100E-13
5231.88284727873  2.040503E-13
5231.92333116512  2.114863E-13
5231.96381167018  2.069164E-13
5232.0042887938  1.972572E-13
5232.04476253587  1.779465E-13
5232.08523289626  1.877850E-13
5232.12569987487  1.885446E-13
5232.16616347158  1.760770E-13
5232.20662368628  1.781833E-13
5232.24708051885  1.747121E-13
5232.28753396917  1.880170E-13
5232.32798403714  1.959524E-13
5232.36843072264  1.861280E-13
5232.40887402555  1.860598E-13
5232.44931394575  1.618701E-13
5232.48975048315  2.003550E-13
5232.53018363761  1.733701E-13
5232.57061340903  1.955189E-13
5232.61103979729  2.033756E-13
5232.65146280229  1.738545E-13
5232.69188242389  1.746684E-13
5232.732298662  1.744185E-13
5232.77271151649  1.790835E-13
5232.81312098725  1.897226E-13
5232.85352707417  1.905718E-13
5232.89392977714  2.034635E-13
5232.93432909604  1.835816E-13
5232.97472503075  1.811647E-13
5233.01511758117  1.705802E-13
5233.05550674718  1.735846E-13
5233.09589252866  1.838955E-13
5233.13627492551  2.032930E-13
5233.17665393761  1.882961E-13
5233.21702956483  1.551363E-13
5233.25740180709  1.655176E-13
5233.29777066425  1.776657E-13
5233.3381361362  1.668949E-13
5233.37849822284  1.761363E-13
5233.41885692405  1.634040E-13
5233.45921223971  1.538313E-13
5233.49956416971  1.608379E-13
5233.53991271395  1.405363E-13
5233.5802578723  1.464260E-13
5233.62059964465  1.446616E-13
5233.66093803089  1.384693E-13
5233.70127303091  1.671521E-13
5233.74160464459  1.289736E-13
5233.78193287183  1.400445E-13
5233.8222577125  1.472279E-13
5233.8625791665  1.499266E-13
5233.90289723371  1.488477E-13
5233.94321191402  1.285927E-13
5233.98352320732  1.380276E-13
5234.02383111349  1.380638E-13
5234.06413563243  1.520817E-13
5234.10443676401  1.477820E-13
5234.14473450814  1.426836E-13
5234.18502886468  1.547214E-13
5234.22531983354  1.418757E-13
5234.2656074146  1.544023E-13
5234.30589160775  1.478324E-13
5234.34617241288  1.506123E-13
5234.38644982987  1.622001E-13
5234.42672385861  1.653381E-13
5234.46699449898  1.613740E-13
5234.50726175089  1.576603E-13
5234.54752561421  1.864143E-13
5234.58778608883  1.819640E-13
5234.62804317465  1.636588E-13
5234.66829687154  1.781275E-13
5234.7085471794  1.800931E-13
5234.74879409812  1.591507E-13
5234.78903762758  1.593620E-13
5234.82927776768  1.698526E-13
5234.86951451829  1.753930E-13
5234.90974787931  1.790450E-13
5234.94997785063  1.928107E-13
5234.99020443214  1.617876E-13
5235.03042762372  1.745998E-13
5235.07064742526  1.925567E-13
5235.11086383666  1.672109E-13
5235.15107685779  1.707446E-13
5235.19128648856  1.709817E-13
5235.23149272884  1.505266E-13
5235.27169557852  1.699728E-13
5235.31189503751  1.527873E-13
5235.35209110567  1.632284E-13
5235.39228378291  1.590466E-13
5235.43247306911  1.889005E-13
5235.47265896416  1.962249E-13
5235.51284146796  1.562719E-13
5235.55302058038  1.409917E-13
5235.59319630131  1.717065E-13
5235.63336863066  1.859235E-13
5235.6735375683  1.728179E-13
5235.71370311413  1.624064E-13
5235.75386526803  1.610670E-13
5235.7940240299  1.668662E-13
5235.83417939962  1.532326E-13
5235.87433137708  1.495980E-13
5235.91447996218  1.719864E-13
5235.9546251548  1.636163E-13
5235.99476695483  1.581890E-13
5236.03490536216  1.365067E-13
5236.07504037668  1.794761E-13
5236.11517199829  1.712059E-13
5236.15530022686  1.522723E-13
5236.19542506229  1.440131E-13
5236.23554650448  1.588196E-13
5236.2756645533  1.491952E-13
5236.31577920866  1.569879E-13
5236.35589047043  1.437061E-13
5236.39599833852  1.736256E-13
5236.4361028128  1.559002E-13
