5649.52634705124  2.244366E-13
5649.57861121616  2.303772E-13
5649.63087205529  2.299611E-13
5649.68312956838  2.196828E-13
5649.73538375522  2.105286E-13
5649.78763461557  2.025538E-13
5649.8398821492  2.220646E-13
5649.89212635586  2.135945E-13
5649.94436723534  2.053574E-13
5649.99660478738  2.003872E-13
5650.04883901178  2.100209E-13
5650.10106990828  2.222165E-13
5650.15329747666  2.058077E-13
5650.20552171669  2.064745E-13
5650.25774262812  2.013029E-13
5650.30996021074  2.104158E-13
5650.3621744643  2.171115E-13
5650.41438538857  2.146309E-13
5650.46659298333  2.243495E-13
5650.51879724834  2.141845E-13
5650.57099818336  2.100010E-13
5650.62319578816  2.064292E-13
5650.67539006252  2.113523E-13
5650.7275810062  1.930686E-13
5650.77976861896  1.931345E-13
5650.83195290058  2.184336E-13
5650.88413385082  2.012255E-13
5650.93631146945  2.073077E-13
5650.98848575624  2.028535E-13
5651.04065671096  2.019937E-13
5651.09282433337  2.053920E-13
5651.14498862325  2.005381E-13
5651.19714958035  2.197815E-13
5651.24930720446  1.983717E-13
5651.30146149533  1.948908E-13
5651.35361245274  1.980641E-13
5651.40576007645  2.061179E-13
5651.45790436624  2.079943E-13
5651.51004532186  1.914116E-13
5651.5621829431  2.080922E-13
5651.61431722971  1.972194E-13
5651.66644818147  2.242453E-13
5651.71857579815  2.073482E-13
5651.77070007951  2.150398E-13
5651.82282102532  2.022483E-13
5651.87493863535  2.156130E-13
5651.92705290938  2.202595E-13
5651.97916384716  2.194599E-13
5652.03127144847  2.252249E-13
5652.08337571308  2.045682E-13
5652.13547664076  2.178266E-13
5652.18757423127  2.190906E-13
5652.23966848438  2.207041E-13
5652.29175939987  2.135995E-13
5652.3438469775  2.095438E-13
5652.39593121705  2.062092E-13
5652.44801211827  2.268917E-13
5652.50008968095  2.286427E-13
5652.55216390484  2.072598E-13
5652.60423478973  2.184303E-13
5652.65630233537  2.222616E-13
5652.70836654155  2.245854E-13
5652.76042740802  2.046699E-13
5652.81248493456  2.253182E-13
5652.86453912094  2.197731E-13
5652.91658996693  2.207277E-13
5652.9686374723  2.198834E-13
5653.02068163681  2.038197E-13
5653.07272246024  2.119631E-13
5653.12475994235  2.117673E-13
5653.17679408293  2.088403E-13
5653.22882488173  2.207389E-13
5653.28085233853  2.131829E-13
5653.3328764531  2.017411E-13
5653.3848972252  2.251700E-13
5653.43691465462  2.236086E-13
5653.48892874111  2.237260E-13
5653.54093948445  2.215160E-13
5653.59294688441  1.985925E-13
5653.64495094076  2.221583E-13
5653.69695165327  2.062626E-13
5653.74894902172  2.027819E-13
5653.80094304586  2.020681E-13
5653.85293372548  2.264353E-13
5653.90492106033  2.159850E-13
5653.95690505021  2.242762E-13
5654.00888569487  2.273173E-13
5654.06086299408  2.124458E-13
5654.11283694762  2.266052E-13
5654.16480755525  2.154817E-13
5654.21677481676  2.129554E-13
5654.2687387319  2.257174E-13
5654.32069930046  2.255566E-13
5654.37265652219  2.129830E-13
5654.42461039688  2.115259E-13
5654.47656092429  2.304262E-13
5654.5285081042  2.074163E-13
5654.58045193638  2.082104E-13
5654.63239242059  2.068181E-13
5654.68432955661  2.057548E-13
5654.73626334422  2.088107E-13
5654.78819378318  2.263477E-13
5654.84012087326  2.143991E-13
5654.89204461423  2.169627E-13
5654.94396500588  2.045274E-13
5654.99588204796  2.280705E-13
5655.04779574026  1.903546E-13
5655.09970608254  2.182963E-13
5655.15161307457  2.077403E-13
5655.20351671613  2.015097E-13
5655.25541700699  2.136786E-13
5655.30731394692  2.066399E-13
5655.35920753569  2.021065E-13
5655.41109777308  2.019339E-13
5655.46298465885  2.074431E-13
5655.51486819279  2.031810E-13
5655.56674837465  1.978956E-13
5655.61862520423  1.942812E-13
5655.67049868127  1.949819E-13
5655.72236880557  2.129750E-13
5655.77423557689  2.015983E-13
5655.826098995  2.019470E-13
5655.87795905968  1.928842E-13
5655.9298157707  1.976415E-13
5655.98166912783  1.938030E-13
5656.03351913084  2.113940E-13
5656.08536577951  1.934797E-13
5656.13720907362  1.997358E-13
5656.18904901292  2.023121E-13
5656.2408855972  1.854778E-13
5656.29271882623  1.849623E-13
5656.34454869979  1.893733E-13
5656.39637521764  1.846200E-13
5656.44819837955  1.897804E-13
5656.50001818531  2.097847E-13
5656.55183463468  1.993379E-13
5656.60364772744  1.987589E-13
5656.65545746337  1.895650E-13
5656.70726384222  1.920769E-13
5656.75906686379  2.048154E-13
5656.81086652783  1.969525E-13
5656.86266283413  1.983071E-13
5656.91445578246  1.913846E-13
5656.9662453726  2.175358E-13
5657.01803160431  2.048623E-13
5657.06981447736  2.088394E-13
5657.12159399155  2.077585E-13
5657.17337014663  2.065447E-13
5657.22514294238  1.991202E-13
5657.27691237857  2.333826E-13
5657.32867845499  2.212428E-13
5657.38044117139  2.261335E-13
5657.43220052757  2.241705E-13
5657.48395652328  2.147469E-13
5657.53570915831  1.909609E-13
5657.58745843243  2.249966E-13
5657.63920434542  2.123905E-13
5657.69094689704  2.197624E-13
5657.74268608707  2.210554E-13
5657.7944219153  2.199170E-13
5657.84615438148  2.251454E-13
5657.8978834854  2.136441E-13
5657.94960922683  2.169812E-13
5658.00133160554  2.165022E-13
5658.05305062132  2.062976E-13
5658.10476627392  2.148054E-13
5658.15647856314  2.126106E-13
5658.20818748874  1.943669E-13
5658.2598930505  2.206538E-13
5658.3115952482  2.125657E-13
5658.3632940816  2.045482E-13
5658.41498955049  2.054061E-13
5658.46668165463  2.100660E-13
5658.51837039381  2.051952E-13
5658.5700557678  2.070091E-13
5658.62173777637  2.026996E-13
5658.6734164193  1.881887E-13
5658.72509169636  1.918007E-13
5658.77676360734  2.135124E-13
5658.828432152  1.975446E-13
5658.88009733012  1.926526E-13
5658.93175914148  1.965587E-13
5658.98341758585  1.832498E-13
5659.03507266301  1.892817E-13
5659.08672437273  1.857143E-13
5659.13837271479  1.725486E-13
5659.19001768896  1.701931E-13
5659.24165929502  1.807405E-13
5659.29329753275  1.724311E-13
5659.34493240192  1.666432E-13
5659.39656390231  1.708268E-13
5659.4481920337  1.649383E-13
5659.49981679585  1.644758E-13
5659.55143818855  1.665971E-13
5659.60305621157  1.648736E-13
5659.65467086469  1.602142E-13
5659.70628214768  1.733345E-13
5659.75789006033  1.596420E-13
5659.8094946024  1.608789E-13
5659.86109577368  1.662975E-13
5659.91269357393  1.761734E-13
5659.96428800294  1.576694E-13
5660.01587906049  1.695363E-13
5660.06746674634  1.832170E-13
5660.11905106028  1.755005E-13
5660.17063200209  1.699292E-13
5660.22220957153  1.799701E-13
5660.27378376839  1.932300E-13
5660.32535459244  1.908504E-13
5660.37692204346  1.784684E-13
5660.42848612123  1.854047E-13
5660.48004682552  2.022491E-13
5660.53160415612  2.060325E-13
5660.58315811279  2.113404E-13
5660.63470869531  2.106980E-13
5660.68625590347  2.068006E-13
5660.73779973704  2.195190E-13
5660.7893401958  2.061364E-13
5660.84087727951  2.071337E-13
5660.89241098797  2.130111E-13
5660.94394132095  2.105144E-13
5660.99546827823  2.197586E-13
5661.04699185958  2.281041E-13
5661.09851206477  1.979711E-13
5661.1500288936  2.179231E-13
5661.20154234584  2.237113E-13
5661.25305242126  2.101102E-13
5661.30455911964  2.225504E-13
5661.35606244076  2.254999E-13
5661.4075623844  2.172145E-13
5661.45905895033  2.118604E-13
5661.51055213834  2.031921E-13
5661.5620419482  2.175250E-13
5661.61352837969  2.080011E-13
5661.66501143258  2.116619E-13
5661.71649110666  2.052597E-13
5661.76796740171  2.132096E-13
5661.8194403175  2.300926E-13
5661.8709098538  2.098770E-13
5661.92237601041  1.956945E-13
5661.9738387871  2.062523E-13
5662.02529818364  1.945047E-13
5662.07675419981  2.044756E-13
5662.1282068354  2.049420E-13
5662.17965609017  2.132366E-13
5662.23110196392  2.118874E-13
5662.28254445642  2.033646E-13
5662.33398356744  2.007229E-13
5662.38541929677  2.092701E-13
5662.43685164419  2.150737E-13
5662.48828060946  2.066991E-13
5662.53970619239  2.041488E-13
5662.59112839273  2.163582E-13
5662.64254721027  2.109887E-13
5662.6939626448  2.065331E-13
5662.74537469608  2.221771E-13
5662.7967833639  2.036609E-13
5662.84818864804  1.946596E-13
5662.89959054827  2.092482E-13
5662.95098906438  1.943170E-13
5663.00238419615  1.992224E-13
5663.05377594335  2.102695E-13
5663.10516430577  2.042876E-13
5663.15654928318  2.057828E-13
5663.20793087536  1.891051E-13
5663.25930908209  1.966431E-13
5663.31068390316  1.976030E-13
5663.36205533834  1.878568E-13
5663.41342338741  1.922060E-13
5663.46478805016  1.995531E-13
5663.51614932635  1.878202E-13
5663.56750721578  2.014375E-13
5663.61886171823  1.768085E-13
5663.67021283345  1.854161E-13
5663.72156056126  1.796838E-13
5663.77290490141  1.993746E-13
5663.8242458537  1.862547E-13
5663.8755834179  1.899826E-13
5663.92691759379  1.886562E-13
5663.97824838116  1.952815E-13
5664.02957577978  1.980607E-13
5664.08089978943  2.017562E-13
5664.1322204099  2.062782E-13
5664.18353764095  1.937391E-13
5664.23485148239  2.055328E-13
5664.28616193398  2.143236E-13
5664.33746899551  1.965384E-13
5664.38877266675  2.073063E-13
5664.4400729475  1.993938E-13
5664.49136983752  2.191665E-13
5664.5426633366  2.155777E-13
5664.59395344452  2.246064E-13
5664.64524016106  2.038345E-13
5664.69652348601  2.134863E-13
5664.74780341914  2.047981E-13
5664.79907996023  2.096895E-13
5664.85035310907  2.028137E-13
5664.90162286544  2.234757E-13
5664.95288922911  2.003984E-13
5665.00415219987  2.169579E-13
5665.05541177751  2.151998E-13
5665.10666796179  2.191709E-13
5665.15792075251  2.140872E-13
5665.20917014945  2.225474E-13
5665.26041615238  2.221588E-13
5665.31165876109  2.080909E-13
5665.36289797536  2.205622E-13
5665.41413379497  2.104186E-13
5665.4653662197  2.251364E-13
5665.51659524934  2.228231E-13
5665.56782088367  2.139960E-13
5665.61904312246  2.115166E-13
5665.67026196551  2.141609E-13
5665.72147741258  2.187577E-13
5665.77268946348  2.242300E-13
5665.82389811797  2.229048E-13
5665.87510337584  2.205783E-13
5665.92630523686  2.232302E-13
5665.97750370084  2.222262E-13
5666.02869876754  2.268454E-13
5666.07989043674  2.106500E-13
5666.13107870824  2.075127E-13
5666.18226358181  2.116755E-13
5666.23344505724  2.170512E-13
5666.2846231343  2.141366E-13
5666.33579781278  2.085605E-13
5666.38696909247  2.160992E-13
5666.43813697314  2.091454E-13
5666.48930145458  2.232517E-13
5666.54046253657  2.190345E-13
5666.5916202189  2.130441E-13
5666.64277450134  2.252123E-13
5666.69392538368  2.079862E-13
5666.7450728657  2.290234E-13
5666.79621694719  2.200567E-13
5666.84735762794  2.098460E-13
5666.8984949077  2.104578E-13
5666.94962878629  2.062879E-13
5667.00075926347  2.133348E-13
5667.05188633904  2.178740E-13
5667.10301001277  2.087260E-13
5667.15413028445  2.210987E-13
5667.20524715386  2.129824E-13
5667.25636062078  2.209461E-13
5667.30747068501  2.204647E-13
5667.35857734631  2.184095E-13
5667.40968060449  2.141707E-13
5667.46078045931  2.232328E-13
5667.51187691056  2.193710E-13
5667.56296995803  2.169978E-13
5667.6140596015  2.109335E-13
5667.66514584076  2.087134E-13
5667.71622867558  2.008659E-13
5667.76730810576  2.070489E-13
5667.81838413108  2.111340E-13
5667.86945675131  2.146270E-13
5667.92052596625  1.934292E-13
5667.97159177568  2.116397E-13
5668.02265417938  2.010314E-13
5668.07371317713  1.958683E-13
5668.12476876873  1.964637E-13
5668.17582095396  1.921441E-13
5668.22686973259  2.080639E-13
5668.27791510442  1.988073E-13
5668.32895706923  1.984325E-13
5668.3799956268  1.996827E-13
5668.43103077692  1.965207E-13
5668.48206251937  2.070066E-13
5668.53309085394  2.026843E-13
5668.58411578042  2.085883E-13
5668.63513729858  2.027079E-13
5668.68615540821  2.091615E-13
5668.7371701091  2.088765E-13
5668.78818140103  2.042441E-13
5668.83918928378  1.991605E-13
5668.89019375715  2.212212E-13
5668.94119482092  2.096141E-13
5668.99219247487  2.012111E-13
5669.04318671878  2.097492E-13
5669.09417755245  2.112893E-13
5669.14516497565  2.170213E-13
5669.19614898818  2.181064E-13
5669.24712958982  2.049111E-13
5669.29810678035  2.164792E-13
5669.34908055956  2.236613E-13
5669.40005092723  2.195361E-13
5669.45101788316  2.277718E-13
5669.50198142712  2.202194E-13
5669.5529415589  2.081649E-13
5669.60389827829  2.147672E-13
5669.65485158507  2.128151E-13
5669.70580147903  2.220557E-13
5669.75674795996  2.115504E-13
5669.80769102764  2.273507E-13
5669.85863068185  2.047677E-13
5669.90956692239  2.012439E-13
5669.96049974903  2.029112E-13
5670.01142916157  2.091608E-13
5670.0623551598  2.102501E-13
5670.11327774349  2.142107E-13
5670.16419691243  2.192201E-13
5670.21511266641  2.096936E-13
5670.26602500522  2.146402E-13
5670.31693392864  2.305820E-13
5670.36783943646  2.120011E-13
5670.41874152847  2.204536E-13
5670.46964020445  2.136390E-13
5670.52053546419  2.135181E-13
5670.57142730747  2.234205E-13
5670.62231573409  2.107746E-13
5670.67320074382  2.149308E-13
5670.72408233646  2.079467E-13
5670.77496051179  2.126838E-13
5670.82583526961  2.058547E-13
5670.87670660968  2.128700E-13
5670.92757453182  2.153754E-13
5670.97843903579  2.196109E-13
5671.02930012139  2.162399E-13
5671.0801577884  2.207585E-13
5671.13101203662  2.099770E-13
5671.18186286583  2.240590E-13
5671.23271027581  2.212904E-13
5671.28355426636  2.160593E-13
5671.33439483726  2.149095E-13
5671.38523198829  2.013235E-13
5671.43606571926  2.175304E-13
5671.48689602993  2.081285E-13
5671.53772292011  2.084205E-13
5671.58854638958  2.109465E-13
5671.63936643812  2.084902E-13
5671.69018306553  2.185423E-13
5671.74099627159  2.314350E-13
5671.79180605609  2.202483E-13
5671.84261241882  2.211898E-13
5671.89341535956  2.135665E-13
5671.94421487811  2.155557E-13
5671.99501097425  2.104259E-13
5672.04580364777  2.355193E-13
5672.09659289846  2.167176E-13
5672.1473787261  2.147771E-13
5672.19816113049  2.132888E-13
5672.24894011141  2.165102E-13
5672.29971566866  2.157861E-13
5672.35048780201  2.233493E-13
5672.40125651126  1.970801E-13
5672.4520217962  2.132525E-13
5672.50278365661  2.125073E-13
5672.55354209228  2.158605E-13
5672.60429710301  2.189234E-13
5672.65504868858  2.154743E-13
5672.70579684878  2.159558E-13
5672.75654158339  2.118012E-13
5672.80728289222  2.322131E-13
5672.85802077504  2.214423E-13
5672.90875523164  2.195667E-13
5672.95948626182  2.249396E-13
5673.01021386536  2.126257E-13
5673.06093804205  2.150952E-13
5673.11165879169  2.229800E-13
5673.16237611405  2.292508E-13
5673.21309000893  2.256144E-13
5673.26380047613  2.356422E-13
5673.31450751542  2.276723E-13
5673.3652111266  2.261909E-13
5673.41591130945  2.231499E-13
5673.46660806377  2.272249E-13
5673.51730138935  2.147815E-13
5673.56799128597  2.340389E-13
5673.61867775343  2.208674E-13
5673.66936079151  2.212668E-13
5673.72004040001  2.327442E-13
5673.77071657871  2.323530E-13
5673.8213893274  2.113998E-13
5673.87205864588  2.182936E-13
5673.92272453393  2.221224E-13
5673.97338699135  2.200229E-13
5674.02404601792  2.150343E-13
5674.07470161343  2.350296E-13
5674.12535377768  2.351757E-13
5674.17600251045  2.230646E-13
5674.22664781154  2.184858E-13
5674.27728968073  2.285777E-13
5674.32792811781  2.305487E-13
5674.37856312258  2.274906E-13
5674.42919469483  2.320264E-13
5674.47982283434  2.229646E-13
5674.5304475409  2.275493E-13
5674.58106881432  2.403523E-13
5674.63168665437  2.277720E-13
5674.68230106085  2.315725E-13
5674.73291203355  2.200438E-13
5674.78351957226  2.254707E-13
5674.83412367677  2.370155E-13
5674.88472434686  2.255453E-13
5674.93532158235  2.115500E-13
5674.985915383  2.295255E-13
5675.03650574862  2.432398E-13
5675.087092679  2.208015E-13
5675.13767617392  2.287268E-13
5675.18825623318  2.202781E-13
5675.23883285656  2.286855E-13
5675.28940604387  2.309810E-13
5675.33997579489  2.130971E-13
5675.3905421094  2.192494E-13
5675.44110498722  2.188202E-13
5675.49166442812  2.288851E-13
5675.54222043189  2.186420E-13
5675.59277299834  2.268044E-13
5675.64332212724  2.234272E-13
5675.69386781839  2.315549E-13
5675.74441007159  2.242914E-13
5675.79494888662  2.135449E-13
5675.84548426328  2.165578E-13
5675.89601620136  1.942086E-13
5675.94654470065  2.165065E-13
5675.99706976094  2.244570E-13
5676.04759138202  2.155769E-13
5676.09810956369  2.117535E-13
5676.14862430574  2.032924E-13
5676.19913560796  2.146933E-13
5676.24964347014  2.068850E-13
5676.30014789208  2.137589E-13
5676.35064887356  2.052712E-13
5676.40114641438  2.114252E-13
5676.45164051433  2.019672E-13
5676.50213117321  2.092327E-13
5676.55261839081  2.147233E-13
5676.60310216691  2.117959E-13
5676.65358250132  2.044916E-13
5676.70405939382  2.106934E-13
5676.7545328442  2.007158E-13
5676.80500285227  2.070752E-13
5676.85546941781  2.065202E-13
5676.90593254061  2.220165E-13
5676.95639222047  2.168624E-13
5677.00684845719  2.066145E-13
5677.05730125054  2.172627E-13
5677.10775060034  2.047771E-13
5677.15819650636  2.130902E-13
5677.20863896841  2.175811E-13
5677.25907798627  2.193095E-13
5677.30951355974  2.114653E-13
5677.35994568862  2.170660E-13
5677.41037437269  2.203901E-13
5677.46079961175  2.302867E-13
5677.5112214056  2.277610E-13
5677.56163975401  2.121593E-13
5677.6120546568  2.267662E-13
5677.66246611376  2.182813E-13
5677.71287412467  2.382474E-13
5677.76327868933  2.204744E-13
5677.81367980753  2.212805E-13
5677.86407747907  2.261088E-13
5677.91447170374  2.267898E-13
5677.96486248134  2.306925E-13
5678.01524981166  2.192113E-13
5678.06563369449  2.311477E-13
5678.11601412963  2.188550E-13
5678.16639111688  2.273329E-13
5678.21676465601  2.107335E-13
5678.26713474684  2.172129E-13
5678.31750138915  2.226738E-13
5678.36786458273  2.218425E-13
5678.41822432739  2.191890E-13
5678.46858062292  2.222965E-13
5678.51893346911  2.265904E-13
5678.56928286575  2.198797E-13
5678.61962881265  2.239957E-13
5678.66997130958  2.132237E-13
5678.72031035636  2.279575E-13
5678.77064595277  2.221538E-13
5678.82097809861  2.362671E-13
5678.87130679367  2.329604E-13
5678.92163203775  2.282031E-13
5678.97195383064  2.167163E-13
5679.02227217214  2.140028E-13
5679.07258706205  2.241200E-13
5679.12289850015  2.024095E-13
5679.17320648624  2.129228E-13
5679.22351102012  2.268156E-13
5679.27381210158  2.144093E-13
5679.32410973042  2.114725E-13
5679.37440390644  2.132452E-13
5679.42469462942  2.193729E-13
5679.47498189916  2.256442E-13
5679.52526571547  2.183557E-13
5679.57554607813  2.140761E-13
5679.62582298694  2.021223E-13
5679.67609644169  2.055305E-13
5679.72636644219  2.129671E-13
5679.77663298822  2.023319E-13
5679.82689607959  2.048581E-13
5679.87715571608  2.083936E-13
5679.9274118975  2.227498E-13
5679.97766462363  1.992052E-13
5680.02791389428  2.133287E-13
5680.07815970925  2.148279E-13
5680.12840206831  2.106627E-13
5680.17864097129  1.983531E-13
5680.22887641796  2.114279E-13
5680.27910840813  2.160814E-13
5680.32933694159  2.128765E-13
5680.37956201814  2.087343E-13
5680.42978363757  2.080534E-13
5680.48000179968  2.109155E-13
5680.53021650427  2.213517E-13
5680.58042775113  2.125032E-13
5680.63063554006  2.086595E-13
5680.68083987086  2.222652E-13
5680.73104074332  2.032663E-13
5680.78123815724  2.220361E-13
5680.83143211242  2.145876E-13
5680.88162260864  2.084214E-13
5680.93180964572  2.215319E-13
5680.98199322344  2.231537E-13
5681.03217334161  2.233521E-13
5681.08235000001  2.160363E-13
5681.13252319846  2.174330E-13
5681.18269293673  2.311559E-13
5681.23285921464  2.121997E-13
5681.28302203197  2.146452E-13
5681.33318138853  2.131045E-13
5681.38333728412  2.246469E-13
5681.43348971852  2.159986E-13
5681.48363869154  2.137388E-13
5681.53378420297  2.196181E-13
5681.58392625261  2.108998E-13
5681.63406484027  2.232057E-13
5681.68419996572  2.172108E-13
5681.73433162879  2.363588E-13
5681.78445982925  2.113143E-13
5681.83458456692  2.285314E-13
5681.88470584157  2.247689E-13
5681.93482365303  2.178053E-13
5681.98493800108  2.248302E-13
5682.03504888551  2.305827E-13
5682.08515630614  2.249475E-13
5682.13526026275  2.225300E-13
5682.18536075515  2.218332E-13
5682.23545778312  2.065555E-13
5682.28555134648  2.267228E-13
5682.33564144501  2.243246E-13
5682.38572807853  2.288875E-13
5682.43581124681  2.141433E-13
5682.48589094967  2.123709E-13
5682.5359671869  2.288348E-13
5682.5860399583  2.210935E-13
5682.63610926367  2.310430E-13
5682.6861751028  2.091943E-13
5682.7362374755  2.147499E-13
5682.78629638156  2.303002E-13
5682.83635182078  2.204577E-13
5682.88640379297  2.127060E-13
5682.93645229791  1.922705E-13
5682.98649733542  2.102434E-13
5683.03653890528  2.020734E-13
5683.08657700729  2.015703E-13
5683.13661164126  2.007931E-13
5683.18664280698  2.048635E-13
5683.23667050426  2.023039E-13
5683.28669473289  2.020999E-13
5683.33671549267  1.974649E-13
5683.3867327834  2.008223E-13
5683.43674660487  1.900465E-13
5683.4867569569  1.913230E-13
5683.53676383928  1.961651E-13
5683.5867672518  2.038858E-13
5683.63676719427  1.932395E-13
5683.68676366648  1.951740E-13
5683.73675666824  1.894089E-13
5683.78674619934  1.893651E-13
5683.8367322596  2.016747E-13
5683.88671484879  1.838674E-13
5683.93669396673  2.036148E-13
5683.98666961321  1.979527E-13
5684.03664178803  1.890306E-13
5684.086610491  2.027277E-13
5684.13657572191  2.035463E-13
5684.18653748057  2.031733E-13
5684.23649576677  2.126721E-13
5684.28645058031  2.096478E-13
5684.33640192099  2.141448E-13
5684.38634978862  2.205774E-13
5684.43629418299  2.234976E-13
5684.48623510391  2.118337E-13
5684.53617255117  2.158642E-13
5684.58610652458  2.248862E-13
5684.63603702393  2.058763E-13
5684.68596404902  2.269277E-13
5684.73588759966  2.141478E-13
5684.78580767565  2.113356E-13
5684.83572427679  2.179077E-13
5684.88563740287  2.118939E-13
5684.9355470537  2.175183E-13
5684.98545322908  2.073507E-13
5685.03535592881  2.049067E-13
5685.08525515269  2.123034E-13
5685.13515090052  2.128918E-13
5685.1850431721  2.058183E-13
5685.23493196724  2.155774E-13
5685.28481728573  2.044051E-13
5685.33469912738  2.010774E-13
5685.38457749198  2.046180E-13
5685.43445237934  1.937771E-13
5685.48432378926  2.059510E-13
5685.53419172154  2.063277E-13
5685.58405617598  2.055180E-13
5685.63391715239  2.272651E-13
5685.68377465056  2.112922E-13
5685.73362867029  2.086827E-13
5685.7834792114  1.926591E-13
5685.83332627367  2.134603E-13
5685.88316985691  2.047411E-13
5685.93300996093  2.165381E-13
5685.98284658551  2.143441E-13
5686.03267973048  2.203020E-13
5686.08250939562  2.264566E-13
5686.13233558074  2.175441E-13
5686.18215828564  2.149812E-13
5686.23197751013  2.351466E-13
5686.281793254  2.328127E-13
5686.33160551706  2.240129E-13
5686.38141429911  2.287328E-13
5686.43121959995  2.301490E-13
5686.48102141938  2.266547E-13
5686.53081975721  2.240784E-13
5686.58061461324  2.340567E-13
5686.63040598727  2.244786E-13
5686.6801938791  2.296435E-13
5686.72997828853  2.170517E-13
5686.77975921538  2.262029E-13
5686.82953665944  2.150753E-13
5686.87931062051  2.101666E-13
5686.92908109839  2.111603E-13
5686.97884809289  2.095386E-13
5687.02861160382  2.138647E-13
5687.07837163097  2.137207E-13
5687.12812817414  2.047281E-13
5687.17788123315  2.117255E-13
5687.22763080779  2.018300E-13
5687.27737689786  1.975500E-13
5687.32711950317  1.916730E-13
5687.37685862353  2.206697E-13
5687.42659425873  1.939517E-13
5687.47632640858  1.997220E-13
5687.52605507287  1.873649E-13
5687.57578025143  1.957000E-13
5687.62550194404  1.988263E-13
5687.67522015052  2.087051E-13
5687.72493487066  2.007390E-13
5687.77464610426  1.984489E-13
5687.82435385114  2.005864E-13
5687.8740581111  2.120770E-13
5687.92375888393  1.978926E-13
5687.97345616945  2.060332E-13
5688.02314996745  1.988226E-13
5688.07284027775  2.157843E-13
5688.12252710013  2.062060E-13
5688.17221043442  2.111512E-13
5688.22189028041  2.107368E-13
5688.2715666379  2.197625E-13
5688.32123950671  2.116305E-13
5688.37090888663  2.160487E-13
5688.42057477746  2.158456E-13
5688.47023717902  2.206105E-13
5688.51989609111  2.196495E-13
5688.56955151352  1.952138E-13
5688.61920344608  2.035931E-13
5688.66885188857  2.050189E-13
5688.7184968408  2.002821E-13
5688.76813830259  2.004571E-13
5688.81777627372  2.071699E-13
5688.86741075402  2.065991E-13
5688.91704174327  1.929605E-13
5688.9666692413  2.045467E-13
5689.01629324789  2.082914E-13
5689.06591376286  1.915601E-13
5689.11553078602  2.059739E-13
5689.16514431716  1.999723E-13
5689.21475435608  2.033693E-13
5689.26436090261  1.969949E-13
5689.31396395654  1.990488E-13
5689.36356351767  1.940539E-13
5689.41315958581  2.002059E-13
5689.46275216077  2.040181E-13
5689.51234124235  2.039293E-13
5689.56192683036  1.894782E-13
5689.6115089246  1.936663E-13
5689.66108752487  1.998129E-13
5689.71066263099  2.019700E-13
5689.76023424276  1.871822E-13
5689.80980235998  2.065434E-13
5689.85936698246  2.032071E-13
5689.90892811001  2.074093E-13
5689.95848574242  2.147579E-13
5690.00803987952  2.178250E-13
5690.05759052109  2.085212E-13
5690.10713766695  2.119277E-13
5690.15668131691  2.180615E-13
5690.20622147076  2.173231E-13
5690.25575812832  2.198219E-13
5690.30529128939  2.215711E-13
5690.35482095378  2.238905E-13
5690.40434712129  2.120093E-13
5690.45386979174  2.044935E-13
5690.50338896492  2.291615E-13
5690.55290464064  2.189070E-13
5690.60241681871  2.210860E-13
5690.65192549893  2.255956E-13
5690.70143068111  2.162821E-13
5690.75093236507  2.171655E-13
5690.80043055059  2.133722E-13
5690.8499252375  2.247826E-13
5690.8994164256  2.080898E-13
5690.94890411468  2.021338E-13
5690.99838830457  2.108673E-13
5691.04786899507  2.213848E-13
5691.09734618598  2.142249E-13
5691.14681987711  2.261310E-13
5691.19629006827  2.143478E-13
5691.24575675926  2.080872E-13
5691.2952199499  2.184844E-13
5691.34467963998  2.125385E-13
5691.39413582932  2.133221E-13
5691.44358851772  2.142178E-13
5691.493037705  2.247098E-13
5691.54248339095  2.100756E-13
5691.59192557538  2.141358E-13
5691.64136425811  2.063880E-13
5691.69079943893  2.235147E-13
5691.74023111766  2.162613E-13
5691.78965929411  2.174299E-13
5691.83908396808  2.154497E-13
5691.88850513938  2.180919E-13
5691.93792280781  2.006853E-13
5691.98733697319  2.105618E-13
5692.03674763532  2.126007E-13
5692.08615479401  2.087017E-13
5692.13555844907  2.042361E-13
5692.1849586003  2.184581E-13
5692.23435524752  2.079932E-13
5692.28374839053  2.085485E-13
5692.33313802914  2.262912E-13
5692.38252416316  2.226897E-13
5692.43190679239  2.158478E-13
5692.48128591665  2.104488E-13
5692.53066153574  2.134048E-13
5692.58003364947  2.104404E-13
5692.62940225764  2.192117E-13
5692.67876736008  2.163271E-13
5692.72812895658  2.174529E-13
5692.77748704696  2.210554E-13
5692.82684163101  2.127210E-13
5692.87619270856  2.102126E-13
5692.92554027941  2.254780E-13
5692.97488434336  2.146413E-13
5693.02422490024  2.221711E-13
5693.07356194983  2.136991E-13
5693.12289549197  2.313816E-13
5693.17222552644  2.187231E-13
5693.22155205307  2.287025E-13
5693.27087507166  2.190446E-13
5693.32019458202  2.246243E-13
5693.36951058396  2.212158E-13
5693.41882307728  2.417439E-13
5693.46813206181  2.314748E-13
5693.51743753734  2.165141E-13
5693.56673950369  2.302986E-13
5693.61603796066  2.115618E-13
5693.66533290807  2.285209E-13
5693.71462434571  2.264609E-13
5693.76391227342  2.257277E-13
5693.81319669099  2.297394E-13
5693.86247759823  2.243347E-13
5693.91175499495  2.216593E-13
5693.96102888096  2.237508E-13
5694.01029925607  2.171223E-13
5694.0595661201  2.115090E-13
5694.10882947285  2.155265E-13
5694.15808931412  2.307659E-13
5694.20734564374  2.106977E-13
5694.2565984615  2.211318E-13
5694.30584776723  2.208403E-13
5694.35509356073  2.241072E-13
5694.40433584181  2.177104E-13
5694.45357461028  2.133609E-13
5694.50280986595  2.152780E-13
5694.55204160863  2.172853E-13
5694.60126983813  2.159052E-13
5694.65049455427  2.282601E-13
5694.69971575685  2.198517E-13
5694.74893344567  2.124031E-13
5694.79814762057  2.142238E-13
5694.84735828133  2.161981E-13
5694.89656542778  2.212514E-13
5694.94576905973  2.217400E-13
5694.99496917697  2.173827E-13
5695.04416577934  2.205296E-13
5695.09335886663  2.244692E-13
5695.14254843866  2.097775E-13
5695.19173449524  2.124176E-13
5695.24091703618  2.114487E-13
5695.29009606129  2.102218E-13
5695.33927157038  2.204208E-13
5695.38844356326  2.207456E-13
5695.43761203974  2.185957E-13
5695.48677699964  2.146434E-13
5695.53593844277  2.106569E-13
5695.58509636893  2.198176E-13
5695.63425077794  2.142699E-13
5695.68340166961  2.136403E-13
5695.73254904376  2.180964E-13
5695.78169290019  2.136253E-13
5695.8308332387  2.131378E-13
5695.87997005913  2.154146E-13
5695.92910336127  2.128007E-13
5695.97823314495  2.204392E-13
5696.02735940996  2.096049E-13
5696.07648215612  2.108951E-13
5696.12560138325  2.109574E-13
5696.17471709116  2.151128E-13
5696.22382927965  2.272515E-13
5696.27293794855  2.140677E-13
5696.32204309765  2.165032E-13
5696.37114472678  2.224026E-13
5696.42024283575  2.156857E-13
5696.46933742436  2.117801E-13
5696.51842849243  2.253247E-13
5696.56751603978  2.174591E-13
5696.61660006622  2.233341E-13
5696.66568057154  2.188138E-13
5696.71475755558  2.213763E-13
5696.76383101815  2.239461E-13
5696.81290095904  2.101712E-13
5696.86196737809  2.293800E-13
5696.91103027509  2.204153E-13
5696.96008964987  2.231274E-13
5697.00914550223  2.303109E-13
5697.05819783199  2.155307E-13
5697.10724663896  2.294847E-13
5697.15629192295  2.237421E-13
5697.20533368378  2.191297E-13
5697.25437192126  2.241169E-13
5697.3034066352  2.237926E-13
5697.35243782541  2.252519E-13
5697.40146549172  2.319423E-13
5697.45048963392  2.231409E-13
5697.49951025184  2.202239E-13
5697.54852734529  2.355474E-13
5697.59754091408  2.236613E-13
5697.64655095803  2.184880E-13
5697.69555747694  2.192362E-13
5697.74456047063  2.233542E-13
5697.79355993892  2.283552E-13
5697.84255588162  2.235572E-13
5697.89154829853  2.253876E-13
5697.94053718949  2.169565E-13
5697.98952255429  2.153302E-13
5698.03850439276  2.245839E-13
5698.0874827047  2.152772E-13
5698.13645748994  2.155561E-13
5698.18542874827  2.208459E-13
5698.23439647953  2.172477E-13
5698.28336068352  2.268694E-13
5698.33232136005  2.297339E-13
5698.38127850895  2.255781E-13
5698.43023213002  2.245474E-13
5698.47918222308  2.196009E-13
5698.52812878793  2.326238E-13
5698.57707182441  2.268892E-13
5698.62601133232  2.173576E-13
5698.67494731148  2.211652E-13
5698.72387976169  2.074767E-13
5698.77280868278  2.247571E-13
5698.82173407456  2.252705E-13
5698.87065593684  2.248111E-13
5698.91957426944  2.197958E-13
5698.96848907218  2.143264E-13
5699.01740034486  2.174790E-13
5699.0663080873  2.107633E-13
5699.11521229932  2.045205E-13
5699.16411298074  2.213147E-13
5699.21301013136  2.126877E-13
5699.261903751  2.071749E-13
5699.31079383948  1.983608E-13
5699.35968039661  2.011328E-13
5699.40856342221  2.201802E-13
5699.45744291608  2.146120E-13
5699.50631887806  2.029061E-13
5699.55519130795  2.033378E-13
5699.60406020557  2.113943E-13
5699.65292557073  2.051133E-13
5699.70178740325  2.152122E-13
5699.75064570295  2.074421E-13
5699.79950046963  2.115388E-13
5699.84835170312  2.138468E-13
5699.89719940323  2.140583E-13
5699.94604356977  2.147568E-13
5699.99488420257  2.158941E-13
5700.04372130143  2.193904E-13
5700.09255486619  2.225379E-13
5700.14138489663  2.130353E-13
5700.1902113926  2.325448E-13
5700.23903435389  2.368777E-13
5700.28785378033  2.299118E-13
5700.33666967174  2.142881E-13
5700.38548202792  2.266171E-13
5700.43429084871  2.249771E-13
5700.4830961339  2.287441E-13
5700.53189788332  2.250211E-13
5700.58069609678  2.333260E-13
5700.62949077411  2.310711E-13
5700.67828191511  2.235018E-13
5700.7270695196  2.222413E-13
5700.7758535874  2.132506E-13
5700.82463411834  2.220285E-13
5700.87341111221  2.169643E-13
5700.92218456884  2.220486E-13
5700.97095448805  2.245866E-13
5701.01972086965  2.180294E-13
5701.06848371346  2.144807E-13
5701.1172430193  2.206821E-13
5701.16599878698  2.254896E-13
5701.21475101633  2.167810E-13
5701.26349970714  2.175753E-13
5701.31224485926  2.141484E-13
5701.36098647248  2.107073E-13
5701.40972454663  2.115897E-13
5701.45845908153  2.181933E-13
5701.50719007699  2.162412E-13
5701.55591753283  2.090860E-13
5701.60464144887  1.901334E-13
5701.65336182493  2.141378E-13
5701.70207866081  2.236141E-13
5701.75079195634  2.251827E-13
5701.79950171135  1.993711E-13
5701.84820792563  2.239678E-13
5701.89691059902  2.035233E-13
5701.94560973133  2.079471E-13
5701.99430532238  2.065128E-13
5702.04299737198  2.103933E-13
5702.09168587996  2.121900E-13
5702.14037084612  1.963317E-13
5702.18905227029  2.017691E-13
5702.2377301523  2.122905E-13
5702.28640449195  2.057491E-13
5702.33507528906  2.121793E-13
5702.38374254345  2.102204E-13
5702.43240625494  1.961425E-13
5702.48106642334  2.052570E-13
5702.52972304849  2.033730E-13
5702.57837613018  1.982195E-13
5702.62702566825  2.001412E-13
5702.67567166251  2.085801E-13
5702.72431411278  1.968052E-13
5702.77295301888  1.837791E-13
5702.82158838062  2.059344E-13
5702.87022019783  2.014483E-13
5702.91884847032  1.960041E-13
5702.96747319791  2.011170E-13
5703.01609438042  1.943147E-13
5703.06471201768  2.003331E-13
5703.11332610949  2.016755E-13
5703.16193665568  1.997266E-13
5703.21054365606  2.050952E-13
5703.25914711046  2.038044E-13
5703.3077470187  2.123044E-13
5703.35634338059  2.112055E-13
5703.40493619595  2.190485E-13
5703.4535254646  2.064143E-13
5703.50211118636  2.169070E-13
5703.55069336106  2.120242E-13
5703.5992719885  2.116137E-13
5703.64784706851  2.239183E-13
5703.69641860091  2.154672E-13
5703.74498658552  2.209959E-13
5703.79355102215  2.088257E-13
5703.84211191064  2.164682E-13
5703.89066925078  2.099850E-13
5703.93922304242  2.172980E-13
5703.98777328536  2.107591E-13
5704.03631997942  2.240189E-13
5704.08486312444  2.237142E-13
5704.13340272022  2.104208E-13
5704.18193876658  2.172878E-13
5704.23047126335  2.236449E-13
5704.27900021034  2.163915E-13
5704.32752560738  2.282282E-13
5704.37604745428  2.066502E-13
5704.42456575087  2.039967E-13
5704.47308049697  2.171842E-13
5704.52159169239  2.276747E-13
5704.57009933695  2.151053E-13
5704.61860343049  2.140163E-13
5704.66710397281  2.268175E-13
5704.71560096374  2.171746E-13
5704.7640944031  2.154818E-13
5704.81258429071  2.210970E-13
5704.86107062638  2.136565E-13
5704.90955340995  2.193282E-13
5704.95803264122  2.290670E-13
5705.00650832003  2.155283E-13
5705.05498044619  2.160213E-13
5705.10344901952  2.152376E-13
5705.15191403985  2.239543E-13
5705.20037550699  2.117804E-13
5705.24883342077  2.115319E-13
5705.29728778101  2.156064E-13
5705.34573858752  2.247740E-13
5705.39418584013  2.291144E-13
5705.44262953866  2.292239E-13
5705.49106968294  2.147858E-13
5705.53950627278  2.242943E-13
5705.587939308  2.171699E-13
5705.63636878843  2.189027E-13
5705.68479471388  2.126468E-13
5705.73321708419  2.221559E-13
5705.78163589916  2.294372E-13
5705.83005115863  2.234079E-13
5705.87846286241  2.141557E-13
5705.92687101032  2.168985E-13
5705.97527560219  2.076549E-13
5706.02367663784  2.139197E-13
5706.07207411709  2.250285E-13
5706.12046803977  2.126668E-13
5706.16885840568  2.100956E-13
5706.21724521467  2.081030E-13
5706.26562846654  2.148271E-13
5706.31400816112  2.069293E-13
5706.36238429824  2.101729E-13
5706.41075687771  2.157596E-13
5706.45912589936  2.138087E-13
5706.507491363  2.060966E-13
5706.55585326847  2.060651E-13
5706.60421161558  2.063926E-13
5706.65256640416  2.055361E-13
5706.70091763403  2.012407E-13
5706.74926530501  1.997751E-13
5706.79760941692  2.037040E-13
5706.84594996959  2.064148E-13
5706.89428696284  1.973624E-13
5706.94262039649  2.045985E-13
5706.99095027037  1.955675E-13
5707.03927658429  2.007891E-13
5707.08759933808  2.069570E-13
5707.13591853157  1.994990E-13
5707.18423416457  2.053193E-13
5707.23254623691  1.988075E-13
5707.28085474842  2.009269E-13
5707.32915969891  2.106389E-13
5707.37746108821  1.898259E-13
5707.42575891614  2.051439E-13
5707.47405318253  2.060379E-13
5707.5223438872  2.047867E-13
5707.57063102997  2.082211E-13
5707.61891461066  2.016450E-13
5707.6671946291  1.958044E-13
5707.71547108511  2.011392E-13
5707.76374397852  1.989509E-13
5707.81201330915  2.065922E-13
5707.86027907682  2.071838E-13
5707.90854128137  2.130963E-13
5707.9567999226  2.004107E-13
5708.00505500034  2.082016E-13
5708.05330651442  2.093178E-13
5708.10155446467  2.135973E-13
5708.1497988509  2.233130E-13
5708.19803967294  2.060390E-13
5708.24627693061  2.168694E-13
5708.29451062375  2.244074E-13
5708.34274075216  2.100755E-13
5708.39096731569  2.106211E-13
5708.43919031414  2.136422E-13
5708.48740974735  2.067762E-13
5708.53562561514  2.078449E-13
5708.58383791733  2.079170E-13
5708.63204665375  2.070807E-13
5708.68025182423  2.065119E-13
5708.72845342858  2.090917E-13
5708.77665146663  2.075572E-13
5708.82484593821  2.147722E-13
5708.87303684314  2.057997E-13
5708.92122418125  2.018346E-13
5708.96940795236  2.055685E-13
5709.01758815629  2.086764E-13
5709.06576479288  2.170032E-13
5709.11393786193  2.127498E-13
5709.1621073633  1.926275E-13
5709.21027329678  2.076348E-13
5709.25843566222  1.975247E-13
5709.30659445943  2.032510E-13
5709.35474968824  2.003912E-13
5709.40290134848  2.052867E-13
5709.45104943997  2.117243E-13
5709.49919396254  1.976284E-13
5709.54733491601  1.910815E-13
5709.59547230021  2.060380E-13
5709.64360611496  1.982419E-13
5709.69173636009  1.979719E-13
5709.73986303543  2.103379E-13
5709.78798614079  1.904277E-13
5709.83610567601  1.995381E-13
5709.88422164091  1.864773E-13
5709.93233403532  1.906197E-13
5709.98044285906  1.978228E-13
5710.02854811196  1.921652E-13
5710.07664979384  1.818092E-13
5710.12474790454  1.864334E-13
5710.17284244387  1.881298E-13
5710.22093341166  1.914793E-13
5710.26902080775  1.938268E-13
5710.31710463194  1.861760E-13
5710.36518488408  1.828328E-13
5710.41326156399  1.886769E-13
5710.46133467149  1.885527E-13
5710.50940420641  1.803456E-13
5710.55747016858  1.921994E-13
5710.60553255782  1.833449E-13
5710.65359137396  1.910440E-13
5710.70164661682  1.802353E-13
5710.74969828624  1.865471E-13
5710.79774638204  1.911727E-13
5710.84579090404  1.921158E-13
5710.89383185208  1.927084E-13
5710.94186922598  1.827411E-13
5710.98990302556  1.981938E-13
5711.03793325066  1.892530E-13
5711.08595990109  2.042999E-13
5711.1339829767  2.034545E-13
5711.1820024773  2.082796E-13
5711.23001840271  2.038887E-13
5711.27803075279  2.138578E-13
5711.32603952733  2.056986E-13
5711.37404472618  2.102886E-13
5711.42204634916  2.218477E-13
5711.47004439609  2.137616E-13
5711.51803886681  2.109979E-13
5711.56602976115  2.128985E-13
5711.61401707892  2.111767E-13
5711.66200081996  2.127340E-13
5711.7099809841  2.040503E-13
5711.75795757116  2.087180E-13
5711.80593058097  2.066052E-13
5711.85390001336  2.112060E-13
5711.90186586816  2.028258E-13
5711.94982814519  2.117623E-13
5711.99778684428  2.027448E-13
5712.04574196526  2.066105E-13
5712.09369350796  2.107122E-13
5712.14164147221  2.041975E-13
5712.18958585783  2.196357E-13
5712.23752666464  1.972189E-13
5712.2854638925  1.970529E-13
5712.33339754121  2.042855E-13
5712.3813276106  1.998255E-13
5712.42925410051  1.997417E-13
5712.47717701077  2.026878E-13
5712.5250963412  1.825114E-13
5712.57301209162  1.993071E-13
5712.62092426188  1.943720E-13
5712.66883285179  1.773205E-13
5712.7167378612  1.973954E-13
5712.76463928991  1.950768E-13
5712.81253713777  1.807730E-13
5712.8604314046  2.019089E-13
5712.90832209023  1.906491E-13
5712.95620919449  1.964835E-13
5713.00409271722  1.952455E-13
5713.05197265822  2.030088E-13
5713.09984901735  1.984471E-13
5713.14772179442  1.945170E-13
5713.19559098927  1.834073E-13
5713.24345660172  1.971736E-13
5713.2913186316  2.055410E-13
5713.33917707875  1.925161E-13
5713.38703194299  2.000559E-13
5713.43488322415  2.014362E-13
5713.48273092207  2.049499E-13
5713.53057503656  1.916122E-13
5713.57841556746  2.071866E-13
5713.6262525146  2.053377E-13
5713.67408587781  2.172957E-13
5713.72191565692  2.118654E-13
5713.76974185176  2.132302E-13
5713.81756446216  2.137420E-13
5713.86538348794  2.253234E-13
5713.91319892895  2.214532E-13
5713.961010785  2.187806E-13
5714.00881905593  2.203052E-13
5714.05662374156  2.232859E-13
5714.10442484173  2.295331E-13
5714.15222235628  2.137054E-13
5714.20001628501  2.327774E-13
5714.24780662778  2.183470E-13
5714.29559338441  2.264235E-13
5714.34337655472  2.296246E-13
5714.39115613856  2.306796E-13
5714.43893213574  2.299374E-13
5714.48670454611  2.225329E-13
5714.53447336948  2.178438E-13
5714.58223860569  2.445656E-13
5714.63000025458  2.188718E-13
5714.67775831597  2.171010E-13
5714.72551278969  2.140030E-13
5714.77326367558  2.123642E-13
5714.82101097346  2.258494E-13
5714.86875468317  2.179998E-13
5714.91649480453  2.188389E-13
5714.96423133737  2.165632E-13
5715.01196428154  2.204958E-13
5715.05969363686  2.262020E-13
5715.10741940316  2.246950E-13
5715.15514158027  2.201677E-13
5715.20286016802  2.218595E-13
5715.25057516624  2.106558E-13
5715.29828657477  2.289801E-13
5715.34599439344  2.154300E-13
5715.39369862207  2.044996E-13
5715.44139926051  2.153515E-13
5715.48909630857  2.048986E-13
5715.5367897661  2.333275E-13
5715.58447963292  2.163016E-13
5715.63216590887  2.154847E-13
5715.67984859377  2.116376E-13
5715.72752768746  2.144730E-13
5715.77520318978  2.114419E-13
5715.82287510054  2.174238E-13
5715.87054341959  2.294913E-13
5715.91820814676  2.211018E-13
5715.96586928188  2.179811E-13
5716.01352682477  2.095281E-13
5716.06118077528  2.053211E-13
5716.10883113323  2.125308E-13
5716.15647789846  2.024952E-13
5716.2041210708  2.112692E-13
5716.25176065008  2.159275E-13
5716.29939663613  2.125545E-13
5716.34702902879  2.091650E-13
5716.39465782789  2.093370E-13
5716.44228303326  1.994230E-13
5716.48990464473  2.063084E-13
5716.53752266214  2.068924E-13
5716.58513708531  2.103657E-13
5716.63274791409  2.148682E-13
5716.6803551483  2.151773E-13
5716.72795878777  2.069878E-13
5716.77555883235  2.095962E-13
5716.82315528186  2.156795E-13
5716.87074813613  2.144707E-13
5716.91833739501  2.286247E-13
5716.96592305831  2.197614E-13
5717.01350512588  2.196776E-13
5717.06108359754  2.241210E-13
5717.10865847314  2.305793E-13
5717.1562297525  2.277037E-13
5717.20379743545  2.210779E-13
5717.25136152184  2.289785E-13
5717.29892201149  2.335935E-13
5717.34647890424  2.386655E-13
5717.39403219992  2.256344E-13
5717.44158189836  2.212487E-13
5717.4891279994  2.363914E-13
5717.53667050287  2.232352E-13
5717.5842094086  2.245484E-13
5717.63174471643  2.151224E-13
5717.6792764262  2.312252E-13
5717.72680453773  2.212950E-13
5717.77432905086  2.175613E-13
5717.82184996543  2.203430E-13
5717.86936728126  2.263889E-13
5717.91688099819  2.290379E-13
5717.96439111606  2.216554E-13
5718.0118976347  2.236676E-13
5718.05940055395  2.230306E-13
5718.10689987363  2.291395E-13
5718.15439559359  2.327826E-13
5718.20188771365  2.285445E-13
5718.24937623365  2.213695E-13
5718.29686115342  2.181008E-13
5718.34434247281  2.251003E-13
5718.39182019164  2.291475E-13
5718.43929430975  2.149767E-13
5718.48676482698  2.001490E-13
5718.53423174315  2.057799E-13
5718.5816950581  2.192359E-13
5718.62915477167  2.216490E-13
5718.6766108837  2.160437E-13
5718.72406339401  2.153998E-13
5718.77151230244  2.002232E-13
5718.81895760883  2.013549E-13
5718.86639931301  2.237116E-13
5718.91383741482  2.125681E-13
5718.96127191409  2.056997E-13
5719.00870281066  2.138858E-13
5719.05613010436  2.088100E-13
5719.10355379502  2.100191E-13
5719.15097388249  2.208966E-13
5719.1983903666  2.074775E-13
5719.24580324718  2.108723E-13
5719.29321252407  2.185357E-13
5719.3406181971  2.100398E-13
5719.38802026612  2.202770E-13
5719.43541873095  2.191221E-13
5719.48281359143  2.214117E-13
5719.5302048474  2.358488E-13
5719.57759249869  2.291221E-13
5719.62497654513  2.239785E-13
5719.67235698657  2.209831E-13
5719.71973382284  2.240096E-13
5719.76710705378  2.249361E-13
5719.81447667922  2.224940E-13
5719.861842699  2.241177E-13
5719.90920511295  2.258938E-13
5719.95656392091  2.239493E-13
5720.00391912271  2.195199E-13
5720.0512707182  2.334593E-13
5720.09861870721  2.134520E-13
5720.14596308957  2.147353E-13
5720.19330386512  2.343264E-13
5720.2406410337  2.201360E-13
5720.28797459515  2.408822E-13
5720.33530454929  2.214549E-13
5720.38263089597  2.240906E-13
5720.42995363503  2.259986E-13
5720.47727276629  2.098425E-13
5720.52458828961  2.213862E-13
5720.5719002048  2.174637E-13
5720.61920851172  2.241018E-13
5720.66651321019  2.380612E-13
5720.71381430006  2.343314E-13
5720.76111178116  2.280996E-13
5720.80840565333  2.296770E-13
5720.8556959164  2.219698E-13
5720.90298257021  2.223086E-13
5720.95026561461  2.361832E-13
5720.99754504942  2.256783E-13
5721.04482087449  2.244883E-13
5721.09209308964  2.280694E-13
5721.13936169473  2.212470E-13
5721.18662668958  2.263074E-13
5721.23388807403  2.261972E-13
5721.28114584793  2.248323E-13
5721.3284000111  2.252575E-13
5721.37565056339  2.208813E-13
5721.42289750463  2.261100E-13
5721.47014083467  2.243933E-13
5721.51738055333  2.210838E-13
5721.56461666046  2.345351E-13
5721.6118491559  2.330508E-13
5721.65907803947  2.105861E-13
5721.70630331103  2.325578E-13
5721.75352497041  2.157657E-13
5721.80074301744  2.286924E-13
5721.84795745197  2.189706E-13
5721.89516827383  2.363311E-13
5721.94237548286  2.339719E-13
5721.9895790789  2.195939E-13
5722.03677906178  2.218548E-13
5722.08397543135  2.289439E-13
5722.13116818745  2.204241E-13
5722.17835732991  2.215955E-13
5722.22554285857  2.143998E-13
5722.27272477327  2.170573E-13
5722.31990307384  2.251460E-13
5722.36707776014  2.237288E-13
5722.41424883199  2.230974E-13
5722.46141628923  2.406696E-13
5722.50858013171  2.305689E-13
5722.55574035925  2.333286E-13
5722.60289697171  2.298290E-13
5722.65004996892  2.271115E-13
5722.69719935071  2.266141E-13
5722.74434511693  2.251207E-13
5722.79148726742  2.339511E-13
5722.83862580202  2.271465E-13
5722.88576072055  2.261727E-13
5722.93289202288  2.241133E-13
5722.98001970882  2.282283E-13
5723.02714377823  2.223248E-13
5723.07426423094  2.227501E-13
5723.12138106679  2.253075E-13
5723.16849428562  2.165542E-13
5723.21560388727  2.347279E-13
5723.26270987159  2.278976E-13
5723.30981223839  2.296982E-13
5723.35691098754  2.357438E-13
5723.40400611888  2.231073E-13
5723.45109763222  2.343787E-13
5723.49818552742  2.199695E-13
5723.54526980433  2.435744E-13
5723.59235046277  2.274082E-13
5723.63942750258  2.402762E-13
5723.68650092362  2.265237E-13
5723.73357072571  2.454854E-13
5723.78063690871  2.366399E-13
5723.82769947244  2.263750E-13
5723.87475841674  2.348117E-13
5723.92181374147  2.321572E-13
5723.96886544646  2.246560E-13
5724.01591353154  2.222260E-13
5724.06295799656  2.369448E-13
5724.10999884137  2.393426E-13
5724.15703606579  2.211145E-13
5724.20406966968  2.199353E-13
5724.25109965287  2.248196E-13
5724.2981260152  2.425019E-13
5724.34514875651  2.218200E-13
5724.39216787665  2.423497E-13
5724.43918337545  2.337542E-13
5724.48619525275  2.260016E-13
5724.53320350841  2.246066E-13
5724.58020814225  2.237487E-13
5724.62720915411  2.269648E-13
5724.67420654385  2.245006E-13
5724.7212003113  2.337220E-13
5724.76819045629  2.275458E-13
5724.81517697868  2.329747E-13
5724.86215987831  2.162027E-13
5724.909139155  2.267943E-13
5724.95611480862  2.275548E-13
5725.00308683899  2.235081E-13
5725.05005524596  2.268088E-13
5725.09702002938  2.155607E-13
5725.14398118907  2.270133E-13
5725.19093872489  2.292511E-13
5725.23789263667  2.288165E-13
5725.28484292426  2.158283E-13
5725.3317895875  2.192649E-13
5725.37873262623  2.317774E-13
5725.42567204029  2.309877E-13
5725.47260782953  2.358013E-13
5725.51953999378  2.240487E-13
5725.56646853289  2.294038E-13
5725.6133934467  2.335766E-13
5725.66031473505  2.119895E-13
5725.70723239779  2.254416E-13
5725.75414643475  2.329712E-13
5725.80105684578  2.369769E-13
5725.84796363072  2.171942E-13
5725.89486678942  2.310571E-13
5725.94176632171  2.288820E-13
5725.98866222743  2.307027E-13
5726.03555450644  2.242649E-13
5726.08244315857  2.266562E-13
5726.12932818367  2.252951E-13
5726.17620958157  2.239510E-13
5726.22308735213  2.203481E-13
5726.26996149518  2.419953E-13
5726.31683201056  2.211158E-13
5726.36369889813  2.300907E-13
5726.41056215771  2.328709E-13
5726.45742178916  2.229510E-13
5726.50427779231  2.280326E-13
5726.55113016702  2.247012E-13
5726.59797891312  2.254452E-13
5726.64482403046  2.258875E-13
5726.69166551888  2.234714E-13
5726.73850337822  2.419149E-13
5726.78533760833  2.236992E-13
5726.83216820904  2.330369E-13
5726.87899518021  2.319357E-13
5726.92581852168  2.237047E-13
5726.97263823328  2.219639E-13
5727.01945431487  2.392996E-13
5727.06626676629  2.269463E-13
5727.11307558737  2.386027E-13
5727.15988077797  2.248384E-13
5727.20668233793  2.126319E-13
5727.25348026709  2.345655E-13
5727.30027456529  2.160678E-13
5727.34706523239  2.122926E-13
5727.39385226821  2.343518E-13
5727.44063567261  2.148312E-13
5727.48741544544  2.198531E-13
5727.53419158653  2.205748E-13
5727.58096409572  2.158976E-13
5727.62773297287  2.164230E-13
5727.67449821782  2.230670E-13
5727.72125983041  2.218161E-13
5727.76801781048  2.147738E-13
5727.81477215789  2.272047E-13
5727.86152287247  2.069862E-13
5727.90826995406  2.093567E-13
5727.95501340252  2.202213E-13
5728.00175321769  2.147735E-13
5728.04848939941  2.211308E-13
5728.09522194753  2.184233E-13
5728.14195086189  2.288581E-13
5728.18867614234  2.161831E-13
5728.23539778872  2.252257E-13
5728.28211580087  2.086100E-13
5728.32883017865  2.096476E-13
5728.37554092189  2.191572E-13
5728.42224803044  2.171439E-13
5728.46895150414  2.163780E-13
5728.51565134285  2.086703E-13
5728.56234754641  2.173168E-13
5728.60904011465  2.259601E-13
5728.65572904743  2.186873E-13
5728.70241434459  2.161927E-13
5728.74909600598  2.244581E-13
5728.79577403145  2.238887E-13
5728.84244842082  2.099380E-13
5728.88911917397  2.247378E-13
5728.93578629072  2.150972E-13
5728.98244977092  2.287419E-13
5729.02910961443  2.218671E-13
5729.07576582108  2.346369E-13
5729.12241839072  2.261266E-13
5729.1690673232  2.301074E-13
5729.21571261836  2.268848E-13
5729.26235427605  2.283228E-13
5729.30899229611  2.229193E-13
5729.35562667839  2.177579E-13
5729.40225742275  2.299874E-13
5729.44888452901  2.249873E-13
5729.49550799703  2.314085E-13
5729.54212782666  2.219697E-13
5729.58874401773  2.221974E-13
5729.63535657011  2.414937E-13
5729.68196548362  2.344544E-13
5729.72857075813  2.219159E-13
5729.77517239347  2.192999E-13
5729.8217703895  2.306960E-13
5729.86836474606  2.170784E-13
5729.91495546299  2.344954E-13
5729.96154254014  2.252476E-13
5730.00812597736  2.237538E-13
5730.0547057745  2.240188E-13
5730.1012819314  2.243678E-13
5730.1478544479  2.170010E-13
5730.19442332387  2.324565E-13
5730.24098855913  2.337900E-13
5730.28755015355  2.298372E-13
5730.33410810696  2.304768E-13
5730.38066241922  2.380330E-13
5730.42721309017  2.227650E-13
5730.47376011965  2.130305E-13
5730.52030350752  2.374659E-13
5730.56684325362  2.303134E-13
5730.61337935781  2.282135E-13
5730.65991181991  2.224911E-13
5730.7064406398  2.316547E-13
5730.7529658173  2.251128E-13
5730.79948735228  2.250010E-13
5730.84600524457  2.249945E-13
5730.89251949402  2.370693E-13
5730.93903010049  2.337624E-13
5730.98553706381  2.427343E-13
5731.03204038385  2.375083E-13
5731.07854006044  2.304234E-13
5731.12503609343  2.293564E-13
5731.17152848267  2.286898E-13
5731.21801722801  2.301383E-13
5731.2645023293  2.268438E-13
5731.31098378638  2.380123E-13
5731.3574615991  2.314119E-13
5731.40393576732  2.267702E-13
5731.45040629087  2.297463E-13
5731.49687316962  2.192903E-13
5731.5433364034  2.365887E-13
5731.58979599206  2.403678E-13
5731.63625193545  2.347946E-13
5731.68270423342  2.391428E-13
5731.72915288582  2.351611E-13
5731.7755978925  2.342752E-13
5731.82203925331  2.172391E-13
5731.86847696809  2.225202E-13
5731.9149110367  2.177940E-13
5731.96134145897  2.318541E-13
5732.00776823477  2.233013E-13
5732.05419136393  2.286509E-13
5732.10061084632  2.255734E-13
5732.14702668177  2.184285E-13
5732.19343887014  2.309394E-13
5732.23984741127  2.144777E-13
5732.28625230502  2.216035E-13
5732.33265355123  2.184583E-13
5732.37905114975  2.079718E-13
5732.42544510044  2.024116E-13
5732.47183540313  1.971890E-13
5732.51822205769  2.213933E-13
5732.56460506396  2.148165E-13
5732.61098442178  2.105775E-13
5732.65736013102  2.206483E-13
5732.70373219151  2.008648E-13
5732.75010060311  2.043116E-13
5732.79646536566  2.177651E-13
5732.84282647902  2.067172E-13
5732.88918394304  2.150659E-13
5732.93553775757  2.207646E-13
5732.98188792245  2.040532E-13
5733.02823443754  2.120127E-13
5733.07457730268  1.925881E-13
5733.12091651773  2.102097E-13
5733.16725208253  2.085539E-13
5733.21358399694  2.027558E-13
5733.25991226081  2.240880E-13
5733.30623687398  2.070909E-13
5733.3525578363  2.155526E-13
5733.39887514764  2.218733E-13
5733.44518880783  1.998441E-13
5733.49149881672  2.080942E-13
5733.53780517418  2.203657E-13
5733.58410788004  2.192773E-13
5733.63040693416  2.299450E-13
5733.67670233638  2.227912E-13
5733.72299408657  2.202605E-13
5733.76928218457  2.232777E-13
5733.81556663023  2.333793E-13
5733.86184742339  2.184369E-13
5733.90812456393  2.130476E-13
5733.95439805167  2.209331E-13
5734.00066788648  2.269103E-13
5734.0469340682  2.230176E-13
5734.09319659669  2.197077E-13
5734.13945547179  2.264566E-13
5734.18571069336  2.239499E-13
5734.23196226125  2.351759E-13
5734.27821017531  2.289892E-13
5734.32445443539  2.352577E-13
5734.37069504134  2.277155E-13
5734.41693199302  2.317082E-13
5734.46316529027  2.183503E-13
5734.50939493295  2.128090E-13
5734.55562092091  2.269347E-13
5734.60184325399  2.254611E-13
5734.64806193206  2.299364E-13
5734.69427695496  2.096416E-13
5734.74048832255  2.272655E-13
5734.78669603466  2.288005E-13
5734.83290009117  2.351388E-13
5734.87910049192  2.152662E-13
5734.92529723676  2.216791E-13
5734.97149032554  2.158238E-13
5735.01767975812  2.330885E-13
5735.06386553434  2.274471E-13
5735.11004765407  2.170939E-13
5735.15622611714  2.329316E-13
5735.20240092342  2.224951E-13
5735.24857207275  2.298139E-13
5735.294739565  2.264137E-13
5735.3409034  2.200488E-13
5735.38706357761  2.306108E-13
5735.43322009769  2.400824E-13
5735.47937296009  2.242034E-13
5735.52552216466  2.292722E-13
5735.57166771125  2.227956E-13
5735.61780959971  2.351177E-13
5735.66394782991  2.296610E-13
5735.71008240168  2.337582E-13
5735.75621331488  2.318754E-13
5735.80234056938  2.195710E-13
5735.84846416501  2.206006E-13
5735.89458410163  2.329143E-13
5735.9407003791  2.165775E-13
5735.98681299726  2.211968E-13
5736.03292195597  2.241835E-13
5736.07902725509  2.172169E-13
5736.12512889447  2.488526E-13
5736.17122687396  2.237647E-13
5736.2173211934  2.295768E-13
5736.26341185267  2.139022E-13
5736.30949885161  2.255299E-13
5736.35558219007  2.174832E-13
5736.4016618679  2.250493E-13
5736.44773788496  2.283717E-13
5736.49381024111  2.221221E-13
5736.5398789362  2.311157E-13
5736.58594397008  2.277014E-13
5736.6320053426  2.295474E-13
5736.67806305362  2.238279E-13
5736.72411710299  2.250006E-13
5736.77016749057  2.305095E-13
5736.8162142162  2.207798E-13
5736.86225727976  2.292279E-13
5736.90829668107  2.343700E-13
5736.95433242001  2.185665E-13
5737.00036449643  2.231643E-13
5737.04639291017  2.222731E-13
5737.09241766111  2.217081E-13
5737.13843874907  2.187442E-13
5737.18445617393  2.282786E-13
5737.23046993554  2.298813E-13
5737.27648003375  2.250740E-13
5737.32248646841  2.229954E-13
5737.36848923938  2.495894E-13
5737.41448834652  2.329862E-13
5737.46048378968  2.320578E-13
5737.50647556871  2.228851E-13
5737.55246368347  2.195572E-13
5737.59844813381  2.208435E-13
5737.64442891959  2.323955E-13
5737.69040604066  2.135016E-13
5737.73637949688  2.141893E-13
5737.7823492881  2.332872E-13
5737.82831541418  2.196353E-13
5737.87427787497  2.239428E-13
5737.92023667033  2.252057E-13
5737.96619180011  2.300161E-13
5738.01214326417  2.206216E-13
5738.05809106237  2.301078E-13
5738.10403519455  2.273653E-13
5738.14997566057  2.266596E-13
5738.19591246029  2.230615E-13
5738.24184559357  2.228325E-13
5738.28777506025  2.283903E-13
5738.3337008602  2.256498E-13
5738.37962299327  2.246567E-13
5738.42554145932  2.195503E-13
5738.4714562582  2.141134E-13
5738.51736738977  2.128441E-13
5738.56327485388  2.190591E-13
5738.60917865038  2.304875E-13
5738.65507877914  2.229950E-13
5738.70097524002  2.197918E-13
5738.74686803286  2.283521E-13
5738.79275715753  2.303432E-13
5738.83864261387  2.229774E-13
5738.88452440175  2.272934E-13
5738.93040252101  2.200215E-13
5738.97627697153  2.095521E-13
5739.02214775315  2.295017E-13
5739.06801486573  2.192125E-13
5739.11387830912  2.321977E-13
5739.15973808318  2.161992E-13
5739.20559418778  2.222485E-13
5739.25144662276  2.128470E-13
5739.29729538798  2.245597E-13
5739.3431404833  2.343911E-13
5739.38898190858  2.235458E-13
5739.43481966366  2.394566E-13
5739.48065374842  2.217047E-13
5739.5264841627  2.311996E-13
5739.57231090636  2.171393E-13
5739.61813397926  1.943308E-13
5739.66395338126  2.441368E-13
5739.70976911221  2.282455E-13
5739.75558117197  2.158252E-13
5739.80138956039  2.293330E-13
5739.84719427734  2.089094E-13
5739.89299532268  2.080424E-13
5739.93879269625  2.189782E-13
5739.98458639791  2.278795E-13
5740.03037642753  2.143504E-13
5740.07616278496  2.269593E-13
5740.12194547005  2.259247E-13
5740.16772448267  2.184648E-13
5740.21349982268  2.211902E-13
5740.25927148992  2.296832E-13
5740.30503948426  2.098708E-13
5740.35080380556  2.232230E-13
5740.39656445367  2.238616E-13
5740.44232142845  2.240878E-13
5740.48807472976  2.241774E-13
5740.53382435746  2.160653E-13
5740.5795703114  2.024047E-13
5740.62531259144  2.113838E-13
5740.67105119744  2.257859E-13
5740.71678612927  2.229848E-13
5740.76251738677  2.286586E-13
5740.8082449698  1.969014E-13
5740.85396887823  2.235541E-13
5740.8996891119  2.229530E-13
5740.94540567069  2.301515E-13
5740.99111855444  2.201637E-13
5741.03682776303  2.083097E-13
5741.08253329629  2.331510E-13
5741.1282351541  2.163011E-13
5741.17393333631  2.029286E-13
5741.21962784278  2.068904E-13
5741.26531867337  2.363795E-13
5741.31100582794  2.287276E-13
5741.35668930634  2.249305E-13
5741.40236910844  2.308494E-13
5741.4480452341  2.321821E-13
5741.49371768316  2.093523E-13
5741.5393864555  2.300090E-13
5741.58505155097  2.166290E-13
5741.63071296943  2.368400E-13
5741.67637071074  2.208494E-13
5741.72202477475  2.227131E-13
5741.76767516134  2.279704E-13
5741.81332187035  2.309698E-13
5741.85896490164  2.287834E-13
5741.90460425508  2.356956E-13
5741.95023993053  2.161076E-13
5741.99587192784  2.178366E-13
5742.04150024687  2.075145E-13
5742.08712488749  2.166982E-13
5742.13274584954  2.364296E-13
5742.1783631329  2.333119E-13
5742.22397673743  2.325842E-13
5742.26958666297  2.226781E-13
5742.31519290939  2.218683E-13
5742.36079547656  2.073720E-13
5742.40639436433  2.261727E-13
5742.45198957256  2.350184E-13
5742.4975811011  2.349151E-13
5742.54316894983  2.137546E-13
5742.58875311861  2.092308E-13
5742.63433360728  2.200823E-13
5742.67991041571  2.079251E-13
5742.72548354377  2.087955E-13
5742.7710529913  2.352463E-13
5742.81661875818  2.166427E-13
5742.86218084426  2.230270E-13
5742.90773924941  2.227973E-13
5742.95329397347  2.315541E-13
5742.99884501632  2.202026E-13
5743.04439237782  2.142539E-13
5743.08993605782  2.221979E-13
5743.13547605619  2.200740E-13
5743.18101237278  2.203187E-13
5743.22654500746  2.187744E-13
5743.27207396009  2.306370E-13
5743.31759923052  2.384863E-13
5743.36312081863  2.161174E-13
5743.40863872427  2.142612E-13
5743.4541529473  2.440897E-13
5743.49966348758  2.366791E-13
5743.54517034497  2.196565E-13
5743.59067351934  2.277932E-13
5743.63617301055  2.198967E-13
5743.68166881845  2.302787E-13
5743.72716094292  2.140385E-13
5743.7726493838  2.191389E-13
5743.81813414096  2.232674E-13
5743.86361521427  2.262857E-13
5743.90909260358  2.321571E-13
5743.95456630876  2.190596E-13
5744.00003632967  2.117550E-13
5744.04550266616  2.266751E-13
5744.09096531811  2.248921E-13
5744.13642428536  2.192699E-13
5744.1818795678  2.205629E-13
5744.22733116526  2.157959E-13
5744.27277907763  2.169696E-13
5744.31822330476  2.240646E-13
5744.36366384651  2.316850E-13
5744.40910070274  2.199536E-13
5744.45453387332  2.075919E-13
5744.49996335811  2.373379E-13
5744.54538915697  2.115955E-13
5744.59081126976  2.229119E-13
5744.63622969635  2.235989E-13
5744.68164443659  2.054383E-13
5744.72705549035  2.226336E-13
5744.7724628575  2.220274E-13
5744.81786653789  2.360440E-13
5744.86326653139  2.319842E-13
5744.90866283785  2.274448E-13
5744.95405545715  2.285875E-13
5744.99944438915  2.272481E-13
5745.0448296337  2.250652E-13
5745.09021119068  2.196788E-13
5745.13558905993  2.245021E-13
5745.18096324134  2.470084E-13
5745.22633373475  2.254282E-13
5745.27170054003  2.344013E-13
5745.31706365705  2.084046E-13
5745.36242308567  2.172610E-13
5745.40777882575  2.176610E-13
5745.45313087716  2.346520E-13
5745.49847923975  2.340235E-13
5745.54382391339  2.400061E-13
5745.58916489795  2.168559E-13
5745.63450219328  2.310572E-13
5745.67983579926  2.179714E-13
5745.72516571574  2.110190E-13
5745.77049194259  2.166030E-13
5745.81581447967  2.376663E-13
5745.86113332685  2.332909E-13
5745.90644848399  2.238025E-13
5745.95175995094  2.142423E-13
5745.99706772759  2.236134E-13
5746.04237181378  2.331437E-13
5746.08767220939  2.348383E-13
5746.13296891428  2.214955E-13
5746.17826192831  2.174446E-13
5746.22355125134  2.255226E-13
5746.26883688325  2.287274E-13
5746.31411882389  2.260436E-13
5746.35939707313  2.486256E-13
5746.40467163083  2.321271E-13
5746.44994249685  2.314430E-13
5746.49520967107  2.279229E-13
5746.54047315335  2.329873E-13
5746.58573294354  2.230171E-13
5746.63098904152  2.188636E-13
5746.67624144714  2.259887E-13
5746.72149016028  2.215320E-13
5746.7667351808  2.305480E-13
5746.81197650856  2.400148E-13
5746.85721414343  2.409466E-13
5746.90244808527  2.368518E-13
5746.94767833394  2.209023E-13
5746.99290488932  2.317759E-13
5747.03812775127  2.219468E-13
5747.08334691964  2.225553E-13
5747.12856239432  2.397870E-13
5747.17377417515  2.296009E-13
5747.21898226201  2.309757E-13
5747.26418665476  2.233105E-13
5747.30938735327  2.250577E-13
5747.3545843574  2.279778E-13
5747.39977766702  2.254684E-13
5747.44496728199  2.201786E-13
5747.49015320218  2.249472E-13
5747.53533542746  2.236729E-13
5747.58051395768  2.412124E-13
5747.62568879271  2.303913E-13
5747.67085993243  2.228223E-13
5747.7160273767  2.332799E-13
5747.76119112537  2.267014E-13
5747.80635117832  2.172971E-13
5747.85150753542  2.354479E-13
5747.89666019652  2.290904E-13
5747.9418091615  2.336750E-13
5747.98695443022  2.306514E-13
5748.03209600254  2.192235E-13
5748.07723387834  2.225277E-13
5748.12236805748  2.147691E-13
5748.16749853982  2.281247E-13
5748.21262532523  2.335814E-13
5748.25774841358  2.330296E-13
5748.30286780473  2.354825E-13
5748.34798349856  2.250757E-13
5748.39309549492  2.293252E-13
5748.43820379368  2.158465E-13
5748.48330839471  2.109075E-13
5748.52840929788  2.252123E-13
5748.57350650305  2.218027E-13
5748.61860001008  2.072347E-13
5748.66368981885  2.084342E-13
5748.70877592923  2.162225E-13
5748.75385834107  2.017516E-13
5748.79893705425  2.166408E-13
5748.84401206864  2.067888E-13
5748.88908338409  2.229294E-13
5748.93415100047  1.961115E-13
5748.97921491767  1.952203E-13
5749.02427513553  2.039005E-13
5749.06933165393  2.027246E-13
5749.11438447273  2.091322E-13
5749.15943359181  2.098890E-13
5749.20447901102  2.174474E-13
5749.24952073024  2.340740E-13
5749.29455874934  2.177178E-13
5749.33959306817  2.054693E-13
5749.38462368662  1.919535E-13
5749.42965060454  2.147595E-13
5749.47467382181  1.942191E-13
5749.51969333828  2.270728E-13
5749.56470915384  2.134223E-13
5749.60972126834  2.085537E-13
5749.65472968166  2.328765E-13
5749.69973439366  2.078261E-13
5749.74473540421  2.081457E-13
5749.78973271318  2.212730E-13
5749.83472632043  2.309480E-13
5749.87971622584  2.269946E-13
5749.92470242927  2.507462E-13
5749.96968493058  2.068344E-13
5750.01466372966  2.210471E-13
5750.05963882636  2.045841E-13
5750.10461022056  2.230545E-13
5750.14957791212  2.086917E-13
5750.19454190092  2.335418E-13
5750.23950218681  2.142209E-13
5750.28445876967  2.022939E-13
5750.32941164936  2.236453E-13
5750.37436082577  2.209405E-13
5750.41930629874  2.000214E-13
5750.46424806816  2.206145E-13
5750.50918613388  2.145671E-13
5750.5541204958  2.299413E-13
5750.59905115375  2.208712E-13
5750.64397810763  2.438799E-13
5750.68890135728  2.169880E-13
5750.7338209026  2.250321E-13
5750.77873674344  2.229785E-13
5750.82364887967  2.291174E-13
5750.86855731117  2.145104E-13
5750.91346203779  2.220396E-13
5750.95836305942  2.112158E-13
5751.00326037591  2.121592E-13
5751.04815398715  2.334642E-13
5751.09304389299  2.242715E-13
5751.13793009331  2.294214E-13
5751.18281258798  2.418994E-13
5751.22769137687  2.002119E-13
5751.27256645984  2.295737E-13
5751.31743783676  2.375739E-13
5751.36230550751  2.269949E-13
5751.40716947196  2.275779E-13
5751.45202972997  2.286966E-13
5751.49688628141  2.282092E-13
5751.54173912616  2.295355E-13
5751.58658826409  2.378093E-13
5751.63143369506  2.404989E-13
5751.67627541894  2.346668E-13
5751.7211134356  2.321839E-13
5751.76594774492  2.358984E-13
5751.81077834677  2.161977E-13
5751.855605241  2.230924E-13
5751.9004284275  2.224102E-13
5751.94524790614  2.452546E-13
5751.99006367678  2.057419E-13
5752.0348757393  2.375725E-13
5752.07968409356  2.246414E-13
5752.12448873944  2.207614E-13
5752.16928967681  2.346699E-13
5752.21408690553  2.304524E-13
5752.25888042548  2.252267E-13
5752.30367023653  2.088230E-13
5752.34845633855  2.255013E-13
5752.39323873141  1.999503E-13
5752.43801741498  2.054518E-13
5752.48279238913  2.355823E-13
5752.52756365373  2.163923E-13
5752.57233120866  2.187543E-13
5752.61709505378  2.269504E-13
5752.66185518897  2.099759E-13
5752.70661161409  2.253625E-13
5752.75136432902  2.108380E-13
5752.79611333363  2.048286E-13
5752.84085862779  2.125769E-13
5752.88560021137  2.088789E-13
5752.93033808425  2.065889E-13
5752.97507224628  2.314361E-13
5753.01980269736  2.073528E-13
5753.06452943734  2.015087E-13
5753.1092524661  2.071253E-13
5753.15397178351  2.047347E-13
5753.19868738944  2.223421E-13
5753.24339928377  2.267510E-13
5753.28810746636  2.166148E-13
5753.33281193708  2.187926E-13
5753.37751269582  2.064205E-13
5753.42220974244  2.089794E-13
5753.46690307681  2.141681E-13
5753.5115926988  1.971462E-13
5753.55627860829  1.947982E-13
5753.60096080515  2.093493E-13
5753.64563928925  1.967696E-13
5753.69031406047  2.051410E-13
5753.73498511867  1.936207E-13
5753.77965246372  2.062026E-13
5753.82431609551  2.129793E-13
5753.8689760139  2.152267E-13
5753.91363221876  2.048231E-13
5753.95828470997  1.943139E-13
5754.0029334874  2.048699E-13
5754.04757855092  1.899487E-13
5754.09221990041  2.072564E-13
5754.13685753573  1.969496E-13
5754.18149145677  1.762983E-13
5754.22612166338  1.917226E-13
5754.27074815546  2.011412E-13
5754.31537093286  2.037185E-13
5754.35998999546  1.949758E-13
5754.40460534314  2.035182E-13
5754.44921697576  1.973505E-13
5754.49382489321  2.143383E-13
5754.53842909535  1.839611E-13
5754.58302958206  2.026341E-13
5754.6276263532  1.963753E-13
5754.67221940866  1.920676E-13
5754.71680874831  2.193393E-13
5754.76139437202  2.016714E-13
5754.80597627965  1.916179E-13
5754.8505544711  2.217478E-13
5754.89512894623  2.028607E-13
5754.93969970491  1.925640E-13
5754.98426674702  2.063104E-13
5755.02883007243  2.206498E-13
5755.07338968101  2.093310E-13
5755.11794557264  2.039597E-13
5755.1624977472  1.901128E-13
5755.20704620455  1.902352E-13
5755.25159094457  2.108123E-13
5755.29613196714  2.062867E-13
5755.34066927212  1.888882E-13
5755.3852028594  1.919046E-13
5755.42973272884  2.165711E-13
5755.47425888032  2.119746E-13
5755.51878131372  2.180933E-13
5755.5633000289  1.911633E-13
5755.60781502575  1.847437E-13
5755.65232630414  2.060094E-13
5755.69683386393  1.964405E-13
5755.74133770502  2.112415E-13
5755.78583782726  2.046765E-13
5755.83033423054  2.002562E-13
5755.87482691473  1.881891E-13
5755.91931587971  2.077342E-13
5755.96380112534  2.124716E-13
5756.00828265151  1.807225E-13
5756.05276045808  2.157917E-13
5756.09723454494  2.116184E-13
5756.14170491196  2.256596E-13
5756.18617155901  2.229295E-13
5756.23063448597  2.084660E-13
5756.27509369271  2.127174E-13
5756.31954917911  2.332641E-13
5756.36400094505  2.025270E-13
5756.40844899039  1.817411E-13
5756.45289331502  2.358270E-13
5756.4973339188  2.145621E-13
5756.54177080162  2.415666E-13
5756.58620396335  1.948779E-13
5756.63063340387  2.212240E-13
5756.67505912305  2.500005E-13
5756.71948112076  2.314683E-13
5756.76389939688  2.087032E-13
5756.80831395129  2.322239E-13
5756.85272478387  2.381189E-13
5756.89713189449  2.307080E-13
5756.94153528301  2.183273E-13
5756.98593494933  2.261616E-13
5757.03033089332  2.262140E-13
5757.07472311485  2.300594E-13
5757.11911161379  2.094908E-13
5757.16349639003  2.217937E-13
5757.20787744344  2.180381E-13
5757.2522547739  2.253050E-13
5757.29662838128  2.376388E-13
5757.34099826546  2.214327E-13
5757.38536442631  2.210963E-13
5757.42972686371  2.353290E-13
5757.47408557755  2.488813E-13
5757.51844056768  2.326555E-13
5757.562791834  2.158383E-13
5757.60713937637  2.287407E-13
5757.65148319468  2.255133E-13
5757.69582328879  2.336404E-13
5757.7401596586  2.013963E-13
5757.78449230397  2.305101E-13
5757.82882122477  2.201692E-13
5757.8731464209  2.183523E-13
5757.91746789222  2.178569E-13
5757.96178563861  2.310616E-13
5758.00609965995  2.232808E-13
5758.05040995611  2.051258E-13
5758.09471652697  2.444036E-13
5758.13901937241  2.105809E-13
5758.18331849231  2.225421E-13
5758.22761388654  2.341350E-13
5758.27190555499  2.159378E-13
5758.31619349752  2.139579E-13
5758.36047771401  2.398119E-13
5758.40475820435  2.006472E-13
5758.44903496841  2.236391E-13
5758.49330800606  2.192723E-13
5758.53757731719  2.435505E-13
5758.58184290168  2.253111E-13
5758.62610475939  2.250203E-13
5758.67036289021  2.274804E-13
5758.71461729402  2.006110E-13
5758.75886797069  2.517593E-13
5758.8031149201  2.305177E-13
5758.84735814213  2.155153E-13
5758.89159763665  2.477436E-13
5758.93583340356  2.180093E-13
5758.98006544271  2.228293E-13
5759.024293754  2.302132E-13
5759.06851833729  2.311366E-13
5759.11273919247  2.299951E-13
5759.15695631942  2.431623E-13
5759.20116971802  2.356899E-13
5759.24537938813  2.401650E-13
5759.28958532965  2.080739E-13
5759.33378754244  2.351831E-13
5759.37798602639  2.236120E-13
5759.42218078138  2.406829E-13
5759.46637180728  2.202262E-13
5759.51055910398  2.272749E-13
5759.55474267134  2.173299E-13
5759.59892250926  2.292921E-13
5759.64309861761  2.293381E-13
5759.68727099627  2.225329E-13
5759.73143964511  2.380198E-13
5759.77560456402  2.385685E-13
5759.81976575287  2.437070E-13
5759.86392321155  2.184103E-13
5759.90807693993  2.313722E-13
5759.95222693789  2.243421E-13
5759.99637320531  2.447065E-13
5760.04051574208  2.132135E-13
5760.08465454806  2.344022E-13
5760.12878962315  2.461793E-13
5760.17292096721  2.279469E-13
5760.21704858013  2.271777E-13
5760.26117246179  2.465433E-13
5760.30529261206  2.042170E-13
5760.34940903083  2.195116E-13
5760.39352171798  2.330709E-13
5760.43763067338  2.162430E-13
