7369.86370453319  2.659288E-13
7369.93185200343  2.556855E-13
7369.99999513865  2.619716E-13
7370.06813393854  2.700968E-13
7370.13626840278  2.552973E-13
7370.20439853108  2.644242E-13
7370.27252432314  2.671564E-13
7370.34064577865  2.691007E-13
7370.4087628973  2.625075E-13
7370.4768756788  2.708929E-13
7370.54498412284  2.773042E-13
7370.6130882291  2.728051E-13
7370.6811879973  2.712644E-13
7370.74928342712  2.692084E-13
7370.81737451827  2.564546E-13
7370.88546127043  2.626022E-13
7370.95354368331  2.758588E-13
7371.0216217566  2.604467E-13
7371.08969549  2.713666E-13
7371.15776488321  2.660382E-13
7371.22582993591  2.683824E-13
7371.29389064781  2.638254E-13
7371.36194701861  2.661092E-13
7371.429999048  2.704435E-13
7371.49804673567  2.664401E-13
7371.56609008134  2.624901E-13
7371.63412908468  2.759401E-13
7371.7021637454  2.651686E-13
7371.7701940632  2.710241E-13
7371.83822003777  2.752585E-13
7371.90624166882  2.722362E-13
7371.97425895603  2.720099E-13
7372.04227189911  2.743621E-13
7372.11028049775  2.789028E-13
7372.17828475165  2.602042E-13
7372.24628466051  2.783167E-13
7372.31428022402  2.678871E-13
7372.38227144189  2.703523E-13
7372.45025831381  2.727466E-13
7372.51824083947  2.812767E-13
7372.58621901859  2.802125E-13
7372.65419285085  2.680647E-13
7372.72216233595  2.695264E-13
7372.79012747359  2.733855E-13
7372.85808826348  2.851688E-13
7372.9260447053  2.714418E-13
7372.99399679875  2.733740E-13
7373.06194454354  2.606233E-13
7373.12988793936  2.753787E-13
7373.19782698591  2.768290E-13
7373.26576168289  2.649800E-13
7373.33369203  2.792272E-13
7373.40161802694  2.728943E-13
7373.46953967339  2.666996E-13
7373.53745696908  2.691307E-13
7373.60536991369  2.603380E-13
7373.67327850691  2.734161E-13
7373.74118274846  2.634633E-13
7373.80908263803  2.827008E-13
7373.87697817532  2.728966E-13
7373.94486936002  2.655431E-13
7374.01275619184  2.669988E-13
7374.08063867049  2.798686E-13
7374.14851679564  2.624882E-13
7374.21639056701  2.672612E-13
7374.28425998429  2.635324E-13
7374.35212504719  2.617333E-13
7374.4199857554  2.691609E-13
7374.48784210863  2.568042E-13
7374.55569410656  2.584785E-13
7374.62354174892  2.742024E-13
7374.69138503538  2.705240E-13
7374.75922396566  2.523536E-13
7374.82705853944  2.694422E-13
7374.89488875644  2.753028E-13
7374.96271461636  2.555836E-13
7375.03053611889  2.783351E-13
7375.09835326373  2.721590E-13
7375.16616605058  2.642047E-13
7375.23397447914  2.826364E-13
7375.30177854913  2.670452E-13
7375.36957826022  2.653935E-13
7375.43737361213  2.712767E-13
7375.50516460456  2.761943E-13
7375.5729512372  2.742138E-13
7375.64073350976  2.732636E-13
7375.70851142194  2.694030E-13
7375.77628497344  2.737444E-13
7375.84405416396  2.650743E-13
7375.91181899319  2.823264E-13
7375.97957946085  2.735786E-13
7376.04733556663  2.666274E-13
7376.11508731024  2.663115E-13
7376.18283469138  2.538841E-13
7376.25057770973  2.632784E-13
7376.31831636502  2.556476E-13
7376.38605065693  2.745436E-13
7376.45378058518  2.769355E-13
7376.52150614946  2.764017E-13
7376.58922734947  2.635719E-13
7376.65694418492  2.706893E-13
7376.72465665551  2.531211E-13
7376.79236476093  2.548968E-13
7376.8600685009  2.513622E-13
7376.92776787511  2.694948E-13
7376.99546288326  2.651194E-13
7377.06315352507  2.638727E-13
7377.13083980022  2.721568E-13
7377.19852170842  2.890890E-13
7377.26619924937  2.782255E-13
7377.33387242279  2.632072E-13
7377.40154122836  2.594760E-13
7377.46920566579  2.623544E-13
7377.53686573478  2.609687E-13
7377.60452143504  2.818753E-13
7377.67217276627  2.660040E-13
7377.73981972817  2.712733E-13
7377.80746232045  2.496131E-13
7377.8751005428  2.680462E-13
7377.94273439493  2.598760E-13
7378.01036387654  2.687641E-13
7378.07798898734  2.550696E-13
7378.14560972703  2.711328E-13
7378.21322609531  2.781096E-13
7378.28083809188  2.671262E-13
7378.34844571645  2.551211E-13
7378.41604896873  2.631404E-13
7378.48364784841  2.518053E-13
7378.55124235519  2.713711E-13
7378.61883248879  2.673509E-13
7378.68641824891  2.639424E-13
7378.75399963524  2.795209E-13
7378.8215766475  2.620365E-13
7378.88914928538  2.738134E-13
7378.95671754859  2.646112E-13
7379.02428143684  2.775637E-13
7379.09184094983  2.689836E-13
7379.15939608726  2.808962E-13
7379.22694684883  2.634775E-13
7379.29449323426  2.692429E-13
7379.36203524324  2.883444E-13
7379.42957287548  2.597284E-13
7379.49710613068  2.618949E-13
7379.56463500855  2.555451E-13
7379.63215950879  2.666115E-13
7379.69967963111  2.621930E-13
7379.76719537521  2.736183E-13
7379.8347067408  2.707537E-13
7379.90221372757  2.746438E-13
7379.96971633524  2.726014E-13
7380.03721456352  2.667135E-13
7380.10470841209  2.627211E-13
7380.17219788068  2.817501E-13
7380.23968296898  2.900209E-13
7380.30716367671  2.854206E-13
7380.37464000356  2.650972E-13
7380.44211194924  2.694554E-13
7380.50957951345  3.019391E-13
7380.57704269591  2.726030E-13
7380.64450149631  2.709107E-13
7380.71195591436  2.801053E-13
7380.77940594978  2.696721E-13
7380.84685160225  2.682196E-13
7380.9142928715  2.787694E-13
7380.98172975722  2.748257E-13
7381.04916225912  2.836151E-13
7381.1165903769  2.680908E-13
7381.18401411028  2.554946E-13
7381.25143345896  2.654126E-13
7381.31884842264  2.629813E-13
7381.38625900103  2.708517E-13
7381.45366519384  2.608448E-13
7381.52106700077  2.792731E-13
7381.58846442153  2.782914E-13
7381.65585745582  2.618877E-13
7381.72324610336  2.806871E-13
7381.79063036385  2.753124E-13
7381.85801023698  2.709547E-13
7381.92538572249  2.624816E-13
7381.99275682005  2.626659E-13
7382.0601235294  2.816097E-13
7382.12748585022  2.788465E-13
7382.19484378224  2.752050E-13
7382.26219732515  2.640598E-13
7382.32954647866  2.720065E-13
7382.39689124248  2.582287E-13
7382.46423161632  2.610491E-13
7382.53156759988  2.654510E-13
7382.59889919287  2.661534E-13
7382.666226395  2.693243E-13
7382.73354920598  2.815852E-13
7382.80086762551  2.634324E-13
7382.8681816533  2.632042E-13
7382.93549128905  2.710979E-13
7383.00279653249  2.707057E-13
7383.07009738331  2.544219E-13
7383.13739384122  2.683684E-13
7383.20468590592  2.707853E-13
7383.27197357714  2.654721E-13
7383.33925685456  2.758361E-13
7383.40653573792  2.668522E-13
7383.4738102269  2.628973E-13
7383.54108032122  2.667861E-13
7383.60834602059  2.600251E-13
7383.67560732471  2.601609E-13
7383.7428642333  2.587870E-13
7383.81011674606  2.510138E-13
7383.8773648627  2.616760E-13
7383.94460858293  2.671230E-13
7384.01184790646  2.655955E-13
7384.07908283299  2.701173E-13
7384.14631336224  2.639386E-13
7384.21353949391  2.557189E-13
7384.28076122772  2.615803E-13
7384.34797856336  2.743364E-13
7384.41519150056  2.715559E-13
7384.48240003902  2.677993E-13
7384.54960417844  2.640996E-13
7384.61680391854  2.791139E-13
7384.68399925903  2.766047E-13
7384.75119019962  2.695367E-13
7384.81837674001  2.729918E-13
7384.88555887991  2.518373E-13
7384.95273661904  2.559526E-13
7385.0199099571  2.656025E-13
7385.08707889381  2.665254E-13
7385.15424342887  2.706801E-13
7385.22140356199  2.828194E-13
7385.28855929288  2.672166E-13
7385.35571062126  2.724382E-13
7385.42285754683  2.796030E-13
7385.4900000693  2.696663E-13
7385.55713818838  2.713393E-13
7385.62427190379  2.623107E-13
7385.69140121522  2.514921E-13
7385.7585261224  2.732143E-13
7385.82564662504  2.693993E-13
7385.89276272283  2.739892E-13
7385.9598744155  2.668677E-13
7386.02698170276  2.520714E-13
7386.0940845843  2.711185E-13
7386.16118305986  2.731167E-13
7386.22827712913  2.602300E-13
7386.29536679182  2.619920E-13
7386.36245204765  2.663620E-13
7386.42953289633  2.700496E-13
7386.49660933758  2.629519E-13
7386.56368137108  2.707085E-13
7386.63074899658  2.604820E-13
7386.69781221376  2.606334E-13
7386.76487102235  2.519506E-13
7386.83192542205  2.689050E-13
7386.89897541257  2.727691E-13
7386.96602099364  2.491542E-13
7387.03306216495  2.548365E-13
7387.10009892622  2.486639E-13
7387.16713127717  2.639118E-13
7387.2341592175  2.584657E-13
7387.30118274692  2.395738E-13
7387.36820186515  2.537695E-13
7387.43521657189  2.575191E-13
7387.50222686687  2.488355E-13
7387.56923274979  2.470878E-13
7387.63623422037  2.557521E-13
7387.70323127831  2.533768E-13
7387.77022392332  2.715960E-13
7387.83721215513  2.701617E-13
7387.90419597345  2.498918E-13
7387.97117537797  2.659734E-13
7388.03815036843  2.442556E-13
7388.10512094452  2.512304E-13
7388.17208710597  2.555386E-13
7388.23904885248  2.504003E-13
7388.30600618377  2.637658E-13
7388.37295909954  2.543297E-13
7388.43990759952  2.607249E-13
7388.50685168342  2.595388E-13
7388.57379135095  2.493390E-13
7388.64072660181  2.602780E-13
7388.70765743573  2.634903E-13
7388.77458385242  2.727722E-13
7388.84150585159  2.622026E-13
7388.90842343295  2.559973E-13
7388.97533659623  2.443534E-13
7389.04224534112  2.515850E-13
7389.10914966734  2.541224E-13
7389.17604957461  2.713114E-13
7389.24294506264  2.590518E-13
7389.30983613115  2.605211E-13
7389.37672277984  2.579669E-13
7389.44360500844  2.739662E-13
7389.51048281665  2.585171E-13
7389.57735620419  2.597755E-13
7389.64422517077  2.613398E-13
7389.71108971611  2.657867E-13
7389.77794983992  2.658071E-13
7389.84480554191  2.558365E-13
7389.91165682181  2.530090E-13
7389.97850367932  2.611476E-13
7390.04534611415  2.563569E-13
7390.11218412603  2.525548E-13
7390.17901771466  2.445919E-13
7390.24584687977  2.558163E-13
7390.31267162106  2.586250E-13
7390.37949193824  2.501123E-13
7390.44630783105  2.385495E-13
7390.51311929918  2.565924E-13
7390.57992634235  2.584468E-13
7390.64672896029  2.538633E-13
7390.7135271527  2.653408E-13
7390.7803209193  2.527388E-13
7390.84711025979  2.571817E-13
7390.91389517392  2.532886E-13
7390.98067566137  2.431215E-13
7391.04745172187  2.408569E-13
7391.11422335513  2.457073E-13
7391.18099056088  2.559428E-13
7391.24775333882  2.447340E-13
7391.31451168867  2.428349E-13
7391.38126561015  2.529270E-13
7391.44801510297  2.593760E-13
7391.51476016684  2.630541E-13
7391.58150080149  2.636425E-13
7391.64823700663  2.675482E-13
7391.71496878197  2.675532E-13
7391.78169612723  2.585202E-13
7391.84841904213  2.787203E-13
7391.91513752638  2.619051E-13
7391.9818515797  2.688666E-13
7392.0485612018  2.724851E-13
7392.1152663924  2.666931E-13
7392.18196715122  2.693391E-13
7392.24866347798  2.773865E-13
7392.31535537238  2.733710E-13
7392.38204283416  2.832751E-13
7392.44872586301  2.655134E-13
7392.51540445866  2.720242E-13
7392.58207862083  2.757848E-13
7392.64874834923  2.671363E-13
7392.71541364358  2.668821E-13
7392.7820745036  2.765036E-13
7392.848730929  2.662932E-13
7392.9153829195  2.865357E-13
7392.98203047482  2.672328E-13
7393.04867359467  2.607218E-13
7393.11531227878  2.791381E-13
7393.18194652685  2.645277E-13
7393.24857633861  2.589989E-13
7393.31520171377  2.800711E-13
7393.38182265206  2.728472E-13
7393.44843915318  2.640562E-13
7393.51505121686  2.715867E-13
7393.58165884281  2.604489E-13
7393.64826203075  2.807610E-13
7393.71486078041  2.659827E-13
7393.78145509149  2.747690E-13
7393.84804496371  2.754538E-13
7393.91463039679  2.713937E-13
7393.98121139046  2.668901E-13
7394.04778794443  2.657032E-13
7394.11436005841  2.739947E-13
7394.18092773212  2.684618E-13
7394.24749096529  2.525225E-13
7394.31404975763  2.606955E-13
7394.38060410886  2.689822E-13
7394.4471540187  2.594895E-13
7394.51369948687  2.661414E-13
7394.58024051308  2.653150E-13
7394.64677709705  2.561290E-13
7394.71330923851  2.697973E-13
7394.77983693717  2.671565E-13
7394.84636019274  2.579157E-13
7394.91287900496  2.571176E-13
7394.97939337354  2.571899E-13
7395.04590329819  2.473864E-13
7395.11240877863  2.586448E-13
7395.17890981459  2.683950E-13
7395.24540640579  2.535031E-13
7395.31189855194  2.575051E-13
7395.37838625276  2.480343E-13
7395.44486950798  2.580643E-13
7395.51134831731  2.523908E-13
7395.57782268046  2.590230E-13
7395.64429259717  2.751624E-13
7395.71075806715  2.637868E-13
7395.77721909012  2.617283E-13
7395.84367566579  2.664380E-13
7395.9101277939  2.680738E-13
7395.97657547416  2.639954E-13
7396.04301870628  2.645545E-13
7396.10945749  2.666552E-13
7396.17589182502  2.586584E-13
7396.24232171108  2.596655E-13
7396.30874714788  2.600555E-13
7396.37516813516  2.683829E-13
7396.44158467262  2.811415E-13
7396.50799676  2.821333E-13
7396.574404397  2.651284E-13
7396.64080758336  2.789493E-13
7396.70720631879  2.777032E-13
7396.77360060301  2.505562E-13
7396.83999043575  2.604066E-13
7396.90637581672  2.673996E-13
7396.97275674565  2.659904E-13
7397.03913322225  2.605011E-13
7397.10550524625  2.514384E-13
7397.17187281737  2.612724E-13
7397.23823593532  2.732022E-13
7397.30459459984  2.587527E-13
7397.37094881064  2.660264E-13
7397.43729856744  2.659786E-13
7397.50364386997  2.673312E-13
7397.56998471794  2.793305E-13
7397.63632111107  2.726967E-13
7397.7026530491  2.762159E-13
7397.76898053173  2.724764E-13
7397.8353035587  2.699895E-13
7397.90162212972  2.640420E-13
7397.96793624452  2.792732E-13
7398.03424590281  2.729611E-13
7398.10055110433  2.632627E-13
7398.16685184878  2.660033E-13
7398.2331481359  2.871818E-13
7398.2994399654  2.773119E-13
7398.365727337  2.693339E-13
7398.43201025044  2.691009E-13
7398.49828870543  2.717275E-13
7398.5645627017  2.689196E-13
7398.63083223896  2.751741E-13
7398.69709731694  2.683452E-13
7398.76335793536  2.698613E-13
7398.82961409394  2.634200E-13
7398.89586579241  2.808667E-13
7398.96211303049  2.717196E-13
7399.0283558079  2.843732E-13
7399.09459412437  2.678475E-13
7399.16082797962  2.634614E-13
7399.22705737336  2.769610E-13
7399.29328230533  2.666414E-13
7399.35950277525  2.767382E-13
7399.42571878284  2.803728E-13
7399.49193032782  2.744165E-13
7399.55813740992  2.835636E-13
7399.62434002886  2.819189E-13
7399.69053818436  2.711638E-13
7399.75673187615  2.627167E-13
7399.82292110395  2.755925E-13
7399.88910586748  2.728632E-13
7399.95528616648  2.713251E-13
7400.02146200065  2.734838E-13
7400.08763336973  2.527905E-13
7400.15380027343  2.705991E-13
7400.2199627115  2.797819E-13
7400.28612068364  2.774841E-13
7400.35227418958  2.795832E-13
7400.41842322904  2.724998E-13
7400.48456780176  2.763353E-13
7400.55070790744  2.604009E-13
7400.61684354583  2.658162E-13
7400.68297471664  2.589791E-13
7400.7491014196  2.530604E-13
7400.81522365442  2.709611E-13
7400.88134142084  2.604863E-13
7400.94745471859  2.626252E-13
7401.01356354738  2.533665E-13
7401.07966790694  2.670518E-13
7401.14576779699  2.600946E-13
7401.21186321726  2.514904E-13
7401.27795416748  2.518446E-13
7401.34404064737  2.698674E-13
7401.41012265665  2.550146E-13
7401.47620019505  2.533257E-13
7401.5422732623  2.496607E-13
7401.60834185811  2.520851E-13
7401.67440598223  2.615904E-13
7401.74046563436  2.522857E-13
7401.80652081424  2.583429E-13
7401.87257152159  2.596678E-13
7401.93861775614  2.581966E-13
7402.00465951761  2.526919E-13
7402.07069680573  2.515232E-13
7402.13672962023  2.487809E-13
7402.20275796083  2.340475E-13
7402.26878182725  2.572409E-13
7402.33480121922  2.497818E-13
7402.40081613647  2.491687E-13
7402.46682657873  2.677089E-13
7402.53283254572  2.607233E-13
7402.59883403716  2.425249E-13
7402.66483105279  2.540262E-13
7402.73082359232  2.635472E-13
7402.79681165549  2.520444E-13
7402.86279524203  2.587751E-13
7402.92877435165  2.556045E-13
7402.99474898409  2.560448E-13
7403.06071913907  2.668592E-13
7403.12668481631  2.663785E-13
7403.19264601556  2.699906E-13
7403.25860273652  2.759792E-13
7403.32455497893  2.662132E-13
7403.39050274252  2.775125E-13
7403.45644602701  2.578565E-13
7403.52238483214  2.658720E-13
7403.58831915762  2.672812E-13
7403.65424900318  2.584055E-13
7403.72017436856  2.591226E-13
7403.78609525347  2.647146E-13
7403.85201165765  2.656583E-13
7403.91792358083  2.683228E-13
7403.98383102272  2.706447E-13
7404.04973398307  2.709188E-13
7404.11563246159  2.740167E-13
7404.18152645802  2.722928E-13
7404.24741597207  2.679126E-13
7404.31330100349  2.745321E-13
7404.379181552  2.795417E-13
7404.44505761732  2.668863E-13
7404.51092919919  2.626669E-13
7404.57679629732  2.757064E-13
7404.64265891146  2.633346E-13
7404.70851704133  2.809435E-13
7404.77437068665  2.683680E-13
7404.84021984716  2.730579E-13
7404.90606452258  2.675400E-13
7404.97190471264  2.730087E-13
7405.03774041708  2.782228E-13
7405.10357163561  2.657827E-13
7405.16939836797  2.743626E-13
7405.23522061389  2.686453E-13
7405.30103837309  2.630689E-13
7405.36685164531  2.658267E-13
7405.43266043027  2.873746E-13
7405.4984647277  2.586773E-13
7405.56426453733  2.716208E-13
7405.63005985889  2.821227E-13
7405.69585069212  2.724790E-13
7405.76163703673  2.584331E-13
7405.82741889245  2.723541E-13
7405.89319625903  2.670449E-13
7405.95896913618  2.722440E-13
7406.02473752364  2.746417E-13
7406.09050142113  2.694672E-13
7406.15626082839  2.727652E-13
7406.22201574515  2.758771E-13
7406.28776617112  2.688050E-13
7406.35351210606  2.743467E-13
7406.41925354967  2.621189E-13
7406.48499050171  2.656276E-13
7406.55072296188  2.570683E-13
7406.61645092993  2.686501E-13
7406.68217440559  2.529900E-13
7406.74789338858  2.651417E-13
7406.81360787863  2.636817E-13
7406.87931787548  2.637135E-13
7406.94502337886  2.668314E-13
7407.01072438849  2.460405E-13
7407.0764209041  2.615876E-13
7407.14211292544  2.451226E-13
7407.20780045222  2.477367E-13
7407.27348348418  2.542244E-13
7407.33916202105  2.611327E-13
7407.40483606256  2.552307E-13
7407.47050560844  2.507574E-13
7407.53617065842  2.662126E-13
7407.60183121224  2.574933E-13
7407.66748726962  2.538689E-13
7407.73313883029  2.714712E-13
7407.79878589399  2.468550E-13
7407.86442846045  2.582584E-13
7407.93006652939  2.631225E-13
7407.99570010056  2.705190E-13
7408.06132917367  2.636374E-13
7408.12695374847  2.770331E-13
7408.19257382469  2.639170E-13
7408.25818940205  2.677714E-13
7408.32380048029  2.713904E-13
7408.38940705914  2.551619E-13
7408.45500913833  2.714070E-13
7408.52060671759  2.795953E-13
7408.58619979666  2.697209E-13
7408.65178837527  2.769292E-13
7408.71737245314  2.768635E-13
7408.78295203002  2.585899E-13
7408.84852710563  2.610206E-13
7408.91409767971  2.838524E-13
7408.97966375198  2.763133E-13
7409.04522532219  2.729900E-13
7409.11078239006  2.623490E-13
7409.17633495532  2.716945E-13
7409.24188301772  2.777789E-13
7409.30742657698  2.600879E-13
7409.37296563282  2.675544E-13
7409.438500185  2.732378E-13
7409.50403023323  2.689252E-13
7409.56955577726  2.614195E-13
7409.63507681681  2.675428E-13
7409.70059335162  2.638125E-13
7409.76610538143  2.607187E-13
7409.83161290595  2.659854E-13
7409.89711592494  2.629044E-13
7409.96261443811  2.539110E-13
7410.02810844521  2.555311E-13
7410.09359794596  2.635518E-13
7410.15908294011  2.601869E-13
7410.22456342738  2.509572E-13
7410.29003940752  2.435011E-13
7410.35551088024  2.599745E-13
7410.42097784529  2.461846E-13
7410.48644030239  2.382105E-13
7410.55189825129  2.476689E-13
7410.61735169172  2.610879E-13
7410.68280062341  2.451277E-13
7410.7482450461  2.405580E-13
7410.81368495951  2.347312E-13
7410.87912036339  2.626100E-13
7410.94455125746  2.563197E-13
7411.00997764147  2.536151E-13
7411.07539951514  2.471452E-13
7411.14081687822  2.428179E-13
7411.20622973043  2.555829E-13
7411.27163807151  2.565375E-13
7411.33704190119  2.513249E-13
7411.40244121922  2.568481E-13
7411.46783602531  2.690892E-13
7411.53322631922  2.666487E-13
7411.59861210067  2.552932E-13
7411.66399336939  2.664538E-13
7411.72937012513  2.649853E-13
7411.79474236762  2.564587E-13
7411.8601100966  2.635408E-13
7411.92547331179  2.644430E-13
7411.99083201293  2.576802E-13
7412.05618619977  2.562585E-13
7412.12153587203  2.583981E-13
7412.18688102945  2.623797E-13
7412.25222167176  2.565386E-13
7412.31755779871  2.516689E-13
7412.38288941002  2.662759E-13
7412.44821650543  2.523330E-13
7412.51353908468  2.557059E-13
7412.57885714751  2.528426E-13
7412.64417069365  2.624599E-13
7412.70947972283  2.536056E-13
7412.77478423479  2.609154E-13
7412.84008422927  2.570300E-13
7412.90537970601  2.538561E-13
7412.97067066474  2.560063E-13
7413.03595710519  2.703728E-13
7413.1012390271  2.686021E-13
7413.16651643021  2.547035E-13
7413.23178931426  2.689490E-13
7413.29705767899  2.527206E-13
7413.36232152412  2.444368E-13
7413.42758084939  2.636499E-13
7413.49283565455  2.669596E-13
7413.55808593932  2.650095E-13
7413.62333170345  2.734439E-13
7413.68857294667  2.672854E-13
7413.75380966873  2.706366E-13
7413.81904186934  2.805400E-13
7413.88426954827  2.709249E-13
7413.94949270523  2.743857E-13
7414.01471133997  2.793769E-13
7414.07992545222  2.748750E-13
7414.14513504173  2.693141E-13
7414.21034010823  2.738442E-13
7414.27554065145  2.667409E-13
7414.34073667114  2.744872E-13
7414.40592816703  2.698320E-13
7414.47111513886  2.710248E-13
7414.53629758637  2.660597E-13
7414.60147550929  2.620525E-13
7414.66664890737  2.662073E-13
7414.73181778033  2.565997E-13
7414.79698212793  2.760585E-13
7414.86214194989  2.736195E-13
7414.92729724596  2.732819E-13
7414.99244801587  2.723000E-13
7415.05759425936  2.597532E-13
7415.12273597617  2.517529E-13
7415.18787316605  2.717190E-13
7415.25300582871  2.592424E-13
7415.31813396391  2.521231E-13
7415.38325757139  2.677716E-13
7415.44837665088  2.697330E-13
7415.51349120211  2.709705E-13
7415.57860122484  2.548423E-13
7415.6437067188  2.620926E-13
7415.70880768372  2.613444E-13
7415.77390411934  2.705261E-13
7415.83899602542  2.610367E-13
7415.90408340167  2.576571E-13
7415.96916624785  2.582225E-13
7416.03424456369  2.649653E-13
7416.09931834894  2.504567E-13
7416.16438760332  2.622901E-13
7416.22945232658  2.532110E-13
7416.29451251847  2.508945E-13
7416.35956817871  2.546826E-13
7416.42461930705  2.500492E-13
7416.48966590323  2.586136E-13
7416.55470796698  2.415221E-13
7416.61974549805  2.517327E-13
7416.68477849619  2.469042E-13
7416.74980696111  2.591927E-13
7416.81483089258  2.537614E-13
7416.87985029032  2.546970E-13
7416.94486515407  2.494471E-13
7417.00987548359  2.585801E-13
7417.0748812786  2.407283E-13
7417.13988253885  2.629586E-13
7417.20487926408  2.597297E-13
7417.26987145402  2.370313E-13
7417.33485910843  2.542914E-13
7417.39984222703  2.470302E-13
7417.46482080957  2.483595E-13
7417.52979485579  2.545592E-13
7417.59476436544  2.473830E-13
7417.65972933824  2.646076E-13
7417.72468977395  2.590552E-13
7417.7896456723  2.576154E-13
7417.85459703303  2.543143E-13
7417.91954385589  2.559987E-13
7417.98448614062  2.566136E-13
7418.04942388695  2.591556E-13
7418.11435709463  2.732948E-13
7418.1792857634  2.558008E-13
7418.24420989301  2.584352E-13
7418.30912948318  2.533905E-13
7418.37404453367  2.629764E-13
7418.43895504421  2.639307E-13
7418.50386101455  2.551586E-13
7418.56876244443  2.694472E-13
7418.63365933359  2.735091E-13
7418.69855168177  2.795047E-13
7418.76343948872  2.609175E-13
7418.82832275417  2.672163E-13
7418.89320147787  2.798433E-13
7418.95807565955  2.742821E-13
7419.02294529897  2.641370E-13
7419.08781039587  2.689477E-13
7419.15267094997  2.662853E-13
7419.21752696104  2.652680E-13
7419.28237842881  2.528416E-13
7419.34722535302  2.704610E-13
7419.41206773342  2.736239E-13
7419.47690556974  2.635925E-13
7419.54173886173  2.666894E-13
7419.60656760914  2.510327E-13
7419.6713918117  2.416029E-13
7419.73621146916  2.652392E-13
7419.80102658126  2.578060E-13
7419.86583714775  2.686679E-13
7419.93064316836  2.694343E-13
7419.99544464285  2.603955E-13
7420.06024157094  2.612366E-13
7420.1250339524  2.621118E-13
7420.18982178695  2.556318E-13
7420.25460507435  2.615056E-13
7420.31938381433  2.671526E-13
7420.38415800664  2.564515E-13
7420.44892765102  2.594830E-13
7420.51369274722  2.636620E-13
7420.57845329498  2.522466E-13
7420.64320929405  2.651501E-13
7420.70796074416  2.603191E-13
7420.77270764506  2.592016E-13
7420.8374499965  2.712875E-13
7420.90218779822  2.653895E-13
7420.96692104996  2.634392E-13
7421.03164975147  2.524459E-13
7421.09637390249  2.664196E-13
7421.16109350276  2.661186E-13
7421.22580855203  2.773802E-13
7421.29051905005  2.596079E-13
7421.35522499655  2.700811E-13
7421.41992639129  2.672356E-13
7421.484623234  2.779534E-13
7421.54931552444  2.626391E-13
7421.61400326234  2.747539E-13
7421.67868644745  2.673482E-13
7421.74336507951  2.715590E-13
7421.80803915828  2.725511E-13
7421.87270868349  2.656968E-13
7421.93737365489  2.615278E-13
7422.00203407223  2.718457E-13
7422.06668993525  2.784704E-13
7422.13134124369  2.755754E-13
7422.1959879973  2.700872E-13
7422.26063019583  2.703568E-13
7422.32526783901  2.670200E-13
7422.38990092661  2.563779E-13
7422.45452945835  2.582684E-13
7422.51915343399  2.761911E-13
7422.58377285328  2.717367E-13
7422.64838771595  2.742029E-13
7422.71299802176  2.662734E-13
7422.77760377044  2.682503E-13
7422.84220496175  2.525436E-13
7422.90680159543  2.586048E-13
7422.97139367123  2.632874E-13
7423.03598118889  2.593201E-13
7423.10056414816  2.536587E-13
7423.16514254878  2.479427E-13
7423.22971639051  2.727857E-13
7423.29428567308  2.484663E-13
7423.35885039625  2.673770E-13
7423.42341055976  2.548873E-13
7423.48796616336  2.435523E-13
7423.55251720678  2.471650E-13
7423.61706368979  2.627940E-13
7423.68160561213  2.490548E-13
7423.74614297353  2.362345E-13
7423.81067577376  2.604888E-13
7423.87520401255  2.453258E-13
7423.93972768966  2.564940E-13
7424.00424680482  2.498903E-13
7424.0687613578  2.458028E-13
7424.13327134832  2.447887E-13
7424.19777677615  2.351544E-13
7424.26227764103  2.341294E-13
7424.3267739427  2.313985E-13
7424.39126568092  2.514187E-13
7424.45575285543  2.545024E-13
7424.52023546597  2.502261E-13
7424.5847135123  2.475768E-13
7424.64918699417  2.571810E-13
7424.71365591131  2.480300E-13
7424.77812026349  2.454349E-13
7424.84258005044  2.450172E-13
7424.90703527191  2.605199E-13
7424.97148592765  2.619625E-13
7425.03593201742  2.499887E-13
7425.10037354095  2.529214E-13
7425.164810498  2.604976E-13
7425.22924288831  2.610129E-13
7425.29367071163  2.485124E-13
7425.35809396772  2.547402E-13
7425.42251265631  2.558944E-13
7425.48692677716  2.433904E-13
7425.55133633002  2.544084E-13
7425.61574131463  2.667923E-13
7425.68014173074  2.490840E-13
7425.7445375781  2.704140E-13
7425.80892885646  2.627123E-13
7425.87331556558  2.562185E-13
7425.93769770519  2.734539E-13
7426.00207527504  2.686113E-13
7426.0664482749  2.766519E-13
7426.13081670449  2.630127E-13
7426.19518056358  2.669708E-13
7426.25953985191  2.726040E-13
7426.32389456924  2.710349E-13
7426.3882447153  2.620705E-13
7426.45259028986  2.754085E-13
7426.51693129265  2.727974E-13
7426.58126772344  2.700385E-13
7426.64559958196  2.701949E-13
7426.70992686797  2.701447E-13
7426.77424958122  2.578166E-13
7426.83856772146  2.952904E-13
7426.90288128843  2.658923E-13
7426.9671902819  2.745128E-13
7427.0314947016  2.727208E-13
7427.09579454728  2.689426E-13
7427.16008981871  2.826718E-13
7427.22438051562  2.827284E-13
7427.28866663777  2.709175E-13
7427.3529481849  2.807110E-13
7427.41722515678  2.831926E-13
7427.48149755314  2.643179E-13
7427.54576537374  2.857621E-13
7427.61002861833  2.761998E-13
7427.67428728666  2.810105E-13
7427.73854137848  2.655714E-13
7427.80279089354  2.715911E-13
7427.8670358316  2.698466E-13
7427.93127619239  2.657578E-13
7427.99551197568  2.758728E-13
7428.05974318121  2.679286E-13
7428.12396980874  2.805459E-13
7428.18819185802  2.726341E-13
7428.25240932879  2.720328E-13
7428.31662222081  2.652571E-13
7428.38083053383  2.666299E-13
7428.4450342676  2.671039E-13
7428.50923342188  2.763619E-13
7428.5734279964  2.774981E-13
7428.63761799094  2.757507E-13
7428.70180340523  2.781952E-13
7428.76598423903  2.738314E-13
7428.83016049208  2.712555E-13
7428.89433216415  2.855716E-13
7428.95849925499  2.676917E-13
7429.02266176434  2.796925E-13
7429.08681969195  2.654966E-13
7429.15097303759  2.856074E-13
7429.215121801  2.744193E-13
7429.27926598192  2.590819E-13
7429.34340558013  2.826790E-13
7429.40754059537  2.687100E-13
7429.47167102738  2.727966E-13
7429.53579687593  2.597597E-13
7429.59991814076  2.826120E-13
7429.66403482163  2.831249E-13
7429.72814691829  2.769910E-13
7429.7922544305  2.790862E-13
7429.85635735799  2.800158E-13
7429.92045570054  2.890384E-13
7429.98454945789  2.810441E-13
7430.04863862979  2.726571E-13
7430.112723216  2.731252E-13
7430.17680321626  2.706594E-13
7430.24087863035  2.734386E-13
7430.30494945799  2.718164E-13
7430.36901569896  2.686544E-13
7430.433077353  2.634972E-13
7430.49713441986  2.650985E-13
7430.5611868993  2.640132E-13
7430.62523479108  2.738699E-13
7430.68927809494  2.740378E-13
7430.75331681064  2.892988E-13
7430.81735093793  2.805245E-13
7430.88138047657  2.773657E-13
7430.94540542632  2.723527E-13
7431.00942578691  2.812310E-13
7431.07344155812  2.584046E-13
7431.13745273968  2.636478E-13
7431.20145933137  2.660876E-13
7431.26546133292  2.694547E-13
7431.3294587441  2.631226E-13
7431.39345156465  2.841564E-13
7431.45743979434  2.671144E-13
7431.52142343292  2.667615E-13
7431.58540248014  2.604725E-13
7431.64937693575  2.542218E-13
7431.71334679952  2.614554E-13
7431.77731207119  2.628705E-13
7431.84127275052  2.664052E-13
7431.90522883726  2.664289E-13
7431.96918033118  2.715706E-13
7432.03312723202  2.489770E-13
7432.09706953954  2.671763E-13
7432.16100725349  2.669397E-13
7432.22494037363  2.639902E-13
7432.28886889971  2.669170E-13
7432.35279283149  2.596428E-13
7432.41671216873  2.580157E-13
7432.48062691118  2.578508E-13
7432.54453705859  2.725930E-13
7432.60844261073  2.569488E-13
7432.67234356734  2.522494E-13
7432.73623992818  2.703132E-13
7432.80013169301  2.552922E-13
7432.86401886158  2.663945E-13
7432.92790143364  2.646572E-13
7432.99177940897  2.612055E-13
7433.0556527873  2.639708E-13
7433.1195215684  2.577139E-13
7433.18338575202  2.746204E-13
7433.24724533792  2.664402E-13
7433.31110032585  2.602088E-13
7433.37495071558  2.664920E-13
7433.43879650684  2.700759E-13
7433.50263769942  2.626907E-13
7433.56647429305  2.662087E-13
7433.6303062875  2.640254E-13
7433.69413368251  2.676114E-13
7433.75795647786  2.803376E-13
7433.82177467329  2.734061E-13
7433.88558826857  2.688615E-13
7433.94939726344  2.808543E-13
7434.01320165767  2.637979E-13
7434.077001451  2.642348E-13
7434.14079664321  2.860960E-13
7434.20458723405  2.651354E-13
7434.26837322326  2.725946E-13
7434.33215461062  2.696634E-13
7434.39593139588  2.680014E-13
7434.45970357878  2.615400E-13
7434.52347115911  2.671931E-13
7434.5872341366  2.680941E-13
7434.65099251101  2.761666E-13
7434.71474628211  2.673602E-13
7434.77849544966  2.705350E-13
7434.8422400134  2.517753E-13
7434.9059799731  2.651932E-13
7434.96971532851  2.737546E-13
7435.03344607939  2.754542E-13
7435.09717222551  2.797374E-13
7435.16089376662  2.706814E-13
7435.22461070246  2.688951E-13
7435.28832303282  2.793145E-13
7435.35203075744  2.580947E-13
7435.41573387607  2.593217E-13
7435.47943238849  2.778397E-13
7435.54312629444  2.812071E-13
7435.60681559369  2.712724E-13
7435.670500286  2.688771E-13
7435.73418037111  2.698670E-13
7435.79785584879  2.717128E-13
7435.86152671881  2.781937E-13
7435.92519298092  2.751793E-13
7435.98885463487  2.667516E-13
7436.05251168042  2.745775E-13
7436.11616411734  2.670216E-13
7436.17981194539  2.665495E-13
7436.24345516432  2.786434E-13
7436.30709377389  2.736283E-13
7436.37072777385  2.667206E-13
7436.43435716399  2.742178E-13
7436.49798194403  2.684542E-13
7436.56160211376  2.733785E-13
7436.62521767293  2.646819E-13
7436.68882862129  2.591414E-13
7436.75243495861  2.615881E-13
7436.81603668465  2.742978E-13
7436.87963379916  2.547940E-13
7436.94322630191  2.634434E-13
7437.00681419265  2.696131E-13
7437.07039747116  2.742629E-13
7437.13397613717  2.787119E-13
7437.19755019046  2.730887E-13
7437.26111963079  2.662362E-13
7437.32468445791  2.697699E-13
7437.38824467158  2.715136E-13
7437.45180027157  2.726430E-13
7437.51535125764  2.742077E-13
7437.57889762954  2.579292E-13
7437.64243938704  2.591080E-13
7437.7059765299  2.707737E-13
7437.76950905788  2.647215E-13
7437.83303697073  2.735502E-13
7437.89656026822  2.789754E-13
7437.96007895012  2.643256E-13
7438.02359301617  2.687017E-13
7438.08710246614  2.885947E-13
7438.1506072998  2.692359E-13
7438.21410751689  2.861594E-13
7438.27760311719  2.727558E-13
7438.34109410046  2.833337E-13
7438.40458046646  2.769563E-13
7438.46806221494  2.743132E-13
7438.53153934567  2.753263E-13
7438.59501185841  2.728410E-13
7438.65847975292  2.738126E-13
7438.72194302896  2.630981E-13
7438.7854016863  2.767941E-13
7438.8488557247  2.774703E-13
7438.91230514391  2.717559E-13
7438.9757499437  2.690538E-13
7439.03919012383  2.709330E-13
7439.10262568407  2.801613E-13
7439.16605662417  2.758255E-13
7439.2294829439  2.831187E-13
7439.29290464302  2.691085E-13
7439.35632172129  2.780467E-13
7439.41973417847  2.665020E-13
7439.48314201432  2.648899E-13
7439.54654522862  2.739411E-13
7439.60994382111  2.727786E-13
7439.67333779157  2.768215E-13
7439.73672713975  2.756408E-13
7439.80011186542  2.821522E-13
7439.86349196834  2.811641E-13
7439.92686744828  2.642628E-13
7439.99023830498  2.737297E-13
7440.05360453823  2.793380E-13
7440.11696614778  2.565395E-13
7440.18032313339  2.644081E-13
7440.24367549483  2.773721E-13
7440.30702323186  2.737638E-13
7440.37036634424  2.782803E-13
7440.43370483174  2.655759E-13
7440.49703869412  2.780606E-13
7440.56036793114  2.705848E-13
7440.62369254257  2.771621E-13
7440.68701252817  2.674933E-13
7440.75032788769  2.860429E-13
7440.81363862092  2.813254E-13
7440.87694472761  2.799701E-13
7440.94024620752  2.718603E-13
7441.00354306042  2.687851E-13
7441.06683528607  2.715078E-13
7441.13012288424  2.623081E-13
7441.19340585468  2.645055E-13
7441.25668419717  2.696170E-13
7441.31995791147  2.608939E-13
7441.38322699734  2.707311E-13
7441.44649145454  2.687253E-13
7441.50975128285  2.607580E-13
7441.57300648202  2.580445E-13
7441.63625705181  2.661122E-13
7441.699502992  2.549041E-13
7441.76274430235  2.668761E-13
7441.82598098262  2.601239E-13
7441.88921303258  2.602672E-13
7441.95244045199  2.560370E-13
7442.01566324061  2.495766E-13
7442.07888139822  2.697196E-13
7442.14209492457  2.436346E-13
7442.20530381943  2.603829E-13
7442.26850808257  2.729772E-13
7442.33170771375  2.507809E-13
7442.39490271273  2.498356E-13
7442.45809307929  2.597229E-13
7442.52127881318  2.583491E-13
7442.58445991418  2.533797E-13
7442.64763638204  2.649885E-13
7442.71080821653  2.645939E-13
7442.77397541742  2.612054E-13
7442.83713798448  2.540488E-13
7442.90029591747  2.548346E-13
7442.96344921615  2.661127E-13
7443.02659788029  2.642190E-13
7443.08974190966  2.707403E-13
7443.15288130402  2.732838E-13
7443.21601606314  2.699271E-13
7443.27914618678  2.686075E-13
7443.34227167472  2.819132E-13
7443.40539252671  2.713849E-13
7443.46850874253  2.689542E-13
7443.53162032193  2.724415E-13
7443.59472726469  2.720354E-13
7443.65782957057  2.746697E-13
7443.72092723934  2.726334E-13
7443.78402027077  2.619399E-13
7443.84710866461  2.683843E-13
7443.91019242065  2.571236E-13
7443.97327153864  2.681905E-13
7444.03634601835  2.579721E-13
7444.09941585954  2.697077E-13
7444.162481062  2.698146E-13
7444.22554162548  2.653655E-13
7444.28859754974  2.704699E-13
7444.35164883457  2.568766E-13
7444.41469547972  2.585138E-13
7444.47773748495  2.655466E-13
7444.54077485005  2.649692E-13
7444.60380757477  2.584541E-13
7444.66683565888  2.706340E-13
7444.72985910216  2.730743E-13
7444.79287790436  2.675315E-13
7444.85589206526  2.742199E-13
7444.91890158462  2.694045E-13
7444.98190646221  2.748557E-13
7445.0449066978  2.639121E-13
7445.10790229116  2.693266E-13
7445.17089324205  2.567534E-13
7445.23387955024  2.646041E-13
7445.29686121551  2.724715E-13
7445.35983823761  2.751922E-13
7445.42281061632  2.706298E-13
7445.4857783514  2.648998E-13
7445.54874144263  2.809095E-13
7445.61169988977  2.739952E-13
7445.67465369259  2.642472E-13
7445.73760285086  2.733333E-13
7445.80054736434  2.766104E-13
7445.86348723281  2.692562E-13
7445.92642245603  2.724605E-13
7445.98935303378  2.753644E-13
7446.05227896582  2.771845E-13
7446.11520025192  2.700670E-13
7446.17811689185  2.616426E-13
7446.24102888538  2.718444E-13
7446.30393623227  2.550730E-13
7446.3668389323  2.750428E-13
7446.42973698524  2.612062E-13
7446.49263039086  2.563438E-13
7446.55551914891  2.580758E-13
7446.61840325918  2.443122E-13
7446.68128272144  2.514535E-13
7446.74415753545  2.387246E-13
7446.80702770098  2.512579E-13
7446.8698932178  2.474020E-13
7446.93275408568  2.490659E-13
7446.9956103044  2.458429E-13
7447.05846187371  2.551319E-13
7447.1213087934  2.399240E-13
7447.18415106322  2.578732E-13
7447.24698868296  2.400153E-13
7447.30982165238  2.452022E-13
7447.37264997126  2.532399E-13
7447.43547363935  2.448590E-13
7447.49829265643  2.526544E-13
7447.56110702228  2.461998E-13
7447.62391673665  2.567994E-13
7447.68672179933  2.456712E-13
7447.74952221009  2.448524E-13
7447.81231796868  2.468466E-13
7447.8751090749  2.659656E-13
7447.93789552849  2.733819E-13
7448.00067732925  2.582300E-13
7448.06345447692  2.574239E-13
7448.1262269713  2.800654E-13
7448.18899481215  2.624959E-13
7448.25175799923  2.618144E-13
7448.31451653233  2.570112E-13
7448.3772704112  2.685966E-13
7448.44001963563  2.647418E-13
7448.50276420539  2.689470E-13
7448.56550412024  2.731219E-13
7448.62823937995  2.662947E-13
7448.69096998431  2.720284E-13
7448.75369593307  2.664913E-13
7448.81641722602  2.584635E-13
7448.87913386292  2.593239E-13
7448.94184584354  2.584485E-13
7449.00455316766  2.607953E-13
7449.06725583505  2.681806E-13
7449.12995384548  2.717517E-13
7449.19264719872  2.754546E-13
7449.25533589454  2.586929E-13
7449.31801993272  2.468474E-13
7449.38069931304  2.505511E-13
7449.44337403525  2.784368E-13
7449.50604409913  2.655082E-13
7449.56870950446  2.678508E-13
7449.631370251  2.705780E-13
7449.69402633854  2.645763E-13
7449.75667776684  2.735623E-13
7449.81932453568  2.554201E-13
7449.88196664482  2.760281E-13
7449.94460409404  2.715704E-13
7450.00723688312  2.659706E-13
7450.06986501182  2.549912E-13
7450.13248847992  2.739870E-13
7450.19510728719  2.684970E-13
7450.25772143341  2.642952E-13
7450.32033091835  2.722156E-13
7450.38293574178  2.742341E-13
7450.44553590347  2.694799E-13
7450.5081314032  2.707066E-13
7450.57072224075  2.624721E-13
7450.63330841587  2.668390E-13
7450.69588992836  2.707307E-13
7450.75846677797  2.722713E-13
7450.8210389645  2.690620E-13
7450.8836064877  2.667865E-13
7450.94616934735  2.668465E-13
7451.00872754323  2.719921E-13
7451.07128107511  2.728576E-13
7451.13382994277  2.602670E-13
7451.19637414597  2.554568E-13
7451.25891368449  2.684331E-13
7451.32144855811  2.683332E-13
7451.38397876661  2.680667E-13
7451.44650430974  2.791824E-13
7451.5090251873  2.736553E-13
7451.57154139905  2.702802E-13
7451.63405294476  2.679145E-13
7451.69655982422  2.719248E-13
7451.7590620372  2.714420E-13
7451.82155958346  2.766403E-13
7451.8840524628  2.742179E-13
7451.94654067497  2.781860E-13
7452.00902421976  2.782719E-13
7452.07150309694  2.709499E-13
7452.13397730629  2.684969E-13
7452.19644684757  2.741349E-13
7452.25891172057  2.740937E-13
7452.32137192506  2.706124E-13
7452.38382746082  2.804860E-13
7452.44627832762  2.710960E-13
7452.50872452524  2.767360E-13
7452.57116605344  2.738681E-13
7452.63360291202  2.740665E-13
7452.69603510073  2.788387E-13
7452.75846261937  2.833118E-13
7452.8208854677  2.788292E-13
7452.8833036455  2.872182E-13
7452.94571715254  2.853482E-13
7453.0081259886  2.677967E-13
7453.07053015346  2.835258E-13
7453.1329296469  2.771731E-13
7453.19532446868  2.688796E-13
7453.25771461859  2.752744E-13
7453.3201000964  2.792204E-13
7453.38248090189  2.761202E-13
7453.44485703482  2.762960E-13
7453.50722849499  2.670033E-13
7453.56959528217  2.749270E-13
7453.63195739613  2.806312E-13
7453.69431483665  2.709005E-13
7453.7566676035  2.807599E-13
7453.81901569647  2.728646E-13
7453.88135911532  2.697629E-13
7453.94369785984  2.683037E-13
7454.0060319298  2.685210E-13
7454.06836132499  2.782329E-13
7454.13068604516  2.662921E-13
7454.19300609012  2.708855E-13
7454.25532145962  2.690637E-13
7454.31763215345  2.734091E-13
7454.37993817139  2.767295E-13
7454.4422395132  2.795746E-13
7454.50453617868  2.714367E-13
7454.5668281676  2.750547E-13
7454.62911547972  2.668479E-13
7454.69139811484  2.705704E-13
7454.75367607274  2.860060E-13
7454.81594935317  2.699536E-13
7454.87821795593  2.692826E-13
7454.9404818808  2.772607E-13
7455.00274112754  2.620383E-13
7455.06499569594  2.659152E-13
7455.12724558578  2.771289E-13
7455.18949079684  2.688959E-13
7455.25173132888  2.627407E-13
7455.3139671817  2.733332E-13
7455.37619835506  2.736551E-13
7455.43842484876  2.609567E-13
7455.50064666255  2.697262E-13
7455.56286379623  2.800015E-13
7455.62507624958  2.715391E-13
7455.68728402236  2.722944E-13
7455.74948711437  2.746254E-13
7455.81168552536  2.710803E-13
7455.87387925514  2.659342E-13
7455.93606830348  2.665603E-13
7455.99825267014  2.711044E-13
7456.06043235493  2.640303E-13
7456.1226073576  2.703782E-13
7456.18477767794  2.850285E-13
7456.24694331574  2.802241E-13
7456.30910427076  2.713952E-13
7456.37126054279  2.852839E-13
7456.43341213162  2.731976E-13
7456.495559037  2.750830E-13
7456.55770125874  2.809541E-13
7456.6198387966  2.836053E-13
7456.68197165037  2.731969E-13
7456.74409981982  2.702257E-13
7456.80622330474  2.766779E-13
7456.8683421049  2.726087E-13
7456.93045622009  2.718248E-13
7456.99256565008  2.737307E-13
7457.05467039465  2.676432E-13
7457.11677045359  2.683237E-13
7457.17886582668  2.627176E-13
7457.24095651369  2.745261E-13
7457.3030425144  2.776170E-13
7457.3651238286  2.713706E-13
7457.42720045606  2.711259E-13
7457.48927239657  2.592311E-13
7457.55133964991  2.726552E-13
7457.61340221585  2.682752E-13
7457.67546009418  2.810898E-13
7457.73751328468  2.589430E-13
7457.79956178712  2.656865E-13
7457.86160560129  2.770231E-13
7457.92364472698  2.879571E-13
7457.98567916395  2.673544E-13
7458.047708912  2.761147E-13
7458.1097339709  2.696674E-13
7458.17175434043  2.625936E-13
7458.23377002038  2.699463E-13
7458.29578101052  2.782083E-13
7458.35778731064  2.577361E-13
7458.41978892052  2.753504E-13
7458.48178583994  2.747221E-13
7458.54377806868  2.697281E-13
7458.60576560652  2.620000E-13
7458.66774845325  2.630813E-13
7458.72972660864  2.773290E-13
7458.79170007249  2.734314E-13
7458.85366884456  2.727490E-13
7458.91563292464  2.688480E-13
7458.97759231251  2.787055E-13
7459.03954700797  2.843737E-13
7459.10149701077  2.740651E-13
7459.16344232072  2.779598E-13
7459.22538293759  2.791199E-13
7459.28731886116  2.676139E-13
7459.34925009122  2.703151E-13
7459.41117662755  2.808641E-13
7459.47309846992  2.645255E-13
7459.53501561813  2.817556E-13
7459.59692807196  2.673925E-13
7459.65883583118  2.628800E-13
7459.72073889559  2.614783E-13
7459.78263726495  2.706097E-13
7459.84453093907  2.550559E-13
7459.90641991771  2.570745E-13
7459.96830420066  2.753187E-13
7460.03018378771  2.572191E-13
7460.09205867864  2.640881E-13
7460.15392887323  2.791307E-13
7460.21579437126  2.708857E-13
7460.27765517252  2.684905E-13
7460.33951127679  2.690856E-13
7460.40136268385  2.801040E-13
7460.46320939349  2.750520E-13
7460.52505140549  2.803813E-13
7460.58688871964  2.750232E-13
7460.64872133571  2.643507E-13
7460.7105492535  2.757659E-13
7460.77237247278  2.712839E-13
7460.83419099333  2.822731E-13
7460.89600481496  2.747392E-13
7460.95781393742  2.786747E-13
7461.01961836052  2.738516E-13
7461.08141808404  2.773247E-13
7461.14321310775  2.662930E-13
7461.20500343145  2.818952E-13
7461.26678905491  2.714576E-13
7461.32856997792  2.717912E-13
7461.39034620027  2.781309E-13
7461.45211772174  2.742762E-13
7461.51388454212  2.695929E-13
7461.57564666118  2.625576E-13
7461.63740407872  2.694307E-13
7461.69915679451  2.747890E-13
7461.76090480836  2.587815E-13
7461.82264812002  2.773741E-13
7461.8843867293  2.819682E-13
7461.94612063598  2.708787E-13
7462.00784983984  2.742483E-13
7462.06957434067  2.647506E-13
7462.13129413825  2.800358E-13
7462.19300923237  2.798925E-13
7462.25471962281  2.704595E-13
7462.31642530936  2.607256E-13
7462.37812629181  2.678611E-13
7462.43982256993  2.483806E-13
7462.50151414352  2.551784E-13
7462.56320101236  2.614268E-13
7462.62488317623  2.669042E-13
7462.68656063493  2.675365E-13
7462.74823338823  2.684792E-13
7462.80990143593  2.653075E-13
7462.87156477781  2.572603E-13
7462.93322341365  2.657918E-13
7462.99487734324  2.574107E-13
7463.05652656637  2.531487E-13
7463.11817108282  2.468944E-13
7463.17981089238  2.485983E-13
7463.24144599483  2.463497E-13
7463.30307638997  2.484439E-13
7463.36470207758  2.401881E-13
7463.42632305744  2.488283E-13
7463.48793932934  2.511425E-13
7463.54955089307  2.502264E-13
7463.61115774841  2.381739E-13
7463.67275989516  2.530981E-13
7463.73435733309  2.539705E-13
7463.795950062  2.550396E-13
7463.85753808166  2.506513E-13
7463.91912139188  2.551857E-13
7463.98069999243  2.497813E-13
7464.04227388311  2.506095E-13
7464.10384306369  2.416055E-13
7464.16540753397  2.570786E-13
7464.22696729373  2.477008E-13
7464.28852234277  2.564014E-13
7464.35007268086  2.497132E-13
7464.4116183078  2.522808E-13
7464.47315922337  2.576013E-13
7464.53469542737  2.603306E-13
7464.59622691957  2.628250E-13
7464.65775369977  2.689065E-13
7464.71927576775  2.630227E-13
7464.78079312331  2.724082E-13
7464.84230576622  2.779764E-13
7464.90381369628  2.654701E-13
7464.96531691328  2.698102E-13
7465.02681541701  2.766513E-13
7465.08830920724  2.767708E-13
7465.14979828378  2.851074E-13
7465.2112826464  2.748698E-13
7465.2727622949  2.625236E-13
7465.33423722907  2.666890E-13
7465.39570744869  2.724434E-13
7465.45717295355  2.794486E-13
7465.51863374344  2.619003E-13
7465.58008981815  2.607032E-13
7465.64154117747  2.821965E-13
7465.70298782119  2.726658E-13
7465.76442974909  2.644837E-13
7465.82586696097  2.632076E-13
7465.88729945661  2.696597E-13
7465.9487272358  2.572145E-13
7466.01015029833  2.800190E-13
7466.071568644  2.723696E-13
7466.13298227259  2.770335E-13
7466.19439118388  2.802187E-13
7466.25579537767  2.726854E-13
7466.31719485375  2.896665E-13
7466.37858961191  2.748306E-13
7466.43997965194  2.694241E-13
7466.50136497362  2.734097E-13
7466.56274557675  2.795922E-13
7466.62412146111  2.757068E-13
7466.6854926265  2.736765E-13
7466.74685907271  2.762805E-13
7466.80822079952  2.712067E-13
7466.86957780673  2.726729E-13
7466.93093009412  2.838585E-13
7466.99227766149  2.765074E-13
7467.05362050862  2.745203E-13
7467.11495863531  2.727536E-13
7467.17629204134  2.871678E-13
7467.23762072652  2.731664E-13
7467.29894469062  2.916904E-13
7467.36026393343  2.692129E-13
7467.42157845476  2.698527E-13
7467.48288825438  2.801392E-13
7467.54419333209  2.780082E-13
7467.60549368769  2.735916E-13
7467.66678932095  2.791599E-13
7467.72808023167  2.779665E-13
7467.78936641965  2.817081E-13
7467.85064788467  2.769495E-13
7467.91192462653  2.688625E-13
7467.97319664501  2.669669E-13
7468.03446393991  2.714592E-13
7468.09572651101  2.635575E-13
7468.15698435812  2.827467E-13
7468.21823748101  2.762961E-13
7468.27948587949  2.685012E-13
7468.34072955334  2.750202E-13
7468.40196850236  2.750746E-13
7468.46320272634  2.737527E-13
7468.52443222506  2.743412E-13
7468.58565699832  2.755018E-13
7468.64687704592  2.730480E-13
7468.70809236764  2.610340E-13
7468.76930296327  2.704636E-13
7468.83050883261  2.647398E-13
7468.89170997545  2.642449E-13
7468.95290639159  2.895001E-13
7469.0140980808  2.758784E-13
7469.0752850429  2.726677E-13
7469.13646727766  2.812973E-13
7469.19764478489  2.654335E-13
7469.25881756436  2.861747E-13
7469.31998561589  2.819700E-13
7469.38114893925  2.762010E-13
7469.44230753424  2.660068E-13
7469.50346140066  2.735738E-13
7469.5646105383  2.688625E-13
7469.62575494694  2.686941E-13
7469.68689462639  2.631734E-13
7469.74802957643  2.721455E-13
7469.80915979686  2.670034E-13
7469.87028528747  2.792732E-13
7469.93140604805  2.632884E-13
7469.9925220784  2.709506E-13
7470.05363337832  2.658248E-13
7470.11473994759  2.789817E-13
7470.175841786  2.687278E-13
7470.23693889336  2.791088E-13
7470.29803126945  2.649974E-13
7470.35911891406  2.865783E-13
7470.42020182701  2.631509E-13
7470.48128000806  2.688306E-13
7470.54235345703  2.679362E-13
7470.60342217369  2.750695E-13
7470.66448615786  2.859216E-13
7470.72554540931  2.814975E-13
7470.78659992786  2.687032E-13
7470.84764971328  2.685205E-13
7470.90869476537  2.836955E-13
7470.96973508393  2.684741E-13
7471.03077066875  2.800863E-13
7471.09180151963  2.644140E-13
7471.15282763636  2.670003E-13
7471.21384901873  2.695527E-13
7471.27486566654  2.758561E-13
7471.33587757959  2.784218E-13
7471.39688475766  2.784223E-13
7471.45788720056  2.703211E-13
7471.51888490807  2.671782E-13
7471.57987788  2.759595E-13
7471.64086611614  2.685265E-13
7471.70184961627  2.599104E-13
7471.76282838021  2.776489E-13
7471.82380240774  2.718349E-13
7471.88477169865  2.729612E-13
7471.94573625275  2.668348E-13
7472.00669606983  2.614689E-13
7472.06765114968  2.784635E-13
7472.1286014921  2.577913E-13
7472.18954709689  2.811107E-13
7472.25048796384  2.735157E-13
7472.31142409273  2.877282E-13
7472.37235548339  2.662580E-13
7472.43328213559  2.715124E-13
7472.49420404913  2.731716E-13
7472.55512122381  2.826759E-13
7472.61603365943  2.833617E-13
7472.67694135577  2.747756E-13
7472.73784431265  2.660147E-13
7472.79874252984  2.668983E-13
7472.85963600716  2.691201E-13
7472.92052474439  2.703729E-13
7472.98140874133  2.825150E-13
7473.04228799778  2.680139E-13
7473.10316251353  2.725276E-13
7473.16403228839  2.778060E-13
7473.22489732214  2.756707E-13
7473.28575761458  2.730633E-13
7473.34661316552  2.769797E-13
7473.40746397474  2.620053E-13
7473.46831004205  2.803476E-13
7473.52915136723  2.679416E-13
7473.5899879501  2.780045E-13
7473.65081979044  2.637741E-13
7473.71164688805  2.817215E-13
7473.77246924273  2.670433E-13
7473.83328685428  2.824843E-13
7473.89409972249  2.661148E-13
7473.95490784716  2.468001E-13
7474.01571122809  2.775056E-13
7474.07650986507  2.632339E-13
7474.13730375791  2.745686E-13
7474.1980929064  2.708832E-13
7474.25887731033  2.742929E-13
7474.31965696951  2.706132E-13
7474.38043188374  2.757119E-13
7474.4412020528  2.699234E-13
7474.50196747651  2.700312E-13
7474.56272815465  2.634921E-13
7474.62348408703  2.798818E-13
7474.68423527344  2.661031E-13
7474.74498171368  2.686965E-13
7474.80572340755  2.743020E-13
7474.86646035485  2.573247E-13
7474.92719255537  2.798056E-13
7474.98792000892  2.802628E-13
7475.04864271529  2.645778E-13
7475.10936067429  2.596640E-13
7475.1700738857  2.668184E-13
7475.23078234933  2.689105E-13
7475.29148606498  2.704591E-13
7475.35218503245  2.672090E-13
7475.41287925153  2.673834E-13
7475.47356872202  2.790578E-13
7475.53425344372  2.767258E-13
7475.59493341644  2.670590E-13
7475.65560863997  2.862823E-13
7475.71627911411  2.846925E-13
7475.77694483866  2.759962E-13
7475.83760581341  2.696194E-13
7475.89826203817  2.868151E-13
7475.95891351274  2.806383E-13
7476.01956023692  2.674613E-13
7476.0802022105  2.720075E-13
7476.14083943329  2.760460E-13
7476.20147190508  2.763948E-13
7476.26209962568  2.762714E-13
7476.32272259488  2.827259E-13
7476.38334081249  2.876974E-13
7476.44395427829  2.752590E-13
7476.50456299211  2.700577E-13
7476.56516695373  2.677827E-13
7476.62576616295  2.777049E-13
7476.68636061958  2.793890E-13
7476.74695032341  2.630174E-13
7476.80753527425  2.602097E-13
7476.86811547189  2.823974E-13
7476.92869091614  2.704520E-13
7476.98926160679  2.514336E-13
7477.04982754365  2.831881E-13
7477.11038872652  2.653357E-13
7477.1709451552  2.677130E-13
7477.23149682948  2.703925E-13
7477.29204374918  2.623647E-13
7477.35258591409  2.680801E-13
7477.413123324  2.647951E-13
7477.47365597873  2.882295E-13
7477.53418387807  2.726124E-13
7477.59470702182  2.533059E-13
7477.65522540979  2.710136E-13
7477.71573904178  2.616345E-13
7477.77624791758  2.775929E-13
7477.83675203701  2.660310E-13
7477.89725139985  2.587565E-13
7477.95774600592  2.578421E-13
7478.01823585501  2.670324E-13
7478.07872094693  2.660355E-13
7478.13920128147  2.712558E-13
7478.19967685844  2.662626E-13
7478.26014767764  2.623615E-13
7478.32061373888  2.750450E-13
7478.38107504195  2.643977E-13
7478.44153158665  2.710823E-13
7478.50198337279  2.772094E-13
7478.56243040017  2.828178E-13
7478.6228726686  2.681609E-13
7478.68331017787  2.719833E-13
7478.74374292779  2.650190E-13
7478.80417091815  2.705266E-13
7478.86459414877  2.617518E-13
7478.92501261944  2.655788E-13
7478.98542632997  2.793766E-13
7479.04583528016  2.796780E-13
7479.10623946981  2.726508E-13
7479.16663889873  2.695041E-13
7479.22703356671  2.671229E-13
7479.28742347356  2.878842E-13
7479.34780861909  2.683027E-13
7479.40818900309  2.715865E-13
7479.46856462537  2.807667E-13
7479.52893548574  2.667635E-13
7479.58930158399  2.695017E-13
7479.64966291993  2.662288E-13
7479.71001949336  2.714430E-13
7479.77037130408  2.691833E-13
7479.83071835191  2.841146E-13
7479.89106063664  2.778916E-13
7479.95139815807  2.653089E-13
7480.01173091602  2.750962E-13
7480.07205891028  2.780929E-13
7480.13238214065  2.717379E-13
7480.19270060695  2.743394E-13
7480.25301430897  2.755552E-13
7480.31332324651  2.691161E-13
7480.3736274194  2.569785E-13
7480.43392682742  2.607278E-13
7480.49422147038  2.723797E-13
7480.55451134808  2.749943E-13
7480.61479646033  2.679495E-13
7480.67507680694  2.772177E-13
7480.73535238771  2.638867E-13
7480.79562320244  2.745515E-13
7480.85588925093  2.702238E-13
7480.916150533  2.618124E-13
7480.97640704844  2.771193E-13
7481.03665879706  2.680505E-13
7481.09690577868  2.750771E-13
7481.15714799307  2.715346E-13
7481.21738544007  2.645474E-13
7481.27761811947  2.781064E-13
7481.33784603106  2.720375E-13
7481.39806917468  2.712593E-13
7481.4582875501  2.746104E-13
7481.51850115715  2.678896E-13
7481.57870999563  2.656232E-13
7481.63891406533  2.658069E-13
7481.69911336607  2.726571E-13
7481.75930789765  2.723915E-13
7481.81949765989  2.754170E-13
7481.87968265257  2.714665E-13
7481.93986287551  2.628803E-13
7482.00003832852  2.677339E-13
7482.0602090114  2.703144E-13
7482.12037492395  2.580762E-13
7482.18053606599  2.552485E-13
7482.24069243732  2.795803E-13
7482.30084403773  2.704580E-13
7482.36099086705  2.492724E-13
7482.42113292508  2.862068E-13
7482.48127021162  2.685656E-13
7482.54140272647  2.703440E-13
7482.60153046945  2.696906E-13
7482.66165344037  2.624542E-13
7482.72177163902  2.702497E-13
7482.78188506521  2.780706E-13
7482.84199371876  2.581411E-13
7482.90209759946  2.661510E-13
7482.96219670713  2.670521E-13
7483.02229104157  2.660581E-13
7483.08238060259  2.676142E-13
7483.14246538999  2.676573E-13
7483.20254540359  2.818981E-13
7483.26262064318  2.509934E-13
7483.32269110858  2.691563E-13
7483.38275679959  2.713693E-13
7483.44281771603  2.660608E-13
7483.50287385769  2.737006E-13
7483.56292522438  2.763697E-13
7483.62297181592  2.616312E-13
7483.68301363211  2.692128E-13
7483.74305067276  2.651705E-13
7483.80308293767  2.688757E-13
7483.86311042665  2.746877E-13
7483.92313313952  2.817396E-13
7483.98315107607  2.650444E-13
7484.04316423612  2.548498E-13
7484.10317261947  2.719127E-13
7484.16317622593  2.691410E-13
7484.22317505532  2.782564E-13
7484.28316910743  2.831905E-13
7484.34315838208  2.724072E-13
7484.40314287908  2.759536E-13
7484.46312259822  2.784655E-13
7484.52309753933  2.703125E-13
7484.58306770221  2.639957E-13
7484.64303308667  2.768888E-13
7484.70299369251  2.692855E-13
7484.76294951955  2.790670E-13
7484.82290056759  2.779525E-13
7484.88284683644  2.883561E-13
7484.94278832592  2.664393E-13
7485.00272503583  2.747046E-13
7485.06265696597  2.692535E-13
7485.12258411617  2.818980E-13
7485.18250648622  2.688876E-13
7485.24242407594  2.775582E-13
7485.30233688513  2.631367E-13
7485.36224491361  2.895316E-13
7485.42214816118  2.631199E-13
7485.48204662766  2.721933E-13
7485.54194031285  2.668280E-13
7485.60182921656  2.483337E-13
7485.6617133386  2.672480E-13
7485.72159267879  2.739203E-13
7485.78146723693  2.557837E-13
7485.84133701282  2.762291E-13
7485.90120200629  2.754246E-13
7485.96106221714  2.738664E-13
7486.02091764518  2.712025E-13
7486.08076829023  2.747432E-13
7486.14061415208  2.733006E-13
7486.20045523055  2.762311E-13
7486.26029152546  2.814540E-13
7486.3201230366  2.678012E-13
7486.3799497638  2.711537E-13
7486.43977170686  2.709792E-13
7486.49958886559  2.791960E-13
7486.55940123981  2.739878E-13
7486.61920882932  2.687482E-13
7486.67901163393  2.779608E-13
7486.73880965346  2.604907E-13
7486.79860288771  2.705283E-13
7486.8583913365  2.734266E-13
7486.91817499964  2.738054E-13
7486.97795387693  2.694190E-13
7487.0377279682  2.866615E-13
7487.09749727325  2.710200E-13
7487.15726179188  2.703677E-13
7487.21702152392  2.660074E-13
7487.27677646918  2.663352E-13
7487.33652662746  2.695876E-13
7487.39627199857  2.604791E-13
7487.45601258234  2.810046E-13
7487.51574837856  2.804343E-13
7487.57547938706  2.657954E-13
7487.63520560764  2.752682E-13
7487.69492704011  2.759582E-13
7487.75464368429  2.594463E-13
7487.81435553999  2.748621E-13
7487.87406260702  2.746410E-13
7487.93376488519  2.739245E-13
7487.99346237431  2.631992E-13
7488.05315507421  2.794351E-13
7488.11284298468  2.676685E-13
7488.17252610554  2.622437E-13
7488.2322044366  2.738073E-13
7488.29187797768  2.655485E-13
7488.35154672858  2.784282E-13
7488.41121068913  2.636613E-13
7488.47086985913  2.848530E-13
7488.53052423839  2.740995E-13
7488.59017382673  2.646923E-13
7488.64981862397  2.760026E-13
7488.7094586299  2.829748E-13
7488.76909384436  2.602078E-13
7488.82872426714  2.605493E-13
7488.88834989806  2.625495E-13
7488.94797073694  2.686487E-13
7489.00758678359  2.564745E-13
7489.06719803782  2.763906E-13
7489.12680449944  2.595115E-13
7489.18640616827  2.585206E-13
7489.24600304412  2.789040E-13
7489.30559512681  2.731334E-13
7489.36518241615  2.698809E-13
7489.42476491194  2.644315E-13
7489.48434261402  2.631550E-13
7489.54391552218  2.753055E-13
7489.60348363624  2.793637E-13
7489.66304695602  2.602582E-13
7489.72260548134  2.709849E-13
7489.78215921199  2.628493E-13
7489.8417081478  2.661922E-13
7489.90125228859  2.693685E-13
7489.96079163416  2.749061E-13
7490.02032618434  2.786043E-13
7490.07985593893  2.708972E-13
7490.13938089774  2.541176E-13
7490.1989010606  2.707366E-13
7490.25841642732  2.670956E-13
7490.31792699771  2.641495E-13
7490.37743277159  2.745306E-13
7490.43693374877  2.654559E-13
7490.49642992907  2.611141E-13
7490.5559213123  2.761307E-13
7490.61540789827  2.747052E-13
7490.6748896868  2.695620E-13
7490.73436667771  2.750661E-13
7490.79383887081  2.673753E-13
7490.85330626592  2.801379E-13
7490.91276886284  2.717778E-13
7490.97222666141  2.503887E-13
7491.03167966142  2.708640E-13
7491.0911278627  2.591220E-13
7491.15057126506  2.587830E-13
7491.21000986832  2.688039E-13
7491.2694436723  2.595576E-13
7491.3288726768  2.757228E-13
7491.38829688164  2.692005E-13
7491.44771628665  2.714291E-13
7491.50713089163  2.741863E-13
7491.5665406964  2.681627E-13
7491.62594570078  2.738004E-13
7491.68534590458  2.679955E-13
7491.74474130762  2.590670E-13
7491.80413190972  2.757825E-13
7491.86351771069  2.550161E-13
7491.92289871034  2.602709E-13
7491.9822749085  2.530550E-13
7492.04164630498  2.643970E-13
7492.1010128996  2.551808E-13
7492.16037469217  2.524855E-13
7492.2197316825  2.662236E-13
7492.27908387043  2.773628E-13
7492.33843125575  2.656147E-13
7492.3977738383  2.566131E-13
7492.45711161788  2.481906E-13
7492.51644459432  2.664642E-13
7492.57577276742  2.586529E-13
7492.63509613702  2.673328E-13
7492.69441470291  2.580543E-13
7492.75372846493  2.481628E-13
7492.81303742288  2.704105E-13
7492.87234157659  2.528260E-13
7492.93164092588  2.680595E-13
7492.99093547055  2.622884E-13
7493.05022521043  2.552214E-13
7493.10951014533  2.594922E-13
7493.16879027508  2.574100E-13
7493.22806559948  2.572758E-13
7493.28733611837  2.606687E-13
7493.34660183155  2.667839E-13
7493.40586273884  2.644333E-13
7493.46511884007  2.644035E-13
7493.52437013504  2.454790E-13
7493.58361662358  2.827964E-13
7493.6428583055  2.700721E-13
7493.70209518063  2.467698E-13
7493.76132724877  2.862958E-13
7493.82055450976  2.657512E-13
7493.8797769634  2.561156E-13
7493.93899460952  2.656638E-13
7493.99820744794  2.748280E-13
7494.05741547846  2.694330E-13
7494.11661870092  2.791362E-13
7494.17581711513  2.849164E-13
7494.2350107209  2.670523E-13
7494.29419951807  2.828276E-13
7494.35338350644  2.709722E-13
7494.41256268583  2.587426E-13
7494.47173705607  2.630566E-13
7494.53090661697  2.719694E-13
7494.59007136835  2.721523E-13
7494.64923131003  2.717954E-13
7494.70838644184  2.714047E-13
7494.76753676358  2.741687E-13
7494.82668227508  2.597240E-13
7494.88582297616  2.617031E-13
7494.94495886663  2.670068E-13
7495.00408994633  2.604756E-13
7495.06321621506  2.804224E-13
7495.12233767264  2.781835E-13
7495.18145431891  2.701392E-13
7495.24056615366  2.615604E-13
7495.29967317673  2.635798E-13
7495.35877538794  2.539076E-13
7495.4178727871  2.666507E-13
7495.47696537403  2.755635E-13
7495.53605314857  2.591504E-13
7495.59513611051  2.513457E-13
7495.6542142597  2.646749E-13
7495.71328759593  2.577424E-13
7495.77235611905  2.551550E-13
7495.83141982886  2.489926E-13
7495.89047872518  2.424418E-13
7495.94953280784  2.547917E-13
7496.00858207666  2.429009E-13
7496.06762653147  2.414649E-13
7496.12666617206  2.338624E-13
7496.18570099828  2.461057E-13
7496.24473100994  2.484501E-13
7496.30375620686  2.442873E-13
7496.36277658886  2.327305E-13
7496.42179215577  2.481104E-13
7496.4808029074  2.447246E-13
7496.53980884357  2.425852E-13
7496.59880996411  2.644051E-13
7496.65780626884  2.572310E-13
7496.71679775758  2.572842E-13
7496.77578443015  2.532509E-13
7496.83476628637  2.510382E-13
7496.89374332607  2.414732E-13
7496.95271554906  2.517933E-13
7497.01168295517  2.534087E-13
7497.07064554421  2.454710E-13
7497.12960331602  2.475086E-13
7497.18855627041  2.518453E-13
7497.2475044072  2.451331E-13
7497.30644772622  2.711471E-13
7497.36538622729  2.617829E-13
7497.42431991022  2.522459E-13
7497.48324877485  2.508987E-13
7497.54217282099  2.650574E-13
7497.60109204847  2.815212E-13
7497.66000645711  2.579368E-13
7497.71891604673  2.656049E-13
7497.77782081715  2.653465E-13
7497.8367207682  2.736675E-13
7497.8956158997  2.794756E-13
7497.95450621147  2.754470E-13
7498.01339170334  2.817683E-13
7498.07227237511  2.766807E-13
7498.13114822664  2.745383E-13
7498.19001925772  2.707245E-13
7498.24888546819  2.779342E-13
7498.30774685787  2.699195E-13
7498.36660342658  2.573688E-13
7498.42545517414  2.592259E-13
7498.48430210039  2.626767E-13
7498.54314420513  2.667223E-13
7498.6019814882  2.867483E-13
7498.66081394941  2.715264E-13
7498.7196415886  2.789180E-13
7498.77846440559  2.694338E-13
7498.83728240019  2.665137E-13
7498.89609557223  2.759367E-13
7498.95490392154  2.823680E-13
7499.01370744794  2.665238E-13
7499.07250615126  2.617947E-13
7499.13130003131  2.768151E-13
7499.19008908792  2.839033E-13
7499.24887332092  2.660785E-13
7499.30765273013  2.684306E-13
7499.36642731537  2.790877E-13
7499.42519707647  2.748036E-13
7499.48396201326  2.747140E-13
7499.54272212555  2.844850E-13
7499.60147741317  2.691977E-13
7499.66022787594  2.745399E-13
7499.7189735137  2.704505E-13
7499.77771432626  2.740503E-13
7499.83645031345  2.703312E-13
7499.8951814751  2.670449E-13
7499.95390781102  2.607864E-13
7500.01262932105  2.711932E-13
7500.071346005  2.615409E-13
7500.13005786271  2.822268E-13
7500.188764894  2.723945E-13
7500.2474670987  2.544253E-13
7500.30616447662  2.844706E-13
7500.36485702759  2.649856E-13
7500.42354475145  2.557019E-13
7500.48222764801  2.598079E-13
7500.5409057171  2.760314E-13
7500.59957895855  2.812843E-13
7500.65824737217  2.632480E-13
7500.71691095781  2.731186E-13
7500.77556971527  2.731267E-13
7500.8342236444  2.744015E-13
7500.89287274501  2.754258E-13
7500.95151701693  2.664924E-13
7501.01015645999  2.826583E-13
7501.068791074  2.705959E-13
7501.12742085881  2.486632E-13
7501.18604581423  2.822198E-13
7501.24466594009  2.638526E-13
7501.30328123621  2.644775E-13
7501.36189170243  2.620609E-13
7501.42049733857  2.833885E-13
7501.47909814446  2.680174E-13
7501.53769411991  2.756128E-13
7501.59628526477  2.745428E-13
7501.65487157885  2.768178E-13
7501.71345306198  2.785389E-13
7501.77202971399  2.624811E-13
7501.83060153471  2.651883E-13
7501.88916852396  2.640693E-13
7501.94773068157  2.648233E-13
7502.00628800736  2.706278E-13
7502.06484050117  2.701411E-13
7502.12338816282  2.676700E-13
7502.18193099214  2.630367E-13
7502.24046898895  2.752148E-13
7502.29900215308  2.678458E-13
7502.35753048437  2.630912E-13
7502.41605398263  2.696081E-13
7502.4745726477  2.727353E-13
7502.5330864794  2.726085E-13
7502.59159547756  2.645864E-13
7502.650099642  2.701352E-13
7502.70859897256  2.481357E-13
7502.76709346907  2.632500E-13
7502.82558313135  2.587669E-13
7502.88406795922  2.820337E-13
7502.94254795252  2.794196E-13
7503.00102311108  2.668377E-13
7503.05949343472  2.682754E-13
7503.11795892327  2.815747E-13
7503.17641957656  2.717230E-13
7503.23487539442  2.795262E-13
7503.29332637668  2.662328E-13
7503.35177252316  2.800756E-13
7503.41021383369  2.669330E-13
7503.46865030811  2.574086E-13
7503.52708194624  2.733210E-13
7503.5855087479  2.782809E-13
7503.64393071294  2.637311E-13
7503.70234784117  2.725132E-13
7503.76076013243  2.815852E-13
7503.81916758654  2.726436E-13
7503.87757020333  2.859824E-13
7503.93596798264  2.538575E-13
7503.9943609243  2.674781E-13
7504.05274902812  2.656036E-13
7504.11113229394  2.695717E-13
7504.1695107216  2.693330E-13
7504.22788431091  2.587982E-13
7504.28625306171  2.695822E-13
7504.34461697383  2.581851E-13
7504.40297604709  2.655735E-13
7504.46133028134  2.716511E-13
7504.51967967639  2.584535E-13
7504.57802423208  2.743864E-13
7504.63636394824  2.717323E-13
7504.69469882469  2.640802E-13
7504.75302886127  2.538848E-13
7504.81135405781  2.644312E-13
7504.86967441413  2.578859E-13
7504.92798993008  2.851410E-13
7504.98630060546  2.744982E-13
7505.04460644013  2.735715E-13
7505.1029074339  2.606408E-13
7505.16120358662  2.701180E-13
7505.2194948981  2.633989E-13
7505.27778136818  2.654080E-13
7505.33606299669  2.604074E-13
7505.39433978346  2.493080E-13
7505.45261172833  2.755347E-13
7505.51087883111  2.738147E-13
7505.56914109165  2.664110E-13
7505.62739850977  2.550434E-13
7505.68565108531  2.647285E-13
7505.74389881809  2.759861E-13
7505.80214170795  2.700295E-13
7505.86037975472  2.684036E-13
7505.91861295823  2.846334E-13
7505.97684131831  2.627842E-13
7506.03506483479  2.732878E-13
7506.09328350751  2.572878E-13
7506.15149733629  2.676227E-13
7506.20970632096  2.717603E-13
7506.26791046137  2.619783E-13
7506.32610975734  2.837981E-13
7506.38430420869  2.567385E-13
7506.44249381527  2.684366E-13
7506.50067857691  2.660048E-13
7506.55885849343  2.760596E-13
7506.61703356468  2.497778E-13
7506.67520379047  2.694859E-13
7506.73336917065  2.663226E-13
7506.79152970504  2.587406E-13
7506.84968539348  2.605428E-13
7506.9078362358  2.698156E-13
7506.96598223184  2.515605E-13
7507.02412338142  2.764537E-13
7507.08225968437  2.517868E-13
7507.14039114054  2.752316E-13
7507.19851774975  2.745287E-13
7507.25663951184  2.756752E-13
7507.31475642663  2.620197E-13
7507.37286849397  2.658801E-13
7507.43097571367  2.484493E-13
7507.48907808559  2.691311E-13
7507.54717560954  2.749232E-13
7507.60526828537  2.653640E-13
7507.66335611291  2.734371E-13
7507.72143909198  2.580360E-13
7507.77951722243  2.587033E-13
7507.83759050408  2.633965E-13
7507.89565893677  2.670598E-13
7507.95372252033  2.652970E-13
7508.0117812546  2.624795E-13
7508.06983513941  2.639593E-13
7508.1278841746  2.586734E-13
7508.18592835998  2.536590E-13
7508.24396769542  2.569468E-13
7508.30200218072  2.699270E-13
7508.36003181574  2.498019E-13
7508.41805660029  2.686749E-13
7508.47607653423  2.627401E-13
7508.53409161737  2.613334E-13
7508.59210184956  2.614745E-13
7508.65010723063  2.709959E-13
7508.70810776041  2.447328E-13
7508.76610343874  2.832507E-13
7508.82409426545  2.697275E-13
7508.88208024037  2.753984E-13
7508.94006136335  2.534388E-13
7508.99803763422  2.666551E-13
7509.0560090528  2.524417E-13
7509.11397561894  2.593091E-13
7509.17193733247  2.670443E-13
7509.22989419322  2.599366E-13
7509.28784620104  2.629756E-13
7509.34579335574  2.493552E-13
7509.40373565718  2.744723E-13
7509.46167310518  2.700519E-13
7509.51960569958  2.575538E-13
7509.57753344021  2.846711E-13
7509.63545632692  2.583795E-13
7509.69337435953  2.743929E-13
7509.75128753788  2.884556E-13
7509.80919586181  2.646816E-13
7509.86709933115  2.682539E-13
7509.92499794574  2.822794E-13
7509.98289170541  2.627683E-13
7510.04078061  2.792171E-13
7510.09866465935  2.639871E-13
7510.15654385328  2.760593E-13
7510.21441819164  2.586221E-13
7510.27228767427  2.856697E-13
7510.33015230099  2.765276E-13
7510.38801207165  2.831399E-13
7510.44586698608  2.791378E-13
7510.50371704411  2.794052E-13
7510.56156224559  2.826672E-13
7510.61940259035  2.758400E-13
7510.67723807823  2.710501E-13
7510.73506870905  2.756934E-13
7510.79289448267  2.722243E-13
7510.85071539891  2.679108E-13
7510.90853145761  2.658450E-13
7510.96634265862  2.685361E-13
7511.02414900175  2.696356E-13
7511.08195048687  2.741608E-13
7511.13974711379  2.498896E-13
7511.19753888236  2.730145E-13
7511.25532579241  2.806644E-13
7511.31310784378  2.493674E-13
7511.37088503631  2.774187E-13
7511.42865736984  2.661435E-13
7511.4864248442  2.593261E-13
7511.54418745923  2.459287E-13
7511.60194521476  2.610192E-13
7511.65969811064  2.214679E-13
7511.71744614671  2.475144E-13
7511.77518932279  2.533129E-13
7511.83292763873  2.472304E-13
7511.89066109437  2.482381E-13
7511.94838968954  2.452136E-13
7512.00611342408  2.272211E-13
7512.06383229783  2.378570E-13
7512.12154631063  2.654543E-13
7512.17925546231  2.595724E-13
7512.23695975271  2.375651E-13
7512.29465918168  2.495156E-13
7512.35235374905  2.353676E-13
7512.41004345465  2.366078E-13
7512.46772829833  2.517839E-13
7512.52540827993  2.256949E-13
7512.58308339928  2.373679E-13
7512.64075365622  2.504057E-13
7512.69841905059  2.338928E-13
7512.75607958223  2.562389E-13
7512.81373525099  2.398408E-13
7512.87138605668  2.420259E-13
7512.92903199916  2.416956E-13
7512.98667307827  2.445436E-13
7513.04430929384  2.412678E-13
7513.10194064571  2.282959E-13
7513.15956713373  2.574087E-13
7513.21718875772  2.621459E-13
7513.27480551754  2.506587E-13
7513.33241741301  2.646664E-13
7513.39002444399  2.683120E-13
7513.4476266103  2.463200E-13
7513.5052239118  2.623435E-13
7513.5628163483  2.714368E-13
7513.62040391967  2.675160E-13
7513.67798662573  2.628354E-13
7513.73556446633  2.759827E-13
7513.79313744131  2.691352E-13
7513.85070555051  2.636081E-13
7513.90826879375  2.604547E-13
7513.9658271709  2.668338E-13
7514.02338068178  2.783068E-13
7514.08092932624  2.623014E-13
7514.13847310412  2.837700E-13
7514.19601201525  2.669189E-13
7514.25354605948  2.663783E-13
7514.31107523665  2.750900E-13
7514.3685995466  2.690366E-13
7514.42611898916  2.723604E-13
7514.48363356419  2.677786E-13
