7704.97419936937  2.664691E-13
7705.04544200184  2.869368E-13
7705.11668010239  2.779495E-13
7705.18791367072  2.809864E-13
7705.2591427065  2.844155E-13
7705.33036720942  2.732955E-13
7705.40158717915  2.655855E-13
7705.47280261537  2.775152E-13
7705.54401351776  2.738954E-13
7705.61521988601  2.721536E-13
7705.68642171979  2.717553E-13
7705.75761901879  2.696995E-13
7705.82881178268  2.728678E-13
7705.90000001114  2.795509E-13
7705.97118370386  2.635778E-13
7706.04236286052  2.773611E-13
7706.11353748079  2.832688E-13
7706.18470756437  2.733140E-13
7706.25587311092  2.788013E-13
7706.32703412012  2.745886E-13
7706.39819059167  2.792366E-13
7706.46934252525  2.701634E-13
7706.54048992052  2.633282E-13
7706.61163277718  2.787110E-13
7706.6827710949  2.758995E-13
7706.75390487337  2.599781E-13
7706.82503411227  2.698256E-13
7706.89615881128  2.852744E-13
7706.96727897008  2.718198E-13
7707.03839458835  2.739595E-13
7707.10950566578  2.728549E-13
7707.18061220203  2.843127E-13
7707.25171419681  2.841374E-13
7707.32281164979  2.540770E-13
7707.39390456065  2.770593E-13
7707.46499292907  2.826486E-13
7707.53607675474  2.693170E-13
7707.60715603734  2.651721E-13
7707.67823077655  2.719322E-13
7707.74930097205  2.622441E-13
7707.82036662352  2.631314E-13
7707.89142773065  2.657932E-13
7707.96248429313  2.818662E-13
7708.03353631062  2.952611E-13
7708.10458378282  2.720152E-13
7708.1756267094  2.685591E-13
7708.24666509006  2.771839E-13
7708.31769892447  2.763169E-13
7708.38872821232  2.843173E-13
7708.45975295328  2.757371E-13
7708.53077314705  2.781313E-13
7708.6017887933  2.763809E-13
7708.67279989173  2.906209E-13
7708.743806442  2.782180E-13
7708.81480844381  2.909766E-13
7708.88580589683  2.646972E-13
7708.95679880076  2.704994E-13
7709.02778715528  2.617680E-13
7709.09877096006  2.861787E-13
7709.1697502148  2.938187E-13
7709.24072491917  2.725093E-13
7709.31169507287  2.662242E-13
7709.38266067556  2.780544E-13
7709.45362172695  2.852224E-13
7709.52457822671  2.644639E-13
7709.59553017453  2.821679E-13
7709.66647757008  2.671613E-13
7709.73742041306  2.700097E-13
7709.80835870315  2.755066E-13
7709.87929244003  2.781042E-13
7709.95022162339  2.738627E-13
7710.02114625291  2.826711E-13
7710.09206632828  2.610801E-13
7710.16298184918  2.708321E-13
7710.2338928153  2.908763E-13
7710.30479922632  2.808150E-13
7710.37570108192  2.822310E-13
7710.4465983818  2.582333E-13
7710.51749112563  2.688216E-13
7710.5883793131  2.674239E-13
7710.6592629439  2.784237E-13
7710.73014201771  2.759976E-13
7710.80101653421  2.761740E-13
7710.8718864931  2.552692E-13
7710.94275189406  2.872384E-13
7711.01361273676  2.653100E-13
7711.08446902091  2.572554E-13
7711.15532074618  2.658552E-13
7711.22616791225  2.570085E-13
7711.29701051883  2.619278E-13
7711.36784856558  2.632372E-13
7711.4386820522  2.729881E-13
7711.50951097837  2.630545E-13
7711.58033534378  2.602081E-13
7711.65115514812  2.598518E-13
7711.72197039107  2.746403E-13
7711.79278107232  2.636518E-13
7711.86358719154  2.680197E-13
7711.93438874844  2.650515E-13
7712.0051857427  2.778970E-13
7712.075978174  2.583233E-13
7712.14676604202  2.618169E-13
7712.21754934647  2.707417E-13
7712.28832808701  2.610932E-13
7712.35910226335  2.548403E-13
7712.42987187516  2.545818E-13
7712.50063692214  2.594798E-13
7712.57139740396  2.620997E-13
7712.64215332033  2.712885E-13
7712.71290467091  2.631009E-13
7712.78365145541  2.725344E-13
7712.85439367351  2.504214E-13
7712.9251313249  2.643364E-13
7712.99586440925  2.712718E-13
7713.06659292627  2.680922E-13
7713.13731687564  2.744884E-13
7713.20803625704  2.702675E-13
7713.27875107017  2.598772E-13
7713.34946131471  2.709965E-13
7713.42016699035  2.611808E-13
7713.49086809677  2.796108E-13
7713.56156463367  2.627176E-13
7713.63225660074  2.649668E-13
7713.70294399766  2.593157E-13
7713.77362682411  2.698444E-13
7713.84430507979  2.675394E-13
7713.91497876439  2.635605E-13
7713.9856478776  2.663093E-13
7714.05631241909  2.777525E-13
7714.12697238857  2.700226E-13
7714.19762778571  2.762869E-13
7714.26827861022  2.743251E-13
7714.33892486177  2.876581E-13
7714.40956654006  2.838500E-13
7714.48020364477  2.761816E-13
7714.5508361756  2.687300E-13
7714.62146413223  2.719403E-13
7714.69208751435  2.855165E-13
7714.76270632166  2.706117E-13
7714.83332055383  2.738032E-13
7714.90393021056  2.780584E-13
7714.97453529154  2.684968E-13
7715.04513579646  2.778740E-13
7715.115731725  2.658423E-13
7715.18632307687  2.594343E-13
7715.25690985174  2.587937E-13
7715.3274920493  2.619394E-13
7715.39806966925  2.708407E-13
7715.46864271128  2.754772E-13
7715.53921117507  2.612970E-13
7715.60977506032  2.602197E-13
7715.68033436671  2.590799E-13
7715.75088909394  2.626680E-13
7715.8214392417  2.796219E-13
7715.89198480967  2.565634E-13
7715.96252579755  2.518039E-13
7716.03306220502  2.680921E-13
7716.10359403179  2.487045E-13
7716.17412127752  2.555236E-13
7716.24464394193  2.660031E-13
7716.3151620247  2.646245E-13
7716.38567552551  2.556888E-13
7716.45618444407  2.579141E-13
7716.52668878006  2.658219E-13
7716.59718853317  2.570879E-13
7716.66768370309  2.565024E-13
7716.73817428952  2.679951E-13
7716.80866029214  2.851384E-13
7716.87914171064  2.901143E-13
7716.94961854473  2.718085E-13
7717.02009079408  2.879167E-13
7717.0905584584  2.772614E-13
7717.16102153736  2.556828E-13
7717.23148003067  2.654122E-13
7717.30193393802  2.639473E-13
7717.37238325909  2.716747E-13
7717.44282799358  2.665037E-13
7717.51326814118  2.871663E-13
7717.58370370158  2.712994E-13
7717.65413467447  2.806884E-13
7717.72456105955  2.757493E-13
7717.79498285651  2.808464E-13
7717.86540006504  2.847518E-13
7717.93581268483  2.784396E-13
7718.00622071558  2.657501E-13
7718.07662415697  2.959384E-13
7718.1470230087  2.727828E-13
7718.21741727046  2.690086E-13
7718.28780694196  2.755454E-13
7718.35819202286  2.832343E-13
7718.42857251287  2.817886E-13
7718.49894841169  2.834945E-13
7718.56931971901  2.929632E-13
7718.63968643451  2.566371E-13
7718.71004855789  2.951276E-13
7718.78040608885  2.815018E-13
7718.85075902707  2.718012E-13
7718.92110737225  2.676789E-13
7718.99145112409  2.797857E-13
7719.06179028228  2.746386E-13
7719.1321248465  2.681880E-13
7719.20245481646  2.696678E-13
7719.27278019185  2.804822E-13
7719.34310097236  2.702266E-13
7719.41341715768  2.698225E-13
7719.48372874751  2.771138E-13
7719.55403574155  2.655561E-13
7719.62433813948  2.788056E-13
7719.694635941  2.797554E-13
7719.7649291458  2.728684E-13
7719.83521775358  2.821061E-13
7719.90550176404  2.710512E-13
7719.97578117686  2.843906E-13
7720.04605599174  2.740625E-13
7720.11632620838  2.808080E-13
7720.18659182647  2.800377E-13
7720.2568528457  2.768547E-13
7720.32710926576  2.648368E-13
7720.39736108637  2.725733E-13
7720.4676083072  2.748208E-13
7720.53785092795  2.756700E-13
7720.60808894832  2.748845E-13
7720.678322368  2.676360E-13
7720.74855118669  2.803557E-13
7720.81877540408  2.605680E-13
7720.88899501988  2.760295E-13
7720.95921003376  2.794354E-13
7721.02942044543  2.781583E-13
7721.09962625458  2.780774E-13
7721.16982746091  2.831506E-13
7721.24002406412  2.655784E-13
7721.3102160639  2.754459E-13
7721.38040345994  2.856592E-13
7721.45058625194  2.688821E-13
7721.52076443959  2.740298E-13
7721.59093802261  2.822639E-13
7721.66110700067  2.728057E-13
7721.73127137347  2.748942E-13
7721.80143114071  2.724595E-13
7721.87158630209  2.849258E-13
7721.9417368573  2.833514E-13
7722.01188280604  2.756457E-13
7722.08202414801  2.614879E-13
7722.1521608829  2.842319E-13
7722.2222930104  2.861152E-13
7722.29242053022  2.858674E-13
7722.36254344205  2.888215E-13
7722.43266174558  2.855290E-13
7722.50277544052  2.796073E-13
7722.57288452657  2.871756E-13
7722.6429890034  2.792545E-13
7722.71308887074  2.799986E-13
7722.78318412826  2.816249E-13
7722.85327477567  2.817450E-13
7722.92336081267  2.711811E-13
7722.99344223895  2.845266E-13
7723.06351905421  2.829201E-13
7723.13359125815  2.686955E-13
7723.20365885046  2.807629E-13
7723.27372183085  2.725187E-13
7723.343780199  2.760342E-13
7723.41383395463  2.804227E-13
7723.48388309741  2.784514E-13
7723.55392762706  2.758868E-13
7723.62396754327  2.958690E-13
7723.69400284574  2.843945E-13
7723.76403353416  2.588656E-13
7723.83405960824  2.622315E-13
7723.90408106767  2.817059E-13
7723.97409791215  2.766459E-13
7724.04411014138  2.785080E-13
7724.11411775505  2.692608E-13
7724.18412075288  2.743766E-13
7724.25411913454  2.610010E-13
7724.32411289975  2.542658E-13
7724.39410204819  2.504373E-13
7724.46408657958  2.667837E-13
7724.5340664936  2.798580E-13
7724.60404178996  2.742741E-13
7724.67401246836  2.717265E-13
7724.7439785285  2.726145E-13
7724.81393997006  2.624779E-13
7724.88389679276  2.784755E-13
7724.95384899628  2.753688E-13
7725.02379658034  2.756712E-13
7725.09373954463  2.749636E-13
7725.16367788885  2.785256E-13
7725.2336116127  2.740038E-13
7725.30354071587  2.875416E-13
7725.37346519808  2.707467E-13
7725.443385059  2.741366E-13
7725.51330029836  2.924394E-13
7725.58321091584  2.824024E-13
7725.65311691115  2.747336E-13
7725.72301828399  2.818847E-13
7725.79291503405  2.759522E-13
7725.86280716104  2.776805E-13
7725.93269466465  2.876776E-13
7726.00257754459  2.837839E-13
7726.07245580055  2.818186E-13
7726.14232943225  2.782775E-13
7726.21219843937  2.714054E-13
7726.28206282162  2.811719E-13
7726.35192257869  2.790728E-13
7726.4217777103  2.819679E-13
7726.49162821613  2.779662E-13
7726.56147409589  2.778848E-13
7726.63131534928  2.823966E-13
7726.70115197601  2.724298E-13
7726.77098397577  2.860318E-13
7726.84081134826  2.777712E-13
7726.91063409318  2.868783E-13
7726.98045221024  2.776047E-13
7727.05026569914  2.843816E-13
7727.12007455957  2.832866E-13
7727.18987879125  2.832601E-13
7727.25967839386  2.882884E-13
7727.32947336712  2.873639E-13
7727.39926371071  2.761378E-13
7727.46904942436  2.812728E-13
7727.53883050775  2.822546E-13
7727.60860696059  2.819919E-13
7727.67837878258  2.816001E-13
7727.74814597342  2.787910E-13
7727.81790853281  2.754858E-13
7727.88766646046  2.734429E-13
7727.95741975607  2.685949E-13
7728.02716841934  2.761623E-13
7728.09691244997  2.724234E-13
7728.16665184767  2.751678E-13
7728.23638661213  2.697995E-13
7728.30611674306  2.731828E-13
7728.37584224017  2.683075E-13
7728.44556310314  2.676461E-13
7728.5152793317  2.639357E-13
7728.58499092554  2.621933E-13
7728.65469788435  2.557532E-13
7728.72440020785  2.625659E-13
7728.79409789574  2.665767E-13
7728.86379094773  2.598755E-13
7728.9334793635  2.703099E-13
7729.00316314277  2.686665E-13
7729.07284228525  2.606836E-13
7729.14251679062  2.701174E-13
7729.21218665861  2.603514E-13
7729.2818518889  2.685985E-13
7729.3515124812  2.613305E-13
7729.42116843523  2.639906E-13
7729.49081975068  2.670840E-13
7729.56046642724  2.751875E-13
7729.63010846464  2.614356E-13
7729.69974586257  2.652958E-13
7729.76937862073  2.658047E-13
7729.83900673884  2.744072E-13
7729.90863021659  2.729660E-13
7729.97824905368  2.777483E-13
7730.04786324983  2.696943E-13
7730.11747280473  2.769285E-13
7730.1870777181  2.874955E-13
7730.25667798963  2.599450E-13
7730.32627361902  2.732680E-13
7730.395864606  2.852378E-13
7730.46545095024  2.833265E-13
7730.53503265147  2.740835E-13
7730.60460970939  2.771489E-13
7730.67418212371  2.756605E-13
7730.74374989411  2.915885E-13
7730.81331302032  2.800002E-13
7730.88287150204  2.696125E-13
7730.95242533897  2.685695E-13
7731.02197453081  2.709714E-13
7731.09151907728  2.815115E-13
7731.16105897807  2.597304E-13
7731.2305942329  2.750236E-13
7731.30012484146  2.797378E-13
7731.36965080347  2.827867E-13
7731.43917211863  2.770910E-13
7731.50868878664  2.767138E-13
7731.57820080721  2.792459E-13
7731.64770818005  2.724611E-13
7731.71721090486  2.907262E-13
7731.78670898134  2.729679E-13
7731.85620240921  2.873043E-13
7731.92569118817  2.859540E-13
7731.99517531792  2.790260E-13
7732.06465479818  2.754793E-13
7732.13412962864  2.952709E-13
7732.20359980902  2.763986E-13
7732.27306533902  2.711465E-13
7732.34252621834  2.784060E-13
7732.41198244669  2.747098E-13
7732.48143402379  2.689676E-13
7732.55088094933  2.900877E-13
7732.62032322303  2.884845E-13
7732.68976084458  2.859845E-13
7732.75919381371  2.831610E-13
7732.8286221301  2.763056E-13
7732.89804579348  2.846693E-13
7732.96746480354  2.817396E-13
7733.03687916  2.762676E-13
7733.10628886256  2.797044E-13
7733.17569391092  2.653581E-13
7733.24509430481  2.720938E-13
7733.31449004392  2.647828E-13
7733.38388112795  2.700259E-13
7733.45326755663  2.734588E-13
7733.52264932965  2.722821E-13
7733.59202644673  2.660993E-13
7733.66139890756  2.853652E-13
7733.73076671187  2.788988E-13
7733.80012985935  2.762040E-13
7733.86948834972  2.779596E-13
7733.93884218268  2.695651E-13
7734.00819135795  2.696474E-13
7734.07753587522  2.762236E-13
7734.14687573421  2.676066E-13
7734.21621093462  2.817356E-13
7734.28554147617  2.625440E-13
7734.35486735856  2.798308E-13
7734.4241885815  2.861464E-13
7734.49350514469  2.673522E-13
7734.56281704786  2.755534E-13
7734.63212429071  2.729089E-13
7734.70142687293  2.855018E-13
7734.77072479426  2.853590E-13
7734.84001805438  2.780821E-13
7734.90930665302  2.676098E-13
7734.97859058988  2.713552E-13
7735.04786986467  2.793723E-13
7735.11714447709  2.989275E-13
7735.18641442687  2.720475E-13
7735.2556797137  2.695036E-13
7735.32494033731  2.777598E-13
7735.39419629738  2.886459E-13
7735.46344759364  2.742871E-13
7735.5326942258  2.745983E-13
7735.60193619357  2.691875E-13
7735.67117349664  2.754175E-13
7735.74040613475  2.800708E-13
7735.80963410758  2.778286E-13
7735.87885741486  2.766846E-13
7735.9480760563  2.762017E-13
7736.0172900316  2.903705E-13
7736.08649934048  2.810744E-13
7736.15570398264  2.863756E-13
7736.22490395779  2.720347E-13
7736.29409926565  2.812090E-13
7736.36328990592  2.784890E-13
7736.43247587832  2.807706E-13
7736.50165718256  2.848992E-13
7736.57083381835  2.601484E-13
7736.64000578539  2.761051E-13
7736.7091730834  2.873378E-13
7736.77833571209  2.909940E-13
7736.84749367117  2.820769E-13
7736.91664696035  2.844279E-13
7736.98579557935  2.897240E-13
7737.05493952786  2.812767E-13
7737.12407880562  2.737418E-13
7737.19321341232  2.789805E-13
7737.26234334767  2.798234E-13
7737.3314686114  2.784994E-13
7737.4005892032  2.865753E-13
7737.46970512279  2.839883E-13
7737.53881636989  2.808145E-13
7737.6079229442  2.755530E-13
7737.67702484544  2.765861E-13
7737.74612207332  2.700539E-13
7737.81521462754  2.749757E-13
7737.88430250783  2.756412E-13
7737.95338571389  2.854576E-13
7738.02246424544  2.779345E-13
7738.09153810219  2.891085E-13
7738.16060728384  2.762191E-13
7738.22967179012  2.837893E-13
7738.29873162073  2.764766E-13
7738.36778677539  2.783822E-13
7738.43683725381  2.892553E-13
7738.5058830557  2.866217E-13
7738.57492418077  2.824219E-13
7738.64396062874  2.785051E-13
7738.71299239933  2.816957E-13
7738.78201949223  2.820282E-13
7738.85104190717  2.824234E-13
7738.92005964386  2.839578E-13
7738.98907270201  2.689230E-13
7739.05808108134  2.725912E-13
7739.12708478155  2.866126E-13
7739.19608380237  2.751494E-13
7739.2650781435  2.700334E-13
7739.33406780465  2.904481E-13
7739.40305278555  2.866968E-13
7739.4720330859  2.714318E-13
7739.54100870542  2.757750E-13
7739.60997964383  2.942946E-13
7739.67894590082  2.657652E-13
7739.74790747613  2.709102E-13
7739.81686436946  2.764414E-13
7739.88581658053  2.832606E-13
7739.95476410905  2.917406E-13
7740.02370695473  2.723210E-13
7740.09264511729  2.881619E-13
7740.16157859645  2.791856E-13
7740.23050739191  2.849560E-13
7740.2994315034  2.812067E-13
7740.36835093062  2.832205E-13
7740.43726567329  2.855744E-13
7740.50617573113  2.800896E-13
7740.57508110384  2.749205E-13
7740.64398179115  2.869857E-13
7740.71287779278  2.838777E-13
7740.78176910842  2.840970E-13
7740.8506557378  2.805917E-13
7740.91953768064  2.863486E-13
7740.98841493665  2.815996E-13
7741.05728750554  2.704482E-13
7741.12615538703  2.808748E-13
7741.19501858083  2.766505E-13
7741.26387708666  2.790252E-13
7741.33273090424  2.820404E-13
7741.40158003328  2.749413E-13
7741.4704244735  2.816775E-13
7741.5392642246  2.839344E-13
7741.60809928631  2.833114E-13
7741.67692965835  2.862963E-13
7741.74575534043  2.783020E-13
7741.81457633225  2.888029E-13
7741.88339263355  2.747196E-13
7741.95220424404  2.877216E-13
7742.02101116343  2.812993E-13
7742.08981339143  2.658246E-13
7742.15861092777  2.780351E-13
7742.22740377216  2.951155E-13
7742.29619192432  2.808079E-13
7742.36497538396  2.812356E-13
7742.4337541508  2.772454E-13
7742.50252822456  2.768229E-13
7742.57129760495  2.898885E-13
7742.64006229169  2.822643E-13
7742.70882228449  2.891209E-13
7742.77757758309  2.853344E-13
7742.84632818717  2.729817E-13
7742.91507409648  2.788474E-13
7742.98381531072  2.810824E-13
7743.05255182961  2.770029E-13
7743.12128365287  2.701238E-13
7743.19001078022  2.810906E-13
7743.25873321137  2.762355E-13
7743.32745094604  2.742824E-13
7743.39616398394  2.773949E-13
7743.46487232481  2.769017E-13
7743.53357596834  2.569747E-13
7743.60227491426  2.694567E-13
7743.67096916229  2.834549E-13
7743.73965871215  2.787928E-13
7743.80834356355  2.756298E-13
7743.87702371621  2.729745E-13
7743.94569916985  2.790902E-13
7744.01436992419  2.676693E-13
7744.08303597894  2.709500E-13
7744.15169733384  2.649380E-13
7744.22035398857  2.613386E-13
7744.28900594288  2.843619E-13
7744.35765319648  2.600293E-13
7744.42629574909  2.723822E-13
7744.49493360042  2.543910E-13
7744.56356675019  2.749523E-13
7744.63219519813  2.610065E-13
7744.70081894395  2.656502E-13
7744.76943798737  2.789516E-13
7744.83805232811  2.665716E-13
7744.90666196588  2.763277E-13
7744.97526690042  2.575402E-13
7745.04386713143  2.803495E-13
7745.11246265863  2.652629E-13
7745.18105348175  2.787169E-13
7745.2496396005  2.779461E-13
7745.31822101461  2.717294E-13
7745.38679772379  2.769263E-13
7745.45536972776  2.785300E-13
7745.52393702624  2.834481E-13
7745.59249961896  2.859702E-13
7745.66105750562  2.871440E-13
7745.72961068595  2.699927E-13
7745.79815915968  2.855798E-13
7745.86670292652  2.746023E-13
7745.93524198618  2.736389E-13
7746.0037763384  2.766747E-13
7746.07230598289  2.824225E-13
7746.14083091936  2.866590E-13
7746.20935114755  2.839975E-13
7746.27786666717  2.781007E-13
7746.34637747795  2.709191E-13
7746.41488357959  2.794680E-13
7746.48338497182  2.867997E-13
7746.55188165437  2.696795E-13
7746.62037362695  2.895676E-13
7746.68886088929  2.797306E-13
7746.75734344111  2.710633E-13
7746.82582128212  2.861004E-13
7746.89429441204  2.831777E-13
7746.9627628306  2.760883E-13
7747.03122653753  2.821464E-13
7747.09968553253  2.827436E-13
7747.16813981533  2.810259E-13
7747.23658938566  2.746929E-13
7747.30503424324  2.696889E-13
7747.37347438777  2.820137E-13
7747.44190981899  2.773270E-13
7747.51034053663  2.751483E-13
7747.57876654039  2.633154E-13
7747.64718783  2.624159E-13
7747.71560440519  2.658891E-13
7747.78401626567  2.765186E-13
7747.85242341118  2.744339E-13
7747.92082584142  2.743915E-13
7747.98922355612  2.635374E-13
7748.057616555  2.789046E-13
7748.12600483779  2.700631E-13
7748.19438840421  2.921828E-13
7748.26276725398  2.778534E-13
7748.33114138682  2.822777E-13
7748.39951080246  2.767530E-13
7748.46787550061  2.692842E-13
7748.536235481  2.747696E-13
7748.60459074336  2.727530E-13
7748.6729412874  2.811050E-13
7748.74128711285  2.825917E-13
7748.80962821943  2.756404E-13
7748.87796460686  2.673098E-13
7748.94629627487  2.738679E-13
7749.01462322319  2.716022E-13
7749.08294545152  2.637077E-13
7749.1512629596  2.583426E-13
7749.21957574715  2.586870E-13
7749.28788381389  2.687688E-13
7749.35618715955  2.551994E-13
7749.42448578385  2.631063E-13
7749.49277968651  2.591280E-13
7749.56106886727  2.527065E-13
7749.62935332583  2.461626E-13
7749.69763306192  2.498832E-13
7749.76590807527  2.520855E-13
7749.83417836561  2.396568E-13
7749.90244393265  2.518395E-13
7749.97070477612  2.386239E-13
7750.03896089575  2.578894E-13
7750.10721229125  2.398357E-13
7750.17545896236  2.566529E-13
7750.24370090879  2.508096E-13
7750.31193813028  2.676279E-13
7750.38017062654  2.710903E-13
7750.4483983973  2.520147E-13
7750.51662144229  2.657613E-13
7750.58483976122  2.887422E-13
7750.65305335383  2.953321E-13
7750.72126221984  2.845057E-13
7750.78946635897  2.779545E-13
7750.85766577095  2.698498E-13
7750.92586045551  2.617962E-13
7750.99405041236  2.600739E-13
7751.06223564124  2.727361E-13
7751.13041614187  2.777413E-13
7751.19859191397  2.727892E-13
7751.26676295727  2.866970E-13
7751.3349292715  2.967062E-13
7751.40309085637  2.939909E-13
7751.47124771163  2.956704E-13
7751.53939983698  2.781083E-13
7751.60754723216  2.727898E-13
7751.6756898969  2.858160E-13
7751.74382783091  2.814719E-13
7751.81196103393  2.748744E-13
7751.88008950568  2.755449E-13
7751.94821324589  2.620230E-13
7752.01633225428  2.783513E-13
7752.08444653058  2.820394E-13
7752.15255607451  2.762110E-13
7752.22066088581  2.870367E-13
7752.2887609642  2.707921E-13
7752.35685630939  2.876754E-13
7752.42494692113  2.780410E-13
7752.49303279914  2.866218E-13
7752.56111394314  2.812410E-13
7752.62919035287  2.798010E-13
7752.69726202803  2.813087E-13
7752.76532896838  2.735225E-13
7752.83339117363  2.792023E-13
7752.9014486435  2.687683E-13
7752.96950137773  2.812270E-13
7753.03754937604  2.756345E-13
7753.10559263817  2.703374E-13
7753.17363116383  2.870187E-13
7753.24166495275  2.774644E-13
7753.30969400467  2.812643E-13
7753.3777183193  2.893397E-13
7753.44573789638  2.958543E-13
7753.51375273564  2.888106E-13
7753.5817628368  2.919275E-13
7753.64976819959  2.817651E-13
7753.71776882374  2.982842E-13
7753.78576470897  2.859241E-13
7753.85375585501  3.031462E-13
7753.9217422616  2.871949E-13
7753.98972392846  2.868695E-13
7754.05770085531  2.881909E-13
7754.12567304189  2.805224E-13
7754.19364048793  2.797377E-13
7754.26160319314  2.792203E-13
7754.32956115727  2.851834E-13
7754.39751438004  2.894109E-13
7754.46546286118  2.811203E-13
7754.53340660041  2.907314E-13
7754.60134559747  2.790186E-13
7754.66927985209  2.913296E-13
7754.73720936398  2.922971E-13
7754.80513413289  2.813419E-13
7754.87305415854  2.988879E-13
7754.94096944066  2.758474E-13
7755.00887997898  2.818365E-13
7755.07678577323  2.826235E-13
7755.14468682313  2.853860E-13
7755.21258312843  2.706581E-13
7755.28047468883  2.889764E-13
7755.34836150409  2.882467E-13
7755.41624357392  2.919166E-13
7755.48412089805  2.770565E-13
7755.55199347622  2.805493E-13
7755.61986130816  2.761308E-13
7755.68772439359  2.800796E-13
7755.75558273224  2.736329E-13
7755.82343632385  2.846492E-13
7755.89128516814  2.840963E-13
7755.95912926484  2.908619E-13
7756.02696861369  2.931820E-13
7756.09480321442  2.781964E-13
7756.16263306675  2.878037E-13
7756.23045817041  2.788807E-13
7756.29827852514  2.875535E-13
7756.36609413067  2.871483E-13
7756.43390498672  2.832123E-13
7756.50171109303  2.807015E-13
7756.56951244933  2.808069E-13
7756.63730905535  2.812378E-13
7756.70510091082  2.775699E-13
7756.77288801546  2.795190E-13
7756.84067036902  2.924170E-13
7756.90844797123  2.997718E-13
7756.9762208218  2.814093E-13
7757.04398892048  2.798852E-13
7757.111752267  2.878758E-13
7757.17951086108  2.821101E-13
7757.24726470247  2.718735E-13
7757.31501379088  2.764285E-13
7757.38275812606  2.818946E-13
7757.45049770773  2.803819E-13
7757.51823253562  2.855152E-13
7757.58596260948  2.804924E-13
7757.65368792902  2.861677E-13
7757.72140849398  2.771784E-13
7757.78912430409  2.865885E-13
7757.85683535909  2.851785E-13
7757.92454165871  2.907451E-13
7757.99224320267  2.827681E-13
7758.05993999071  2.806244E-13
7758.12763202257  2.847393E-13
7758.19531929798  2.856533E-13
7758.26300181666  2.863603E-13
7758.33067957836  2.830127E-13
7758.39835258279  2.774773E-13
7758.4660208297  2.644411E-13
7758.53368431882  2.692259E-13
7758.60134304989  2.851634E-13
7758.66899702262  2.921589E-13
7758.73664623677  2.939791E-13
7758.80429069205  2.832564E-13
7758.87193038821  2.815153E-13
7758.93956532497  2.782733E-13
7759.00719550207  2.739349E-13
7759.07482091925  2.841400E-13
7759.14244157623  2.970177E-13
7759.21005747275  2.789410E-13
7759.27766860854  2.928775E-13
7759.34527498334  2.779909E-13
7759.41287659688  2.898712E-13
7759.48047344889  2.925245E-13
7759.54806553911  2.795670E-13
7759.61565286728  2.819242E-13
7759.68323543311  2.823614E-13
7759.75081323636  2.963575E-13
7759.81838627675  2.781043E-13
7759.88595455401  3.000567E-13
7759.95351806789  2.955654E-13
7760.02107681811  2.785467E-13
7760.08863080442  2.861534E-13
7760.15618002653  2.854805E-13
7760.2237244842  2.892698E-13
7760.29126417714  2.725700E-13
7760.35879910511  2.849748E-13
7760.42632926783  2.844494E-13
7760.49385466503  2.726716E-13
7760.56137529646  2.847558E-13
7760.62889116184  2.819266E-13
7760.69640226092  2.809056E-13
7760.76390859342  2.915706E-13
7760.83141015908  2.789943E-13
7760.89890695764  2.766516E-13
7760.96639898883  2.809526E-13
7761.03388625239  2.987108E-13
7761.10136874805  2.737448E-13
7761.16884647555  2.943536E-13
7761.23631943462  2.784005E-13
7761.303787625  2.728759E-13
7761.37125104642  2.786371E-13
7761.43870969863  2.686197E-13
7761.50616358135  2.767917E-13
7761.57361269432  2.842155E-13
7761.64105703728  2.668433E-13
7761.70849660996  2.671486E-13
7761.7759314121  2.734792E-13
7761.84336144344  2.699698E-13
7761.91078670371  2.855489E-13
7761.97820719264  2.775220E-13
7762.04562290998  2.723393E-13
7762.11303385547  2.661045E-13
7762.18044002882  2.909032E-13
7762.24784142979  2.809439E-13
7762.31523805811  2.772085E-13
7762.38262991352  2.734192E-13
7762.45001699575  2.944424E-13
7762.51739930454  2.949326E-13
7762.58477683963  2.894796E-13
7762.65214960075  2.779018E-13
7762.71951758764  2.824677E-13
7762.78688080004  2.692114E-13
7762.85423923768  2.783227E-13
7762.92159290031  2.882371E-13
7762.98894178766  2.864220E-13
7763.05628589946  2.851588E-13
7763.12362523545  2.801831E-13
7763.19095979538  2.965362E-13
7763.25828957898  2.859803E-13
7763.32561458598  2.870938E-13
7763.39293481613  2.723175E-13
7763.46025026916  2.862816E-13
7763.5275609448  2.962597E-13
7763.59486684281  2.745723E-13
7763.66216796292  2.799554E-13
7763.72946430485  2.772157E-13
7763.79675586836  2.892580E-13
7763.86404265317  2.930573E-13
7763.93132465904  2.832108E-13
7763.99860188569  2.849444E-13
7764.06587433287  2.896517E-13
7764.13314200031  2.844007E-13
7764.20040488775  2.808375E-13
7764.26766299493  2.726223E-13
7764.33491632159  2.838059E-13
7764.40216486746  2.784955E-13
7764.46940863229  2.747737E-13
7764.53664761582  2.808153E-13
7764.60388181778  2.809177E-13
7764.67111123792  2.960938E-13
7764.73833587596  2.815133E-13
7764.80555573166  2.828596E-13
7764.87277080475  2.906561E-13
7764.93998109497  2.856764E-13
7765.00718660205  2.799988E-13
7765.07438732575  2.940416E-13
7765.14158326579  2.901398E-13
7765.20877442192  2.831767E-13
7765.27596079387  2.795745E-13
7765.3431423814  2.857032E-13
7765.41031918422  2.890238E-13
7765.4774912021  2.871399E-13
7765.54465843476  2.648303E-13
7765.61182088194  2.776622E-13
7765.67897854339  2.822691E-13
7765.74613141885  2.848005E-13
7765.81327950805  2.695289E-13
7765.88042281074  2.898119E-13
7765.94756132666  2.819979E-13
7766.01469505554  2.806549E-13
7766.08182399713  2.787033E-13
7766.14894815116  2.873384E-13
7766.21606751739  2.766695E-13
7766.28318209554  2.775401E-13
7766.35029188537  2.852636E-13
7766.4173968866  2.922364E-13
7766.48449709898  2.850678E-13
7766.55159252226  2.854696E-13
7766.61868315617  2.712257E-13
7766.68576900045  2.780879E-13
7766.75285005485  2.851759E-13
7766.8199263191  2.827420E-13
7766.88699779296  2.925326E-13
7766.95406447615  2.787032E-13
7767.02112636842  2.783966E-13
7767.08818346951  2.874122E-13
7767.15523577917  2.767579E-13
7767.22228329713  2.789719E-13
7767.28932602313  2.725016E-13
7767.35636395693  2.702841E-13
7767.42339709826  2.994393E-13
7767.49042544686  2.805905E-13
7767.55744900246  2.898551E-13
7767.62446776483  2.865104E-13
7767.6914817337  3.019833E-13
7767.7584909088  2.656510E-13
7767.82549528989  2.821991E-13
7767.8924948767  2.781306E-13
7767.95948966898  2.775456E-13
7768.02647966646  2.831273E-13
7768.0934648689  2.883410E-13
7768.16044527603  2.811124E-13
7768.2274208876  2.690218E-13
7768.29439170335  2.845714E-13
7768.36135772302  2.858556E-13
7768.42831894636  2.807273E-13
7768.4952753731  2.818401E-13
7768.562227003  3.019662E-13
7768.62917383579  2.861951E-13
7768.69611587122  2.865647E-13
7768.76305310902  2.897606E-13
7768.82998554895  2.884223E-13
7768.89691319075  2.751845E-13
7768.96383603416  2.987353E-13
7769.03075407892  2.833222E-13
7769.09766732478  2.888571E-13
7769.16457577148  2.819010E-13
7769.23147941876  2.912924E-13
7769.29837826637  2.835346E-13
7769.36527231406  2.789945E-13
7769.43216156155  2.849391E-13
7769.49904600861  2.872055E-13
7769.56592565498  2.893655E-13
7769.63280050039  2.725539E-13
7769.69967054459  2.849429E-13
7769.76653578732  2.994930E-13
7769.83339622834  2.727532E-13
7769.90025186739  2.706534E-13
7769.9671027042  2.878599E-13
7770.03394873853  2.779074E-13
7770.10078997011  2.821022E-13
7770.1676263987  2.915210E-13
7770.23445802403  2.966059E-13
7770.30128484586  2.883425E-13
7770.36810686392  2.773200E-13
7770.43492407796  2.970230E-13
7770.50173648774  2.978562E-13
7770.56854409298  2.961533E-13
7770.63534689344  2.817925E-13
7770.70214488886  2.821525E-13
7770.768938079  2.922964E-13
7770.83572646358  2.895021E-13
7770.90251004236  2.983009E-13
7770.96928881508  2.815098E-13
7771.0360627815  2.849161E-13
7771.10283194135  2.834939E-13
7771.16959629438  2.945221E-13
7771.23635584033  2.895476E-13
7771.30311057896  2.798639E-13
7771.36986051  2.988529E-13
7771.43660563321  2.902090E-13
7771.50334594833  2.881541E-13
7771.5700814551  2.876259E-13
7771.63681215328  3.057962E-13
7771.7035380426  2.898649E-13
7771.77025912282  2.825509E-13
7771.83697539367  2.981679E-13
7771.90368685492  3.044368E-13
7771.9703935063  2.977251E-13
7772.03709534755  2.983713E-13
7772.10379237844  2.905036E-13
7772.1704845987  2.829236E-13
7772.23717200807  2.856066E-13
7772.30385460632  2.797006E-13
7772.37053239318  2.779397E-13
7772.4372053684  2.971544E-13
7772.50387353172  2.823060E-13
7772.5705368829  2.783184E-13
7772.63719542169  2.826196E-13
7772.70384914782  2.745328E-13
7772.77049806105  2.822713E-13
7772.83714216112  2.738837E-13
7772.90378144779  2.880687E-13
7772.97041592079  2.672227E-13
7773.03704557988  2.671855E-13
7773.10367042481  2.615124E-13
7773.17029045531  2.848963E-13
7773.23690567115  2.726618E-13
7773.30351607206  2.699995E-13
7773.3701216578  2.681648E-13
7773.43672242811  2.796262E-13
7773.50331838274  2.782567E-13
7773.56990952144  2.761134E-13
7773.63649584396  2.865783E-13
7773.70307735005  2.848445E-13
7773.76965403945  2.845982E-13
7773.83622591191  2.830156E-13
7773.90279296719  2.799880E-13
7773.96935520502  2.857132E-13
7774.03591262516  2.863071E-13
7774.10246522736  2.925404E-13
7774.16901301137  2.964413E-13
7774.23555597693  2.849380E-13
7774.30209412379  2.779393E-13
7774.3686274517  2.914088E-13
7774.43515596042  2.854081E-13
7774.50167964969  2.988462E-13
7774.56819851925  2.954399E-13
7774.63471256887  2.910617E-13
7774.70122179828  2.969697E-13
7774.76772620725  2.813467E-13
7774.8342257955  2.825646E-13
7774.90072056281  2.778389E-13
7774.96721050891  2.723523E-13
7775.03369563356  2.831216E-13
7775.1001759365  2.866779E-13
7775.16665141749  2.912387E-13
7775.23312207628  2.840582E-13
7775.2995879126  2.751290E-13
7775.36604892623  2.839181E-13
7775.43250511689  2.774061E-13
7775.49895648436  2.791883E-13
7775.56540302837  2.751749E-13
7775.63184474867  2.810929E-13
7775.69828164502  2.694342E-13
7775.76471371717  2.707357E-13
7775.83114096486  2.836838E-13
7775.89756338786  2.638679E-13
7775.96398098589  2.644334E-13
7776.03039375873  2.768632E-13
7776.09680170612  2.808992E-13
7776.16320482781  2.660694E-13
7776.22960312354  2.712412E-13
7776.29599659308  2.744265E-13
7776.36238523618  2.737127E-13
7776.42876905258  2.763925E-13
7776.49514804203  2.679535E-13
7776.56152220429  2.731934E-13
7776.62789153911  2.779856E-13
7776.69425604624  2.784097E-13
7776.76061572542  2.841919E-13
7776.82697057642  2.708569E-13
7776.89332059899  2.752871E-13
7776.95966579286  2.767303E-13
7777.02600615781  2.766568E-13
7777.09234169358  2.688535E-13
7777.15867239991  2.742171E-13
7777.22499827657  2.675928E-13
7777.2913193233  2.695527E-13
7777.35763553986  2.705015E-13
7777.423946926  2.744145E-13
7777.49025348147  2.810401E-13
7777.55655520602  2.766285E-13
7777.62285209941  2.755539E-13
7777.68914416139  2.774512E-13
7777.7554313917  2.881410E-13
7777.82171379011  2.839743E-13
7777.88799135637  2.919109E-13
7777.95426409022  2.941265E-13
7778.02053199143  2.869567E-13
7778.08679505973  2.860376E-13
7778.1530532949  2.824361E-13
7778.21930669667  2.800980E-13
7778.28555526481  2.812056E-13
7778.35179899906  2.907087E-13
7778.41803789919  2.791713E-13
7778.48427196493  2.805596E-13
7778.55050119605  2.824822E-13
7778.6167255923  2.889587E-13
7778.68294515343  2.824996E-13
7778.74915987919  2.791074E-13
7778.81536976935  2.942561E-13
7778.88157482365  2.912078E-13
7778.94777504184  2.829630E-13
7779.01397042369  2.886955E-13
7779.08016096894  2.935178E-13
7779.14634667734  2.955644E-13
7779.21252754866  2.847836E-13
7779.27870358265  2.774946E-13
7779.34487477905  2.844486E-13
7779.41104113764  3.003862E-13
7779.47720265814  2.973243E-13
7779.54335934034  2.869529E-13
7779.60951118397  2.850897E-13
7779.67565818879  2.879590E-13
7779.74180035456  2.916677E-13
7779.80793768103  2.838562E-13
7779.87407016795  2.872462E-13
7779.94019781508  2.851355E-13
7780.00632062219  2.842267E-13
7780.07243858901  2.922423E-13
7780.1385517153  2.975141E-13
7780.20466000083  2.871556E-13
7780.27076344534  2.770407E-13
7780.33686204859  2.806674E-13
7780.40295581034  2.829113E-13
7780.46904473034  2.833768E-13
7780.53512880834  2.825288E-13
7780.60120804411  2.929095E-13
7780.66728243739  2.860484E-13
7780.73335198795  2.817586E-13
7780.79941669553  2.744624E-13
7780.8654765599  2.897701E-13
7780.93153158081  2.801220E-13
7780.99758175801  2.783408E-13
7781.06362709126  2.817355E-13
7781.12966758033  2.835693E-13
7781.19570322495  2.826747E-13
7781.2617340249  2.732663E-13
7781.32775997992  2.572038E-13
7781.39378108977  2.693448E-13
7781.45979735422  2.741617E-13
7781.525808773  2.683048E-13
7781.59181534589  2.641343E-13
7781.65781707264  2.625007E-13
7781.723813953  2.670350E-13
7781.78980598673  2.692216E-13
7781.85579317359  2.598152E-13
7781.92177551334  2.564498E-13
7781.98775300572  2.572628E-13
7782.05372565051  2.641373E-13
7782.11969344745  2.680056E-13
7782.1856563963  2.693055E-13
7782.25161449682  2.587342E-13
7782.31756774877  2.560337E-13
7782.38351615191  2.610768E-13
7782.44945970598  2.571212E-13
7782.51539841075  2.566138E-13
7782.58133226598  2.691837E-13
7782.64726127143  2.757926E-13
7782.71318542685  2.712961E-13
7782.77910473199  2.672410E-13
7782.84501918662  2.681914E-13
7782.9109287905  2.748784E-13
7782.97683354338  2.626972E-13
7783.04273344503  2.642751E-13
7783.10862849519  2.836554E-13
7783.17451869362  2.826882E-13
7783.2404040401  2.858632E-13
7783.30628453436  2.814363E-13
7783.37216017618  2.837403E-13
7783.43803096531  2.813819E-13
7783.50389690151  2.898296E-13
7783.56975798453  2.809221E-13
7783.63561421414  2.726633E-13
7783.70146559009  2.782243E-13
7783.76731211215  2.894977E-13
7783.83315378007  2.783240E-13
7783.89899059361  2.921915E-13
7783.96482255253  2.821230E-13
7784.03064965659  2.774080E-13
7784.09647190555  2.917675E-13
7784.16228929916  2.745481E-13
7784.22810183719  2.772499E-13
7784.2939095194  2.806615E-13
7784.35971234553  2.851652E-13
7784.42551031537  2.752741E-13
7784.49130342866  2.970608E-13
7784.55709168516  2.833365E-13
7784.62287508463  2.881219E-13
7784.68865362684  2.862585E-13
7784.75442731154  2.744716E-13
7784.82019613849  2.758530E-13
7784.88596010745  2.827350E-13
7784.95171921819  2.731694E-13
7785.01747347046  2.777891E-13
7785.08322286402  2.755984E-13
7785.14896739863  2.875425E-13
7785.21470707405  2.728394E-13
7785.28044189005  2.892382E-13
7785.34617184638  2.871248E-13
7785.41189694281  2.712574E-13
7785.47761717909  2.833503E-13
7785.54333255499  2.973256E-13
7785.60904307026  2.922752E-13
7785.67474872467  2.814116E-13
7785.74044951797  2.842071E-13
7785.80614544993  2.855573E-13
7785.87183652031  2.780408E-13
7785.93752272887  2.916592E-13
7786.00320407538  2.747086E-13
7786.06888055958  2.837020E-13
7786.13455218125  2.834484E-13
7786.20021894014  2.743241E-13
7786.26588083602  2.779580E-13
7786.33153786864  2.880792E-13
7786.39719003778  2.716328E-13
7786.46283734318  2.800181E-13
7786.52847978462  2.903084E-13
7786.59411736185  2.898621E-13
7786.65975007464  2.841637E-13
7786.72537792274  2.727625E-13
7786.79100090593  2.934855E-13
7786.85661902395  2.831883E-13
7786.92223227658  2.615861E-13
7786.98784066358  2.827232E-13
7787.0534441847  2.832112E-13
7787.11904283971  2.895743E-13
7787.18463662837  2.792358E-13
7787.25022555045  2.853351E-13
7787.3158096057  2.719605E-13
7787.3813887939  2.948314E-13
7787.44696311479  2.806122E-13
7787.51253256815  2.883265E-13
7787.57809715374  2.713103E-13
7787.64365687132  2.793823E-13
7787.70921172065  2.856238E-13
7787.7747617015  2.865675E-13
7787.84030681363  2.737234E-13
7787.9058470568  2.870775E-13
7787.97138243077  2.797744E-13
7788.03691293532  2.913661E-13
7788.10243857019  2.819273E-13
7788.16795933516  2.902415E-13
7788.23347522999  2.774186E-13
7788.29898625444  2.927521E-13
7788.36449240828  2.923126E-13
7788.42999369126  2.830121E-13
7788.49549010316  2.791670E-13
7788.56098164373  2.902109E-13
7788.62646831275  2.770893E-13
7788.69195010997  2.756836E-13
7788.75742703516  2.753995E-13
7788.82289908808  2.823840E-13
7788.88836626849  2.874857E-13
7788.95382857617  2.917774E-13
7789.01928601087  2.746971E-13
7789.08473857236  2.768532E-13
7789.15018626041  2.787172E-13
7789.21562907477  2.912433E-13
7789.28106701522  2.589207E-13
7789.34650008151  2.840110E-13
7789.41192827342  2.800949E-13
7789.4773515907  2.774967E-13
7789.54277003312  2.638548E-13
7789.60818360045  2.828562E-13
7789.67359229245  2.694827E-13
7789.73899610888  2.727318E-13
7789.80439504952  2.736213E-13
7789.86978911412  2.532958E-13
7789.93517830246  2.666506E-13
7790.00056261429  2.693995E-13
7790.06594204938  2.647959E-13
7790.1313166075  2.722465E-13
7790.19668628842  2.680298E-13
7790.26205109189  2.629670E-13
7790.32741101769  2.718729E-13
7790.39276606558  2.670375E-13
7790.45811623532  2.718495E-13
7790.52346152668  2.661769E-13
7790.58880193943  2.683190E-13
7790.65413747334  2.673034E-13
7790.71946812816  2.734162E-13
7790.78479390367  2.774462E-13
7790.85011479963  2.637948E-13
7790.91543081581  2.657056E-13
7790.98074195197  2.638256E-13
7791.04604820789  2.657257E-13
7791.11134958332  2.583354E-13
7791.17664607803  2.739672E-13
7791.2419376918  2.705759E-13
7791.30722442438  2.791315E-13
7791.37250627554  2.897216E-13
7791.43778324505  2.791429E-13
7791.50305533269  2.776405E-13
7791.5683225382  2.786224E-13
7791.63358486137  2.721511E-13
7791.69884230195  2.722718E-13
7791.76409485972  2.870152E-13
7791.82934253444  2.805558E-13
7791.89458532589  2.768947E-13
7791.95982323382  2.885777E-13
7792.025056258  2.789546E-13
7792.09028439821  2.823925E-13
7792.1555076542  2.706168E-13
7792.22072602575  2.915890E-13
7792.28593951263  2.821981E-13
7792.3511481146  2.913840E-13
7792.41635183143  2.699744E-13
7792.48155066289  2.954378E-13
7792.54674460874  2.766100E-13
7792.61193366876  2.898891E-13
7792.67711784271  2.825924E-13
7792.74229713036  2.898867E-13
7792.80747153148  2.841797E-13
7792.87264104584  2.810231E-13
7792.9378056732  2.849203E-13
7793.00296541334  2.965425E-13
7793.06812026601  2.897503E-13
7793.13327023101  2.940309E-13
7793.19841530807  2.790727E-13
7793.26355549699  2.730467E-13
7793.32869079753  2.782963E-13
7793.39382120945  2.718357E-13
7793.45894673252  2.838864E-13
7793.52406736652  2.735731E-13
7793.58918311121  2.792596E-13
7793.65429396637  2.864850E-13
7793.71939993175  2.796717E-13
7793.78450100714  2.892338E-13
7793.8495971923  2.933983E-13
7793.91468848699  2.815019E-13
7793.97977489099  2.816246E-13
7794.04485640408  2.890114E-13
7794.10993302601  3.152155E-13
7794.17500475656  2.899907E-13
7794.24007159549  2.866299E-13
7794.30513354258  2.748597E-13
7794.3701905976  2.881808E-13
7794.43524276032  2.913985E-13
7794.5002900305  2.901042E-13
7794.56533240792  2.893343E-13
7794.63036989235  2.806537E-13
7794.69540248355  2.679655E-13
7794.76043018131  2.735862E-13
7794.82545298538  2.881301E-13
7794.89047089554  2.935132E-13
7794.95548391156  2.774581E-13
7795.0204920332  3.006112E-13
7795.08549526025  2.773701E-13
7795.15049359247  2.720271E-13
7795.21548702963  2.891004E-13
7795.28047557151  2.784532E-13
7795.34545921787  2.746713E-13
7795.41043796848  2.844665E-13
7795.47541182312  2.960075E-13
7795.54038078155  2.848563E-13
7795.60534484356  2.829380E-13
7795.6703040089  2.770353E-13
7795.73525827736  2.862812E-13
7795.80020764869  2.892167E-13
7795.86515212268  2.825434E-13
7795.93009169909  2.866301E-13
7795.9950263777  2.759617E-13
7796.05995615828  2.857764E-13
7796.1248810406  2.773321E-13
7796.18980102443  2.822552E-13
7796.25471610954  2.903763E-13
7796.31962629571  2.756235E-13
7796.38453158271  2.788594E-13
7796.44943197031  2.804284E-13
7796.51432745828  2.780868E-13
7796.57921804639  2.879878E-13
7796.64410373442  2.850025E-13
7796.70898452214  2.751351E-13
7796.77386040932  2.730472E-13
7796.83873139574  2.775025E-13
7796.90359748116  2.825819E-13
7796.96845866535  2.832291E-13
7797.03331494811  2.830491E-13
7797.09816632918  2.805901E-13
7797.16301280835  2.859606E-13
7797.2278543854  2.746010E-13
7797.29269106009  2.766154E-13
7797.35752283219  2.960791E-13
7797.42234970148  2.797018E-13
7797.48717166774  2.682790E-13
7797.55198873073  2.841665E-13
7797.61680089023  2.858097E-13
7797.68160814601  2.740420E-13
7797.74641049785  2.842137E-13
7797.81120794552  2.713987E-13
7797.87600048879  2.780285E-13
7797.94078812744  2.764815E-13
7798.00557086124  2.579992E-13
7798.07034868997  2.585822E-13
7798.13512161339  2.812084E-13
7798.19988963128  2.683585E-13
7798.26465274343  2.774971E-13
7798.32941094959  2.757793E-13
7798.39416424954  2.700019E-13
7798.45891264307  2.637670E-13
7798.52365612994  2.698346E-13
7798.58839470993  2.637624E-13
7798.6531283828  2.777666E-13
7798.71785714834  2.715977E-13
7798.78258100633  2.682002E-13
7798.84729995653  2.569593E-13
7798.91201399872  2.650425E-13
7798.97672313268  2.654068E-13
7799.04142735817  2.643923E-13
7799.10612667499  2.522738E-13
7799.17082108289  2.721067E-13
7799.23551058165  2.666002E-13
7799.30019517106  2.808114E-13
7799.36487485088  2.758062E-13
7799.42954962089  2.738574E-13
7799.49421948087  2.512254E-13
7799.55888443059  2.658104E-13
7799.62354446982  2.713800E-13
7799.68819959835  2.704568E-13
7799.75284981594  2.699135E-13
7799.81749512238  2.736511E-13
7799.88213551744  2.679958E-13
7799.94677100089  2.682804E-13
7800.01140157252  2.808765E-13
7800.07602723209  2.785344E-13
7800.14064797938  2.852972E-13
7800.20526381418  2.793980E-13
7800.26987473624  2.848154E-13
7800.33448074536  2.715000E-13
7800.39908184131  2.797743E-13
7800.46367802386  2.748987E-13
7800.52826929279  2.879844E-13
7800.59285564788  2.753879E-13
7800.6574370889  2.816697E-13
7800.72201361563  2.791486E-13
7800.78658522785  2.680950E-13
7800.85115192533  2.674480E-13
7800.91571370785  2.650711E-13
7800.98027057519  2.757299E-13
7801.04482252713  2.628726E-13
7801.10936956343  2.759918E-13
7801.17391168389  2.754073E-13
7801.23844888827  2.777501E-13
7801.30298117635  2.563504E-13
7801.36750854791  2.725227E-13
7801.43203100273  2.641934E-13
7801.49654854059  2.631481E-13
7801.56106116126  2.769315E-13
7801.62556886451  2.685460E-13
7801.69007165014  2.730269E-13
7801.75456951791  2.749849E-13
7801.81906246761  2.730909E-13
7801.88355049901  2.630603E-13
7801.94803361188  2.745166E-13
7802.01251180602  2.783967E-13
7802.07698508119  2.719799E-13
7802.14145343717  2.740180E-13
7802.20591687374  2.719767E-13
7802.27037539069  2.752337E-13
7802.33482898778  2.686027E-13
7802.3992776648  2.641265E-13
7802.46372142152  2.831392E-13
7802.52816025773  2.798637E-13
7802.59259417321  2.850011E-13
7802.65702316772  2.722203E-13
7802.72144724105  2.844893E-13
7802.78586639298  2.720331E-13
7802.85028062329  2.833231E-13
7802.91468993176  2.844349E-13
7802.97909431816  2.664797E-13
7803.04349378228  2.746484E-13
7803.10788832389  2.724647E-13
7803.17227794277  2.757634E-13
7803.23666263871  2.704830E-13
7803.30104241148  2.944973E-13
7803.36541726086  2.805526E-13
7803.42978718663  2.891788E-13
7803.49415218857  2.870845E-13
7803.55851226646  2.915336E-13
7803.62286742009  2.654919E-13
7803.68721764922  2.785300E-13
7803.75156295364  2.648239E-13
7803.81590333313  2.804825E-13
7803.88023878748  2.666181E-13
7803.94456931645  2.858324E-13
7804.00889491983  2.780651E-13
7804.0732155974  2.746542E-13
7804.13753134894  2.815970E-13
7804.20184217423  2.716380E-13
7804.26614807305  2.921463E-13
7804.33044904519  2.785588E-13
7804.39474509042  2.665490E-13
7804.45903620852  2.721554E-13
7804.52332239927  2.865975E-13
7804.58760366246  2.741468E-13
7804.65187999786  2.808545E-13
7804.71615140526  2.834194E-13
7804.78041788444  2.760177E-13
7804.84467943517  2.810559E-13
7804.90893605725  2.735572E-13
7804.97318775044  2.729868E-13
7805.03743451454  2.850397E-13
7805.10167634932  2.831618E-13
7805.16591325456  2.871135E-13
7805.23014523005  2.664015E-13
7805.29437227556  2.861558E-13
7805.35859439089  2.662479E-13
7805.4228115758  2.867925E-13
7805.48702383009  2.968349E-13
7805.55123115353  2.782581E-13
7805.61543354591  2.773037E-13
7805.679631007  2.910204E-13
7805.7438235366  2.751749E-13
7805.80801113448  2.742313E-13
7805.87219380042  2.790805E-13
7805.93637153421  2.728457E-13
7806.00054433563  2.672645E-13
7806.06471220445  2.743609E-13
7806.12887514048  2.795989E-13
7806.19303314347  2.798829E-13
7806.25718621323  2.856833E-13
7806.32133434952  2.736796E-13
7806.38547755215  2.821114E-13
7806.44961582087  2.785793E-13
7806.51374915549  2.827223E-13
7806.57787755578  2.649204E-13
7806.64200102152  2.863582E-13
7806.70611955251  2.789050E-13
7806.77023314851  2.895490E-13
7806.83434180932  2.774587E-13
7806.89844553471  2.784369E-13
7806.96254432448  2.625316E-13
7807.0266381784  2.959197E-13
7807.09072709626  2.773471E-13
7807.15481107784  2.842881E-13
7807.21889012293  2.777711E-13
7807.28296423131  2.888883E-13
7807.34703340275  2.778530E-13
7807.41109763706  2.647963E-13
7807.475156934  2.791271E-13
7807.53921129337  3.002759E-13
7807.60326071494  2.790488E-13
7807.66730519851  2.637683E-13
7807.73134474386  2.841949E-13
7807.79537935076  2.752094E-13
7807.85940901901  2.774904E-13
7807.92343374839  2.799940E-13
7807.98745353869  2.737536E-13
7808.05146838968  2.759009E-13
7808.11547830115  2.790774E-13
7808.17948327289  2.695228E-13
7808.24348330468  2.695737E-13
7808.30747839631  2.868437E-13
7808.37146854756  2.566667E-13
7808.43545375822  2.877352E-13
7808.49943402807  2.772176E-13
7808.5634093569  2.905950E-13
7808.62737974448  2.692381E-13
7808.69134519062  2.765836E-13
7808.75530569508  2.722852E-13
7808.81926125767  2.716093E-13
7808.88321187815  2.733153E-13
7808.94715755632  2.875235E-13
7809.01109829197  2.689168E-13
7809.07503408488  2.575364E-13
7809.13896493483  2.598647E-13
7809.20289084161  2.608927E-13
7809.26681180501  2.707597E-13
7809.33072782481  2.712835E-13
7809.3946389008  2.709060E-13
7809.45854503276  2.742805E-13
7809.52244622048  2.678291E-13
7809.58634246375  2.660050E-13
7809.65023376235  2.676981E-13
7809.71412011607  2.692285E-13
7809.7780015247  2.668226E-13
7809.84187798802  2.779279E-13
7809.90574950581  2.791868E-13
7809.96961607787  2.671825E-13
7810.03347770399  2.689480E-13
7810.09733438393  2.752424E-13
7810.16118611751  2.718625E-13
7810.2250329045  2.739050E-13
7810.28887474468  2.521963E-13
7810.35271163785  2.666822E-13
7810.41654358379  2.721762E-13
7810.4803705823  2.723799E-13
7810.54419263314  2.822284E-13
7810.60800973613  2.657509E-13
7810.67182189103  2.725213E-13
7810.73562909764  2.675676E-13
7810.79943135575  2.647977E-13
7810.86322866514  2.699108E-13
7810.92702102561  2.665191E-13
7810.99080843693  2.740838E-13
7811.0545908989  2.825428E-13
7811.1183684113  2.745007E-13
7811.18214097393  2.772356E-13
7811.24590858656  2.801586E-13
7811.309671249  2.784778E-13
7811.37342896102  2.882859E-13
7811.43718172241  2.839166E-13
7811.50092953297  2.640579E-13
7811.56467239248  2.614230E-13
7811.62841030073  2.759018E-13
7811.6921432575  2.850319E-13
7811.75587126259  2.706348E-13
7811.81959431579  2.699498E-13
7811.88331241688  2.704234E-13
7811.94702556565  2.582996E-13
7812.01073376189  2.597463E-13
7812.07443700539  2.613393E-13
7812.13813529594  2.653599E-13
7812.20182863333  2.625625E-13
7812.26551701734  2.623625E-13
7812.32920044777  2.740474E-13
7812.3928789244  2.648348E-13
7812.45655244703  2.704250E-13
7812.52022101544  2.782090E-13
7812.58388462942  2.826081E-13
7812.64754328877  2.739396E-13
7812.71119699327  2.685026E-13
7812.7748457427  2.533348E-13
7812.83848953687  2.821152E-13
7812.90212837556  2.759468E-13
7812.96576225856  2.687269E-13
7813.02939118566  2.727294E-13
7813.09301515665  2.673020E-13
7813.15663417132  2.626096E-13
7813.22024822946  2.756169E-13
7813.28385733086  2.674632E-13
7813.34746147531  2.762576E-13
7813.4110606626  2.807294E-13
7813.47465489253  2.631489E-13
7813.53824416487  2.846353E-13
7813.60182847943  2.699094E-13
7813.66540783599  2.675851E-13
7813.72898223434  2.782695E-13
7813.79255167427  2.885287E-13
7813.85611615558  2.783574E-13
7813.91967567806  2.718777E-13
7813.98323024149  2.756693E-13
7814.04677984567  2.773469E-13
7814.11032449039  2.874227E-13
7814.17386417543  2.950498E-13
7814.2373989006  2.753218E-13
7814.30092866568  2.778999E-13
7814.36445347046  2.843239E-13
7814.42797331474  2.675996E-13
7814.4914881983  2.788247E-13
7814.55499812094  3.014222E-13
7814.61850308245  2.724423E-13
7814.68200308262  2.652714E-13
7814.74549812124  2.786218E-13
7814.80898819811  2.731376E-13
7814.87247331301  2.792214E-13
7814.93595346574  2.667559E-13
7814.99942865609  2.829814E-13
7815.06289888385  2.826380E-13
7815.12636414882  2.808195E-13
7815.18982445078  2.859163E-13
7815.25327978953  2.671638E-13
7815.31673016486  2.956945E-13
7815.38017557656  2.874956E-13
7815.44361602443  2.726072E-13
7815.50705150826  2.740848E-13
7815.57048202784  2.899980E-13
7815.63390758297  2.672323E-13
7815.69732817343  3.018123E-13
7815.76074379902  2.828306E-13
7815.82415445953  2.791969E-13
7815.88756015475  2.784735E-13
7815.95096088449  2.722987E-13
7816.01435664852  2.700653E-13
7816.07774744665  2.751411E-13
7816.14113327867  2.688449E-13
7816.20451414437  2.681405E-13
7816.26789004354  2.807607E-13
7816.33126097598  2.804831E-13
7816.39462694148  2.751636E-13
7816.45798793983  2.790340E-13
7816.52134397084  2.681006E-13
7816.58469503429  2.711865E-13
7816.64804112997  2.683624E-13
7816.71138225768  2.696498E-13
7816.77471841721  2.626732E-13
7816.83804960836  2.782877E-13
7816.90137583093  2.753836E-13
7816.9646970847  2.708925E-13
7817.02801336947  2.772473E-13
7817.09132468504  2.773561E-13
7817.15463103119  2.751175E-13
7817.21793240772  2.852845E-13
7817.28122881444  2.668399E-13
7817.34452025112  2.681241E-13
7817.40780671758  2.737704E-13
7817.47108821359  2.778260E-13
7817.53436473896  2.866087E-13
7817.59763629348  2.723243E-13
7817.66090287695  2.768782E-13
7817.72416448915  2.921589E-13
7817.7874211299  2.678775E-13
7817.85067279897  2.649162E-13
7817.91391949617  2.787565E-13
7817.97716122129  2.792714E-13
7818.04039797413  2.718615E-13
7818.10362975448  2.815615E-13
7818.16685656213  2.782928E-13
7818.23007839689  2.781427E-13
7818.29329525855  2.827832E-13
7818.3565071469  2.850026E-13
7818.41971406174  2.677374E-13
7818.48291600287  2.880819E-13
7818.54611297008  2.709459E-13
7818.60930496316  2.848464E-13
7818.67249198192  2.717158E-13
7818.73567402615  2.808894E-13
7818.79885109565  2.754661E-13
7818.8620231902  2.814142E-13
7818.92519030961  2.786194E-13
7818.98835245368  2.777270E-13
7819.0515096222  2.869510E-13
7819.11466181496  2.767198E-13
7819.17780903177  2.839302E-13
7819.24095127242  2.876164E-13
7819.3040885367  2.611462E-13
7819.36722082442  2.765546E-13
7819.43034813537  2.814631E-13
7819.49347046935  2.793747E-13
7819.55658782615  2.963911E-13
7819.61970020558  2.732903E-13
7819.68280760742  2.833623E-13
7819.74591003147  2.753387E-13
7819.80900747754  2.734455E-13
7819.87209994542  2.862707E-13
7819.93518743491  2.746118E-13
7819.9982699458  2.907026E-13
7820.0613474779  2.762019E-13
7820.12442003099  2.791850E-13
7820.18748760488  2.821465E-13
7820.25055019937  2.868535E-13
7820.31360781425  2.702710E-13
7820.37666044932  2.621327E-13
7820.43970810438  2.805551E-13
7820.50275077923  2.801053E-13
7820.56578847366  2.697048E-13
7820.62882118747  2.929870E-13
7820.69184892047  2.818619E-13
7820.75487167245  2.889428E-13
7820.8178894432  2.827932E-13
7820.88090223253  2.773026E-13
7820.94391004023  2.834042E-13
7821.00691286611  2.788199E-13
7821.06991070996  2.821085E-13
7821.13290357158  2.790537E-13
7821.19589145077  2.891734E-13
7821.25887434732  2.500555E-13
7821.32185226105  2.907198E-13
7821.38482519173  3.044742E-13
7821.44779313919  3.069467E-13
7821.51075610321  2.971961E-13
7821.57371408359  3.044075E-13
7821.63666708013  2.954938E-13
7821.69961509264  2.729492E-13
7821.7625581209  2.867051E-13
7821.82549616473  2.789582E-13
7821.88842922391  2.763491E-13
7821.95135729826  2.628773E-13
7822.01428038756  2.711178E-13
7822.07719849162  2.786397E-13
7822.14011161024  2.732327E-13
7822.20301974323  2.717071E-13
7822.26592289036  2.721605E-13
7822.32882105146  2.700991E-13
7822.39171422631  2.955707E-13
7822.45460241473  2.665184E-13
7822.5174856165  2.760264E-13
7822.58036383143  2.635952E-13
7822.64323705932  2.709681E-13
7822.70610529997  2.810308E-13
7822.76896855318  2.709172E-13
7822.83182681875  2.791427E-13
7822.89468009648  2.673296E-13
7822.95752838617  2.798675E-13
7823.02037168763  2.724578E-13
7823.08321000065  2.798364E-13
7823.14604332503  2.701185E-13
7823.20887166058  2.639044E-13
7823.2716950071  2.766606E-13
7823.33451336438  2.749945E-13
7823.39732673223  2.825734E-13
7823.46013511045  3.087032E-13
7823.52293849884  2.858986E-13
7823.58573689721  2.788139E-13
7823.64853030534  2.781710E-13
7823.71131872305  2.741955E-13
7823.77410215014  2.915298E-13
7823.83688058641  2.649897E-13
7823.89965403166  2.790343E-13
7823.96242248569  2.734647E-13
7824.0251859483  2.748112E-13
7824.08794441931  2.720993E-13
7824.15069789849  2.673190E-13
7824.21344638567  2.761186E-13
7824.27618988064  2.702520E-13
7824.3389283832  2.641080E-13
7824.40166189316  2.910446E-13
7824.46439041032  2.815690E-13
7824.52711393447  2.817988E-13
7824.58983246544  2.752517E-13
7824.652546003  2.572676E-13
7824.71525454698  2.832415E-13
7824.77795809717  2.781485E-13
7824.84065665337  2.758799E-13
7824.90335021539  2.688095E-13
7824.96603878302  2.703039E-13
7825.02872235609  2.750251E-13
7825.09140093437  2.941676E-13
7825.15407451768  2.619767E-13
7825.21674310583  2.942976E-13
7825.27940669861  2.877796E-13
7825.34206529583  2.958743E-13
7825.40471889729  2.780607E-13
7825.4673675028  2.618189E-13
7825.53001111215  2.722730E-13
7825.59264972516  2.773301E-13
7825.65528334162  2.676303E-13
7825.71791196135  2.926827E-13
7825.78053558413  2.686206E-13
7825.84315420979  2.926020E-13
7825.90576783811  2.833606E-13
7825.96837646891  2.873290E-13
7826.03098010199  2.559305E-13
7826.09357873714  2.683440E-13
7826.15617237419  2.775642E-13
7826.21876101293  2.844105E-13
7826.28134465316  3.038954E-13
7826.3439232947  2.698092E-13
7826.40649693734  2.799203E-13
7826.46906558089  2.679223E-13
7826.53162922515  2.676526E-13
7826.59418786994  2.842093E-13
7826.65674151504  2.860319E-13
7826.71929016027  2.673836E-13
7826.78183380544  2.740327E-13
7826.84437245034  2.915421E-13
7826.90690609478  2.796668E-13
7826.96943473858  2.761490E-13
7827.03195838152  2.728833E-13
7827.09447702343  2.813538E-13
7827.1569906641  2.811692E-13
7827.21949930334  2.879630E-13
7827.28200294095  2.700989E-13
7827.34450157674  2.627620E-13
7827.40699521052  2.965407E-13
7827.46948384208  2.911963E-13
7827.53196747125  2.705326E-13
7827.59444609781  2.778171E-13
7827.65691972159  2.796460E-13
7827.71938834238  2.821036E-13
7827.78185195999  2.772965E-13
7827.84431057422  2.787901E-13
7827.90676418489  2.704153E-13
7827.9692127918  2.813406E-13
7828.03165639475  2.772426E-13
7828.09409499355  2.848768E-13
7828.15652858801  2.796663E-13
7828.21895717793  2.707698E-13
7828.28138076312  2.810786E-13
7828.3437993434  2.707539E-13
7828.40621291855  2.861096E-13
7828.46862148839  2.696065E-13
7828.53102505274  2.834043E-13
7828.59342361138  2.745080E-13
7828.65581716414  2.864401E-13
7828.71820571081  2.719066E-13
7828.78058925121  2.750201E-13
7828.84296778514  2.865804E-13
7828.90534131241  2.633395E-13
7828.96770983283  2.790687E-13
7829.0300733462  2.860884E-13
7829.09243185234  2.847771E-13
7829.15478535104  2.749278E-13
7829.21713384212  2.834030E-13
7829.27947732538  2.745911E-13
7829.34181580063  2.751320E-13
7829.40414926769  2.679132E-13
7829.46647772635  2.787112E-13
7829.52880117642  2.676087E-13
7829.59111961772  2.965224E-13
7829.65343305006  2.829967E-13
7829.71574147322  2.639087E-13
7829.77804488704  2.782354E-13
7829.84034329131  2.708723E-13
7829.90263668585  2.818411E-13
7829.96492507046  2.735023E-13
7830.02720844495  2.722148E-13
7830.08948680913  2.712330E-13
7830.15176016281  2.842668E-13
7830.2140285058  3.003133E-13
7830.2762918379  2.851257E-13
7830.33855015892  2.770970E-13
7830.40080346868  2.852674E-13
7830.46305176698  2.957048E-13
7830.52529505363  2.777540E-13
7830.58753332844  2.866477E-13
7830.64976659122  2.650749E-13
7830.71199484178  2.744408E-13
7830.77421807993  2.946770E-13
7830.83643630547  2.894731E-13
7830.89864951822  2.712504E-13
7830.96085771799  2.846619E-13
7831.02306090458  2.837655E-13
7831.0852590778  2.828759E-13
7831.14745223748  2.865255E-13
7831.2096403834  2.887382E-13
7831.27182351539  2.970870E-13
7831.33400163325  3.042377E-13
7831.3961747368  2.895911E-13
7831.45834282585  2.795078E-13
7831.52050590019  2.742147E-13
7831.58266395966  2.826733E-13
7831.64481700404  2.923713E-13
7831.70696503316  2.677465E-13
7831.76910804683  2.713223E-13
7831.83124604485  3.015435E-13
7831.89337902704  2.764919E-13
7831.95550699321  2.787767E-13
7832.01762994316  2.719386E-13
7832.07974787671  2.802352E-13
7832.14186079367  2.774223E-13
7832.20396869386  2.819688E-13
7832.26607157707  2.638768E-13
7832.32816944313  2.829827E-13
7832.39026229183  2.854181E-13
7832.45235012301  2.828340E-13
7832.51443293645  2.634052E-13
7832.57651073199  2.721737E-13
7832.63858350942  2.767972E-13
7832.70065126856  2.577914E-13
7832.76271400922  2.699277E-13
7832.82477173122  2.632596E-13
7832.88682443436  2.641912E-13
7832.94887211845  2.684006E-13
7833.01091478331  2.644096E-13
7833.07295242875  2.520858E-13
7833.13498505459  2.543116E-13
7833.19701266062  2.582902E-13
7833.25903524667  2.686822E-13
7833.32105281255  2.584272E-13
7833.38306535807  2.612449E-13
7833.44507288304  2.632596E-13
7833.50707538727  2.659463E-13
7833.56907287058  2.563911E-13
7833.63106533278  2.614810E-13
7833.69305277368  2.736078E-13
7833.75503519309  2.441728E-13
7833.81701259083  2.504637E-13
7833.87898496671  2.410138E-13
7833.94095232054  2.423075E-13
7834.00291465214  2.530940E-13
7834.06487196132  2.419983E-13
7834.12682424788  2.567892E-13
7834.18877151165  2.577833E-13
7834.25071375243  2.672267E-13
7834.31265097005  2.636723E-13
7834.37458316431  2.656093E-13
7834.43651033503  2.725851E-13
7834.49843248201  2.754200E-13
7834.56034960508  2.638213E-13
7834.62226170405  2.541834E-13
7834.68416877873  2.618411E-13
7834.74607082894  2.672211E-13
7834.80796785448  2.824099E-13
7834.86985985517  2.857735E-13
7834.93174683083  2.773193E-13
7834.99362878127  2.823855E-13
7835.05550570631  2.861900E-13
7835.11737760575  2.799853E-13
7835.17924447941  2.889937E-13
7835.24110632712  2.783590E-13
7835.30296314867  2.851479E-13
7835.36481494388  2.795967E-13
7835.42666171258  2.699033E-13
7835.48850345457  2.900506E-13
7835.55034016967  2.832010E-13
7835.61217185769  2.791411E-13
7835.67399851845  2.707422E-13
7835.73582015177  2.802504E-13
7835.79763675745  2.835138E-13
7835.85944833532  2.757754E-13
7835.92125488518  2.842285E-13
7835.98305640685  2.729575E-13
7836.04485290016  2.826733E-13
7836.1066443649  2.736286E-13
7836.16843080091  2.696237E-13
7836.23021220798  2.564193E-13
7836.29198858595  2.723360E-13
7836.35375993462  2.723939E-13
7836.41552625381  2.647654E-13
7836.47728754334  2.710964E-13
7836.53904380302  2.618650E-13
7836.60079503266  2.634744E-13
7836.66254123209  2.649388E-13
7836.72428240112  2.694231E-13
7836.78601853956  2.756160E-13
7836.84774964723  2.707793E-13
7836.90947572395  2.671652E-13
7836.97119676953  2.571593E-13
7837.0329127838  2.690195E-13
7837.09462376655  2.677169E-13
7837.15632971762  2.760631E-13
7837.21803063682  2.653204E-13
7837.27972652396  2.658122E-13
7837.34141737887  2.725118E-13
7837.40310320135  2.554768E-13
7837.46478399122  2.725484E-13
7837.52645974831  2.759933E-13
7837.58813047243  2.656828E-13
7837.64979616339  2.641049E-13
7837.71145682102  2.700806E-13
7837.77311244512  2.540324E-13
7837.83476303552  2.731150E-13
7837.89640859203  2.622280E-13
7837.95804911448  2.795127E-13
7838.01968460267  2.779374E-13
7838.08131505643  2.828969E-13
7838.14294047557  2.776262E-13
7838.20456085992  2.690756E-13
7838.26617620928  2.713968E-13
7838.32778652348  2.750834E-13
7838.38939180233  2.980685E-13
7838.45099204565  2.802708E-13
7838.51258725326  2.868587E-13
7838.57417742498  2.765041E-13
7838.63576256063  2.602861E-13
7838.69734266002  2.717039E-13
7838.75891772297  2.711221E-13
7838.8204877493  2.776657E-13
7838.88205273883  2.887588E-13
7838.94361269137  2.677814E-13
7839.00516760675  2.702111E-13
7839.06671748478  2.792592E-13
7839.12826232529  2.928335E-13
7839.18980212809  2.832861E-13
7839.25133689299  2.716723E-13
7839.31286661983  2.818604E-13
7839.37439130841  2.926840E-13
7839.43591095855  2.776101E-13
7839.49742557009  2.833865E-13
7839.55893514282  2.842913E-13
7839.62043967658  2.870279E-13
7839.68193917118  2.526619E-13
7839.74343362645  2.790324E-13
7839.80492304219  2.988238E-13
7839.86640741823  2.719537E-13
7839.9278867544  2.842174E-13
7839.9893610505  2.787427E-13
7840.05083030636  2.706945E-13
7840.1122945218  2.983339E-13
7840.17375369664  2.732963E-13
7840.2352078307  2.757169E-13
7840.2966569238  2.818431E-13
7840.35810097575  2.701111E-13
7840.41953998638  2.784588E-13
7840.48097395551  2.824426E-13
7840.54240288296  2.856904E-13
7840.60382676855  2.957175E-13
7840.66524561209  2.911008E-13
7840.72665941342  2.710074E-13
7840.78806817234  2.727707E-13
7840.84947188868  2.878368E-13
7840.91087056227  2.843758E-13
7840.97226419291  2.793983E-13
7841.03365278044  2.761276E-13
7841.09503632467  2.713910E-13
7841.15641482542  2.849972E-13
7841.21778828252  2.749090E-13
7841.27915669579  2.861652E-13
7841.34052006504  2.932837E-13
7841.4018783901  2.903110E-13
7841.46323167078  2.930141E-13
7841.52457990692  2.806315E-13
7841.58592309833  2.618216E-13
7841.64726124483  2.803708E-13
7841.70859434624  2.686713E-13
7841.7699224024  2.756784E-13
7841.83124541311  2.716158E-13
7841.89256337819  2.831839E-13
7841.95387629748  2.862817E-13
7842.01518417079  2.970105E-13
7842.07648699795  2.625841E-13
7842.13778477877  2.637011E-13
7842.19907751308  2.840441E-13
7842.2603652007  2.811014E-13
7842.32164784146  2.712397E-13
7842.38292543517  2.800610E-13
7842.44419798165  2.677983E-13
7842.50546548074  2.765723E-13
7842.56672793225  2.721004E-13
7842.627985336  2.866818E-13
7842.68923769182  2.669577E-13
7842.75048499953  2.680555E-13
7842.81172725895  2.741107E-13
7842.87296446991  2.750416E-13
7842.93419663222  2.884124E-13
7842.99542374572  2.824955E-13
7843.05664581022  2.690930E-13
7843.11786282554  2.891254E-13
7843.17907479152  2.799190E-13
7843.24028170797  2.772571E-13
7843.30148357472  2.791345E-13
7843.36268039158  2.763227E-13
7843.42387215839  2.836945E-13
7843.48505887497  2.909947E-13
7843.54624054114  2.806730E-13
7843.60741715672  2.748427E-13
7843.66858872153  2.664868E-13
7843.72975523541  2.775919E-13
7843.79091669818  2.968433E-13
7843.85207310965  2.816655E-13
7843.91322446966  2.555550E-13
7843.97437077802  2.653974E-13
7844.03551203456  2.911662E-13
7844.09664823911  2.863340E-13
7844.15777939149  2.792348E-13
7844.21890549152  2.865953E-13
7844.28002653903  2.670654E-13
7844.34114253384  2.680619E-13
7844.40225347579  2.807673E-13
7844.46335936467  2.936615E-13
7844.52446020034  2.834741E-13
7844.58555598261  2.725229E-13
7844.6466467113  2.595334E-13
7844.70773238624  2.705576E-13
7844.76881300726  2.905248E-13
7844.82988857418  2.915412E-13
7844.89095908683  2.749129E-13
7844.95202454502  2.708161E-13
7845.01308494859  2.762873E-13
7845.07414029736  2.703810E-13
7845.13519059116  2.749374E-13
7845.19623582981  2.836457E-13
7845.25727601313  2.852969E-13
7845.31831114096  2.814835E-13
7845.37934121312  2.798651E-13
7845.44036622943  2.677319E-13
7845.50138618972  2.646524E-13
7845.56240109381  2.857086E-13
7845.62341094154  2.776711E-13
7845.68441573273  2.833571E-13
7845.74541546719  2.769777E-13
7845.80641014477  2.666986E-13
7845.86739976528  2.776142E-13
7845.92838432855  2.833592E-13
7845.98936383441  2.976504E-13
7846.05033828269  2.933429E-13
7846.11130767321  2.726836E-13
7846.17227200579  2.750430E-13
7846.23323128026  2.690752E-13
7846.29418549646  2.621497E-13
7846.35513465421  2.653948E-13
7846.41607875332  2.781260E-13
7846.47701779364  2.841208E-13
7846.53795177499  2.738380E-13
7846.59888069719  2.921910E-13
7846.65980456007  2.703599E-13
7846.72072336346  2.655630E-13
7846.78163710719  2.857797E-13
7846.84254579108  2.726169E-13
7846.90344941496  2.582287E-13
7846.96434797866  2.749468E-13
7847.025241482  2.749681E-13
7847.08612992482  2.851708E-13
7847.14701330693  2.938429E-13
7847.20789162818  2.580771E-13
7847.26876488838  2.809049E-13
7847.32963308736  2.794547E-13
7847.39049622496  2.827804E-13
7847.45135430099  2.647266E-13
7847.5122073153  2.713307E-13
7847.57305526769  2.715525E-13
7847.63389815801  2.842691E-13
7847.69473598609  2.776212E-13
7847.75556875174  2.698243E-13
7847.8163964548  2.667677E-13
7847.8772190951  2.808047E-13
7847.93803667247  2.901646E-13
7847.99884918672  2.889555E-13
7848.0596566377  2.874320E-13
7848.12045902523  2.672725E-13
7848.18125634915  2.771434E-13
7848.24204860927  2.701500E-13
7848.30283580542  2.942946E-13
7848.36361793745  2.755215E-13
7848.42439500517  2.937814E-13
7848.48516700841  2.794284E-13
7848.54593394701  2.894087E-13
7848.6066958208  2.811184E-13
7848.66745262959  2.848372E-13
7848.72820437323  2.654288E-13
7848.78895105154  2.730112E-13
7848.84969266435  2.869638E-13
7848.91042921149  2.857627E-13
7848.97116069279  2.747514E-13
7849.03188710808  2.710269E-13
7849.09260845719  2.694789E-13
7849.15332473994  2.922099E-13
7849.21403595618  2.807864E-13
7849.27474210573  2.864040E-13
7849.33544318842  2.787442E-13
7849.39613920408  2.527657E-13
7849.45683015254  2.667270E-13
7849.51751603362  2.925736E-13
7849.57819684717  2.839349E-13
7849.63887259301  2.665714E-13
7849.69954327097  2.825594E-13
7849.76020888089  2.824683E-13
7849.82086942258  2.700571E-13
7849.88152489589  2.800631E-13
7849.94217530064  2.890854E-13
7850.00282063667  2.791239E-13
7850.0634609038  2.750965E-13
7850.12409610187  2.977119E-13
7850.18472623071  2.708965E-13
7850.24535129015  2.803563E-13
7850.30597128001  2.630501E-13
7850.36658620014  2.908791E-13
7850.42719605037  2.915097E-13
7850.48780083051  2.748247E-13
7850.54840054041  2.633039E-13
7850.6089951799  2.724130E-13
7850.6695847488  2.598010E-13
7850.73016924696  2.468378E-13
7850.7907486742  2.805843E-13
7850.85132303035  2.803379E-13
7850.91189231525  2.632153E-13
7850.97245652872  2.693856E-13
7851.03301567061  2.662987E-13
7851.09356974073  2.623119E-13
7851.15411873893  2.799339E-13
7851.21466266504  2.874467E-13
7851.27520151888  2.482879E-13
7851.3357353003  2.573167E-13
7851.39626400912  2.773031E-13
7851.45678764517  2.793021E-13
7851.51730620829  2.843946E-13
7851.57781969831  2.722424E-13
7851.63832811507  2.750412E-13
7851.69883145839  2.607520E-13
7851.75932972811  2.607348E-13
7851.81982292406  2.636378E-13
7851.88031104608  2.707869E-13
7851.940794094  2.729512E-13
7852.00127206764  2.699488E-13
7852.06174496685  2.812659E-13
7852.12221279146  2.671126E-13
7852.1826755413  2.652920E-13
7852.2431332162  2.894469E-13
7852.30358581599  2.650389E-13
7852.36403334053  2.859761E-13
7852.42447578962  2.918435E-13
7852.48491316311  2.712234E-13
7852.54534546084  2.740619E-13
7852.60577268263  2.652090E-13
7852.66619482832  2.844980E-13
7852.72661189774  2.720701E-13
7852.78702389073  2.746028E-13
7852.84743080712  2.658176E-13
7852.90783264675  2.714459E-13
7852.96822940945  2.774578E-13
7853.02862109505  2.919527E-13
7853.08900770339  2.853683E-13
7853.1493892343  2.671646E-13
7853.20976568762  2.936839E-13
7853.27013706319  2.784069E-13
7853.33050336083  2.716805E-13
7853.39086458038  2.781388E-13
7853.45122072167  2.808104E-13
7853.51157178455  2.986078E-13
7853.57191776884  2.907572E-13
7853.63225867439  2.875079E-13
7853.69259450102  2.783640E-13
7853.75292524857  2.923520E-13
7853.81325091687  2.742616E-13
7853.87357150577  2.766342E-13
7853.9338870151  2.765875E-13
7853.99419744468  2.639351E-13
7854.05450279436  2.784636E-13
7854.11480306398  2.794705E-13
7854.17509825336  2.516061E-13
7854.23538836235  2.851201E-13
7854.29567339078  2.964327E-13
7854.35595333848  2.770237E-13
7854.4162282053  2.712863E-13
7854.47649799106  2.833419E-13
7854.53676269561  2.803263E-13
7854.59702231877  2.905481E-13
7854.65727686039  2.765231E-13
7854.71752632031  2.829946E-13
7854.77777069835  2.753486E-13
7854.83800999435  2.829648E-13
7854.89824420816  2.656882E-13
7854.9584733396  2.623613E-13
7855.01869738852  2.825909E-13
7855.07891635474  3.000902E-13
7855.13913023812  2.732431E-13
7855.19933903848  2.885335E-13
7855.25954275565  2.766976E-13
7855.31974138949  2.676535E-13
7855.37993493982  2.823100E-13
7855.44012340648  2.742621E-13
7855.50030678931  2.890285E-13
7855.56048508815  2.804584E-13
7855.62065830283  2.955979E-13
7855.68082643319  2.733287E-13
7855.74098947907  2.729793E-13
7855.8011474403  2.809536E-13
7855.86130031673  2.822722E-13
7855.92144810818  2.607959E-13
7855.9815908145  2.819759E-13
7856.04172843553  2.752149E-13
7856.1018609711  3.073742E-13
7856.16198842106  2.464957E-13
