5135.29242771467  0.
5135.33997339099  0.
5135.38751603487  0.
5135.43505564609  0.
5135.48259222447  85951.13
5135.5301257698  85540.55
5135.57765628189  85960.48
5135.62518376053  85520.01
5135.67270820554  85959.09
5135.72022961671  86131.14
5135.76774799385  85676.1
5135.81526333675  85092.02
5135.86277564522  86057.91
5135.91028491907  85728.69
5135.95779115808  86559.28
5136.00529436208  84780.91
5136.05279453085  85567.17
5136.1002916642  85723.23
5136.14778576193  85231.38
5136.19527682384  85965.27
5136.24276484975  86057.16
5136.29024983944  84836.78
5136.33773179272  86298.99
5136.3852107094  86194.75
5136.43268658928  85722.34
5136.48015943215  86730.99
5136.52762923782  86815.7
5136.5750960061  86536.77
5136.62255973679  85472.15
5136.67002042969  86462.34
5136.7174780846  86523.82
5136.76493270132  85468.34
5136.81238427966  86678.01
5136.85983281942  86751.84
5136.90727832041  85553.25
5136.95472078242  86502.52
5137.00216020526  86008.
5137.04959658873  86186.41
5137.09702993264  86806.92
5137.14446023679  86290.13
5137.19188750097  85145.84
5137.239311725  85723.84
5137.28673290868  86416.79
5137.33415105181  86499.28
5137.38156615419  86095.95
5137.42897821562  85589.57
5137.47638723592  84715.33
5137.52379321488  85747.36
5137.57119615231  85648.57
5137.61859604801  85205.91
5137.66599290178  84594.65
5137.71338671342  86432.14
5137.76077748275  86276.57
5137.80816520956  86123.9
5137.85554989365  85399.78
5137.90293153484  86892.64
5137.95031013292  86670.63
5137.9976856877  86565.66
5138.04505819898  85841.25
5138.09242766656  86203.04
5138.13979409025  86382.99
5138.18715746986  86058.02
5138.23451780518  86866.18
5138.28187509602  86301.22
5138.32922934218  86944.57
5138.37658054348  86163.34
5138.4239286997  85743.44
5138.47127381065  86390.16
5138.51861587615  86398.03
5138.56595489599  85609.68
5138.61329086998  86405.75
5138.66062379792  86019.95
5138.70795367961  86639.18
5138.75528051487  86208.24
5138.80260430349  85546.1
5138.84992504527  86389.11
5138.89724274003  86565.51
5138.94455738756  85213.12
5138.99186898768  85606.68
5139.03917754018  85512.98
5139.08648304487  85192.21
5139.13378550155  85708.63
5139.18108491003  85185.61
5139.22838127011  84376.36
5139.2756745816  84553.88
5139.3229648443  84819.29
5139.37025205802  84563.01
5139.41753622256  85587.88
5139.46481733773  84507.47
5139.51209540332  84811.13
5139.55937041915  84542.24
5139.60664238502  84454.55
5139.65391130074  85451.82
5139.7011771661  85993.66
5139.74843998092  85597.66
5139.79569974499  85659.77
5139.84295645813  85596.85
5139.89021012014  86713.82
5139.93746073082  86338.57
5139.98470828998  86158.84
5140.03195279742  85975.75
5140.07919425296  86148.98
5140.12643265638  86616.57
5140.17366800751  85997.72
5140.22090030614  85226.35
5140.26812955208  85866.18
5140.31535574513  86552.4
5140.3625788851  86223.63
5140.4097989718  86732.65
5140.45701600503  86263.52
5140.50422998459  85722.67
5140.5514409103  86440.33
5140.59864878195  86597.12
5140.64585359935  85535.09
5140.69305536231  86690.19
5140.74025407064  86962.1
5140.78744972413  86009.65
5140.8346423226  86460.03
5140.88183186585  86420.31
5140.92901835368  86363.61
5140.97620178591  86152.31
5141.02338216233  86686.79
5141.07055948275  86371.19
5141.11773374699  85795.02
5141.16490495484  86012.23
5141.2120731061  85348.25
5141.2592382006  85540.94
5141.30640023812  85606.55
5141.35355921849  86635.63
5141.4007151415  86392.91
5141.44786800696  85656.9
5141.49501781467  85948.81
5141.54216456445  85546.2
5141.58930825609  86300.59
5141.63644888941  86142.78
5141.68358646421  86463.16
5141.7307209803  86472.77
5141.77785243748  86092.87
5141.82498083557  85126.1
5141.87210617435  86775.28
5141.91922845365  85828.61
5141.96634767327  85437.47
5142.01346383301  87087.8
5142.06057693269  86248.49
5142.1076869721  85650.31
5142.15479395106  86016.75
5142.20189786937  86232.98
5142.24899872684  86949.62
5142.29609652327  86687.56
5142.34319125847  86798.38
5142.39028293225  85596.62
5142.43737154442  86290.87
5142.48445709477  86627.51
5142.53153958313  86253.89
5142.57861900929  85140.28
5142.62569537306  86107.7
5142.67276867425  85562.05
5142.71983891267  86142.89
5142.76690608812  85855.11
5142.81397020041  85479.18
5142.86103124934  85572.18
5142.90808923474  85202.05
5142.95514415639  85178.73
5143.00219601411  85894.33
5143.0492448077  86189.09
5143.09629053698  85189.08
5143.14333320174  86027.63
5143.19037280181  86842.77
5143.23740933697  86686.84
5143.28444280705  86036.48
5143.33147321185  86522.47
5143.37850055118  86554.35
5143.42552482484  85991.12
5143.47254603264  86885.59
5143.51956417438  85768.2
5143.56657924989  85846.22
5143.61359125896  86469.78
5143.6606002014  85362.11
5143.70760607702  86146.05
5143.75460888563  85651.83
5143.80160862703  85840.84
5143.84860530103  86296.66
5143.89559890745  86513.27
5143.94258944608  87502.21
5143.98957691674  86226.88
5144.03656131923  85639.1
5144.08354265337  85218.35
5144.13052091895  86060.66
5144.17749611579  85796.36
5144.2244682437  85377.72
5144.27143730248  85389.66
5144.31840329194  86039.7
5144.36536621189  86499.34
5144.41232606214  85446.31
5144.45928284249  84745.81
5144.50623655276  85230.05
5144.55318719275  85401.92
5144.60013476228  85368.83
5144.64707926114  86175.23
5144.69402068915  86577.2
5144.74095904611  85777.66
5144.78789433184  86275.89
5144.83482654614  86275.45
5144.88175568883  86587.73
5144.9286817597  85961.15
5144.97560475857  85520.63
5145.02252468525  86432.88
5145.06944153954  86133.48
5145.11635532126  85681.59
5145.16326603021  86006.84
5145.2101736662  86280.44
5145.25707822904  85724.61
5145.30397971855  85981.88
5145.35087813451  85491.91
5145.39777347676  86316.62
5145.44466574509  86495.87
5145.49155493932  86076.23
5145.53844105925  85688.24
5145.58532410469  85904.48
5145.63220407545  86200.63
5145.67908097134  85743.29
5145.72595479218  85720.54
5145.77282553776  84463.83
5145.8196932079  85129.48
5145.8665578024  85005.58
5145.91341932109  84862.45
5145.96027776375  85548.36
5146.00713313022  85496.48
5146.05398542028  85763.23
5146.10083463376  85074.49
5146.14768077047  84649.27
5146.1945238302  84953.45
5146.24136381278  84888.95
5146.28820071801  85408.45
5146.3350345457  85405.66
5146.38186529566  85681.64
5146.42869296769  84857.66
5146.47551756162  85728.53
5146.52233907725  85416.36
5146.56915751439  85493.56
5146.61597287284  85485.04
5146.66278515242  86042.83
5146.70959435294  85796.16
5146.75640047421  85966.57
5146.80320351604  85289.12
5146.85000347823  85317.98
5146.8968003606  85553.66
5146.94359416296  84970.09
5146.99038488512  86273.96
5147.03717252688  86028.3
5147.08395708806  86031.41
5147.13073856847  85791.88
5147.17751696792  86175.09
5147.22429228621  85227.23
5147.27106452316  85645.12
5147.31783367858  86438.49
5147.36459975228  86090.62
5147.41136274407  86211.09
5147.45812265375  85584.69
5147.50487948115  85729.95
5147.55163322607  85621.3
5147.59838388831  85753.41
5147.6451314677  85881.96
5147.69187596404  85691.99
5147.73861737714  86962.
5147.78535570681  85928.42
5147.83209095287  86122.98
5147.87882311511  86264.31
5147.92555219337  84725.97
5147.97227818743  85931.47
5148.01900109713  85221.75
5148.06572092226  85727.76
5148.11243766263  85485.55
5148.15915131807  85716.87
5148.20586188837  85076.5
5148.25256937336  86342.56
5148.29927377283  85734.29
5148.3459750866  85784.22
5148.39267331449  85442.92
5148.43936845631  85948.49
5148.48606051185  85014.6
5148.53274948094  85730.69
5148.57943536339  85118.7
5148.62611815901  85555.19
5148.6727978676  86790.4
5148.71947448899  85760.25
5148.76614802298  85728.41
5148.81281846938  86390.67
5148.859485828  86282.12
5148.90615009866  85697.44
5148.95281128117  86335.44
5148.99946937534  85587.8
5149.04612438097  85549.3
5149.09277629789  85588.8
5149.1394251259  86058.35
5149.18607086482  85047.41
5149.23271351445  84560.52
5149.27935307461  84969.25
5149.32598954511  85360.31
5149.37262292576  85019.24
5149.41925321637  84862.43
5149.46588041676  84689.65
5149.51250452673  84352.31
5149.5591255461  84974.39
5149.60574347468  85459.37
5149.65235831229  84521.11
5149.69897005872  85341.51
5149.74557871381  85514.62
5149.79218427735  84604.52
5149.83878674916  86054.7
5149.88538612905  85971.44
5149.93198241684  86035.92
5149.97857561233  86135.39
5150.02516571534  86494.91
5150.07175272568  86361.44
5150.11833664317  85932.84
5150.16491746761  86190.6
5150.21149519881  85997.8
5150.2580698366  86026.39
5150.30464138078  85168.34
5150.35120983116  86055.03
5150.39777518756  86337.52
5150.44433744979  85605.94
5150.49089661766  85502.32
5150.53745269098  85205.93
5150.58400566957  85840.63
5150.63055555324  84964.2
5150.67710234181  85348.14
5150.72364603508  84939.21
5150.77018663286  85281.8
5150.81672413498  85545.27
5150.86325854123  86112.5
5150.90978985145  85738.96
5150.95631806543  84728.57
5151.00284318299  85851.46
5151.04936520395  85107.78
5151.09588412812  85204.51
5151.1423999553  84569.55
5151.18891268532  85103.73
5151.23542231799  85795.78
5151.28192885311  85667.96
5151.32843229051  86026.81
5151.37493262999  85723.41
5151.42142987137  85602.18
5151.46792401447  85885.99
5151.51441505908  85470.26
5151.56090300504  84927.41
5151.60738785215  85598.09
5151.65386960022  86534.98
5151.70034824907  85916.55
5151.74682379852  85889.8
5151.79329624837  84546.05
5151.83976559843  85269.91
5151.88623184853  86034.64
5151.93269499848  85745.11
5151.97915504808  84854.72
5152.02561199716  85979.05
5152.07206584553  85842.6
5152.11851659299  85771.8
5152.16496423937  85624.43
5152.21140878448  85055.86
5152.25785022812  84604.52
5152.30428857013  85566.38
5152.3507238103  84885.2
5152.39715594845  85679.28
5152.4435849844  84952.01
5152.49001091797  85270.18
5152.53643374895  85993.09
5152.58285347718  85148.84
5152.62927010246  85848.6
5152.6756836246  85362.84
5152.72209404343  85670.41
5152.76850135875  85211.59
5152.81490557038  85260.85
5152.86130667814  85307.34
5152.90770468183  84924.34
5152.95409958127  84082.41
5153.00049137628  85720.41
5153.04688006667  85314.34
5153.09326565226  85507.8
5153.13964813285  84874.67
5153.18602750827  85812.68
5153.23240377833  84001.96
5153.27877694284  85091.3
5153.32514700161  84662.13
5153.37151395447  84514.89
5153.41787780123  84238.73
5153.4642385417  84458.65
5153.51059617569  84744.52
5153.55695070302  85290.91
5153.60330212351  85012.95
5153.64965043697  85308.04
5153.69599564321  84881.84
5153.74233774205  84652.81
5153.78867673331  84931.79
5153.8350126168  84086.46
5153.88134539233  84066.99
5153.92767505972  84566.17
5153.97400161879  84199.11
5154.02032506934  84606.02
5154.0666454112  84239.91
5154.11296264418  84584.55
5154.15927676809  84635.7
5154.20558778275  84129.87
5154.25189568798  84400.3
5154.29820048359  83996.21
5154.3445021694  84526.77
5154.39080074521  83946.35
5154.43709621085  84796.23
5154.48338856614  85289.43
5154.52967781088  84665.59
5154.57596394489  84975.98
5154.62224696799  84197.53
5154.66852688  85144.05
5154.71480368072  84826.16
5154.76107736998  85394.31
5154.80734794758  85695.2
5154.85361541336  85025.46
5154.89987976712  85918.67
5154.94614100867  85493.73
5154.99239913784  86056.88
5155.03865415443  85053.88
5155.08490605827  85717.59
5155.13115484917  85342.57
5155.17740052694  85835.55
5155.22364309141  85539.26
5155.26988254239  85741.7
5155.31611887969  85362.93
5155.36235210313  85813.28
5155.40858221253  85442.69
5155.4548092077  85976.03
5155.50103308846  85313.48
5155.54725385462  85677.7
5155.593471506  86280.13
5155.63968604242  85136.97
5155.68589746369  84898.16
5155.73210576964  85942.33
5155.77831096006  85053.34
5155.82451303479  85000.76
5155.87071199364  85525.45
5155.91690783643  85238.27
5155.96310056296  84952.91
5156.00929017306  85737.88
5156.05547666655  85847.64
5156.10166004324  85439.93
5156.14784030295  85633.21
5156.19401744548  85015.38
5156.24019147067  85541.77
5156.28636237833  84944.17
5156.33253016828  85239.56
5156.37869484032  84959.11
5156.42485639428  85528.7
5156.47101482997  85084.01
5156.51717014722  86229.45
5156.56332234583  85782.7
5156.60947142563  84946.09
5156.65561738643  85484.02
5156.70176022805  85492.67
5156.74789995031  85699.65
5156.79403655302  85944.57
5156.840170036  85675.55
5156.88630039907  85126.07
5156.93242764204  85451.61
5156.97855176473  85838.77
5157.02467276696  85997.5
5157.07079064855  85933.58
5157.11690540931  85097.45
5157.16301704907  85699.59
5157.20912556763  85463.72
5157.25523096481  84739.33
5157.30133324044  85312.17
5157.34743239433  85253.07
5157.3935284263  85365.1
5157.43962133616  85168.28
5157.48571112373  85722.12
5157.53179778884  85875.3
5157.57788133129  85321.87
5157.62396175091  85835.41
5157.67003904751  84880.99
5157.71611322092  84773.26
5157.76218427094  84921.71
5157.8082521974  85885.37
5157.85431700011  84755.23
5157.9003786789  85469.09
5157.94643723357  85640.67
5157.99249266396  85746.33
5158.03854496987  84628.91
5158.08459415112  84909.45
5158.13064020754  84572.66
5158.17668313894  85220.59
5158.22272294513  85313.85
5158.26875962594  85152.78
5158.31479318119  85902.45
5158.36082361069  85587.
5158.40685091426  85143.52
5158.45287509171  85452.68
5158.49889614288  85195.07
5158.54491406757  84650.78
5158.59092886561  85538.13
5158.6369405368  85523.68
5158.68294908098  85478.95
5158.72895449796  84873.33
5158.77495678756  84869.55
5158.82095594959  85086.2
5158.86695198388  84664.41
5158.91294489024  85363.95
5158.95893466849  85618.76
5159.00492131846  85835.23
5159.05090483995  85206.47
5159.09688523279  85157.55
5159.1428624968  85686.09
5159.18883663179  85628.14
5159.2348076376  85828.06
5159.28077551402  85509.42
5159.32674026088  85349.51
5159.37270187801  85832.77
5159.41866036522  86075.24
5159.46461572232  85314.63
5159.51056794914  85159.21
5159.55651704551  85260.35
5159.60246301122  85163.52
5159.64840584612  85602.48
5159.69434555  85477.59
5159.74028212271  84885.27
5159.78621556404  85701.2
5159.83214587383  85536.48
5159.87807305188  84820.01
5159.92399709804  85042.83
5159.96991801209  86014.44
5160.01583579388  84813.75
5160.06175044322  85948.89
5160.10766195993  85220.14
5160.15357034383  85262.71
5160.19947559473  85192.88
5160.24537771246  85362.98
5160.29127669683  84489.98
5160.33717254768  85534.37
5160.38306526481  84723.26
5160.42895484804  85219.17
5160.4748412972  85074.62
5160.52072461211  85839.31
5160.56660479258  85612.22
5160.61248183843  85157.9
5160.65835574949  85078.32
5160.70422652558  85409.08
5160.75009416651  85173.01
5160.7959586721  84780.55
5160.84182004218  84568.83
5160.88767827656  84990.13
5160.93353337507  84639.67
5160.97938533752  84367.28
5161.02523416374  85684.45
5161.07107985354  84927.15
5161.11692240675  85107.47
5161.16276182318  84718.7
5161.20859810266  85304.9
5161.254431245  85247.09
5161.30026125003  84971.37
5161.34608811757  85289.74
5161.39191184743  84625.63
5161.43773243944  85260.02
5161.48354989342  85394.52
5161.52936420919  85072.7
5161.57517538657  85795.11
5161.62098342538  84679.95
5161.66678832543  84986.04
5161.71259008656  85078.44
5161.75838870858  84649.09
5161.80418419131  85133.07
5161.84997653457  84778.64
5161.89576573819  85165.83
5161.94155180198  84596.33
5161.98733472576  84159.44
5162.03311450937  84437.34
5162.07889115261  84219.93
5162.1246646553  84710.65
5162.17043501728  84238.75
5162.21620223836  84487.32
5162.26196631835  83517.56
5162.30772725709  84018.59
5162.35348505439  84320.98
5162.39923971008  84141.73
5162.44499122397  84030.65
5162.49073959589  84276.27
5162.53648482566  84241.47
5162.58222691309  84493.35
5162.62796585802  84644.4
5162.67370166026  84971.83
5162.71943431963  85054.35
5162.76516383595  85637.34
5162.81089020905  85083.45
5162.85661343875  85201.84
5162.90233352487  85153.58
5162.94805046722  84529.81
5162.99376426564  84622.36
5163.03947491995  84732.67
5163.08518242995  85250.66
5163.13088679549  85062.95
5163.17658801637  84868.65
5163.22228609243  84943.35
5163.26798102347  85680.41
5163.31367280933  84708.01
5163.35936144983  85094.45
5163.40504694478  85402.25
5163.45072929401  85514.84
5163.49640849735  84922.06
5163.54208455461  84987.27
5163.58775746561  85779.18
5163.63342723018  85488.83
5163.67909384814  84882.28
5163.72475731931  85022.94
5163.77041764352  85062.04
5163.81607482058  85059.55
5163.86172885032  85133.99
5163.90737973256  85110.7
5163.95302746712  85100.81
5163.99867205383  85180.16
5164.0443134925  85355.48
5164.08995178296  84933.19
5164.13558692504  85369.76
5164.18121891855  85689.41
5164.22684776332  85305.35
5164.27247345917  84973.84
5164.31809600592  85555.67
5164.36371540339  85553.62
5164.40933165141  84987.1
5164.4549447498  85893.14
5164.50055469839  85280.79
5164.54616149698  85227.53
5164.59176514542  85693.84
5164.63736564352  85434.29
5164.6829629911  85629.72
5164.72855718799  85003.65
5164.774148234  84899.22
5164.81973612897  85169.8
5164.86532087271  84902.15
5164.91090246506  84235.41
5164.95648090582  85571.55
5165.00205619482  85224.02
5165.0476283319  85035.2
5165.09319731686  85472.53
5165.13876314954  85458.16
5165.18432582976  85525.73
5165.22988535733  85175.52
5165.27544173209  84974.31
5165.32099495385  84778.04
5165.36654502244  84643.31
5165.41209193769  84526.29
5165.45763569941  84799.8
5165.50317630743  84916.64
5165.54871376158  85122.98
5165.59424806167  84213.55
5165.63977920753  84811.88
5165.68530719899  84853.38
5165.73083203586  84785.63
5165.77635371798  84745.24
5165.82187224515  85579.98
5165.86738761722  84430.39
5165.912899834  85353.
5165.95840889532  85029.4
5166.00391480099  85227.92
5166.04941755085  84377.64
5166.09491714471  84359.15
5166.1404135824  84959.59
5166.18590686375  84743.64
5166.23139698858  85026.63
5166.27688395672  84465.65
5166.32236776797  84348.78
5166.36784842218  84642.59
5166.41332591917  84370.49
5166.45880025875  84033.66
5166.50427144076  84940.63
5166.54973946501  85529.05
5166.59520433134  84830.26
5166.64066603956  85604.44
5166.6861245895  84966.08
5166.73157998099  84960.39
5166.77703221385  84652.52
5166.82248128789  85133.04
5166.86792720296  84347.06
5166.91336995887  84242.27
5166.95880955544  83394.04
5167.00424599251  81823.92
5167.04967926989  79778.95
5167.09510938741  78348.23
5167.14053634489  76713.26
5167.18596014217  75029.32
5167.23138077906  73982.45
5167.27679825539  74512.2
5167.32221257098  73829.49
5167.36762372566  74438.08
5167.41303171925  74922.97
5167.45843655159  74489.49
5167.50383822248  75258.22
5167.54923673176  75210.81
5167.59463207926  76022.68
5167.64002426479  78144.8
5167.68541328818  79872.18
5167.73079914927  81527.47
5167.77618184786  82774.4
5167.8215613838  83523.79
5167.86693775689  84565.55
5167.91231096698  85244.92
5167.95768101388  85292.15
5168.00304789742  84985.58
5168.04841161742  84553.4
5168.09377217371  85674.27
5168.13912956611  84788.04
5168.18448379446  85074.57
5168.22983485857  85344.9
5168.27518275828  85280.34
5168.32052749339  85109.23
5168.36586906376  85031.48
5168.41120746918  85705.93
5168.45654270951  85568.57
5168.50187478454  85262.72
5168.54720369413  84604.38
5168.59252943809  83859.55
5168.63785201624  82500.44
5168.68317142841  79900.35
5168.72848767443  78019.86
5168.77380075412  74649.86
5168.81911066731  71595.23
5168.86441741383  68490.35
5168.9097209935  67881.77
5168.95502140614  66102.16
5169.00031865159  65498.3
5169.04561272966  65971.61
5169.09090364019  65457.76
5169.13619138301  65566.53
5169.18147595792  66669.35
5169.22675736477  68263.63
5169.27203560339  71326.17
5169.31731067359  74343.49
5169.36258257519  76365.1
5169.40785130804  79703.8
5169.45311687195  82086.05
5169.49837926675  83133.91
5169.54363849227  84477.37
5169.58889454833  85225.02
5169.63414743477  85774.67
5169.6793971514  85337.8
5169.72464369805  85396.19
5169.76988707455  85207.95
5169.81512728073  85216.92
5169.86036431641  85202.09
5169.90559818142  85334.64
5169.95082887559  85059.52
5169.99605639874  85168.02
5170.0412807507  85339.9
5170.08650193129  84719.65
5170.13171994035  85672.47
5170.17693477771  84982.4
5170.22214644317  84930.98
5170.26735493658  85540.63
5170.31256025776  84936.32
5170.35776240654  85023.88
5170.40296138275  85509.08
5170.4481571862  85205.16
5170.49334981674  85799.66
5170.53853927418  85702.58
5170.58372555835  85980.17
5170.62890866909  85632.77
5170.67408860621  85448.13
5170.71926536955  84960.05
5170.76443895893  85025.77
5170.80960937418  85528.98
5170.85477661513  84862.5
5170.8999406816  85132.85
5170.94510157343  84798.11
5170.99025929043  85463.05
5171.03541383244  85789.66
5171.08056519928  84726.34
5171.12571339079  85409.8
5171.17085840678  85466.39
5171.2160002471  85257.25
5171.26113891155  84821.78
5171.30627439998  84874.39
5171.35140671221  84805.27
5171.39653584807  84312.3
5171.44166180738  84730.35
5171.48678458998  84637.33
5171.53190419569  84731.18
5171.57702062434  85143.92
5171.62213387575  84668.04
5171.66724394976  84684.87
5171.7123508462  84509.39
5171.75745456488  84931.23
5171.80255510564  85080.42
5171.84765246832  84667.36
5171.89274665272  84623.09
5171.93783765869  84684.05
5171.98292548605  85381.84
5172.02801013464  85019.86
5172.07309160427  84866.66
5172.11816989478  85227.58
5172.16324500599  84834.16
5172.20831693773  84579.73
5172.25338568984  84800.02
5172.29845126214  83075.38
5172.34351365445  80824.87
5172.38857286662  78854.75
5172.43362889846  76657.27
5172.4786817498  74236.11
5172.52373142048  72409.71
5172.56877791031  71477.8
5172.61382121914  71208.52
5172.65886134679  70764.41
5172.70389829308  70507.68
5172.74893205785  70183.99
5172.79396264093  70688.02
5172.83899004214  71196.12
5172.88401426131  72284.73
5172.92903529827  73608.45
5172.97405315286  76234.12
5173.01906782489  78201.77
5173.0640793142  80832.8
5173.10908762063  82430.6
5173.15409274398  84238.84
5173.1990946841  85172.36
5173.24409344082  84906.09
5173.28908901396  85386.3
5173.33408140336  85443.39
5173.37907060884  85356.64
5173.42405663022  86085.02
5173.46903946736  85929.08
5173.51401912006  85729.28
5173.55899558816  85455.23
5173.60396887149  84688.39
5173.64893896988  85246.95
5173.69390588315  85318.74
5173.73886961115  85379.73
5173.78383015369  85378.16
5173.82878751061  85867.12
5173.87374168173  85532.98
5173.91869266689  85137.78
5173.96364046592  85391.98
5174.00858507864  85876.95
5174.05352650488  85427.71
5174.09846474449  85271.72
5174.14339979727  85897.54
5174.18833166307  85648.91
5174.23326034172  84920.23
5174.27818583303  84835.38
5174.32310813686  84894.88
5174.36802725302  85094.38
5174.41294318134  85421.74
5174.45785592165  85439.88
5174.50276547379  85095.21
5174.54767183758  85481.18
5174.59257501286  85854.87
5174.63747499946  85091.38
5174.68237179719  85938.75
5174.72726540591  85521.52
5174.77215582542  84673.38
5174.81704305558  84616.84
5174.8619270962  85583.34
5174.90680794712  85773.97
5174.95168560816  85587.17
5174.99656007916  85776.15
5175.04143135995  85813.78
5175.08629945035  85052.83
5175.13116435021  85420.52
5175.17602605934  85036.92
5175.22088457759  85367.7
5175.26573990477  84596.41
5175.31059204073  84223.24
5175.35544098528  85006.98
5175.40028673828  85307.91
5175.44512929953  85321.6
5175.48996866888  85123.89
5175.53480484615  85525.6
5175.57963783118  85656.69
5175.6244676238  85274.77
5175.66929422383  85106.28
5175.71411763111  85220.76
5175.75893784548  85443.77
5175.80375486675  85116.38
5175.84856869477  85437.94
5175.89337932935  84654.36
5175.93818677035  84946.09
5175.98299101758  85402.23
5176.02779207087  86044.8
5176.07258993006  85747.01
5176.11738459498  85919.8
5176.16217606546  85717.83
5176.20696434133  85653.65
5176.25174942243  85691.02
5176.29653130858  85357.57
5176.34130999962  84573.15
5176.38608549538  84852.42
5176.43085779568  85020.4
5176.47562690036  85307.61
5176.52039280926  85131.31
5176.5651555222  85110.73
5176.60991503901  85586.66
5176.65467135953  85444.11
5176.69942448359  85540.16
5176.74417441102  85368.09
5176.78892114165  85207.85
5176.83366467532  84809.99
5176.87840501185  85428.34
5176.92314215108  85289.14
5176.96787609285  84843.23
5177.01260683697  84843.16
5177.05733438328  84941.94
5177.10205873162  84608.71
5177.14677988182  84893.65
5177.19149783371  85087.34
5177.23621258712  84994.43
5177.28092414188  85118.07
5177.32563249784  85074.05
5177.3703376548  84718.04
5177.41503961262  84809.88
5177.45973837112  85264.38
5177.50443393014  84770.59
5177.54912628951  85257.13
5177.59381544905  85385.63
5177.63850140861  85168.85
5177.68318416801  85175.66
5177.72786372709  85350.68
5177.77254008567  84936.05
5177.8172132436  85109.09
5177.86188320071  85614.46
5177.90654995683  85142.83
5177.95121351178  85574.39
5177.9958738654  85821.3
5178.04053101754  85816.99
5178.08518496801  85512.71
5178.12983571665  85737.09
5178.17448326329  84923.85
5178.21912760777  85167.35
5178.26376874992  84764.22
5178.30840668958  85271.52
5178.35304142657  85745.49
5178.39767296073  86018.59
5178.44230129189  86267.15
5178.48692641988  84942.77
5178.53154834454  85412.3
5178.57616706571  85339.79
5178.6207825832  85567.07
5178.66539489686  85244.95
5178.71000400653  85794.29
5178.75460991202  85356.85
5178.79921261319  85477.39
5178.84381210985  85698.84
5178.88840840185  85226.03
5178.93300148902  84979.16
5178.97759137118  85529.05
5179.02217804818  85511.55
5179.06676151984  85315.71
5179.11134178601  84858.24
5179.15591884651  85008.45
5179.20049270118  85732.58
5179.24506334985  85347.8
5179.28963079235  84806.35
5179.33419502853  85820.25
5179.37875605821  85243.41
5179.42331388122  84967.98
5179.4678684974  85411.77
5179.51241990659  85321.48
5179.55696810861  85390.51
5179.60151310331  84937.05
5179.64605489051  85365.34
5179.69059347005  85157.45
5179.73512884177  84987.48
5179.77966100549  85291.47
5179.82418996106  85483.21
5179.86871570829  85188.64
5179.91323824704  84928.34
5179.95775757714  85276.33
5180.00227369841  84747.71
5180.04678661069  84827.37
5180.09129631383  85087.46
5180.13580280764  85125.23
5180.18030609196  84641.44
5180.22480616664  84225.94
5180.2693030315  85291.14
5180.31379668638  85374.73
5180.35828713111  85175.84
5180.40277436553  85181.18
5180.44725838947  84501.06
5180.49173920277  85004.05
5180.53621680525  84588.91
5180.58069119677  84397.03
5180.62516237714  84767.93
5180.66963034621  85448.97
5180.71409510381  85474.52
5180.75855664977  85544.38
5180.80301498394  84886.35
5180.84747010613  84568.14
5180.89192201619  84852.13
5180.93637071396  84464.55
5180.98081619927  85174.22
5181.02525847195  85226.65
5181.06969753184  84842.98
5181.11413337878  84885.43
5181.15856601259  85369.02
5181.20299543312  84882.94
5181.24742164019  85274.27
5181.29184463365  84807.79
5181.33626441333  84596.09
5181.38068097906  84202.07
5181.42509433069  84717.38
5181.46950446803  84372.29
5181.51391139094  84575.44
5181.55831509925  85204.68
5181.60271559278  84647.36
5181.64711287138  84683.13
5181.69150693489  84975.87
5181.73589778313  84906.13
5181.78028541595  85137.58
5181.82466983317  85127.47
5181.86905103464  83944.09
5181.91342902018  84258.71
5181.95780378965  85040.17
5182.00217534286  84974.23
5182.04654367966  85201.98
5182.09090879988  84621.26
5182.13527070337  84193.63
5182.17962938994  84587.47
5182.22398485945  84315.85
5182.26833711172  84988.04
5182.3126861466  84944.34
5182.35703196391  84592.04
5182.4013745635  85032.7
5182.44571394519  85315.87
5182.49005010884  84514.84
5182.53438305426  84534.48
5182.57871278131  84634.55
5182.62303928981  84639.1
5182.66736257959  84519.74
5182.71168265051  84522.23
5182.75599950239  84599.99
5182.80031313506  84784.84
5182.84462354838  83975.57
5182.88893074216  85191.97
5182.93323471626  84794.36
5182.9775354705  85333.16
5183.02183300471  84533.89
5183.06612731875  84653.65
5183.11041841245  84427.56
5183.15470628563  83863.81
5183.19899093814  82382.44
5183.24327236982  81261.36
5183.28755058049  78575.64
5183.33182557001  75976.22
5183.3760973382  73019.27
5183.4203658849  70358.
5183.46463120994  69466.3
5183.50889331317  67937.94
5183.55315219443  67497.32
5183.59740785354  67635.29
5183.64166029035  67049.72
5183.68590950469  67647.91
5183.7301554964  67544.91
5183.77439826531  68690.49
5183.81863781127  70274.82
5183.86287413411  72327.14
5183.90710723367  75784.52
5183.95133710978  77975.24
5183.99556376228  79289.07
5184.03978719102  81925.84
5184.08400739582  83246.65
5184.12822437652  84277.45
5184.17243813297  84303.95
5184.21664866499  84112.73
5184.26085597243  84540.44
5184.30506005512  84945.14
5184.34926091291  84811.29
5184.39345854562  85091.26
5184.4376529531  84723.02
5184.48184413518  84121.7
5184.5260320917  84526.45
5184.5702168225  83948.62
5184.61439832742  85107.24
5184.65857660629  84209.63
5184.70275165896  84251.35
5184.74692348525  84984.09
5184.79109208501  85080.89
5184.83525745808  85315.35
5184.87941960429  84420.45
5184.92357852348  84510.53
5184.96773421549  84713.58
5185.01188668015  84720.16
5185.05603591731  84828.13
5185.10018192681  85155.22
5185.14432470847  84392.06
5185.18846426215  84627.05
5185.23260058767  85349.22
5185.27673368487  84665.76
5185.3208635536  84826.88
5185.3649901937  84753.98
5185.40911360499  84984.5
5185.45323378732  84661.34
5185.49735074053  84061.38
5185.54146446445  84763.81
5185.58557495892  83774.8
5185.62968222379  83948.51
5185.67378625889  83547.4
5185.71788706406  83355.57
5185.76198463914  83087.36
5185.80607898396  82815.34
5185.85017009836  83318.63
5185.89425798219  83192.88
5185.93834263528  83157.05
5185.98242405747  82851.48
5186.02650224861  83092.49
5186.07057720852  83151.62
5186.11464893704  82805.63
5186.15871743403  83162.19
5186.2027826993  82675.88
5186.24684473271  83872.19
5186.2909035341  84336.63
5186.33495910329  84273.09
5186.37901144014  84697.1
5186.42306054448  84262.8
5186.46710641614  84262.88
5186.51114905497  84426.07
5186.55518846081  84197.23
5186.5992246335  84261.57
5186.64325757287  84483.52
5186.68728727876  84405.42
5186.73131375102  84622.08
5186.77533698948  84908.23
5186.81935699398  85083.38
5186.86337376437  84844.66
5186.90738730048  84090.05
5186.95139760215  84613.52
5186.99540466921  84820.78
5187.03940850152  84383.77
5187.08340909891  84702.12
5187.12740646122  84739.03
5187.17140058828  84824.86
5187.21539147994  84595.23
5187.25937913604  84442.09
5187.30336355642  84765.13
5187.34734474092  84029.88
5187.39132268937  84519.99
5187.43529740162  84242.67
5187.4792688775  83947.65
5187.52323711686  84354.2
5187.56720211954  83963.03
5187.61116388538  84345.34
5187.65512241421  84579.66
5187.69907770588  84417.5
5187.74302976022  85201.16
5187.78697857708  84492.59
5187.8309241563  84514.84
5187.87486649771  84475.72
5187.91880560116  84632.96
5187.96274146649  84418.75
5188.00667409354  84806.06
5188.05060348214  84376.73
5188.09452963214  84283.43
5188.13845254338  84937.5
5188.1823722157  84717.59
5188.22628864894  84548.89
5188.27020184293  84572.88
5188.31411179753  83968.69
5188.35801851257  82770.41
5188.40192198788  82335.06
5188.44582222333  81857.59
5188.48971921873  81519.55
5188.53361297393  81310.98
5188.57750348878  80463.17
5188.62139076312  81108.73
5188.66527479677  81228.32
5188.7091555896  80766.38
5188.75303314143  81618.96
5188.79690745211  81185.69
5188.84077852147  81418.73
5188.88464634937  81282.95
5188.92851093564  81269.29
5188.97237228012  81679.42
5189.01623038264  81724.82
5189.06008524307  82951.57
5189.10393686123  83776.55
5189.14778523696  84104.59
5189.19163037011  84564.18
5189.23547226052  84657.77
5189.27931090803  84926.75
5189.32314631247  85008.82
5189.3669784737  85420.64
5189.41080739156  84907.99
5189.45463306587  85488.88
5189.49845549649  85001.87
5189.54227468326  84434.38
5189.58609062602  84750.2
5189.62990332461  85076.68
5189.67371277887  84442.16
5189.71751898864  84550.76
5189.76132195377  85113.33
5189.80512167409  84536.11
5189.84891814945  85076.11
5189.89271137969  84471.73
5189.93650136465  84557.63
5189.98028810418  84492.43
5190.02407159811  84667.73
5190.06785184629  84869.91
5190.11162884855  84258.48
5190.15540260475  84774.24
5190.19917311472  84057.95
5190.2429403783  84561.69
5190.28670439534  84469.04
5190.33046516567  84999.8
5190.37422268915  84843.61
5190.41797696561  84804.95
5190.4617279949  84486.88
5190.50547577685  84230.77
5190.54922031131  84251.75
5190.59296159812  84429.63
5190.63669963712  84322.57
5190.68043442817  84530.34
5190.72416597109  85373.91
5190.76789426572  85258.08
5190.81161931192  84782.35
5190.85534110953  84367.82
5190.89905965839  84780.07
5190.94277495833  84912.04
5190.98648700921  84869.87
5191.03019581086  84953.81
5191.07390136313  84435.8
5191.11760366586  84267.59
5191.1613027189  83741.11
5191.20499852208  84066.91
5191.24869107525  83793.35
5191.29238037824  82980.97
5191.33606643092  83286.46
5191.37974923311  83222.45
5191.42342878466  83636.41
5191.46710508541  83301.66
5191.51077813521  83401.35
5191.5544479339  83577.9
5191.59811448131  84104.98
5191.64177777731  83776.15
5191.68543782172  83445.09
5191.72909461439  84280.74
5191.77274815516  83379.48
5191.81639844389  84150.56
5191.8600454804  85100.85
5191.90368926454  84882.94
5191.94732979616  84940.25
5191.99096707511  84383.9
5192.03460110121  84404.73
5192.07823187432  84002.18
5192.12185939428  84238.02
5192.16548366094  83132.33
5192.20910467413  83980.27
5192.2527224337  83375.38
5192.2963369395  83405.72
5192.33994819136  83660.41
5192.38355618914  83575.09
5192.42716093267  83527.82
5192.47076242179  84110.59
5192.51436065636  83719.62
5192.55795563622  83852.37
5192.6015473612  83535.86
5192.64513583116  84004.22
5192.68872104594  84204.06
5192.73230300537  84190.12
5192.77588170931  83927.78
5192.8194571576  84367.77
5192.86302935009  84604.91
5192.9065982866  85249.67
5192.95016396701  85164.95
5192.99372639113  84841.19
5193.03728555882  85057.16
5193.08084146993  85021.23
5193.1243941243  85011.58
5193.16794352176  84377.26
5193.21148966217  85169.17
5193.25503254538  84732.62
5193.29857217121  84873.34
5193.34210853953  85315.93
5193.38564165016  84802.7
5193.42917150297  85317.57
5193.47269809778  84740.45
5193.51622143446  83728.83
5193.55974151283  84471.46
5193.60325833275  84720.16
5193.64677189406  83981.89
5193.6902821966  84871.54
5193.73378924022  84171.09
5193.77729302477  84630.94
5193.82079355008  84232.68
5193.86429081601  84659.31
5193.90778482239  84807.82
5193.95127556908  84398.7
5193.99476305591  85153.34
5194.03824728274  84664.29
5194.08172824941  84725.56
5194.12520595575  85223.31
5194.16868040163  84845.79
5194.21215158687  85023.96
5194.25561951134  84692.52
5194.29908417486  84542.52
5194.3425455773  84089.43
5194.38600371848  84920.03
5194.42945859827  84522.49
5194.47291021649  84246.71
5194.51635857301  84884.28
5194.55980366766  84773.73
5194.60324550028  84458.27
5194.64668407073  84791.98
5194.69011937886  84468.98
5194.73355142449  84138.86
5194.77698020748  84523.63
5194.82040572769  83979.94
5194.86382798494  84370.85
5194.90724697909  84158.95
5194.95066270998  84224.64
5194.99407517746  84190.92
5195.03748438137  84046.95
5195.08089032156  84552.9
5195.12429299788  84231.34
5195.16769241016  83855.23
5195.21108855827  83722.84
5195.25448144203  83975.28
5195.29787106131  83897.75
5195.34125741594  84249.05
5195.38464050576  84045.
5195.42802033064  83276.37
5195.4713968904  84500.66
5195.51477018491  83759.82
5195.55814021399  83177.89
5195.60150697751  83880.31
5195.6448704753  84050.86
5195.68823070722  83888.47
5195.7315876731  83918.56
5195.7749413728  84506.82
5195.81829180616  84172.35
5195.86163897302  84516.7
5195.90498287324  83897.7
5195.94832350666  84385.58
5195.99166087312  84322.05
5196.03499497248  84557.64
5196.07832580457  83853.78
5196.12165336925  83835.67
5196.16497766637  84558.69
5196.20829869576  84456.03
5196.25161645727  84261.49
5196.29493095076  84387.28
5196.33824217606  84474.76
5196.38155013304  84531.29
5196.42485482152  84757.95
5196.46815624136  85010.84
5196.5114543924  84882.39
5196.5547492745  84980.51
5196.5980408875  85124.18
5196.64132923124  84402.
5196.68461430557  85171.16
5196.72789611034  84987.01
5196.7711746454  84515.65
5196.8144499106  85293.88
5196.85772190577  85094.57
5196.90099063077  84781.98
5196.94425608544  84217.45
5196.98751826964  84535.84
5197.03077718321  83704.57
5197.07403282599  84482.5
5197.11728519784  84542.62
5197.16053429859  83927.31
5197.20378012811  83659.4
5197.24702268623  81705.37
5197.2902619728  80431.06
5197.33349798767  79913.77
5197.37673073069  78769.59
5197.41996020171  78339.8
5197.46318640057  77687.88
5197.50640932712  77366.95
5197.5496289812  77551.23
5197.59284536267  77516.3
5197.63605847138  77131.22
5197.67926830716  77611.09
5197.72247486987  77787.32
5197.76567815936  78127.9
5197.80887817547  79508.33
5197.85207491806  80109.39
5197.89526838696  80977.99
5197.93845858203  82394.66
5197.98164550312  82971.5
5198.02482915007  84280.22
5198.06800952273  84508.39
5198.11118662095  85140.4
5198.15436044458  85044.65
5198.19753099346  85344.49
5198.24069826745  84708.35
5198.28386226638  85038.22
5198.32702299012  84985.77
5198.37018043851  84889.34
5198.41333461139  85049.12
5198.45648550862  84601.6
5198.49963313004  84313.46
5198.5427774755  84858.73
5198.58591854485  84919.41
5198.62905633793  84530.59
5198.67219085461  84675.35
5198.71532209472  84955.15
5198.75845005811  84222.86
5198.80157474463  84093.91
5198.84469615414  84494.61
5198.88781428647  84704.16
5198.93092914148  84299.99
5198.97404071902  84774.8
5199.01714901894  84373.7
5199.06025404107  84097.68
5199.10335578529  84522.02
5199.14645425142  84386.45
5199.18954943932  84413.43
5199.23264134884  84266.78
5199.27572997983  84374.4
5199.31881533214  85063.65
5199.36189740561  84355.78
5199.4049762001  84311.58
5199.44805171545  84207.37
5199.49112395152  84385.81
5199.53419290814  84866.73
5199.57725858518  84464.27
5199.62032098248  84881.59
5199.66338009989  84521.66
5199.70643593726  84013.23
5199.74948849444  84918.88
5199.79253777128  84819.4
5199.83558376762  84438.12
5199.87862648332  84434.13
5199.92166591822  84712.52
5199.96470207218  84302.18
5200.00773494505  84343.09
5200.05076453667  83996.2
5200.09379084689  84394.26
5200.13681387557  85054.8
5200.17983362255  84074.2
5200.22285008769  84331.58
5200.26586327082  84844.1
5200.30887317181  84434.96
5200.3518797905  83633.55
5200.39488312674  84738.87
5200.43788318039  84641.01
5200.48087995128  83489.29
5200.52387343928  84388.12
5200.56686364422  83967.87
5200.60985056597  84292.64
5200.65283420437  84314.64
5200.69581455927  84224.01
5200.73879163052  84610.44
5200.78176541798  83668.28
5200.82473592148  85284.04
5200.86770314089  85027.93
5200.91066707605  84722.58
5200.95362772681  84863.97
5200.99658509302  84042.77
5201.03953917454  84443.93
5201.0824899712  84230.12
5201.12543748287  84614.57
5201.1683817094  84444.25
5201.21132265063  84279.04
5201.25426030641  83976.84
5201.2971946766  85041.38
5201.34012576105  84165.91
5201.38305355959  83322.09
5201.4259780721  84052.38
5201.46889929842  84543.2
5201.51181723839  83662.15
5201.55473189187  84412.25
5201.59764325871  83860.1
5201.64055133876  84454.05
5201.68345613187  85069.59
5201.72635763789  85069.62
5201.76925585668  84367.7
5201.81215078808  83898.93
5201.85504243194  84290.82
5201.89793078812  84556.52
5201.94081585646  84456.37
5201.98369763683  84701.23
5202.02657612906  84663.88
5202.06945133301  84410.7
5202.11232324853  84108.53
5202.15519187547  84025.25
5202.19805721368  84592.73
5202.24091926302  84192.63
5202.28377802334  84309.2
5202.32663349448  83918.14
5202.3694856763  84353.34
5202.41233456865  84143.98
5202.45518017138  84440.86
5202.49802248434  83988.45
5202.54086150739  84365.39
5202.58369724037  83991.
5202.62652968314  83873.99
5202.66935883555  83451.05
5202.71218469745  83878.49
5202.75500726868  84627.13
5202.79782654911  84997.2
5202.84064253859  84538.74
5202.88345523696  84358.68
5202.92626464408  84621.91
5202.96907075981  84593.51
5203.01187358398  85064.13
5203.05467311646  84543.29
5203.09746935709  84699.58
5203.14026230573  85197.22
5203.18305196223  84493.53
5203.22583832644  84388.86
5203.26862139822  84899.07
5203.31140117741  84370.84
5203.35417766387  84570.91
5203.39695085745  84525.38
5203.439720758  84609.04
5203.48248736538  84912.64
5203.52525067943  84813.26
5203.56801070001  84763.28
5203.61076742697  84587.82
5203.65352086017  84231.55
5203.69627099945  84645.27
5203.73901784467  84238.22
5203.78176139568  84343.64
5203.82450165233  84832.92
5203.86723861448  85058.45
5203.90997228198  85540.91
5203.95270265468  84757.08
5203.99542973243  84627.66
5204.03815351509  84758.42
5204.0808740025  85100.37
5204.12359119453  84484.55
5204.16630509102  84227.37
5204.20901569183  84434.96
5204.25172299681  84360.58
5204.29442700581  83840.47
5204.33712771868  84213.66
5204.37982513528  83642.89
5204.42251925547  84594.74
5204.46521007909  84034.66
5204.50789760599  84243.57
5204.55058183604  83594.83
5204.59326276907  83522.86
5204.63594040496  84123.1
5204.67861474354  83989.61
5204.72128578468  83478.01
5204.76395352822  84150.31
5204.80661797403  83572.55
5204.84927912194  84147.44
5204.89193697182  84001.78
5204.93459152352  83909.31
5204.97724277689  85246.41
5205.01989073178  85074.
5205.06253538806  84749.98
5205.10517674557  84712.63
5205.14781480416  84563.07
5205.1904495637  84061.3
5205.23308102402  84610.98
5205.275709185  85226.79
5205.31833404647  84500.34
5205.3609556083  84870.83
5205.40357387034  84386.16
5205.44618883243  85457.66
5205.48880049445  84209.25
5205.53140885623  84759.38
5205.57401391763  84756.09
5205.61661567851  85075.21
5205.65921413873  84689.58
5205.70180929813  84121.71
5205.74440115656  84283.82
5205.78698971389  83898.38
5205.82957496996  84543.7
5205.87215692464  83811.3
5205.91473557777  83870.66
5205.95731092921  83503.55
5205.99988297881  83226.15
5206.04245172643  83288.95
5206.08501717192  83561.28
5206.12757931514  84100.38
5206.17013815594  84079.15
5206.21269369417  83924.85
5206.25524592969  83888.01
5206.29779486236  84067.27
5206.34034049202  85302.16
5206.38288281853  84917.53
5206.42542184176  85307.11
5206.46795756154  84370.95
5206.51048997774  84709.04
5206.5530190902  84942.31
5206.5955448988  84769.18
5206.63806740337  85300.34
5206.68058660378  85325.34
5206.72310249988  85596.55
5206.76561509152  84737.15
5206.80812437856  84732.33
5206.85063036085  84777.95
5206.89313303825  85161.55
5206.93563241062  84453.3
5206.9781284778  85413.98
5207.02062123966  85284.31
5207.06311069604  85033.69
5207.10559684681  85130.3
5207.14807969182  84776.23
5207.19055923092  85073.9
5207.23303546397  84633.05
5207.27550839082  85205.92
5207.31797801133  85108.98
5207.36044432536  84967.91
5207.40290733276  84817.55
5207.44536703337  84502.88
5207.48782342708  84439.98
5207.53027651371  84865.16
5207.57272629314  84035.58
5207.61517276521  84976.
5207.65761592979  84189.52
5207.70005578672  84528.28
5207.74249233587  85341.38
5207.78492557709  84582.38
5207.82735551022  84527.4
5207.86978213514  85159.11
5207.9122054517  85053.47
5207.95462545974  84574.2
5207.99704215913  84779.37
5208.03945554973  84725.78
5208.08186563138  84014.76
5208.12427240395  83321.64
5208.16667586729  82854.44
5208.20907602126  83281.94
5208.2514728657  83110.06
5208.29386640049  82615.25
5208.33625662547  82828.28
5208.37864354049  83348.52
5208.42102714543  82963.02
5208.46340744013  83769.91
5208.50578442444  82728.49
5208.54815809824  83364.73
5208.59052846136  82673.99
5208.63289551367  82842.79
5208.67525925502  83095.84
5208.71761968527  82520.77
5208.75997680428  83234.6
5208.8023306119  84178.13
5208.84468110799  83414.01
5208.8870282924  84642.19
5208.929372165  84377.04
5208.97171272564  84545.63
5209.01404997417  84463.26
5209.05638391045  84671.48
5209.09871453434  84774.82
5209.14104184569  85137.56
5209.18336584437  84776.27
5209.22568653022  85302.07
5209.26800390311  84414.16
5209.31031796289  83778.57
5209.35262870941  84718.02
5209.39493614255  84277.48
5209.43724026214  85487.21
5209.47954106806  84756.91
5209.52183856015  84560.59
5209.56413273827  84383.33
5209.60642360229  84504.52
5209.64871115205  85147.56
5209.69099538742  84184.4
5209.73327630824  84791.23
5209.77555391439  84145.14
5209.81782820571  84506.55
5209.86009918206  83921.71
5209.9023668433  84803.12
5209.9446311893  84820.95
5209.98689221989  84597.32
5210.02914993495  84493.18
5210.07140433433  84719.69
5210.11365541788  84540.73
5210.15590318547  85001.3
5210.19814763695  84107.28
5210.24038877218  83938.15
5210.28262659102  84584.41
5210.32486109332  84801.86
5210.36709227894  84479.12
5210.40932014774  84382.7
5210.45154469958  84362.84
5210.49376593432  84599.48
5210.53598385181  84584.37
5210.57819845191  84538.85
5210.62040973447  84435.65
5210.66261769937  84034.9
5210.70482234644  84586.8
5210.74702367556  84561.95
5210.78922168658  83667.92
5210.83141637936  84280.09
5210.87360775376  83899.95
5210.91579580962  84336.51
5210.95798054682  84762.15
5211.00016196522  84452.11
5211.04234006465  84405.3
5211.084514845  84266.88
5211.12668630611  84198.45
5211.16885444785  84234.94
5211.21101927006  84420.49
5211.25318077262  84027.26
5211.29533895537  83313.12
5211.33749381818  84136.26
5211.37964536091  83292.84
5211.42179358341  83441.58
5211.46393848554  82855.8
5211.50608006716  83691.99
5211.54821832813  83637.66
5211.5903532683  83434.87
5211.63248488755  84226.55
5211.67461318572  83548.31
5211.71673816267  84137.14
5211.75885981826  83316.07
5211.80097815236  83837.13
5211.84309316481  84191.27
5211.88520485549  84185.55
5211.92731322424  84083.52
5211.96941827093  84166.62
5212.01151999541  84352.52
5212.05361839755  84421.86
5212.0957134772  84731.7
5212.13780523422  84933.23
5212.17989366847  84489.29
5212.22197877982  84147.45
5212.26406056811  84209.95
5212.30613903322  83991.84
5212.34821417499  84540.28
5212.39028599329  84296.48
5212.43235448797  84783.32
5212.4744196589  85069.41
5212.51648150593  84415.7
5212.55854002894  84768.01
5212.60059522776  84331.44
5212.64264710226  83997.25
5212.68469565231  84475.31
5212.72674087776  84692.42
5212.76878277848  84737.36
5212.81082135431  84175.1
5212.85285660513  84220.38
5212.89488853079  84602.05
5212.93691713114  84958.97
5212.97894240606  84982.62
5213.02096435539  84474.78
5213.062982979  84602.17
5213.10499827676  85180.51
5213.14701024851  84729.82
5213.18901889412  84242.7
5213.23102421345  84643.28
5213.27302620636  84401.59
5213.31502487271  84696.39
5213.35702021235  84330.23
5213.39901222516  84895.39
5213.44100091098  84555.86
5213.48298626968  84812.58
5213.52496830112  84762.33
5213.56694700516  84532.08
5213.60892238166  84855.94
5213.65089443048  84277.48
5213.69286315148  84585.09
5213.73482854451  84415.38
5213.77679060945  84621.62
5213.81874934615  84865.91
5213.86070475447  84257.77
5213.90265683427  84073.26
5213.94460558542  84414.97
5213.98655100776  83735.06
5214.02849310117  84385.83
5214.07043186551  85027.96
5214.11236730062  83826.38
5214.15429940638  83788.13
5214.19622818265  83651.37
5214.23815362929  84282.09
5214.28007574615  84046.97
5214.3219945331  84184.8
5214.36390998999  84245.84
5214.4058221167  84289.7
5214.44773091308  84536.33
5214.48963637898  83505.1
5214.53153851428  84896.46
5214.57343731884  84300.2
5214.6153327925  83452.55
5214.65722493514  84171.79
5214.69911374662  84029.84
5214.7409992268  84310.7
5214.78288137553  83981.3
5214.82476019268  84524.37
5214.86663567812  84365.37
5214.90850783169  84063.35
5214.95037665327  84485.87
5214.99224214271  84405.87
5215.03410429988  84642.84
5215.07596312464  83422.25
5215.11781861685  84027.66
5215.15967077636  83474.48
5215.20151960305  83433.36
5215.24336509677  82892.51
5215.28520725738  83482.84
5215.32704608475  83117.51
5215.36888157874  84116.68
5215.41071373921  83947.56
5215.45254256601  83296.63
5215.49436805902  83773.59
5215.5361902181  84223.7
5215.5780090431  83471.41
5215.61982453389  83601.66
5215.66163669033  83872.91
5215.70344551228  84832.77
5215.74525099961  83506.02
5215.78705315217  83392.29
5215.82885196983  83337.02
5215.87064745245  83781.25
5215.91243959989  83670.34
5215.95422841201  84100.63
5215.99601388868  83640.09
5216.03779602975  83198.91
5216.0795748351  84031.44
5216.12135030458  83559.5
5216.16312243805  83562.16
5216.20489123539  83609.49
5216.24665669643  82761.59
5216.28841882107  83757.6
5216.33017760914  84095.17
5216.37193306052  83919.86
5216.41368517507  84012.77
5216.45543395265  83768.02
5216.49717939313  84413.66
5216.53892149636  83243.21
5216.58066026221  82866.91
5216.62239569054  83845.93
5216.66412778121  82460.38
5216.70585653409  83243.91
5216.74758194905  82067.23
5216.78930402593  82824.23
5216.83102276461  83226.51
5216.87273816494  83287.91
5216.9144502268  82956.95
5216.95615895004  82281.1
5216.99786433452  83458.15
5217.03956638012  83523.54
5217.08126508669  83461.91
5217.12296045409  83871.8
5217.16465248219  83605.95
5217.20634117085  83186.52
5217.24802651994  83310.8
5217.28970852931  83335.16
5217.33138719884  84596.69
5217.37306252838  83814.38
5217.4147345178  84637.2
5217.45640316695  84539.87
5217.49806847571  84708.21
5217.53973044394  84299.54
5217.5813890715  84876.05
5217.62304435825  84453.98
5217.66469630406  84813.62
5217.70634490879  84626.68
5217.74799017231  84116.91
5217.78963209447  84579.39
5217.83127067514  84578.61
5217.8729059142  83885.37
5217.91453781148  83844.12
5217.95616636687  83680.45
5217.99779158023  83913.88
5218.03941345142  83600.67
5218.0810319803  84090.46
5218.12264716674  84343.55
5218.1642590106  84522.34
5218.20586751174  84085.06
5218.24747267004  84391.13
5218.28907448534  83992.91
5218.33067295753  84518.85
5218.37226808645  84492.2
5218.41385987198  83965.98
5218.45544831398  83504.67
5218.49703341232  83971.84
5218.53861516685  84195.87
5218.58019357744  84065.95
5218.62176864396  84227.95
5218.66334036626  84307.92
5218.70490874423  83870.05
5218.74647377771  83891.55
5218.78803546657  84414.
5218.82959381068  83781.45
5218.87114880991  83967.51
5218.91270046411  83589.55
5218.95424877314  83952.7
5218.99579373689  83824.84
5219.0373353552  84678.79
5219.07887362795  84472.3
5219.120408555  84497.04
5219.16194013622  84031.7
5219.20346837146  83684.63
5219.24499326059  83964.99
5219.28651480348  83815.27
5219.328033  83587.74
5219.36954785  82861.53
5219.41105935335  84136.18
5219.45256750992  83614.55
5219.49407231957  83879.2
5219.53557378217  83310.56
5219.57707189759  84095.47
5219.61856666568  83705.
5219.66005808631  82919.78
5219.70154615934  83919.87
5219.74303088465  84483.
5219.7845122621  84155.41
5219.82599029155  84152.77
5219.86746497287  84156.17
5219.90893630592  84376.59
5219.95040429057  84414.2
5219.99186892668  84651.62
5220.03333021413  84224.25
5220.07478815276  84118.6
5220.11624274246  84412.52
5220.15769398308  84041.18
5220.19914187449  84202.41
5220.24058641656  84977.73
5220.28202760915  84679.77
5220.32346545213  83736.69
5220.36489994536  84658.86
5220.40633108871  84009.01
5220.44775888205  83288.32
5220.48918332523  84544.46
5220.53060441813  84496.63
5220.57202216061  83680.3
5220.61343655254  83951.62
5220.65484759378  83927.8
5220.6962552842  83789.8
5220.73765962367  84166.49
5220.77906061205  83723.07
5220.8204582492  83727.23
5220.861852535  83224.43
5220.90324346931  83763.73
5220.94463105199  83315.24
5220.98601528291  83970.55
5221.02739616195  84420.19
5221.06877368895  83358.85
5221.11014786379  84325.59
5221.15151868635  84008.44
5221.19288615647  83858.51
5221.23425027403  84382.37
5221.2756110389  84474.91
5221.31696845094  83707.67
5221.35832251001  84134.04
5221.39967321599  84296.43
5221.44102056875  83877.47
5221.48236456814  83803.46
5221.52370521403  84529.92
5221.56504250629  83658.64
5221.60637644479  84255.98
5221.6477070294  84088.98
5221.68903425997  84132.4
5221.73035813639  84461.88
5221.7716786585  83997.16
5221.81299582619  84033.51
5221.85430963931  84486.76
5221.89562009774  84382.3
5221.93692720134  84312.06
5221.97823094998  83734.63
5222.01953134353  84267.82
5222.06082838184  83909.21
5222.1021220648  84055.58
5222.14341239226  83991.83
5222.1846993641  84098.94
5222.22598298017  84039.7
5222.26726324035  84864.31
5222.30854014451  84592.37
5222.34981369251  84086.11
5222.39108388422  84022.41
5222.43235071951  84030.11
5222.47361419824  84233.28
5222.51487432028  84061.37
5222.5561310855  83699.01
5222.59738449377  82899.17
5222.63863454495  83627.83
5222.67988123891  84629.88
5222.72112457552  83224.31
5222.76236455465  83089.35
5222.80360117616  83775.23
5222.84483443992  83409.87
5222.8860643458  84238.49
5222.92729089367  83675.09
5222.96851408339  83861.73
5223.00973391484  83698.66
5223.05095038787  84402.03
5223.09216350237  82912.34
5223.13337325818  83970.49
5223.1745796552  83631.72
5223.21578269327  84099.72
5223.25698237227  84221.74
5223.29817869207  84209.76
5223.33937165254  83479.2
5223.38056125354  84163.63
5223.42174749494  83687.33
5223.46293037661  83081.18
5223.50410989842  84010.02
5223.54528606024  84174.45
5223.58645886193  83719.14
5223.62762830336  84438.02
5223.6687943844  84158.83
5223.70995710493  83740.55
5223.7511164648  83977.34
5223.79227246389  83963.7
5223.83342510206  84196.15
5223.87457437918  84175.37
5223.91572029513  84186.09
5223.95686284976  83406.52
5223.99800204296  83689.3
5224.03913787458  82977.95
5224.0802703445  84343.68
5224.12139945258  84266.65
5224.1625251987  85050.05
5224.20364758271  84509.
5224.2447666045  84185.01
5224.28588226393  84301.03
5224.32699456087  84179.41
5224.36810349518  84521.45
5224.40920906674  84347.06
5224.45031127541  84090.18
5224.49141012107  84698.26
5224.53250560358  83908.45
5224.57359772282  84288.01
5224.61468647864  84073.03
5224.65577187092  83952.38
5224.69685389954  83580.94
5224.73793256435  84472.59
5224.77900786523  84063.76
5224.82007980205  84167.37
5224.86114837467  83897.01
5224.90221358297  84281.68
5224.94327542681  84625.94
5224.98433390607  84894.51
5225.02538902061  83805.58
5225.06644077031  84542.48
5225.10748915502  84598.13
5225.14853417463  83174.02
5225.189575829  84136.07
5225.230614118  83230.3
5225.27164904151  84249.99
5225.31268059938  83821.31
5225.35370879149  83781.23
5225.39473361772  84401.05
5225.43575507792  84157.98
5225.47677317197  84962.16
5225.51778789974  84359.99
5225.5587992611  84177.57
5225.59980725591  83856.23
5225.64081188406  83685.27
5225.6818131454  84367.29
5225.72281103982  83692.96
5225.76380556717  83835.87
5225.80479672733  82136.2
5225.84578452017  83992.03
5225.88676894556  84209.91
5225.92775000336  83877.66
5225.96872769346  83898.27
5226.00970201572  83323.02
5226.05067297  84209.55
5226.09164055619  83426.76
5226.13260477414  83501.14
5226.17356562374  83545.52
5226.21452310484  82840.65
5226.25547721733  83086.98
5226.29642796107  81686.02
5226.33737533593  81062.61
5226.37831934178  80892.12
5226.4192599785  80371.12
5226.46019724595  80442.76
5226.50113114401  80410.11
5226.54206167254  80914.65
5226.58298883141  80759.3
5226.6239126205  80220.7
5226.66483303968  80616.05
5226.70575008882  80202.71
5226.74666376778  80260.28
5226.78757407645  80393.16
5226.82848101469  80170.06
5226.86938458236  80235.53
5226.91028477935  81145.62
5226.95118160553  80848.63
5226.99207506075  81520.45
5227.03296514491  80960.69
5227.07385185785  80920.86
5227.11473519947  82064.55
5227.15561516962  81003.47
5227.19649176819  80854.96
5227.23736499503  81005.16
5227.27823485003  81175.59
5227.31910133305  81314.38
5227.35996444397  81126.11
5227.40082418265  79908.
5227.44168054897  80531.95
5227.4825335428  81626.79
5227.52338316401  81648.48
5227.56422941247  80895.09
5227.60507228805  82035.86
5227.64591179063  81878.56
5227.68674792008  83008.02
5227.72758067626  82910.26
5227.76841005906  81417.88
5227.80923606833  83081.
5227.85005870396  83448.72
5227.89087796581  82952.67
5227.93169385376  83590.5
5227.97250636768  83542.4
5228.01331550744  83488.45
5228.05412127291  83477.61
5228.09492366396  83248.79
5228.13572268048  83928.47
5228.17651832231  83857.14
5228.21731058936  84076.05
5228.25809948146  83903.27
5228.29888499852  83631.84
5228.33966714039  84195.03
5228.38044590695  84192.96
5228.42122129807  84828.84
5228.46199331363  83972.28
5228.50276195349  84021.6
5228.54352721752  84170.4
5228.58428910561  83927.78
5228.62504761762  83990.59
5228.66580275342  83920.77
5228.70655451289  82891.45
5228.7473028959  83084.92
5228.78804790232  83552.87
5228.82878953202  83784.66
5228.86952778489  84042.73
5228.91026266078  82913.36
5228.95099415957  83607.62
5228.99172228114  84558.95
5229.03244702535  83786.83
5229.07316839209  83901.49
5229.11388638121  83863.71
5229.15460099261  84161.8
5229.19531222614  84320.18
5229.23602008168  83529.53
5229.27672455911  83434.21
5229.31742565829  84108.33
5229.35812337911  84033.
5229.39881772142  84217.61
5229.43950868512  84174.08
5229.48019627006  84002.45
5229.52088047613  83515.38
5229.56156130319  83732.64
5229.60223875112  82817.97
5229.64291281978  84623.62
5229.68358350907  83427.84
5229.72425081884  83040.64
5229.76491474898  82551.63
5229.80557529935  83506.86
5229.84623246982  84063.37
5229.88688626028  84584.77
5229.92753667059  83648.12
5229.96818370063  83591.2
5230.00882735028  81889.13
5230.0494676194  83690.34
5230.09010450786  83818.91
5230.13073801555  83174.32
5230.17136814234  84183.41
5230.21199488809  83772.64
5230.25261825269  83532.07
5230.29323823601  84214.54
5230.33385483791  83907.96
5230.37446805829  84182.53
5230.415077897  83980.89
5230.45568435392  83971.93
5230.49628742893  83397.48
5230.5368871219  82544.02
5230.5774834327  84318.89
5230.61807636121  83676.08
5230.6586659073  84368.43
5230.69925207085  83028.74
5230.73983485173  83273.16
5230.78041424981  83981.47
5230.82099026498  83814.39
5230.86156289709  83311.7
5230.90213214603  83634.2
5230.94269801167  83531.25
5230.98326049389  82894.97
5231.02381959256  83719.11
5231.06437530755  83743.26
5231.10492763874  84287.42
5231.14547658601  84174.38
5231.18602214922  83223.03
5231.22656432825  83755.72
5231.26710312298  83848.34
5231.30763853328  83183.52
5231.34817055903  84265.71
5231.38869920009  84372.75
5231.42922445635  84409.7
5231.46974632768  84555.6
5231.51026481396  83279.1
5231.55077991505  84305.12
5231.59129163084  83279.38
5231.63179996119  83516.96
5231.672304906  84051.01
5231.71280646511  83748.48
5231.75330463843  84130.6
5231.79379942581  83848.27
5231.83429082713  84135.16
5231.87477884227  83517.23
5231.9152634711  84222.27
5231.9557447135  84290.29
5231.99622256935  83903.48
5232.03669703852  84930.93
5232.07716812088  83054.18
5232.11763581631  83309.23
5232.15810012468  83309.63
5232.19856104587  84769.9
5232.23901857976  83775.76
5232.27947272622  84515.24
5232.31992348512  84449.22
5232.36037085634  83973.95
5232.40081483977  83519.72
5232.44125543526  83880.05
5232.4816926427  83252.41
5232.52212646197  82431.66
5232.56255689293  83234.1
5232.60298393547  82042.38
5232.64340758946  81930.02
5232.68382785477  80930.36
5232.72424473129  80924.59
5232.76465821888  80806.27
5232.80506831742  81135.87
5232.8454750268  81540.71
5232.88587834688  82051.54
5232.92627827754  81086.84
5232.96667481865  81481.35
5233.00706797011  81086.48
5233.04745773176  81498.19
5233.0878441035  81355.16
5233.12822708521  81595.17
5233.16860667675  82740.16
5233.208982878  82677.66
5233.24935568884  82319.17
5233.28972510915  82328.49
5233.3300911388  83826.11
5233.37045377767  83010.91
5233.41081302563  84509.59
5233.45116888256  83555.56
5233.49152134834  84444.93
5233.53187042284  83817.96
5233.57221610594  84080.65
5233.61255839751  84639.52
5233.65289729745  83678.92
5233.6932328056  84692.41
5233.73356492187  83814.51
5233.77389364611  83710.05
5233.81421897822  83434.3
5233.85454091806  83732.11
5233.89485946551  83384.35
5233.93517462045  84103.97
5233.97548638276  83321.11
5234.01579475231  83542.14
5234.05609972898  83781.97
5234.09640131264  83604.37
5234.13669950318  83083.51
5234.17699430047  83591.59
5234.21728570439  82620.88
5234.25757371481  81912.43
5234.29785833161  81219.23
5234.33813955467  78964.82
5234.37841738386  78447.66
5234.41869181907  78013.55
5234.45896286016  77154.03
5234.49923050702  76727.39
5234.53949475953  75657.19
5234.57975561756  76443.14
5234.62001308099  75231.13
5234.66026714969  76028.39
5234.70051782355  75895.2
5234.74076510243  76534.09
5234.78100898623  77572.02
5234.82124947481  77070.05
5234.86148656805  78547.64
5234.90172026583  79077.84
5234.94195056803  80421.45
5234.98217747453  80962.3
5235.0224009852  82491.14
5235.06262109992  82128.84
5235.10283781858  83295.66
5235.14305114103  84090.29
5235.18326106718  84618.61
5235.22346759688  83136.92
5235.26367073002  83827.79
5235.30387046648  83882.27
5235.34406680614  84056.76
5235.38425974887  84350.99
5235.42444929455  83768.19
5235.46463544307  83693.1
5235.50481819428  83366.11
5235.54499754809  84812.95
5235.58517350436  84654.32
5235.62534606297  84586.24
5235.6655152238  84408.28
5235.70568098673  83231.85
5235.74584335164  83682.76
5235.7860023184  84921.63
5235.82615788689  84355.16
5235.866310057  84077.97
5235.90645882859  83525.81
5235.94660420156  84450.22
5235.98674617577  83708.38
5236.0268847511  83885.91
5236.06701992744  84753.3
5236.10715170466  84510.52
5236.14728008264  83874.81
5236.18740506126  84676.66
5236.22752664041  84073.91
5236.26764481994  83685.73
5236.30775959975  84138.21
5236.34787097972  83517.54
5236.38797895972  84768.19
