4642.72872099154  287.6951
4642.77168628933  263.7452
4642.81464886314  314.7763
4642.85760871274  286.9646
4642.90056583794  267.001
4642.94352023854  257.1959
4642.98647191433  357.3834
4643.0294208651  347.0073
4643.07236709066  314.5491
4643.11531059079  306.7456
4643.1582513653  307.8818
4643.20118941397  344.2984
4643.24412473661  379.0994
4643.28705733302  314.9297
4643.32998720298  329.2069
4643.37291434629  319.996
4643.41583876275  301.7863
4643.45876045216  272.3085
4643.50167941432  307.1393
4643.54459564901  344.3721
4643.58750915604  334.3488
4643.6304199352  387.1526
4643.67332798628  382.5285
4643.7162333091  266.001
4643.75913590343  272.21
4643.80203576909  276.0652
4643.84493290585  358.627
4643.88782731353  352.8177
4643.93071899192  289.9491
4643.97360794082  334.119
4644.01649416002  349.4519
4644.05937764931  291.1631
4644.1022584085  316.7057
4644.14513643739  318.5843
4644.18801173577  301.3391
4644.23088430343  390.5907
4644.27375414017  307.1465
4644.31662124581  317.2209
4644.35948562011  325.8716
4644.4023472629  269.3078
4644.44520617396  329.7155
4644.48806235309  337.514
4644.53091580009  360.2916
4644.57376651475  427.1609
4644.61661449688  280.1967
4644.65945974627  305.318
4644.70230226272  308.0179
4644.74514204602  295.3004
4644.78797909598  292.1252
4644.83081341239  323.6126
4644.87364499505  325.8834
4644.91647384375  311.55
4644.95929995831  280.6863
4645.0021233385  265.1456
4645.04494398414  318.6948
4645.08776189502  286.5468
4645.13057707093  337.0554
4645.17338951168  308.8989
4645.21619921706  315.2711
4645.25900618688  273.1896
4645.30181042092  317.6111
4645.344611919  269.7243
4645.3874106809  224.7172
4645.43020670642  283.6156
4645.47299999537  310.0158
4645.51579054754  307.3204
4645.55857836274  287.4029
4645.60136344075  329.6901
4645.64414578138  316.0003
4645.68692538442  407.8444
4645.72970224968  344.6949
4645.77247637696  346.7204
4645.81524776605  285.644
4645.85801641675  340.7587
4645.90078232886  295.4698
4645.94354550218  301.7933
4645.98630593651  306.4143
4646.02906363164  322.0144
4646.07181858739  292.9098
4646.11457080354  291.633
4646.15732027989  283.759
4646.20006701625  318.4039
4646.24281101241  306.4619
4646.28555226817  304.093
4646.32829078334  293.6105
4646.37102655771  246.2628
4646.41375959108  291.098
4646.45648988325  295.6918
4646.49921743402  329.6684
4646.54194224319  316.6285
4646.58466431056  264.6294
4646.62738363593  257.2534
4646.67010021909  350.8061
4646.71281405986  327.8247
4646.75552515802  331.1465
4646.79823351339  282.5974
4646.84093912575  307.4168
4646.8836419949  330.0999
4646.92634212066  293.0803
4646.96903950281  314.8816
4647.01173414117  330.5688
4647.05442603552  288.8266
4647.09711518567  303.4319
4647.13980159142  342.92
4647.18248525256  295.6785
4647.22516616891  313.7335
4647.26784434026  377.6799
4647.3105197664  248.6736
4647.35319244715  264.98
4647.3958623823  271.7307
4647.43852957165  305.335
4647.481194015  325.7341
4647.52385571216  338.3723
4647.56651466291  236.4818
4647.60917086708  320.7548
4647.65182432445  285.241
4647.69447503482  316.3498
4647.737122998  257.1042
4647.77976821379  268.7571
4647.82241068199  270.5838
4647.8650504024  296.5939
4647.90768737482  257.9418
4647.95032159905  321.2404
4647.99295307489  330.0959
4648.03558180215  279.6191
4648.07820778062  316.6186
4648.12083101011  326.8203
4648.16345149042  313.1725
4648.20606922135  266.4318
4648.2486842027  301.0413
4648.29129643427  297.423
4648.33390591587  265.5682
4648.37651264729  309.5934
4648.41911662834  288.7662
4648.46171785882  252.7775
4648.50431633852  312.473
4648.54691206726  280.7701
4648.58950504484  302.0588
4648.63209527105  259.3577
4648.67468274569  271.162
4648.71726746858  315.1977
4648.75984943951  365.4545
4648.80242865828  310.1652
4648.8450051247  345.7301
4648.88757883857  319.2494
4648.93014979969  346.9252
4648.97271800786  317.5379
4649.01528346288  308.0221
4649.05784616456  324.8963
4649.1004061127  321.1436
4649.1429633071  326.8239
4649.18551774756  343.4311
4649.2280694339  296.5314
4649.2706183659  322.1843
4649.31316454337  274.5981
4649.35570796611  309.4508
4649.39824863394  288.0683
4649.44078654664  274.6739
4649.48332170403  253.5947
4649.5258541059  289.0589
4649.56838375205  234.7051
4649.6109106423  328.3724
4649.65343477645  277.7052
4649.69595615429  271.0994
4649.73847477563  345.5071
4649.78099064027  295.5439
4649.82350374802  258.4377
4649.86601409867  307.153
4649.90852169204  326.8182
4649.95102652793  301.6761
4649.99352860614  288.7216
4650.03602792646  325.4732
4650.07852448871  293.5822
4650.1210182927  291.2267
4650.16350933821  266.158
4650.20599762507  330.9262
4650.24848315306  317.7478
4650.29096592199  290.3634
4650.33344593167  322.8318
4650.3759231819  312.787
4650.41839767249  336.7989
4650.46086940324  292.5649
4650.50333837395  287.4865
4650.54580458442  357.2173
4650.58826803447  324.6501
4650.63072872388  332.0139
4650.67318665248  312.7051
4650.71564182006  326.3674
4650.75809422643  291.3729
4650.80054387138  331.8412
4650.84299075473  351.7461
4650.88543487629  310.3208
4650.92787623584  284.5362
4650.9703148332  283.2482
4651.01275066817  344.7948
4651.05518374056  286.972
4651.09761405018  305.1963
4651.14004159681  298.0185
4651.18246638028  304.2004
4651.22488840038  280.3101
4651.26730765692  276.097
4651.30972414971  309.8271
4651.35213787855  316.4801
4651.39454884324  304.9923
4651.43695704359  321.1014
4651.4793624794  281.7867
4651.52176515048  325.7899
4651.56416505663  306.4266
4651.60656219767  314.307
4651.64895657339  295.8796
4651.69134818359  334.5276
4651.73373702809  297.4055
4651.77612310669  296.1973
4651.8185064192  264.223
4651.86088696541  316.4654
4651.90326474514  290.2959
4651.94563975819  281.8122
4651.98801200437  299.8741
4652.03038148348  326.1406
4652.07274819533  291.8306
4652.11511213972  346.7806
4652.15747331646  263.0824
4652.19983172535  319.329
4652.24218736621  273.6498
4652.28454023882  285.4269
4652.32689034301  280.9308
4652.36923767858  301.9329
4652.41158224534  303.0414
4652.45392404308  235.1418
4652.49626307161  267.8116
4652.53859933075  332.1779
4652.5809328203  281.3315
4652.62326354006  319.0119
4652.66559148984  322.5648
4652.70791666945  284.0147
4652.75023907868  323.9039
4652.79255871736  308.336
4652.83487558528  311.9956
4652.87718968226  309.8115
4652.91950100809  276.4417
4652.96180956259  289.3079
4653.00411534556  339.9597
4653.04641835681  299.8713
4653.08871859614  289.1984
4653.13101606336  347.838
4653.17331075828  325.1792
4653.21560268071  316.2943
4653.25789183045  323.2894
4653.3001782073  340.3481
4653.34246181108  315.0886
4653.3847426416  346.4146
4653.42702069865  308.5934
4653.46929598205  281.0147
4653.5115684916  296.6116
4653.55383822712  297.821
4653.5961051884  278.2182
4653.63836937526  287.4251
4653.6806307875  322.0772
4653.72288942493  302.1819
4653.76514528736  292.9747
4653.80739837459  291.9612
4653.84964868644  288.9535
4653.8918962227  251.6234
4653.93414098319  352.494
4653.97638296772  313.0845
4654.01862217609  344.3436
4654.06085860811  230.4559
4654.10309226359  314.1556
4654.14532314234  304.876
4654.18755124416  282.0554
4654.22977656886  306.2249
4654.27199911625  350.3306
4654.31421888613  292.724
4654.35643587833  307.4829
4654.39865009263  319.1782
4654.44086152886  327.2283
4654.48307018682  310.0972
4654.52527606632  301.14
4654.56747916717  298.0291
4654.60967948916  337.4227
4654.65187703213  334.6775
4654.69407179586  319.6256
4654.73626378017  320.9167
4654.77845298488  264.6675
4654.82063940978  305.5558
4654.86282305468  297.8479
4654.9050039194  292.3831
4654.94718200375  285.3289
4654.98935730752  329.2071
4655.03152983054  289.6022
4655.0736995726  296.3002
4655.11586653352  281.2841
4655.15803071312  264.1851
4655.20019211118  328.6708
4655.24235072753  340.3977
4655.28450656198  302.0713
4655.32665961433  325.5815
4655.36880988439  311.5567
4655.41095737197  358.6864
4655.45310207688  300.2478
4655.49524399894  321.8416
4655.53738313794  314.4919
4655.5795194937  323.2796
4655.62165306603  277.4701
4655.66378385474  291.0957
4655.70591185963  312.1317
4655.74803708053  299.0288
4655.79015951722  332.2035
4655.83227916954  288.0914
4655.87439603728  271.4881
4655.91651012025  266.001
4655.95862141827  343.3457
4656.00072993115  324.9295
4656.04283565869  318.3861
4656.0849386007  294.3566
4656.127038757  302.2338
4656.16913612739  287.4642
4656.21123071169  283.2023
4656.2533225097  292.3456
4656.29541152124  340.3392
4656.33749774612  313.6585
4656.37958118414  337.297
4656.42166183511  304.3293
4656.46373969885  354.4818
4656.50581477517  292.9395
4656.54788706387  301.714
4656.58995656477  272.3625
4656.63202327769  319.5535
4656.67408720241  328.8766
4656.71614833877  308.2719
4656.75820668657  337.9876
4656.80026224561  341.9835
4656.84231501572  315.6136
4656.8843649967  329.0876
4656.92641218837  301.6117
4656.96845659052  312.0236
4657.01049820298  310.7679
4657.05253702556  290.6244
4657.09457305806  311.6737
4657.1366063003  327.1713
4657.17863675209  291.8207
4657.22066441324  288.6879
4657.26268928356  311.5993
4657.30471136287  266.518
4657.34673065096  231.0554
4657.38874714767  234.5934
4657.43076085278  287.9295
4657.47277176613  265.0792
4657.51477988751  289.3715
4657.55678521675  263.4214
4657.59878775365  314.2361
4657.64078749802  319.2898
4657.68278444968  339.6928
4657.72477860844  314.5741
4657.7667699741  341.3421
4657.80875854649  326.4308
4657.85074432541  332.9008
4657.89272731067  311.4658
4657.93470750209  290.6743
4657.97668489948  328.7715
4658.01865950264  332.3211
4658.06063131141  339.7678
4658.10260032557  297.4414
4658.14456654496  327.9664
4658.18652996937  291.9193
4658.22849059862  321.1532
4658.27044843253  328.8553
4658.31240347091  314.256
4658.35435571356  327.7698
4658.3963051603  299.2182
4658.43825181095  301.3865
4658.48019566531  312.2748
4658.52213672321  328.9624
4658.56407498444  311.6462
4658.60601044883  309.6557
4658.64794311618  314.2234
4658.68987298631  312.9826
4658.73180005904  300.0112
4658.77372433417  323.4802
4658.81564581151  327.9068
4658.85756449089  328.929
4658.89948037212  310.8343
4658.941393455  307.3525
4658.98330373934  311.2535
4659.02521122498  299.2349
4659.06711591171  336.6086
4659.10901779935  311.0019
4659.15091688771  288.4091
4659.1928131766  320.1828
4659.23470666585  292.7893
4659.27659735526  332.7544
4659.31848524465  328.6643
4659.36037033382  285.2447
4659.4022526226  287.1194
4659.4441321108  337.1105
4659.48600879823  339.324
4659.5278826847  303.4925
4659.56975377003  314.0539
4659.61162205403  310.8186
4659.65348753652  324.3241
4659.6953502173  305.875
4659.7372100962  322.6583
4659.77906717303  349.4909
4659.8209214476  299.2103
4659.86277291972  320.1666
4659.90462158922  295.1469
4659.94646745589  319.438
4659.98831051957  306.1533
4660.03015078005  336.6295
4660.07198823717  290.2272
4660.11382289072  298.7779
4660.15565474053  301.0273
4660.19748378641  312.5872
4660.23931002817  330.3451
4660.28113346563  326.6542
4660.3229540986  328.2115
4660.3647719269  340.0922
4660.40658695035  325.6334
4660.44839916875  295.4674
4660.49020858192  333.6412
4660.53201518968  310.7286
4660.57381899184  308.9937
4660.61561998822  344.158
4660.65741817862  346.5998
4660.69921356288  307.5135
4660.74100614079  308.2518
4660.78279591218  275.2143
4660.82458287686  294.1487
4660.86636703465  315.5458
4660.90814838536  307.7311
4660.9499269288  292.2345
4660.9917026648  319.7225
4661.03347559317  311.001
4661.07524571372  366.4539
4661.11701302626  272.2418
4661.15877753063  322.0272
4661.20053922662  324.6322
4661.24229811405  339.7248
4661.28405419275  327.0406
4661.32580746252  348.6849
4661.36755792318  305.947
4661.40930557455  338.3791
4661.45105041644  322.5879
4661.49279244868  318.619
4661.53453167106  326.4735
4661.57626808342  279.3651
4661.61800168557  333.0396
4661.65973247732  315.6816
4661.70146045849  329.2899
4661.74318562889  335.0336
4661.78490798834  301.1373
4661.82662753667  297.4243
4661.86834427367  341.7982
4661.91005819918  309.8545
4661.951769313  306.0736
4661.99347761495  322.4073
4662.03518310486  322.3052
4662.07688578253  326.6518
4662.11858564778  293.934
4662.16028270043  344.0945
4662.2019769403  336.8952
4662.24366836719  315.7507
4662.28535698094  341.746
4662.32704278136  308.5328
4662.36872576825  360.0088
4662.41040594144  328.9769
4662.45208330076  352.9836
4662.493757846  322.2537
4662.53542957699  329.5784
4662.57709849355  294.8766
4662.6187645955  324.6744
4662.66042788265  291.8665
4662.70208835481  325.6618
4662.74374601181  314.8722
4662.78540085346  322.6096
4662.82705287959  349.8984
4662.86870209  302.9933
4662.91034848452  311.1886
4662.95199206296  302.1173
4662.99363282514  315.3682
4663.03527077087  305.3718
4663.07690589998  309.8343
4663.11853821229  326.4127
4663.1601677076  343.5992
4663.20179438574  305.9706
4663.24341824653  296.0364
4663.28503928979  288.282
4663.32665751532  324.2155
4663.36827292295  321.5174
4663.4098855125  313.4118
4663.45149528379  297.5493
4663.49310223663  332.09
4663.53470637084  273.1318
4663.57630768624  314.4902
4663.61790618265  308.0352
4663.65950185988  320.355
4663.70109471776  345.3425
4663.7426847561  289.1704
4663.78427197473  318.6735
4663.82585637345  312.4393
4663.86743795209  322.9962
4663.90901671047  311.4059
4663.9505926484  329.898
4663.9921657657  352.134
4664.0337360622  305.2861
4664.07530353771  279.2001
4664.11686819205  319.0142
4664.15843002503  303.6467
4664.19998903649  311.5219
4664.24154522623  309.4609
4664.28309859407  304.7427
4664.32464913984  328.6771
4664.36619686335  320.4496
4664.40774176442  322.2751
4664.44928384287  334.9371
4664.49082309853  341.4398
4664.5323595312  322.0435
4664.57389314072  303.5055
4664.61542392689  324.9724
4664.65695188954  327.5198
4664.69847702848  346.6867
4664.73999934354  319.4793
4664.78151883454  333.8704
4664.82303550129  294.7026
4664.86454934361  309.4489
4664.90606036133  350.0409
4664.94756855427  313.8618
4664.98907392224  331.3954
4665.03057646506  338.2014
4665.07207618255  345.6122
4665.11357307454  326.8018
4665.15506714084  329.7239
4665.19655838127  334.6566
4665.23804679565  319.9029
4665.27953238381  339.7875
4665.32101514556  305.6677
4665.36249508073  345.4866
4665.40397218912  315.9146
4665.44544647057  328.5645
4665.4869179249  324.7407
4665.52838655191  321.0803
4665.56985235144  336.4603
4665.61131532331  301.4474
4665.65277546733  336.6176
4665.69423278332  317.0673
4665.73568727112  335.9472
4665.77713893053  317.2737
4665.81858776137  308.1335
4665.86003376347  341.019
4665.90147693666  315.5292
4665.94291728074  314.6316
4665.98435479554  309.6304
4666.02578948088  319.8582
4666.06722133658  290.1013
4666.10865036247  311.3947
4666.15007655836  310.8934
4666.19149992408  336.7633
4666.23292045944  297.4684
4666.27433816426  328.2408
4666.31575303838  319.1096
4666.35716508161  323.0666
4666.39857429376  320.4128
4666.43998067467  298.5544
4666.48138422415  313.6726
4666.52278494202  319.4393
4666.56418282811  316.3513
4666.60557788224  325.2893
4666.64697010423  317.9674
4666.68835949389  302.0681
4666.72974605107  330.5956
4666.77112977556  291.8839
4666.8125106672  317.5508
4666.85388872581  316.8989
4666.8952639512  298.131
4666.93663634321  331.6305
4666.97800590165  313.3045
4667.01937262635  323.992
4667.06073651712  303.8212
4667.10209757379  323.8948
4667.14345579618  285.5529
4667.18481118412  311.4565
4667.22616373742  309.3969
4667.2675134559  299.9395
4667.3088603394  323.4243
4667.35020438773  335.489
4667.39154560071  338.691
4667.43288397817  291.3658
4667.47421951994  318.6086
4667.51555222582  274.2724
4667.55688209564  334.6174
4667.59820912924  321.397
4667.63953332642  284.4277
4667.68085468702  321.4234
4667.72217321084  320.1236
4667.76348889773  298.6016
4667.8048017475  299.3368
4667.84611175997  300.2812
4667.88741893497  320.3486
4667.92872327232  308.1682
4667.97002477184  329.4739
4668.01132343335  295.4455
4668.05261925668  294.9393
4668.09391224166  312.5406
4668.1352023881  349.1913
4668.17648969583  285.4357
4668.21777416466  329.1917
4668.25905579444  326.3627
4668.30033458497  315.6279
4668.34161053608  276.442
4668.3828836476  324.9296
4668.42415391934  328.8656
4668.46542135114  331.0204
4668.50668594281  314.3614
4668.54794769419  342.673
4668.58920660508  273.5507
4668.63046267532  316.7851
4668.67171590473  313.5306
4668.71296629314  297.6943
4668.75421384036  315.2242
4668.79545854623  334.0448
4668.83670041056  288.1073
4668.87793943318  312.3812
4668.91917561391  290.5668
4668.96040895259  311.5398
4669.00163944903  303.5242
4669.04286710305  314.7184
4669.08409191448  312.7145
4669.12531388315  346.0637
4669.16653300887  326.5005
4669.20774929148  303.5196
4669.2489627308  311.3692
4669.29017332665  307.6042
4669.33138107886  305.7384
4669.37258598725  313.3536
4669.41378805164  296.6916
4669.45498727187  303.6935
4669.49618364775  303.7056
4669.53737717911  303.2252
4669.57856786578  307.3062
4669.61975570758  303.7154
4669.66094070433  316.0763
4669.70212285586  315.6511
4669.743302162  286.9822
4669.78447862257  308.6868
4669.82565223739  297.5444
4669.86682300629  305.3255
4669.90799092909  297.0218
4669.94915600563  308.6435
4669.99031823572  314.7061
4670.03147761919  319.0028
4670.07263415587  300.197
4670.11378784558  287.843
4670.15493868815  304.6241
4670.1960866834  283.364
4670.23723183116  305.2404
4670.27837413125  289.9364
4670.3195135835  314.3601
4670.36065018773  302.819
4670.40178394378  296.5127
4670.44291485146  286.6876
4670.4840429106  328.6676
4670.52516812103  339.8125
4670.56629048258  323.6855
4670.60740999507  307.9902
4670.64852665832  306.9539
4670.68964047216  305.5364
4670.73075143642  313.0481
4670.77185955092  338.5699
4670.8129648155  305.8445
4670.85406722997  305.0949
4670.89516679417  318.7067
4670.93626350791  312.8494
4670.97735737102  310.422
4671.01844838335  321.2474
4671.05953654469  305.0877
4671.10062185489  320.5875
4671.14170431378  314.1162
4671.18278392117  324.3727
4671.22386067689  288.0441
4671.26493458078  313.5439
4671.30600563266  325.4097
4671.34707383235  299.9747
4671.38813917967  313.966
4671.42920167447  325.2128
4671.47026131657  346.7252
4671.51131810578  301.7444
4671.55237204194  319.0018
4671.59342312488  294.6109
4671.63447135443  299.9518
4671.6755167304  333.3585
4671.71655925263  305.3003
4671.75759892095  332.8893
4671.79863573517  303.7569
4671.83966969514  314.5284
4671.88070080068  325.8008
4671.9217290516  309.3914
4671.96275444775  302.9637
4672.00377698895  319.5863
4672.04479667502  289.9525
4672.0858135058  314.282
4672.12682748111  321.6381
4672.16783860078  296.5544
4672.20884686464  326.7533
4672.24985227251  308.7887
4672.29085482422  298.5997
4672.33185451961  324.8977
4672.37285135849  301.895
4672.4138453407  321.2865
4672.45483646606  302.1294
4672.49582473441  320.4738
4672.53681014557  315.6316
4672.57779269936  342.8041
4672.61877239563  320.8661
4672.65974923419  307.9701
4672.70072321487  321.8426
4672.7416943375  308.3925
4672.78266260191  330.2357
4672.82362800794  309.2465
4672.8645905554  302.8509
4672.90555024412  323.1438
4672.94650707394  309.3483
4672.98746104468  286.2607
4673.02841215617  295.2075
4673.06936040825  324.3805
4673.11030580073  295.3932
4673.15124833345  302.1288
4673.19218800623  298.3459
4673.23312481891  296.5063
4673.27405877132  297.1097
4673.31498986328  307.8045
4673.35591809462  309.2789
4673.39684346517  303.2093
4673.43776597476  304.9449
4673.47868562322  329.7928
4673.51960241038  303.3472
4673.56051633607  339.5636
4673.60142740011  299.5224
4673.64233560234  315.9274
4673.68324094259  320.0738
4673.72414342068  301.9847
4673.76504303645  306.9376
4673.80593978972  294.7029
4673.84683368033  282.1218
4673.8877247081  291.523
4673.92861287286  312.9574
4673.96949817444  293.0106
4674.01038061268  302.5229
4674.0512601874  302.3268
4674.09213689844  338.7966
4674.13301074561  293.4151
4674.17388172876  326.6948
4674.21474984771  324.27
4674.25561510229  350.3553
4674.29647749233  311.4556
4674.33733701766  333.5263
4674.37819367812  294.6154
4674.41904747353  311.4031
4674.45989840372  301.1776
4674.50074646853  290.4404
4674.54159166778  310.6078
4674.5824340013  318.9324
4674.62327346893  302.2774
4674.6641100705  299.3997
4674.70494380582  307.0808
4674.74577467475  337.8446
4674.7866026771  321.1395
4674.82742781271  297.8608
4674.8682500814  313.9079
4674.90906948301  317.7538
4674.94988601738  318.8696
4674.99069968432  300.2318
4675.03151048368  295.6185
4675.07231841527  268.6985
4675.11312347894  291.683
4675.15392567452  326.7723
4675.19472500183  318.7343
4675.2355214607  317.477
4675.27631505098  288.957
4675.31710577248  289.9582
4675.35789362504  283.8039
4675.39867860849  296.4499
4675.43946072267  295.4506
4675.4802399674  281.8832
4675.52101634252  291.6156
4675.56178984785  325.3143
4675.60256048323  303.5467
4675.64332824849  322.299
4675.68409314347  314.2784
4675.72485516799  329.5669
4675.76561432188  318.7155
4675.80637060498  303.5125
4675.84712401712  307.1371
4675.88787455812  293.4212
4675.92862222783  333.0041
4675.96936702608  281.6389
4676.01010895269  284.6976
4676.0508480075  318.6355
4676.09158419034  287.1801
4676.13231750105  276.2334
4676.17304793945  283.2995
4676.21377550537  327.4603
4676.25450019865  307.4966
4676.29522201913  304.5421
4676.33594096663  298.4821
4676.37665704099  300.6617
4676.41737024204  284.2098
4676.4580805696  311.2504
4676.49878802353  287.5049
4676.53949260364  315.3156
4676.58019430976  312.4917
4676.62089314174  305.9202
4676.66158909941  310.2586
4676.70228218259  289.9041
4676.74297239112  303.8099
4676.78365972484  289.913
4676.82434418357  292.884
4676.86502576715  291.5909
4676.90570447541  301.1024
4676.94638030819  275.5506
4676.98705326531  330.1738
4677.02772334662  300.6965
4677.06839055194  284.7358
4677.10905488111  323.2238
4677.14971633396  308.7451
4677.19037491032  319.5328
4677.23103061003  310.1694
4677.27168343292  302.8376
4677.31233337883  309.2753
4677.35298044759  317.4848
4677.39362463902  331.9627
4677.43426595298  320.388
4677.47490438928  327.9624
4677.51553994776  327.0021
4677.55617262826  328.0996
4677.59680243061  307.2537
4677.63742935465  324.2501
4677.6780534002  293.6023
4677.7186745671  291.8223
4677.75929285519  319.4405
4677.7999082643  327.7762
4677.84052079426  281.7619
4677.88113044492  309.7763
4677.92173721609  314.4362
4677.96234110762  330.005
4678.00294211934  310.6521
4678.04354025108  308.7039
4678.08413550269  318.0612
4678.12472787399  315.6673
4678.16531736481  325.6825
4678.205903975  327.3095
4678.24648770438  264.8021
4678.2870685528  281.256
4678.32764652008  296.6877
4678.36822160607  309.0882
4678.40879381058  314.4323
4678.44936313347  289.8081
4678.48992957457  298.0318
4678.5304931337  319.8558
4678.57105381071  303.8353
4678.61161160543  308.9869
4678.65216651769  309.2761
4678.69271854733  323.3072
4678.73326769419  303.3024
4678.7738139581  307.6843
4678.81435733889  309.5801
4678.85489783641  304.2971
4678.89543545047  309.8054
4678.93597018093  284.3949
4678.97650202762  344.0927
4679.01703099037  300.3404
4679.05755706901  287.9449
4679.09808026339  341.8559
4679.13860057333  293.8543
4679.17911799868  317.1405
4679.21963253927  276.5893
4679.26014419493  312.7193
4679.3006529655  307.7991
4679.34115885082  303.3301
4679.38166185072  310.0501
4679.42216196504  289.6188
4679.46265919362  304.2596
4679.50315353628  289.2558
4679.54364499287  296.9872
4679.58413356322  305.9563
4679.62461924717  314.0219
4679.66510204455  327.727
4679.70558195521  311.256
4679.74605897897  337.6625
4679.78653311567  315.9155
4679.82700436515  308.2972
4679.86747272725  262.974
4679.9079382018  302.9995
4679.94840078864  347.8935
4679.9888604876  302.8136
4680.02931729852  287.6815
4680.06977122124  322.5243
4680.1102222556  315.9897
4680.15067040143  320.9309
4680.19111565856  292.2201
4680.23155802684  295.964
4680.2719975061  289.8307
4680.31243409618  277.3002
4680.35286779692  318.2158
4680.39329860815  296.9806
4680.4337265297  296.589
4680.47415156143  293.1832
4680.51457370315  309.8605
4680.55499295472  299.5966
4680.59540931596  297.9757
4680.63582278672  315.8721
4680.67623336684  304.3448
4680.71664105614  297.2544
4680.75704585447  314.2656
4680.79744776166  310.0173
4680.83784677755  292.9128
4680.87824290199  287.6188
4680.9186361348  298.2133
4680.95902647582  337.3756
4680.9994139249  333.4691
4681.03979848187  308.7285
4681.08018014656  302.018
4681.12055891882  318.441
4681.16093479848  288.1201
4681.20130778539  281.6205
4681.24167787937  289.9466
4681.28204508027  310.7916
4681.32240938792  278.2542
4681.36277080217  297.546
4681.40312932285  280.9763
4681.44348494979  300.6177
4681.48383768285  308.9223
4681.52418752185  298.9931
4681.56453446663  289.6916
4681.60487851704  328.5498
4681.64521967291  302.1543
4681.68555793408  311.6825
4681.72589330038  300.6328
4681.76622577166  324.5803
4681.80655534775  307.6626
4681.8468820285  280.0634
4681.88720581374  282.6228
4681.92752670331  313.0166
4681.96784469705  276.8437
4682.00815979479  308.2108
4682.04847199639  292.871
4682.08878130167  290.1865
4682.12908771047  294.3773
4682.16939122264  277.2769
4682.20969183801  286.5312
4682.24998955642  305.3359
4682.29028437772  277.161
4682.33057630173  298.197
4682.3708653283  314.2672
4682.41115145727  294.0297
4682.45143468848  277.1878
4682.49171502176  328.7586
4682.53199245697  304.5473
4682.57226699393  289.6154
4682.61253863248  316.2336
4682.65280737247  333.1102
4682.69307321373  298.0316
4682.73333615611  293.9486
4682.77359619944  285.6184
4682.81385334356  292.3713
4682.85410758832  311.4422
4682.89435893355  274.4075
4682.93460737909  299.3397
4682.97485292479  279.3681
4683.01509557048  278.9007
4683.055335316  279.8898
4683.0955721612  298.626
4683.1358061059  284.2567
4683.17603714996  268.1876
4683.21626529322  295.1031
4683.2564905355  279.4251
4683.29671287666  289.1889
4683.33693231654  317.2018
4683.37714885496  299.3254
4683.41736249179  297.9005
4683.45757322685  295.2572
4683.49778105998  303.2443
4683.53798599103  289.7911
4683.57818801984  274.1095
4683.61838714624  293.0902
4683.65858337008  290.4648
4683.6987766912  281.9115
4683.73896710944  291.6184
4683.77915462464  313.6911
4683.81933923664  291.3014
4683.85952094528  276.7972
4683.89969975041  277.0185
4683.93987565186  292.2543
4683.98004864947  273.5945
4684.02021874309  291.5518
4684.06038593256  272.1537
4684.10055021772  274.3867
4684.1407115984  274.3391
4684.18087007446  274.2921
4684.22102564573  299.183
4684.26117831205  254.2374
4684.30132807327  263.4489
4684.34147492922  291.1005
4684.38161887975  271.7912
4684.4217599247  258.8097
4684.46189806391  271.1918
4684.50203329723  252.8941
4684.54216562449  266.3476
4684.58229504553  281.5178
4684.62242156021  270.9397
4684.66254516835  273.4856
4684.7026658698  240.4062
4684.74278366441  274.2209
4684.78289855201  274.2318
4684.82301053245  265.1636
4684.86311960557  274.908
4684.90322577121  275.2084
4684.94332902922  241.8009
4684.98342937943  266.5582
4685.02352682169  269.185
4685.06362135584  265.0146
4685.10371298172  249.3055
4685.14380169918  254.7147
4685.18388750805  246.4649
4685.22397040819  238.1478
4685.26405039942  230.9254
4685.30412748161  235.2183
4685.34420165457  246.8732
4685.38427291817  228.873
4685.42434127225  240.1337
4685.46440671664  215.5513
4685.50446925118  241.82
4685.54452887573  236.749
4685.58458559012  228.9036
4685.6246393942  209.4508
4685.66469028781  223.7327
4685.70473827079  203.9246
4685.74478334299  217.4237
4685.78482550425  216.7974
4685.82486475441  225.4805
4685.86490109332  218.4387
4685.90493452081  226.4805
4685.94496503674  219.9515
4685.98499264094  210.1611
4686.02501733326  218.6709
4686.06503911355  224.6761
4686.10505798163  213.5656
4686.14507393737  222.9747
4686.1850869806  199.0242
4686.22509711117  249.3146
4686.26510432892  203.779
4686.30510863369  206.9857
4686.34511002533  231.241
4686.38510850368  224.3076
4686.42510406858  202.4419
4686.46509671989  214.3243
4686.50508645744  217.8433
4686.54507328107  210.9729
4686.58505719064  207.3452
4686.62503818597  238.8042
4686.66501626693  244.444
4686.70499143336  215.3908
4686.74496368509  236.2274
4686.78493302197  223.0077
4686.82489944385  224.8802
4686.86486295056  258.8047
4686.90482354197  230.3908
4686.9447812179  243.9054
4686.98473597821  250.5064
4687.02468782273  242.8653
4687.06463675132  238.0439
4687.10458276381  237.737
4687.14452586006  236.7423
4687.1844660399  242.8816
4687.22440330319  236.9809
4687.26433764976  251.5352
4687.30426907946  248.0565
4687.34419759214  265.1275
4687.38412318764  276.4037
4687.4240458658  254.4175
4687.46396562648  252.7242
4687.50388246951  261.158
4687.54379639475  278.4614
4687.58370740203  272.2256
4687.6236154912  278.2816
4687.66352066211  287.5074
4687.7034229146  279.7074
4687.74332224852  267.6566
4687.78321866371  283.7076
4687.82311216002  286.6985
4687.86300273729  261.0834
4687.90289039538  295.3466
4687.94277513412  263.3465
4687.98265695336  262.7868
4688.02253585294  262.6957
4688.06241183272  283.1536
4688.10228489254  273.526
4688.14215503223  313.0481
4688.18202225166  267.0598
4688.22188655067  273.7848
4688.26174792909  277.8921
4688.30160638679  268.4168
4688.34146192359  292.9773
4688.38131453936  267.4954
4688.42116423393  294.7578
4688.46101100715  313.3676
4688.50085485887  303.4053
4688.54069578894  250.3781
4688.58053379719  279.2166
4688.62036888348  296.7758
4688.66020104766  292.5885
4688.70003028957  281.7129
4688.73985660905  290.7682
4688.77968000595  299.7471
4688.81950048013  274.1853
4688.85931803142  265.2879
4688.89913265967  301.6767
4688.93894436474  285.562
4688.97875314646  282.7776
4689.01855900468  304.7906
4689.05836193925  283.9388
4689.09816195002  292.7904
4689.13795903683  286.2247
4689.17775319954  282.8926
4689.21754443798  282.5709
4689.257332752  296.915
4689.29711814146  294.2691
4689.3369006062  303.3788
4689.37668014607  286.813
4689.41645676091  316.4502
4689.45623045057  312.7296
4689.4960012149  267.284
4689.53576905374  280.6431
4689.57553396695  305.2497
4689.61529595437  293.6234
4689.65505501584  293.699
4689.69481115123  299.9819
4689.73456436037  336.9431
4689.7743146431  298.1986
4689.81406199929  303.2634
4689.85380642878  295.0534
4689.89354793141  289.0445
4689.93328650703  293.0005
4689.97302215549  303.9058
4690.01275487664  289.8544
4690.05248467033  288.3198
4690.09221153641  309.0284
4690.13193547471  303.7852
4690.1716564851  304.3764
4690.21137456742  283.4209
4690.25108972151  324.3408
4690.29080194723  291.8665
4690.33051124442  288.6336
4690.37021761294  289.5553
4690.40992105262  310.5568
4690.44962156332  277.6
4690.4893191449  262.3428
4690.52901379719  321.5314
4690.56870552004  311.1286
4690.60839431331  306.3275
4690.64808017684  321.1912
4690.68776311048  321.5033
4690.72744311408  295.9501
4690.76712018749  298.5352
4690.80679433056  312.9382
4690.84646554314  312.7163
4690.88613382507  286.2163
4690.9257991762  320.0013
4690.96546159639  326.6328
4691.00512108548  317.0945
4691.04477764332  286.1223
4691.08443126977  321.5676
4691.12408196466  279.322
4691.16372972786  323.6448
4691.2033745592  283.1463
4691.24301645854  275.3638
4691.28265542573  305.549
4691.32229146062  295.5532
4691.36192456305  315.7096
4691.40155473288  326.1098
4691.44118196996  297.0865
4691.48080627413  282.0099
4691.52042764524  296.3071
4691.56004608316  286.6769
4691.59966158771  292.381
4691.63927415877  299.4661
4691.67888379616  308.7005
4691.71849049976  307.9696
4691.75809426939  280.9928
4691.79769510492  291.4485
4691.8372930062  314.154
4691.87688797307  318.8362
4691.91648000539  316.9021
4691.956069103  295.8728
4691.99565526576  317.1537
4692.03523849351  313.7674
4692.07481878611  307.7158
4692.1143961434  277.9564
4692.15397056525  322.537
4692.19354205149  305.8547
4692.23311060197  337.9948
4692.27267621656  317.6053
4692.3122388951  333.7581
4692.35179863744  325.1335
4692.39135544342  298.3129
4692.43090931291  292.3864
4692.47046024576  315.4286
4692.5100082418  287.9243
4692.5495533009  310.9239
4692.5890954229  313.1685
4692.62863460766  299.1496
4692.66817085503  302.4674
4692.70770416485  310.7374
4692.74723453699  299.419
4692.78676197128  300.724
4692.82628646759  290.9861
4692.86580802576  291.6207
4692.90532664565  293.9172
4692.9448423271  311.3505
4692.98435506996  306.6985
4693.0238648741  295.5905
4693.06337173935  305.008
4693.10287566558  308.6865
4693.14237665263  296.8025
4693.18187470036  323.9853
4693.22136980861  310.5662
4693.26086197724  334.1089
4693.3003512061  309.4123
4693.33983749505  283.4912
4693.37932084392  326.7692
4693.41880125258  293.1785
4693.45827872088  310.6412
4693.49775324867  285.9976
4693.5372248358  322.083
4693.57669348213  291.7191
4693.6161591875  316.5743
4693.65562195177  309.9326
4693.69508177479  309.6384
4693.73453865641  300.5375
4693.77399259649  301.7573
4693.81344359487  309.6201
4693.85289165142  326.0253
4693.89233676597  300.189
4693.9317789384  313.3011
4693.97121816853  315.5054
4694.01065445624  299.8967
4694.05008780137  301.3987
4694.08951820378  326.0973
4694.12894566332  315.015
4694.16837017983  305.1165
4694.20779175318  296.9297
4694.24721038322  320.2755
4694.28662606979  301.2295
4694.32603881276  292.9997
4694.36544861197  300.1046
4694.40485546728  316.8412
4694.44425937855  312.9738
4694.48366034561  303.1051
4694.52305836834  326.1022
4694.56245344658  309.8358
4694.60184558018  297.1489
4694.641234769  287.6552
4694.68062101289  318.3821
4694.72000431171  320.7812
4694.7593846653  316.7942
4694.79876207353  312.0116
4694.83813653624  295.4907
4694.87750805329  307.4775
4694.91687662453  306.2615
4694.95624224982  330.8324
4694.99560492901  313.8067
4695.03496466195  307.6899
4695.0743214485  311.9814
4695.11367528851  297.1707
4695.15302618184  304.3049
4695.19237412834  307.0969
4695.23171912786  292.0667
4695.27106118026  303.713
4695.31040028539  301.8893
4695.3497364431  290.1137
4695.38906965326  315.4828
4695.42839991571  312.7536
4695.46772723031  294.351
4695.50705159691  284.9142
4695.54637301537  315.3764
4695.58569148554  329.5183
4695.62500700727  289.9027
4695.66431958043  296.4541
4695.70362920487  291.7897
4695.74293588043  299.0671
4695.78223960698  326.8172
4695.82154038436  315.7765
4695.86083821245  305.4828
4695.90013309108  276.8093
4695.93942502011  311.7881
4695.97871399941  292.9825
4696.01800002881  282.2675
4696.05728310819  319.1171
4696.09656323739  298.0934
4696.13584041627  312.2095
4696.17511464468  278.2085
4696.21438592248  321.2114
4696.25365424953  306.766
4696.29291962567  299.1596
4696.33218205077  320.9862
4696.37144152468  289.3621
4696.41069804726  331.1118
4696.44995161836  297.9133
4696.48920223783  311.869
4696.52844990554  282.7437
4696.56769462133  337.5799
4696.60693638507  300.898
4696.6461751966  308.7435
4696.6854110558  306.5004
4696.7246439625  261.2269
4696.76387391657  297.0546
4696.80310091786  310.7378
4696.84232496623  314.7866
4696.88154606153  300.5447
4696.92076420362  300.3397
4696.95997939236  301.1265
4696.9991916276  313.3355
4697.0384009092  328.352
4697.07760723702  300.7684
4697.1168106109  285.459
4697.15601103072  322.333
4697.19520849631  308.2387
4697.23440300755  329.5623
4697.27359456428  295.0577
4697.31278316637  284.1021
4697.35196881366  294.8821
4697.39115150602  306.3643
4697.4303312433  320.2217
4697.46950802536  303.6692
4697.50868185206  288.87
4697.54785272325  290.5664
4697.58702063879  295.9861
4697.62618559853  288.2167
4697.66534760234  318.6693
4697.70450665007  294.9399
4697.74366274157  272.389
4697.78281587671  297.3487
4697.82196605534  305.5371
4697.86111327731  276.0556
4697.9002575425  308.4832
4697.93939885074  288.3467
4697.97853720191  308.8586
4698.01767259585  309.7773
4698.05680503242  314.0278
4698.09593451149  301.1328
4698.1350610329  307.6292
4698.17418459652  326.8854
4698.21330520221  297.4694
4698.25242284982  292.0395
4698.2915375392  339.056
4698.33064927023  291.0719
4698.36975804274  275.1026
4698.40886385662  291.9568
4698.44796671169  298.7509
4698.48706660784  292.6844
4698.52616354492  348.1161
4698.56525752278  294.7419
4698.60434854127  320.8921
4698.64343660027  308.1757
4698.68252169963  286.8969
4698.7216038392  292.5272
4698.76068301885  300.657
4698.79975923842  319.1492
4698.83883249779  317.8291
4698.87790279681  298.1862
4698.91697013534  288.4651
4698.95603451323  322.6705
4698.99509593034  321.1188
4699.03415438654  314.1009
4699.07320988168  316.5862
4699.11226241561  297.0956
4699.15131198821  296.9129
4699.19035859932  299.6554
4699.22940224881  322.5075
4699.26844293653  313.0463
4699.30748066235  300.2759
4699.34651542611  293.6358
4699.38554722769  308.1512
4699.42457606694  321.4341
4699.46360194372  309.769
4699.50262485788  310.3846
4699.54164480929  292.8791
4699.58066179781  301.4383
4699.61967582329  265.7114
4699.6586868856  305.5794
4699.69769498459  291.5503
4699.73670012012  299.1826
4699.77570229206  296.0222
4699.81470150025  310.9998
4699.85369774457  313.4217
4699.89269102487  284.9965
4699.93168134101  298.153
4699.97066869285  283.8062
4700.00965308025  277.7484
4700.04863450306  299.9445
4700.08761296116  315.3161
4700.12658845439  300.0273
4700.16556098262  302.2027
4700.20453054571  305.2417
4700.24349714352  306.1669
4700.28246077591  312.1747
4700.32142144274  298.6277
4700.36037914386  272.7431
4700.39933387914  318.3569
4700.43828564844  323.1429
4700.47723445162  294.8528
4700.51618028854  317.8795
4700.55512315905  288.0078
4700.59406306303  312.0428
4700.63300000032  320.3722
4700.6719339708  310.1873
4700.71086497431  311.9449
4700.74979301073  334.5694
4700.78871807991  309.4704
4700.8276401817  311.9809
4700.86655931599  296.1493
4700.90547548262  290.5227
4700.94438868145  287.7388
4700.98329891234  305.226
4701.02220617516  313.4391
4701.06111046977  286.743
4701.10001179603  288.1134
4701.13891015379  293.9639
4701.17780554292  309.4966
4701.21669796329  286.6859
4701.25558741474  313.504
4701.29447389715  264.1386
4701.33335741038  297.6993
4701.37223795428  312.5322
4701.41111552871  294.0891
4701.44999013354  300.325
4701.48886176863  314.836
4701.52773043385  298.351
4701.56659612904  289.0075
4701.60545885408  287.8895
4701.64431860882  311.0117
4701.68317539314  282.1507
4701.72202920687  285.7385
4701.7608800499  310.9663
4701.79972792208  294.5082
4701.83857282328  303.6945
4701.87741475335  316.5417
4701.91625371215  339.0479
4701.95508969956  315.2074
4701.99392271543  317.1745
4702.03275275962  319.3725
4702.071579832  319.6065
4702.11040393242  319.8413
4702.14922506075  320.0769
4702.18804321686  307.3632
4702.2268584006  323.8044
4702.26567061183  323.9943
4702.30447985043  266.9576
4702.34328611624  290.0821
4702.38208940915  287.8267
4702.42088972899  267.8094
4702.45968707564  284.5743
4702.49848144897  314.7408
4702.53727284883  295.7827
4702.57606127508  307.6797
4702.61484672759  297.9014
4702.65362920623  302.1618
4702.69240871085  293.3891
4702.73118524132  278.9756
4702.76995879749  311.3333
4702.80872937924  304.2881
4702.84749698643  288.7368
4702.88626161892  290.2457
4702.92502327657  309.0527
4702.96378195924  290.7947
4703.0025376668  274.4041
4703.04129039912  270.6667
4703.08004015605  278.1877
4703.11878693745  288.9814
4703.1575307432  290.4742
4703.19627157316  286.5583
4703.23500942718  299.2775
4703.27374430513  271.4833
4703.31247620689  339.1861
4703.3512051323  318.5247
4703.38993108123  275.2787
4703.42865405355  288.5652
4703.46737404912  305.2514
4703.5060910678  297.5073
4703.54480510946  281.3782
4703.58351617396  291.912
4703.62222426117  306.3192
4703.66092937095  266.4063
4703.69963150315  298.1372
4703.73833065766  307.5634
4703.77702683433  292.3185
4703.81572003303  293.7332
4703.85441025361  328.9728
4703.89309749595  314.9533
4703.9317817599  298.2635
4703.97046304534  318.7861
4704.00914135213  301.0263
4704.04781668013  283.4874
4704.0864890292  298.7196
4704.12515839921  278.6359
4704.16382479003  289.7908
4704.20248820152  314.6608
4704.24114863354  295.8276
4704.27980608596  305.3817
4704.31846055864  277.2864
4704.35711205146  301.3666
4704.39576056426  310.606
4704.43440609692  291.0714
4704.47304864931  326.7187
4704.51168822128  308.1817
4704.55032481271  292.9302
4704.58895842345  288.5942
4704.62758905338  302.1065
4704.66621670235  326.4847
4704.70484137024  299.3563
4704.74346305691  342.5886
4704.78208176222  294.4886
4704.82069748603  317.3962
4704.85931022823  293.8567
4704.89791998866  302.0037
4704.9365267672  299.0641
4704.97513056371  304.4128
4705.01373137805  334.9425
4705.0523292101  314.1251
4705.09092405971  302.8807
4705.12951592676  314.4489
4705.16810481111  272.8113
4705.20669071262  296.885
4705.24527363116  276.0446
4705.2838535666  321.9142
4705.3224305188  258.2448
4705.36100448763  291.7939
4705.39957547295  334.6695
4705.43814347464  301.792
4705.47670849254  283.0089
4705.51527052655  313.7774
4705.55382957651  285.864
4705.5923856423  281.0557
4705.63093872377  289.8506
4705.66948882081  323.052
4705.70803593327  305.09
4705.74658006102  309.8424
4705.78512120392  294.6891
4705.82365936185  273.4867
4705.86219453467  311.2147
4705.90072672225  314.0667
4705.93925592445  295.7612
4705.97778214114  321.1495
4706.01630537219  312.0944
4706.05482561746  301.1557
4706.09334287682  286.9534
4706.13185715014  315.8929
4706.17036843728  289.3593
4706.20887673811  276.1529
4706.2473820525  307.9589
4706.28588438032  295.3093
4706.32438372143  279.1563
4706.36288007569  326.5461
4706.40137344299  301.3656
4706.43986382317  297.5557
4706.47835121613  312.8607
4706.5168356217  341.5788
4706.55531703978  291.5629
4706.59379547021  313.2048
4706.63227091288  288.7629
4706.67074336765  315.0951
4706.70921283438  296.11
4706.74767931294  302.1498
4706.78614280321  287.0156
4706.82460330505  308.1913
4706.86306081832  289.3713
4706.90151534289  294.0006
4706.93996687865  292.6903
4706.97841542543  307.8555
4707.01686098313  277.1392
4707.0553035516  264.503
4707.09374313072  287.1959
4707.13217972035  302.8273
4707.17061332036  280.0728
4707.20904393062  277.9347
4707.24747155099  289.1009
4707.28589618135  288.2687
4707.32431782157  305.3227
4707.3627364715  289.8209
4707.40115213103  284.4489
4707.43956480001  300.4009
4707.47797447832  293.383
4707.51638116582  264.2813
4707.55478486239  261.7087
4707.5931855679  304.9981
4707.6315832822  273.1097
4707.66997800517  275.9568
4707.70836973668  297.8018
4707.74675847661  275.5492
4707.7851442248  318.038
4707.82352698114  292.0022
4707.8619067455  280.9402
4707.90028351774  291.3664
4707.93865729773  315.9182
4707.97702808534  302.9268
4708.01539588045  291.7084
4708.05376068291  269.4225
4708.0921224926  313.3492
4708.13048130939  296.9901
4708.16883713315  317.8714
4708.20718996375  324.4638
4708.24553980105  317.0395
4708.28388664492  305.4588
4708.32223049525  307.7315
4708.36057135188  316.952
4708.3989092147  295.4824
4708.43724408358  290.2378
4708.47557595838  277.4692
4708.51390483897  304.593
4708.55223072523  290.8955
4708.59055361702  288.6005
4708.62887351421  296.8377
4708.66719041667  276.0053
4708.70550432428  312.831
4708.7438152369  300.1788
4708.7821231544  323.7266
4708.82042807665  269.1348
4708.85873000353  301.5565
4708.8970289349  291.3977
4708.93532487064  309.5232
4708.97361781061  305.6108
4709.01190775468  272.5805
4709.05019470273  302.2808
4709.08847865462  285.6382
4709.12675961023  322.7734
4709.16503756942  306.0111
4709.20331253207  263.8787
4709.24158449805  301.473
4709.27985346722  284.6993
4709.31811943946  299.5653
4709.35638241464  310.2417
4709.39464239263  286.4516
4709.4328993733  299.3217
4709.47115335653  295.5496
4709.50940434217  266.8348
4709.54765233011  306.5315
4709.58589732021  307.9568
4709.62413931235  310.9426
4709.6623783064  298.144
4709.70061430222  320.4608
4709.73884729969  294.403
4709.77707729868  295.7752
4709.81530429907  278.0744
4709.85352830071  307.9925
4709.89174930349  293.0077
4709.92996730728  293.3183
4709.96818231194  300.8187
4710.00639431735  263.7627
4710.04460332338  316.7691
4710.0828093299  285.6409
4710.12101233679  307.3367
4710.15921234391  326.5722
4710.19740935114  293.3964
4710.23560335835  308.3572
4710.2737943654  275.2166
4710.31198237218  274.5746
4710.35016737856  261.2768
4710.3883493844  315.9833
4710.42652838958  305.9979
4710.46470439396  290.8455
4710.50287739743  269.7686
4710.54104739986  305.4766
4710.57921440111  333.9569
4710.61737840106  309.7857
4710.65553939958  299.5023
4710.69369739655  285.4811
4710.73185239183  293.5081
4710.7700043853  249.4521
4710.80815337684  291.0773
4710.8462993663  299.1419
4710.88444235357  292.4798
4710.92258233852  312.6641
4710.96071932102  315.7401
4710.99885330095  270.062
4711.03698427817  282.2839
4711.07511225256  291.9805
4711.113237224  282.837
4711.15135919235  288.231
4711.18947815749  293.1517
4711.22759411928  274.856
4711.26570707762  332.5429
4711.30381703236  302.4826
4711.34192398338  294.8593
4711.38002793056  312.859
4711.41812887376  275.2588
4711.45622681286  322.8586
4711.49432174773  327.4258
4711.53241367826  295.4831
4711.5705026043  311.205
4711.60858852574  322.2537
4711.64667144244  295.9212
4711.68475135429  284.7354
4711.72282826114  325.7081
4711.76090216289  297.4171
4711.7989730594  292.0248
4711.83704095054  284.7609
4711.8751058362  289.4714
4711.91316771623  316.8435
4711.95122659052  310.9892
4711.98928245894  309.5054
4712.02733532137  281.0458
4712.06538517768  332.3491
4712.10343202774  268.4561
4712.14147587142  318.9218
4712.17951670861  296.9352
4712.21755453917  293.5491
4712.25558936298  287.617
4712.29362117991  275.2244
4712.33164998984  292.555
4712.36967579265  301.8308
4712.4076985882  304.227
4712.44571837637  288.0641
4712.48373515703  346.2078
4712.52174893007  289.8547
4712.55975969535  308.059
4712.59776745275  327.4142
4712.63577220215  283.1465
4712.67377394341  320.661
4712.71177267642  279.7345
4712.74976840105  310.6653
4712.78776111716  274.2333
4712.82575082465  298.2932
4712.86373752338  315.7643
4712.90172121323  287.0706
4712.93970189407  307.615
4712.97767956578  283.2466
4713.01565422823  304.0947
4713.0536258813  272.4612
4713.09159452487  276.5656
4713.1295601588  336.8595
4713.16752278298  292.9192
4713.20548239728  311.2146
4713.24343900157  278.5809
4713.28139259574  316.9673
4713.31934317965  304.3887
4713.35729075318  265.9638
4713.39523531621  315.0896
4713.43317686861  300.6464
4713.47111541026  252.0678
4713.50905094104  320.6165
4713.54698346081  313.6222
4713.58491296946  293.8748
4713.62283946687  294.3301
4713.6607629529  278.9882
4713.69868342743  307.8184
4713.73660089035  301.8082
4713.77451534152  299.6388
4713.81242678082  326.5503
4713.85033520813  281.9172
4713.88824062333  302.8877
4713.92614302628  338.6264
4713.96404241687  285.2715
4714.00193879498  296.6033
4714.03983216047  303.5698
4714.07772251323  315.0782
4714.11560985314  298.6218
4714.15349418006  353.3894
4714.19137549388  279.9986
4714.22925379447  282.9124
4714.26712908171  281.7197
4714.30500135547  272.1466
4714.34287061564  335.1838
4714.38073686208  245.7166
4714.41860009469  281.1656
4714.45646031332  297.4098
4714.49431751787  294.0887
4714.5321717082  320.73
4714.57002288419  275.826
4714.60787104572  277.2207
4714.64571619268  322.539
4714.68355832493  299.6287
4714.72139744235  309.3787
4714.75923354482  311.0344
4714.79706663222  317.5803
4714.83489670442  318.8043
4714.8727237613  295.1494
4714.91054780274  303.306
4714.94836882862  310.7542
4714.98618683881  291.5821
4715.02400183319  273.992
4715.06181381165  315.4006
4715.09962277405  294.4051
4715.13742872027  303.2477
4715.1752316502  317.1042
4715.21303156371  291.1351
4715.25082846067  286.4628
4715.28862234097  269.329
4715.32641320449  285.1167
4715.36420105109  318.9691
4715.40198588067  304.8787
4715.4397676931  299.7851
4715.47754648825  294.0542
4715.515322266  316.6749
4715.55309502624  259.2732
4715.59086476884  310.2679
4715.62863149367  293.9479
4715.66639520063  309.4615
4715.70415588958  259.3448
4715.7419135604  273.7044
4715.77966821298  293.7934
4715.81741984719  293.4207
4715.85516846291  278.2778
4715.89291406001  297.2574
4715.93065663839  270.6079
4715.9683961979  265.1812
4716.00613273845  295.2384
4716.0438662599  311.3463
4716.08159676213  272.6097
4716.11932424502  319.2822
4716.15704870845  300.0005
4716.1947701523  302.517
4716.23248857645  320.5746
4716.27020398078  276.9216
4716.30791636516  309.3237
4716.34562572948  312.277
4716.38333207361  278.921
4716.42103539744  296.7957
4716.45873570084  292.0641
4716.49643298369  284.0838
4716.53412724588  308.2068
4716.57181848728  263.198
4716.60950670777  303.0165
4716.64719190723  284.4948
4716.68487408554  268.9309
4716.72255324258  308.5229
4716.76022937823  252.4314
4716.79790249237  277.7584
4716.83557258487  277.0166
4716.87323965563  292.7602
4716.91090370452  290.9385
4716.94856473141  311.5249
4716.9862227362  289.2904
4717.02387771875  267.9995
4717.06152967895  285.5012
4717.09917861668  325.0406
4717.13682453182  304.0272
4717.17446742425  298.9742
4717.21210729384  272.494
4717.24974414049  265.7876
4717.28737796407  301.3837
4717.32500876446  299.0179
4717.36263654154  299.7801
4717.40026129519  297.3382
4717.43788302529  293.3576
4717.47550173172  325.3422
4717.51311741437  312.8902
4717.55073007311  292.391
4717.58833970783  276.4507
4717.6259463184  269.4641
4717.66354990471  326.0963
4717.70115046663  277.7321
4717.73874800405  275.6563
4717.77634251685  312.3871
4717.81393400491  289.4688
4717.85152246811  290.3073
4717.88910790633  265.0478
4717.92669031945  251.4818
4717.96426970736  242.0837
4718.00184606994  283.5102
4718.03941940706  272.5894
4718.0769897186  314.4026
4718.11455700446  286.2268
4718.15212126451  264.3497
4718.18968249862  306.1686
4718.22724070669  290.553
4718.2647958886  295.7988
4718.30234804422  268.4179
4718.33989717344  291.5939
4718.37744327614  269.896
4718.4149863522  279.1152
4718.45252640151  309.7057
4718.49006342394  278.6132
4718.52759741937  277.6476
4718.5651283877  312.3323
4718.60265632879  278.6157
4718.64018124254  288.9621
4718.67770312882  265.3254
4718.71522198752  284.0115
4718.75273781852  282.6815
4718.79025062169  271.34
4718.82776039694  308.2041
4718.86526714412  268.4687
4718.90277086314  306.5852
4718.94027155386  289.894
4718.97776921618  295.3764
4719.01526384997  297.996
4719.05275545512  309.428
4719.09024403151  301.2295
4719.12772957902  276.4712
4719.16521209753  345.6606
4719.20269158694  260.1815
4719.24016804711  297.2115
4719.27764147794  293.541
4719.3151118793  256.8408
4719.35257925109  269.5127
4719.39004359317  283.3976
4719.42750490544  297.3435
4719.46496318778  296.5251
4719.50241844006  260.1906
4719.53987066219  296.7221
4719.57731985402  272.2648
4719.61476601546  283.0229
4719.65220914638  326.8826
4719.68964924667  271.552
4719.72708631621  297.8922
4719.76452035488  274.2157
4719.80195136257  279.7737
4719.83937933916  270.3259
4719.87680428453  293.9319
4719.91422619857  309.525
4719.95164508116  291.0641
4719.98906093219  296.7132
4720.02647375153  265.9894
4720.06388353907  259.9947
4720.1012902947  272.8668
4720.1386940183  248.6954
4720.17609470976  233.1681
4720.21349236895  295.5867
4720.25088699576  289.6193
4720.28827859007  267.3166
4720.32566715178  300.9601
4720.36305268076  285.7799
4720.40043517689  311.7376
4720.43781464007  267.6679
4720.47519107017  290.644
4720.51256446709  294.0895
4720.5499348307  299.1468
4720.58730216088  275.5428
4720.62466645753  287.6502
4720.66202772053  285.9405
4720.69938594976  300.4231
4720.73674114511  240.4324
4720.77409330645  324.1238
4720.81144243369  258.6429
4720.84878852669  255.1402
4720.88613158535  287.4618
4720.92347160955  284.7437
4720.96080859918  260.26
4720.99814255411  303.3477
4721.03547347424  284.2324
4721.07280135945  283.7575
4721.11012620963  275.3244
4721.14744802465  248.1113
4721.18476680441  277.1037
4721.22208254879  256.8952
4721.25939525767  292.0836
4721.29670493095  315.5495
4721.3340115685  326.408
4721.37131517021  289.2884
4721.40861573597  248.2247
4721.44591326566  284.1061
4721.48320775917  243.7745
4721.52049921638  248.9181
4721.55778763718  290.4513
4721.59507302145  289.2763
4721.63235536908  309.8607
4721.66963467996  265.6064
4721.70691095397  281.1503
4721.744184191  300.1667
4721.78145439093  252.5686
4721.81872155364  303.4493
4721.85598567904  289.6686
4721.89324676699  304.1238
4721.93050481739  278.3059
4721.96775983012  332.3911
4722.00501180507  264.1569
4722.04226074213  293.9774
4722.07950664118  288.5555
4722.1167495021  259.3794
4722.15398932479  295.6015
4722.19122610913  250.15
4722.228459855  251.379
4722.2656905623  285.2311
4722.30291823091  289.9528
4722.34014286071  291.6693
4722.3773644516  317.9958
4722.41458300345  294.8893
4722.45179851616  321.5392
4722.48901098962  269.9314
4722.5262204237  270.2657
4722.5634268183  263.2708
4722.6006301733  310.9039
4722.63783048859  286.3304
4722.67502776405  313.4499
4722.71222199958  260.4688
4722.74941319507  289.4524
4722.78660135039  286.2703
4722.82378646543  245.9528
4722.86096854009  270.0997
4722.89814757424  319.4338
4722.93532356778  282.4598
4722.9724965206  314.787
4723.00966643258  297.1766
4723.0468333036  315.7733
4723.08399713356  310.1704
4723.12115792235  321.1467
4723.15831566985  282.2075
4723.19547037594  305.2214
4723.23262204052  291.314
4723.26977066348  293.9822
4723.30691624469  242.0519
4723.34405878406  325.4514
4723.38119828146  319.4034
4723.41833473679  269.8858
4723.45546814993  309.4156
4723.49259852077  263.734
4723.52972584921  289.4073
4723.56685013511  269.0403
4723.60397137839  314.4344
4723.64108957891  280.3503
4723.67820473658  319.7405
4723.71531685128  266.7331
4723.75242592289  305.6905
4723.78953195132  271.3123
4723.82663493643  254.164
4723.86373487813  303.6191
4723.9008317763  249.33
4723.93792563083  298.9767
4723.97501644161  271.9536
4724.01210420853  294.5737
4724.04918893147  285.598
4724.08627061032  239.8636
4724.12334924498  275.37
4724.16042483533  278.8983
4724.19749738126  290.7111
4724.23456688266  240.5702
4724.27163333943  279.0742
4724.30869675143  302.8426
4724.34575711857  299.7575
4724.38281444074  301.1255
4724.41986871783  297.4979
4724.45691994971  272.4423
4724.49396813629  292.0711
4724.53101327745  329.1835
4724.56805537309  272.0741
4724.60509442308  286.4234
4724.64213042733  307.9421
4724.67916338571  291.4042
4724.71619329812  270.1884
4724.75322016445  298.5994
4724.79024398459  299.4675
4724.82726475843  279.9057
4724.86428248585  273.9467
4724.90129716676  312.5432
4724.93830880102  257.0613
4724.97531738855  251.2479
4725.01232292922  327.1542
4725.04932542293  270.7036
4725.08632486956  299.463
4725.12332126901  327.5985
4725.16031462116  292.667
4725.19730492591  255.7528
4725.23429218315  282.3448
4725.27127639277  282.3445
4725.30825755465  284.014
4725.34523566868  291.3259
4725.38221073477  289.6466
4725.41918275279  317.1453
4725.45615172264  292.1912
4725.49311764421  324.3701
4725.53008051739  296.9781
4725.56704034206  283.503
4725.60399711813  267.7359
4725.64095084548  289.7888
4725.677901524  288.0746
4725.71484915358  251.3573
4725.75179373411  253.7523
4725.78873526548  337.4095
4725.82567374759  278.6749
4725.86260918033  261.2092
4725.89954156358  273.8644
4725.93647089724  289.5806
4725.97339718119  273.7285
4726.01032041534  296.9633
4726.04724059957  253.3405
4726.08415773376  313.377
4726.12107181782  274.6313
4726.15798285164  304.0199
4726.19489083509  279.5181
4726.23179576809  272.2137
4726.26869765051  312.6858
4726.30559648226  300.924
4726.34249226321  311.1194
4726.37938499326  234.3849
4726.41627467231  272.2137
4726.45316130025  293.1176
4726.49004487696  297.5563
4726.52692540234  285.5814
4726.56380287628  315.058
4726.60067729868  273.918
4726.63754866942  296.4101
4726.67441698839  283.8608
4726.71128225549  318.6627
4726.74814447062  233.9075
4726.78500363365  241.9165
4726.82185974449  259.7659
4726.85871280302  248.4389
4726.89556280915  320.9958
4726.93240976275  281.4712
4726.96925366373  260.0343
4727.00609451197  268.4374
4727.04293230738  231.9704
4727.07976704983  344.0362
4727.11659873922  228.2433
4727.15342737545  272.9738
4727.1902529584  278.4848
4727.22707548798  267.4863
4727.26389496407  323.9202
4727.30071138657  314.5673
4727.33752475536  267.2761
4727.37433507034  263.5683
4727.41114233141  299.4547
4727.44794653845  268.9209
4727.48474769137  345.448
4727.52154579004  275.3748
4727.55834083438  275.1943
4727.59513282426  336.19
4727.63192175958  256.5645
4727.66870764024  302.9711
4727.70549046612  276.1743
4727.74227023713  318.0013
4727.77904695315  281.4041
4727.81582061407  304.174
4727.8525912198  296.5793
4727.88935877023  308.8654
4727.92612326524  241.3857
4727.96288470473  338.5594
4727.9996430886  323.7929
4728.03639841673  290.1109
4728.07315068903  288.6754
4728.10989990539  297.6974
4728.14664606569  290.675
4728.18338916984  296.6608
4728.22012921772  291.4156
4728.25686620924  275.8327
4728.29360014428  266.6375
4728.33033102274  293.7931
4728.36705884452  322.0265
4728.4037836095  266.3445
4728.44050531758  303.9945
4728.47722396866  309.6256
4728.51393956262  328.8099
4728.55065209937  248.5734
4728.5873615788  328.5729
4728.6240680008  353.0643
4728.66077136527  304.5854
4728.6974716721  280.0732
4728.73416892118  277.6987
4728.77086311241  333.0219
4728.80755424569  247.9356
4728.84424232091  316.7983
4728.88092733797  255.2606
4728.91760929675  266.8426
4728.95428819715  227.2117
4728.99096403907  327.2644
4729.02763682241  282.109
4729.06430654705  280.8213
4729.1009732129  324.1061
4729.13763681984  282.4139
4729.17429736778  282.3133
4729.2109548566  302.6062
4729.24760928621  281.3309
4729.2842606565  314.679
4729.32090896736  271.1396
4729.35755421868  251.5577
4729.39419641038  285.5599
4729.43083554233  252.9375
4729.46747161443  279.806
4729.50410462659  305.1484
4729.54073457869  301.3252
4729.57736147063  324.3385
4729.61398530231  325.9373
4729.65060607362  246.2471
4729.68722378446  295.6667
4729.72383843472  323.6889
4729.7604500243  270.3236
4729.7970585531  249.4658
4729.83366402101  267.2715
4729.87026642792  244.7222
4729.90686577374  274.6929
4729.94346205835  266.2028
4729.98005528166  260.8444
4730.01664544357  247.4951
4730.05323254395  300.045
4730.08981658273  295.5484
4730.12639755978  273.8279
4730.16297547501  288.0118
4730.1995503283  242.0518
4730.23612211957  291.9452
4730.2726908487  267.8706
4730.30925651559  353.702
4730.34581912014  243.388
4730.38237866225  263.2159
4730.4189351418  272.5316
4730.45548855871  260.6163
4730.49203891285  241.0797
4730.52858620414  186.1047
4730.56513043246  314.8741
4730.60167159772  260.6984
4730.63820969981  292.4244
4730.67474473863  261.6323
4730.71127671407  222.6699
4730.74780562604  281.5323
4730.78433147442  317.9826
4730.82085425912  236.3203
4730.85737398004  285.9869
4730.89389063706  295.5258
4730.93040423009  280.4213
4730.96691475902  285.6062
4731.00342222376  257.5666
4731.0399266242  242.9386
4731.07642796024  280.4813
4731.11292623176  309.4043
4731.14942143869  281.7778
4731.1859135809  284.6007
4731.22240265829  280.4169
4731.25888867078  298.2164
4731.29537161824  308.8399
4731.33185150058  236.0289
4731.36832831771  234.9898
4731.4048020695  290.5692
4731.44127275588  274.0175
4731.47774037672  289.8326
4731.51420493193  259.4525
4731.55066642141  241.4028
4731.58712484505  284.7689
4731.62358020276  261.976
4731.66003249443  278.5525
4731.69648171996  274.3477
4731.73292787925  264.0483
4731.76937097219  330.3021
4731.80581099869  300.2629
4731.84224795865  222.1418
4731.87868185195  244.1625
4731.9151126785  241.6237
4731.9515404382  284.7079
4731.98796513095  244.0929
4732.02438675664  304.5876
4732.06080531518  236.8017
4732.09722080646  309.6449
4732.13363323039  290.6165
4732.17004258685  235.3136
4732.20644887575  228.808
4732.24285209699  253.2971
4732.27925225047  302.9273
4732.31564933608  238.7859
4732.35204335373  283.5995
4732.38843430331  277.8949
4732.42482218473  318.2905
4732.46120699788  285.2259
4732.49758874266  305.669
4732.53396741897  231.3247
4732.57034302671  287.7222
4732.60671556578  272.6845
4732.64308503608  229.1369
4732.6794514375  295.847
4732.71581476996  289.3178
4732.75217503334  270.5075
4732.78853222754  238.5141
4732.82488635248  275.6327
4732.86123740804  254.5574
4732.89758539412  256.506
4732.93393031064  223.1208
4732.97027215747  257.8856
4733.00661093453  280.9175
4733.04294664172  233.3175
4733.07927927893  207.9945
4733.11560884606  254.4521
4733.15193534303  280.3242
4733.18825876971  293.5737
4733.22457912602  201.1095
4733.26089641186  285.1374
4733.29721062712  240.3428
4733.33352177171  255.3995
4733.36982984552  238.8867
4733.40613484846  318.6795
4733.44243678042  291.3902
4733.47873564132  257.9587
4733.51503143103  189.3687
4733.55132414948  290.2111
4733.58761379656  301.6984
4733.62390037216  260.4755
4733.6601838762  307.5043
4733.69646430857  240.2108
4733.73274166917  259.9523
4733.76901595789  271.6669
4733.80528717466  211.3313
4733.84155531936  216.8373
4733.87782039189  249.7163
4733.91408239216  245.4948
