4841.89858354636  263.468
4841.94339072675  268.8729
4841.98819505714  291.5126
4842.03299653733  318.2122
4842.07779516713  365.7187
4842.12259094633  334.4785
4842.16738387474  311.457
4842.21217395215  346.3551
4842.25696117837  312.2664
4842.30174555319  268.5616
4842.34652707642  286.6976
4842.39130574785  269.5385
4842.4360815673  313.9004
4842.48085453455  352.737
4842.52562464941  336.1609
4842.57039191168  283.5892
4842.61515632115  343.6319
4842.65991787765  298.5649
4842.70467658095  346.5368
4842.74943243086  342.5024
4842.79418542719  338.0305
4842.83893556973  338.0139
4842.88368285829  321.1656
4842.92842729266  338.1619
4842.97316887266  309.54
4843.01790759807  361.1849
4843.0626434687  301.0409
4843.10737648435  308.3802
4843.15210664482  330.0065
4843.19683394992  292.7499
4843.24155839944  347.97
4843.28627999319  309.807
4843.33099873096  269.2991
4843.37571461256  257.5955
4843.4204276378  282.4921
4843.46513780647  263.3007
4843.50984511837  341.6297
4843.5545495733  305.4599
4843.59925117107  310.3909
4843.64394991148  316.8271
4843.68864579433  296.21
4843.73333881942  337.1874
4843.77802898655  308.0325
4843.82271629553  273.3328
4843.86740074616  264.8417
4843.91208233823  307.6656
4843.95676107156  248.8214
4844.00143694594  274.093
4844.04610996117  311.2008
4844.09078011706  289.8335
4844.13544741341  264.0518
4844.18011185002  315.4183
4844.2247734267  331.5165
4844.26943214324  302.4233
4844.31408799944  298.5067
4844.35874099512  282.0615
4844.40339113007  306.4985
4844.4480384041  343.4027
4844.492682817  272.3808
4844.53732436858  298.7751
4844.58196305865  307.9782
4844.62659888699  314.4061
4844.67123185343  301.1158
4844.71586195776  373.0331
4844.76048919977  297.1647
4844.80511357929  284.2548
4844.8497350961  314.8391
4844.89435375001  294.6892
4844.93896954083  302.1436
4844.98358246835  323.5189
4845.02819253238  313.1866
4845.07279973273  296.1666
4845.11740406918  307.9486
4845.16200554156  293.7361
4845.20660414966  274.1854
4845.25119989329  297.2493
4845.29579277223  361.4795
4845.34038278632  328.9102
4845.38496993533  275.8253
4845.42955421908  303.3286
4845.47413563737  312.4193
4845.51871419001  280.4477
4845.56328987679  264.077
4845.60786269753  275.9238
4845.65243265201  293.2332
4845.69699974006  275.7517
4845.74156396147  277.0693
4845.78612531603  310.2685
4845.83068380357  296.3292
4845.87523942388  266.9212
4845.91979217677  308.0252
4845.96434206204  339.1851
4846.00888907948  294.8498
4846.05343322892  302.1806
4846.09797451014  296.9789
4846.14251292296  321.7138
4846.18704846718  321.8758
4846.2315811426  336.1142
4846.27611094903  370.8751
4846.32063788626  259.468
4846.36516195411  348.443
4846.40968315239  286.3602
4846.45420148088  347.9015
4846.4987169394  307.297
4846.54322952775  298.4002
4846.58773924573  316.9726
4846.63224609316  336.6028
4846.67675006983  315.7217
4846.72125117555  262.9984
4846.76574941013  262.8993
4846.81024477335  259.885
4846.85473726505  308.8377
4846.899226885  280.5351
4846.94371363303  278.1829
4846.98819750894  291.1122
4847.03267851253  250.8137
4847.0771566436  325.913
4847.12163190196  267.9369
4847.16610428741  317.6588
4847.21057379977  307.68
4847.25504043883  291.5462
4847.2995042044  303.0958
4847.34396509628  298.7478
4847.38842311429  283.5641
4847.43287825821  315.1533
4847.47733052787  311.2337
4847.52177992306  295.6175
4847.56622644359  333.3019
4847.61067008927  325.7583
4847.6551108599  311.6104
4847.69954875528  288.9984
4847.74398377522  317.1211
4847.78841591953  309.3257
4847.83284518801  294.5317
4847.87727158047  310.8726
4847.92169509671  269.1426
4847.96611573654  246.0952
4848.01053349976  270.7295
4848.05494838618  303.6062
4848.09936039561  286.4343
4848.14376952784  303.89
4848.1881757827  276.5647
4848.23257915997  325.6948
4848.27697965947  279.8284
4848.32137728101  320.18
4848.36577202438  263.0555
4848.41016388941  288.5906
4848.45455287587  286.3982
4848.49893898361  295.0507
4848.5433222124  327.4186
4848.58770256206  280.9478
4848.6320800324  299.7433
4848.67645462322  269.1528
4848.72082633432  249.7625
4848.76519516552  318.6071
4848.80956111662  266.8382
4848.85392418743  245.7652
4848.89828437775  305.221
4848.94264168739  289.7462
4848.98699611616  250.5923
4849.03134766386  281.002
4849.07569633029  303.8419
4849.12004211527  295.5698
4849.16438501861  280.8942
4849.2087250401  278.7476
4849.25306217956  288.3743
4849.29739643679  275.5298
4849.3417278116  298.7388
4849.38605630379  275.3138
4849.43038191318  238.506
4849.47470463956  300.8423
4849.51902448276  297.3776
4849.56334144256  300.9563
4849.60765551879  284.7166
4849.65196671124  312.2422
4849.69627501972  305.2463
4849.74058044405  303.3904
4849.78488298403  273.601
4849.82918263946  299.3705
4849.87347941015  291.0725
4849.91777329592  319.0352
4849.96206429656  305.2342
4850.00635241188  290.2939
4850.0506376417  281.5308
4850.09491998582  307.6462
4850.13919944405  299.2625
4850.18347601618  284.814
4850.22774970205  310.5757
4850.27202050144  270.5015
4850.31628841417  310.7881
4850.36055344004  281.0672
4850.40481557886  296.9794
4850.44907483045  315.3276
4850.4933311946  287.1559
4850.53758467113  276.4389
4850.58183525985  325.5661
4850.62608296055  320.8865
4850.67032777306  277.103
4850.71456969717  301.1638
4850.7588087327  287.2383
4850.80304487945  248.3594
4850.84727813724  301.8275
4850.89150850586  248.0457
4850.93573598513  292.3971
4850.97996057486  298.2874
4851.02418227485  295.0551
4851.06840108492  269.2945
4851.11261700487  271.4579
4851.15683003451  264.2471
4851.20104017364  288.4118
4851.24524742208  294.8631
4851.28945177964  281.8864
4851.33365324612  256.8254
4851.37785182133  255.0596
4851.42204750508  301.0733
4851.46624029719  285.3258
4851.51043019745  279.8575
4851.55461720568  257.401
4851.59880132168  297.7114
4851.64298254527  285.7073
4851.68716087625  323.0706
4851.73133631443  283.5764
4851.77550885963  271.4927
4851.81967851164  279.1599
4851.86384527028  273.9845
4851.90800913536  257.934
4851.95217010669  258.7415
4851.99632818408  272.4252
4852.04048336733  277.7186
4852.08463565626  277.8468
4852.12878505067  259.4085
4852.17293155037  322.7616
4852.21707515518  295.1715
4852.26121586489  255.9308
4852.30535367933  257.6269
4852.3494885983  306.3094
4852.39362062162  289.0491
4852.43774974908  288.9373
4852.4818759805  283.9494
4852.52599931569  280.0126
4852.57011975446  294.6593
4852.61423729661  243.2262
4852.65835194197  273.7347
4852.70246369033  279.2682
4852.74657254151  275.0216
4852.79067849532  298.354
4852.83478155157  280.8244
4852.87888171006  288.2333
4852.92297897061  293.0324
4852.96707333303  332.2405
4853.01116479713  298.0801
4853.05525336271  285.7239
4853.09933902959  294.3605
4853.14342179758  286.5197
4853.18750166649  237.4174
4853.23157863612  290.8736
4853.2756527063  275.2086
4853.31972387682  292.9039
4853.36379214751  301.882
4853.40785751816  305.0031
4853.45191998859  271.2703
4853.49597955861  276.203
4853.54003622804  270.902
4853.58408999668  254.4932
4853.62814086433  290.3526
4853.67218883083  301.9761
4853.71623389596  259.3731
4853.76027605955  262.7147
4853.80431532141  280.9813
4853.84835168134  330.5144
4853.89238513916  296.1438
4853.93641569467  310.1233
4853.9804433477  264.533
4854.02446809804  279.4943
4854.06848994552  273.7787
4854.11250888993  283.778
4854.1565249311  313.2228
4854.20053806884  284.7438
4854.24454830295  299.7523
4854.28855563324  301.9725
4854.33256005953  267.0463
4854.37656158164  257.8657
4854.42056019936  323.4643
4854.46455591251  297.9507
4854.50854872091  254.2213
4854.55253862436  283.2653
4854.59652562267  282.6934
4854.64050971567  248.1569
4854.68449090315  274.7529
4854.72846918493  266.7766
4854.77244456083  281.3099
4854.81641703064  257.4907
4854.8603865942  280.4353
4854.9043532513  252.5739
4854.94831700176  275.7086
4854.99227784539  251.7982
4855.03623578201  268.6365
4855.08019081142  293.9353
4855.12414293343  289.7635
4855.16809214787  288.3005
4855.21203845453  256.858
4855.25598185324  256.7716
4855.29992234381  225.8582
4855.34385992603  274.0143
4855.38779459974  298.8477
4855.43172636475  291.3881
4855.47565522085  233.4922
4855.51958116787  243.4273
4855.56350420562  259.2234
4855.60742433392  312.4362
4855.65134155256  285.5411
4855.69525586137  282.7383
4855.73916726016  235.0365
4855.78307574873  266.5334
4855.82698132692  237.2717
4855.87088399452  282.9156
4855.91478375134  258.4531
4855.95868059721  292.1313
4856.00257453193  261.8319
4856.04646555533  265.1042
4856.09035366719  266.5557
4856.13423886736  251.1944
4856.17812115563  259.4827
4856.22200053182  263.6602
4856.26587699574  324.1528
4856.3097505472  302.9998
4856.35362118602  244.6707
4856.39748891201  280.1163
4856.44135372499  278.8176
4856.48521562476  251.5811
4856.52907461115  243.083
4856.57293068395  253.0347
4856.616783843  263.4663
4856.66063408809  278.3496
4856.70448141905  256.2476
4856.74832583569  281.8345
4856.79216733782  244.0567
4856.83600592525  298.7419
4856.87984159779  280.0747
4856.92367435527  273.8087
4856.9675041975  216.9578
4857.01133112428  243.0977
4857.05515513544  227.5256
4857.09897623078  206.7232
4857.14279441012  231.7898
4857.18660967328  209.878
4857.23042202006  266.4443
4857.27423145029  226.183
4857.31803796377  238.1867
4857.36184156032  243.279
4857.40564223975  278.3353
4857.44944000188  263.3179
4857.49323484652  274.1458
4857.53702677349  279.3489
4857.5808157826  272.8174
4857.62460187366  285.8886
4857.66838504649  309.7523
4857.7121653009  252.7642
4857.75594263671  262.4387
4857.79971705374  291.2831
4857.84348855178  302.1606
4857.88725713067  293.2552
4857.93102279021  280.818
4857.97478553023  241.8966
4858.01854535052  254.3841
4858.06230225092  235.9993
4858.10605623123  253.6358
4858.14980729126  263.6244
4858.19355543084  240.4479
4858.23730064978  260.9243
4858.28104294789  251.9218
4858.32478232498  243.0788
4858.36851878088  234.8492
4858.4122523154  288.6498
4858.45598292835  231.6662
4858.49971061954  244.4598
4858.5434353888  259.8171
4858.58715723593  241.9628
4858.63087616076  231.4588
4858.67459216309  254.9907
4858.71830524275  275.4431
4858.76201539954  252.5303
4858.80572263329  236.7337
4858.84942694381  261.1053
4858.89312833091  236.2384
4858.93682679441  284.0061
4858.98052233413  265.0587
4859.02421494987  240.3492
4859.06790464147  249.9559
4859.11159140872  228.7584
4859.15527525145  237.2699
4859.19895616947  249.1878
4859.24263416261  241.6493
4859.28630923066  255.1896
4859.32998137346  252.1296
4859.37365059081  233.6625
4859.41731688254  251.8261
4859.46098024845  268.591
4859.50464068836  229.6415
4859.5482982021  232.1416
4859.59195278947  261.2518
4859.63560445029  227.1229
4859.67925318438  289.5343
4859.72289899155  258.3409
4859.76654187163  223.8353
4859.81018182442  268.1613
4859.85381884974  248.1758
4859.89745294742  217.9213
4859.94108411725  234.4746
4859.98471235907  255.4116
4860.02833767269  270.9337
4860.07196005792  234.4353
4860.11557951458  246.3237
4860.15919604249  241.6877
4860.20280964146  223.3188
4860.24642031132  248.4063
4860.29002805187  210.416
4860.33363286293  212.4735
4860.37723474433  178.8317
4860.42083369587  225.2674
4860.46442971738  256.2126
4860.50802280867  218.7547
4860.55161296955  215.2266
4860.59520019986  237.5172
4860.63878449939  237.5962
4860.68236586797  205.897
4860.72594430542  206.8927
4860.76951981155  233.0042
4860.81309238618  238.8887
4860.85666202913  247.9191
4860.90022874022  233.6456
4860.94379251925  218.9059
4860.98735336606  220.1923
4861.03091128045  226.0256
4861.07446626224  228.6705
4861.11801831126  245.5248
4861.16156742732  227.0963
4861.20511361023  222.7732
4861.24865685981  205.9283
4861.29219717589  212.6636
4861.33573455827  235.3289
4861.37926900678  236.2484
4861.42280052124  210.3824
4861.46632910146  216.0849
4861.50985474726  241.6602
4861.55337745845  205.2897
4861.59689723486  234.4322
4861.64041407631  218.6935
4861.6839279826  224.395
4861.72743895357  228.2698
4861.77094698902  218.3282
4861.81445208877  228.0104
4861.85795425265  239.2792
4861.90145348048  231.5085
4861.94494977206  227.9139
4861.98844312722  224.1754
4862.03193354577  222.741
4862.07542102754  250.8098
4862.11890557234  242.7522
4862.16238717999  237.2041
4862.20586585032  195.6564
4862.24934158313  211.2354
4862.29281437824  235.2774
4862.33628423548  220.2722
4862.37975115467  210.073
4862.42321513562  240.0854
4862.46667617814  232.1947
4862.51013428207  223.3533
4862.55358944722  195.6785
4862.5970416734  231.3855
4862.64049096044  243.207
4862.68393730815  254.6871
4862.72738071635  226.0176
4862.77082118487  246.3589
4862.81425871352  235.823
4862.85769330212  209.769
4862.90112495049  234.2914
4862.94455365845  241.8397
4862.98797942581  232.983
4863.0314022524  248.2543
4863.07482213804  261.6616
4863.11823908254  213.2637
4863.16165308573  232.2324
4863.20506414742  247.3575
4863.24847226743  242.4395
4863.29187744559  214.5143
4863.3352796817  238.1589
4863.3786789756  235.6266
4863.4220753271  236.176
4863.46546873602  241.2904
4863.50885920218  238.3483
4863.5522467254  227.5023
4863.5956313055  237.345
4863.6390129423  252.8402
4863.68239163562  236.1675
4863.72576738528  222.3161
4863.76914019109  242.6042
4863.81251005288  250.9226
4863.85587697047  223.8346
4863.89924094368  273.6362
4863.94260197233  260.9502
4863.98596005624  235.7683
4864.02931519522  262.486
4864.0726673891  257.8284
4864.1160166377  229.5582
4864.15936294084  260.2984
4864.20270629834  252.7128
4864.24604671002  225.6637
4864.2893841757  283.1399
4864.3327186952  239.5019
4864.37605026834  258.195
4864.41937889493  256.2798
4864.46270457481  251.0324
4864.5060273078  250.1552
4864.5493470937  249.8456
4864.59266393235  249.5372
4864.63597782356  249.2297
4864.67928876715  267.8785
4864.72259676295  276.8758
4864.76590181078  254.6953
4864.80920391045  264.7589
4864.85250306179  253.5808
4864.89579926462  254.1182
4864.93909251876  258.9865
4864.98238282402  263.3297
4865.02567018024  266.2584
4865.06895458723  248.4725
4865.11223604481  268.8849
4865.15551455281  250.645
4865.19879011104  271.6731
4865.24206271933  265.5066
4865.2853323775  239.8013
4865.32859908536  282.4154
4865.37186284275  255.739
4865.41512364948  262.3594
4865.45838150537  235.2371
4865.50163641025  248.2658
4865.54488836393  275.3805
4865.58813736624  260.5497
4865.63138341699  269.4499
4865.67462651602  262.9604
4865.71786666315  245.9338
4865.76110385818  252.8559
4865.80433810095  280.8113
4865.84756939128  283.6512
4865.89079772899  280.4834
4865.93402311389  282.1747
4865.97724554582  288.383
4866.0204650246  267.4611
4866.06368155004  283.8304
4866.10689512197  267.6237
4866.15010574022  277.567
4866.19331340459  273.7433
4866.23651811492  263.8875
4866.27971987103  271.002
4866.32291867273  273.6418
4866.36611451986  251.8923
4866.40930741223  266.7507
4866.45249734967  271.5203
4866.495684332  249.4122
4866.53886835903  272.873
4866.5820494306  246.3917
4866.62522754653  280.2934
4866.66840270663  291.8307
4866.71157491073  275.7415
4866.75474415866  274.0815
4866.79791045023  273.0609
4866.84107378527  270.3765
4866.88423416361  286.3607
4866.92739158505  274.4045
4866.97054604944  283.6681
4867.01369755658  243.6609
4867.0568461063  313.4037
4867.09999169844  283.9031
4867.14313433279  272.8842
4867.1862740092  268.5934
4867.22941072749  282.8817
4867.27254448747  284.3822
4867.31567528897  264.0426
4867.35880313182  279.3564
4867.40192801583  311.4278
4867.44504994083  309.6418
4867.48816890665  261.86
4867.5312849131  259.2811
4867.57439796001  253.787
4867.6175080472  299.5358
4867.66061517451  272.9016
4867.70371934174  290.3658
4867.74682054872  288.2753
4867.78991879529  268.352
4867.83301408125  304.1037
4867.87610640644  279.2097
4867.91919577067  293.29
4867.96228217378  259.5993
4868.00536561558  284.261
4868.0484460959  306.6116
4868.09152361457  284.1049
4868.1345981714  271.2807
4868.17766976622  316.3224
4868.22073839886  254.4482
4868.26380406913  269.1891
4868.30686677687  266.5776
4868.3499265219  282.4348
4868.39298330403  260.2521
4868.4360371231  279.7762
4868.47908797893  287.951
4868.52213587135  289.9405
4868.56518080017  282.2168
4868.60822276522  264.0132
4868.65126176633  284.6547
4868.69429780332  277.043
4868.73733087601  287.7908
4868.78036098423  306.9789
4868.82338812781  303.3119
4868.86641230657  293.9517
4868.90943352033  284.3796
4868.95245176891  292.618
4868.99546705215  285.9847
4869.03847936986  314.7548
4869.08148872188  286.5451
4869.12449510803  302.414
4869.16749852812  292.3976
4869.21049898199  265.6868
4869.25349646947  292.9926
4869.29649099036  287.6786
4869.33948254451  284.1635
4869.38247113174  292.1974
4869.42545675186  284.3699
4869.46843940472  251.2859
4869.51141909012  327.4341
4869.5543958079  285.3865
4869.59736955788  272.7691
4869.64034033988  290.1811
4869.68330815374  281.7602
4869.72627299928  284.1055
4869.76923487632  305.9464
4869.81219378469  314.5698
4869.85514972421  278.3038
4869.89810269471  298.1877
4869.94105269602  283.1203
4869.98399972795  292.5248
4870.02694379034  264.9146
4870.06988488302  287.5214
4870.1128230058  316.4125
4870.15575815851  284.3899
4870.19869034098  303.4026
4870.24161955303  296.6059
4870.2845457945  289.8784
4870.3274690652  298.1482
4870.37038936497  281.8566
4870.41330669362  280.2502
4870.45622105098  307.4626
4870.49913243689  297.9947
4870.54204085116  269.4423
4870.58494629363  309.8544
4870.62784876411  306.75
4870.67074826244  301.9003
4870.71364478844  306.342
4870.75653834193  273.6385
4870.79942892275  293.2476
4870.84231653072  303.0876
4870.88520116567  297.8326
4870.92808282741  306.285
4870.97096151579  281.8744
4871.01383723062  280.7139
4871.05670997174  277.2293
4871.09957973896  303.1986
4871.14244653212  282.2925
4871.18531035104  291.1211
4871.22817119555  302.9165
4871.27102906548  319.9675
4871.31388396065  341.6035
4871.35673588088  260.6832
4871.39958482602  287.6439
4871.44243079587  292.8611
4871.48527379028  268.9182
4871.52811380906  296.3073
4871.57095085205  316.9329
4871.61378491907  300.2701
4871.65661600995  276.9991
4871.69944412451  293.4937
4871.74226926258  307.0927
4871.785091424  296.944
4871.82791060858  282.1732
4871.87072681616  296.9307
4871.91354004655  327.0436
4871.9563502996  285.1228
4871.99915757513  298.8347
4872.04196187295  298.7911
4872.08476319291  272.7864
4872.12756153483  292.9677
4872.17035689854  283.4791
4872.21314928386  300.9015
4872.25593869062  294.2369
4872.29872511865  282.173
4872.34150856778  289.4453
4872.38428903783  300.6294
4872.42706652864  312.9803
4872.46984104003  296.0441
4872.51261257182  298.6571
4872.55538112386  303.1501
4872.59814669596  275.6044
4872.64090928795  312.951
4872.68366889966  323.8792
4872.72642553092  290.7724
4872.76917918156  277.7733
4872.8119298514  299.675
4872.85467754028  289.1659
4872.89742224802  293.7838
4872.94016397445  289.7897
4872.9829027194  293.7336
4873.02563848269  283.9513
4873.06837126417  302.1682
4873.11110106364  316.6751
4873.15382788095  286.0666
4873.19655171592  295.3899
4873.23927256837  305.8627
4873.28199043815  304.5934
4873.32470532507  322.8638
4873.36741722897  287.0788
4873.41012614967  310.1501
4873.452832087  319.0947
4873.4955350408  293.605
4873.53823501089  298.7727
4873.5809319971  298.6985
4873.62362599925  299.0452
4873.66631701718  283.974
4873.70900505072  313.6726
4873.7516900997  297.3158
4873.79437216394  297.6357
4873.83705124327  291.5756
4873.87972733753  329.7386
4873.92240044654  312.7597
4873.96507057013  287.4771
4874.00773770813  291.8506
4874.05040186038  305.1078
4874.09306302668  264.4882
4874.1357212069  322.9058
4874.17837640083  295.6572
4874.22102860833  314.3326
4874.26367782922  299.0506
4874.30632406332  329.4475
4874.34896731047  268.7119
4874.39160757049  283.0327
4874.43424484322  311.4684
4874.47687912849  305.715
4874.51951042612  297.8787
4874.56213873595  308.0782
4874.6047640578  292.8046
4874.64738639151  327.1497
4874.6900057369  305.8033
4874.73262209381  293.0258
4874.77523546206  330.4474
4874.81784584149  309.5029
4874.86045323193  307.2776
4874.90305763319  299.0022
4874.94565904513  302.79
4874.98825746756  295.9388
4875.03085290032  309.4408
4875.07344534323  286.1225
4875.11603479613  313.5099
4875.15862125885  286.1265
4875.20120473121  315.1288
4875.24378521305  309.3076
4875.28636270421  299.5954
4875.3289372045  284.4929
4875.37150871376  320.6023
4875.41407723181  316.4166
4875.45664275851  308.0021
4875.49920529366  281.9549
4875.5417648371  298.8502
4875.58432138867  295.9205
4875.62687494819  265.0263
4875.6694255155  287.6487
4875.71197309042  282.0888
4875.75451767279  291.6726
4875.79705926243  277.1454
4875.83959785919  333.0527
4875.88213346288  284.4234
4875.92466607335  289.697
4875.96719569041  283.2662
4876.00972231391  289.5538
4876.05224594368  306.6464
4876.09476657953  307.1799
4876.13728422132  310.6095
4876.17979886887  275.8515
4876.222310522  283.8293
4876.26481918055  304.1822
4876.30732484436  295.2584
4876.34982751325  295.914
4876.39232718706  284.7632
4876.43482386561  306.5041
4876.47731754874  291.5402
4876.51980823628  281.923
4876.56229592807  291.9424
4876.60478062392  306.422
4876.64726232368  281.628
4876.68974102718  261.9763
4876.73221673425  262.3256
4876.77468944472  296.8487
4876.81715915843  298.3453
4876.85962587519  305.4062
4876.90208959486  285.0859
4876.94455031725  311.669
4876.98700804221  309.4934
4877.02946276955  294.7855
4877.07191449912  279.364
4877.11436323075  309.1504
4877.15680896427  280.7169
4877.19925169952  313.5094
4877.24169143631  291.3314
4877.28412817449  290.7386
4877.3265619139  290.872
4877.36899265435  306.9787
4877.41142039569  293.6561
4877.45384513774  323.8459
4877.49626688034  303.2086
4877.53868562333  307.2637
4877.58110136653  301.9522
4877.62351410977  258.5456
4877.6659238529  327.4379
4877.70833059574  306.7127
4877.75073433812  297.9363
4877.79313507988  301.4906
4877.83553282086  301.1674
4877.87792756087  296.9062
4877.92031929977  299.6264
4877.96270803737  280.5341
4878.00509377352  295.407
4878.04747650804  314.2963
4878.08985624078  295.343
4878.13223297155  303.7978
4878.1746067002  292.1605
4878.21697742656  285.3017
4878.25934515046  319.1257
4878.30170987174  320.6696
4878.34407159023  287.9712
4878.38643030575  331.5273
4878.42878601816  303.2749
4878.47113872727  308.1907
4878.51348843292  279.0142
4878.55583513496  300.6088
4878.5981788332  298.5422
4878.64051952748  315.5063
4878.68285721765  303.6359
4878.72519190352  296.2151
4878.76752358494  301.7663
4878.80985226173  328.4939
4878.85217793374  310.5225
4878.89450060079  317.8503
4878.93682026273  286.0796
4878.97913691938  306.2199
4879.02145057057  317.3006
4879.06376121615  291.2953
4879.10606885594  303.7387
4879.14837348979  282.9795
4879.19067511752  310.7791
4879.23297373897  289.6277
4879.27526935397  313.059
4879.31756196235  305.5945
4879.35985156396  309.0322
4879.40213815863  304.1639
4879.44442174618  278.1971
4879.48670232646  322.0793
4879.5289798993  309.6924
4879.57125446453  319.6143
4879.61352602199  283.4301
4879.65579457151  312.5757
4879.69806011293  281.9395
4879.74032264609  297.3835
4879.7825821708  302.4254
4879.82483868693  340.7484
4879.86709219428  290.899
4879.90934269271  275.778
4879.95159018204  309.223
4879.99383466212  320.2958
4880.03607613277  333.7269
4880.07831459383  296.9914
4880.12055004514  271.3989
4880.16278248653  290.826
4880.20501191783  322.4252
4880.24723833889  290.2031
4880.28946174953  304.5128
4880.33168214959  297.6022
4880.37389953892  317.4675
4880.41611391733  293.0543
4880.45832528467  292.0528
4880.50053364077  313.9839
4880.54273898547  288.0094
4880.58494131861  293.6165
4880.62714064001  332.2205
4880.66933694953  297.0593
4880.71153024698  272.4308
4880.7537205322  302.0712
4880.79590780504  305.5041
4880.83809206533  299.3808
4880.8802733129  287.3726
4880.92245154758  322.5604
4880.96462676923  295.5371
4881.00679897766  311.4917
4881.04896817272  311.0247
4881.09113435425  294.2332
4881.13329752207  320.4389
4881.17545767602  342.7912
4881.21761481595  279.0197
4881.25976894169  317.993
4881.30192005306  279.6416
4881.34406814992  316.7729
4881.38621323209  279.715
4881.42835529941  295.3083
4881.47049435173  306.0943
4881.51263038886  307.5016
4881.55476341066  289.9989
4881.59689341695  338.435
4881.63902040758  301.3505
4881.68114438237  299.1631
4881.72326534118  298.1839
4881.76538328382  277.4799
4881.80749821015  296.4142
4881.84961011999  290.5738
4881.89171901319  279.7379
4881.93382488957  309.0058
4881.97592774899  312.1276
4882.01802759126  302.3414
4882.06012441624  289.8833
4882.10221822375  290.3602
4882.14430901364  290.7691
4882.18639678574  304.5484
4882.22848153989  303.9764
4882.27056327592  293.2995
4882.31264199367  319.3914
4882.35471769299  291.5454
4882.3967903737  296.0208
4882.43886003564  311.5691
4882.48092667866  333.8076
4882.52299030258  321.2153
4882.56505090726  315.6049
4882.60710849251  314.1113
4882.64916305818  327.4186
4882.69121460411  298.9943
4882.73326313014  302.821
4882.7753086361  287.2103
4882.81735112184  315.4236
4882.85939058718  316.8114
4882.90142703196  301.6082
4882.94346045603  300.709
4882.98549085922  319.7569
4883.02751824137  320.3242
4883.06954260232  324.1791
4883.1115639419  328.217
4883.15358225995  349.8783
4883.19559755632  340.3035
4883.23760983084  296.8524
4883.27961908334  305.9012
4883.32162531366  276.4694
4883.36362852165  291.5848
4883.40562870714  303.7126
4883.44762586997  279.2268
4883.48962000997  320.3759
4883.53161112699  308.6835
4883.57359922087  317.5382
4883.61558429143  292.7444
4883.65756633853  303.0617
4883.699545362  298.167
4883.74152136168  314.9314
4883.7834943374  317.3386
4883.825464289  312.2081
4883.86743121633  317.0188
4883.90939511922  271.7862
4883.95135599751  298.5548
4883.99331385104  306.0719
4884.03526867964  304.9386
4884.07722048317  301.1361
4884.11916926145  301.6734
4884.16111501432  309.3836
4884.20305774162  299.5563
4884.2449974432  288.14
4884.28693411889  302.5721
4884.32886776853  316.9859
4884.37079839196  318.478
4884.41272598901  316.4026
4884.45465055954  307.258
4884.49657210337  304.8651
4884.53849062034  284.7095
4884.5804061103  324.7409
4884.62231857308  306.9071
4884.66422800853  309.9166
4884.70613441648  308.6559
4884.74803779678  298.1164
4884.78993814925  312.6372
4884.83183547374  290.0164
4884.8737297701  289.3088
4884.91562103816  309.3373
4884.95750927776  301.0419
4884.99939448873  291.5112
4885.04127667093  294.2186
4885.08315582418  285.981
4885.12503194834  322.3928
4885.16690504323  303.1046
4885.2087751087  294.6704
4885.25064214459  327.6779
4885.29250615073  307.7636
4885.33436712698  320.9933
4885.37622507316  303.0431
4885.41807998912  309.6386
4885.4599318747  292.8808
4885.50178072974  296.4378
4885.54362655407  279.2953
4885.58546934755  296.0873
4885.62730911  309.1127
4885.66914584128  301.8287
4885.71097954121  319.3372
4885.75281020964  312.6537
4885.79463784642  321.2402
4885.83646245137  312.8134
4885.87828402435  313.6841
4885.92010256518  328.2131
4885.96191807372  298.1263
4886.00373054981  292.0869
4886.04553999327  320.5446
4886.08734640396  309.4167
4886.12914978172  317.0229
4886.17095012638  302.0626
4886.21274743779  293.2572
4886.25454171578  296.4269
4886.29633296021  302.6617
4886.3381211709  332.425
4886.37990634771  301.6754
4886.42168849046  318.5771
4886.46346759901  315.8969
4886.50524367319  317.3616
4886.54701671284  299.2143
4886.58878671781  324.8065
4886.63055368794  289.2347
4886.67231762306  317.8138
4886.71407852303  332.3891
4886.75583638767  339.4322
4886.79759121684  287.9417
4886.83934301037  293.1252
4886.88109176811  301.2796
4886.92283748989  303.8193
4886.96458017556  314.8218
4887.00631982495  307.94
4887.04805643792  328.7733
4887.08979001431  323.5441
4887.13152055394  318.5776
4887.17324805667  350.9031
4887.21497252235  322.6381
4887.2566939508  282.403
4887.29841234187  298.8863
4887.3401276954  316.5061
4887.38184001124  278.4862
4887.42354928923  301.0332
4887.4652555292  293.0479
4887.50695873101  328.7636
4887.54865889449  296.7747
4887.59035601948  324.2328
4887.63205010584  317.0107
4887.67374115339  334.7551
4887.71542916198  316.8114
4887.75711413146  334.515
4887.79879606167  295.6663
4887.84047495244  317.3054
4887.88215080362  294.6957
4887.92382361506  279.2305
4887.9654933866  318.4695
4888.00716011807  310.4285
4888.04882380932  313.261
4888.0904844602  307.4471
4888.13214207055  333.2439
4888.1737966402  306.0751
4888.21544816901  306.5876
4888.25709665681  289.6041
4888.29874210344  313.8714
4888.34038450876  314.7185
4888.3820238726  281.1087
4888.42366019481  325.568
4888.46529347522  300.0715
4888.50692371369  299.3685
4888.54855091005  308.4424
4888.59017506415  308.0008
4888.63179617584  313.4514
4888.67341424494  332.0811
4888.71502927131  315.3979
4888.7566412548  309.4841
4888.79825019524  316.3894
4888.83985609247  310.8251
4888.88145894634  296.1001
4888.9230587567  307.9954
4888.96465552339  287.0632
4889.00624924625  327.4929
4889.04783992512  299.4715
4889.08942755985  293.5109
4889.13101215028  301.744
4889.17259369625  302.2601
4889.21417219762  308.6249
4889.25574765422  318.4206
4889.29732006589  291.7964
4889.33888943248  328.1028
4889.38045575384  303.7896
4889.4220190298  279.9033
4889.46357926022  301.2088
4889.50513644493  300.1398
4889.54669058378  294.843
4889.58824167662  320.6335
4889.62978972328  303.2066
4889.67133472361  291.4687
4889.71287667746  318.442
4889.75441558467  314.7292
4889.79595144509  316.3137
4889.83748425855  297.1809
4889.8790140249  318.4409
4889.920540744  299.0475
4889.96206441567  296.6788
4890.00358503977  296.0423
4890.04510261614  318.8102
4890.08661714463  315.6833
4890.12812862507  316.0144
4890.16963705732  301.8846
4890.21114244122  308.8363
4890.25264477661  314.532
4890.29414406333  290.3247
4890.33564030125  308.2987
4890.37713349019  301.3426
4890.41862363  300.4534
4890.46011072052  294.1244
4890.50159476161  304.4515
4890.54307575311  307.7659
4890.58455369486  302.2418
4890.62602858671  322.8361
4890.66750042849  285.9836
4890.70896922007  291.6909
4890.75043496128  286.0015
4890.79189765196  334.544
4890.83335729197  315.2413
4890.87481388115  311.3615
4890.91626741933  329.53
4890.95771790638  317.1401
4890.99916534213  308.7943
4891.04060972643  318.0891
4891.08205105913  348.2834
4891.12348934006  337.6913
4891.16492456909  325.5595
4891.20635674604  302.9641
4891.24778587077  299.0221
4891.28921194312  302.9751
4891.33063496294  293.2542
4891.37205493008  307.0714
4891.41347184437  320.5093
4891.45488570567  316.0811
4891.49629651383  315.4784
4891.53770426867  290.4389
4891.57910897007  289.5874
4891.62051061785  305.8376
4891.66190921187  315.249
4891.70330475197  299.4168
4891.74469723799  311.9187
4891.78608666979  311.0146
4891.82747304722  333.6886
4891.8688563701  288.1733
4891.9102366383  277.8573
4891.95161385166  312.9174
4891.99298801002  300.0283
4892.03435911323  304.5554
4892.07572716114  302.3347
4892.11709215359  335.1373
4892.15845409044  312.2358
4892.19981297152  302.4567
4892.24116879669  317.0596
4892.28252156579  309.3553
4892.32387127866  316.8468
4892.36521793516  313.6785
4892.40656153512  284.7667
4892.4479020784  297.4874
4892.48923956485  303.7905
4892.53057399431  302.3899
4892.57190536663  296.6761
4892.61323368165  300.2808
4892.65455893922  318.4904
4892.69588113919  333.9694
4892.73720028141  321.6227
4892.77851636572  323.5994
4892.81982939197  309.9732
4892.86113936  320.4608
4892.90244626967  301.1528
4892.94375012083  301.7253
4892.98505091331  318.1066
4893.02634864696  307.4354
4893.06764332164  315.9561
4893.10893493719  308.3876
4893.15022349346  295.6578
4893.1915089903  302.9214
4893.23279142755  282.3184
4893.27407080505  324.1073
4893.31534712267  316.4683
4893.35662038024  317.5197
4893.39789057762  291.4495
4893.43915771465  303.2151
4893.48042179118  317.7369
4893.52168280705  304.582
4893.56294076212  297.2797
4893.60419565623  292.3015
4893.64544748924  297.5211
4893.68669626098  298.7937
4893.72794197131  292.4077
4893.76918462007  311.7106
4893.81042420711  310.6285
4893.85166073229  326.2459
4893.89289419544  265.8156
4893.93412459642  309.3243
4893.97535193508  308.6454
4894.01657621126  310.7865
4894.05779742482  274.9087
4894.09901557559  328.1231
4894.14023066344  301.8853
4894.1814426882  310.5093
4894.22265164972  311.5085
4894.26385754786  304.275
4894.30506038246  288.9742
4894.34626015338  311.8138
4894.38745686045  307.2108
4894.42865050354  325.052
4894.46984108248  314.8553
4894.51102859712  308.9552
4894.55221304732  350.7633
4894.59339443293  303.9605
4894.63457275379  307.6021
4894.67574800975  306.6175
4894.71692020066  317.2058
4894.75808932637  312.2021
4894.79925538672  292.2391
4894.84041838158  318.5767
4894.88157831078  319.9597
4894.92273517418  335.8618
4894.96388897163  309.6212
4895.00503970296  308.3911
4895.04618736804  310.6012
4895.08733196672  301.5124
4895.12847349884  302.7534
4895.16961196425  327.223
4895.2107473628  329.1567
4895.25187969434  324.6381
4895.29300895872  321.1181
4895.33413515579  320.9164
4895.3752582854  318.4117
4895.41637834739  286.3509
4895.45749534163  309.6885
4895.49860926796  303.3688
4895.53972012622  319.4918
4895.58082791627  335.4672
4895.62193263796  316.0639
4895.66303429113  312.6522
4895.70413287565  295.507
4895.74522839135  317.6697
4895.78632083809  296.8182
4895.82741021571  321.6515
4895.86849652407  312.7881
4895.90957976302  314.2646
4895.95065993241  305.8291
4895.99173703209  323.2744
4896.0328110619  295.3297
4896.0738820217  285.6505
4896.11494991135  306.5582
4896.15601473067  303.587
4896.19707647954  321.651
4896.2381351578  303.4972
4896.2791907653  307.9017
4896.32024330189  309.8147
4896.36129276742  297.984
4896.40233916175  283.5755
4896.44338248471  314.2692
4896.48442273617  311.5603
4896.52545991598  330.6592
4896.56649402398  302.4265
4896.60752506002  317.495
4896.64855302396  318.0133
4896.68957791565  306.4113
4896.73059973493  322.2448
4896.77161848167  305.2003
4896.8126341557  333.081
4896.85364675689  311.7703
4896.89465628507  319.1321
4896.93566274011  298.1336
4896.97666612186  303.9351
4897.01766643016  295.3304
4897.05866366487  297.5241
4897.09965782583  313.9962
4897.1406489129  288.3156
4897.18163692594  294.713
4897.22262186479  299.3391
4897.2636037293  308.5572
4897.30458251932  313.8916
4897.34555823471  304.8864
4897.38653087532  286.104
4897.427500441  316.3953
4897.4684669316  312.4823
4897.50943034698  303.5376
4897.55039068698  308.6147
4897.59134795145  294.5955
4897.63230214025  326.0103
4897.67325325323  313.3295
4897.71420129025  328.574
4897.75514625114  294.0166
4897.79608813578  283.4589
4897.837026944  295.6627
4897.87796267566  305.2014
4897.91889533061  316.2649
4897.9598249087  305.3685
4898.00075140979  286.4063
4898.04167483373  291.7499
4898.08259518037  300.6103
4898.12351244956  329.8589
4898.16442664116  285.7382
4898.20533775501  316.5685
4898.24624579098  308.956
4898.2871507489  283.6043
4898.32805262864  309.5036
4898.36895143004  321.0537
4898.40984715297  287.8707
4898.45073979727  270.8619
4898.49162936279  305.7657
4898.53251584939  265.9784
4898.57339925692  271.8925
4898.61427958523  287.0251
4898.65515683417  297.08
4898.69603100361  308.4695
4898.73690209339  313.3421
4898.77777010336  321.0663
4898.81863503337  311.3327
4898.85949688329  311.4939
4898.90035565296  311.6556
4898.94121134224  332.1101
4898.98206395097  297.8619
4899.02291347902  318.9825
4899.06375992623  301.2601
4899.10460329246  311.5114
4899.14544357757  306.4736
4899.18628078139  320.4961
4899.2271149038  283.7659
4899.26794594464  315.407
4899.30877390376  314.3587
4899.34959878103  318.7116
4899.39042057628  312.4563
4899.43123928938  304.3303
4899.47205492018  281.2099
4899.51286746853  296.2157
4899.55367693429  302.026
4899.59448331731  335.0349
4899.63528661744  300.7886
4899.67608683454  285.6716
4899.71688396846  331.4359
4899.75767801906  292.9557
4899.79846898619  277.6822
4899.8392568697  319.4105
4899.88004166945  332.0441
4899.92082338528  298.6624
4899.96160201707  315.0686
4900.00237756465  291.919
4900.04315002789  286.7251
4900.08391940663  294.7874
4900.12468570074  289.779
4900.16544891006  308.186
4900.20620903445  328.9388
4900.24696607376  321.3833
4900.28772002786  305.1154
4900.32847089659  302.2902
4900.3692186798  341.3686
4900.40996337736  308.4248
4900.45070498912  277.8832
4900.49144351493  335.2333
4900.53217895464  301.473
4900.57291130812  299.1062
4900.6136405752  338.0114
4900.65436675576  310.4211
4900.69508984965  314.4611
4900.73580985671  299.4472
4900.77652677681  338.3903
4900.81724060979  282.646
4900.85795135553  308.7525
4900.89865901386  285.0313
4900.93936358464  305.3522
4900.98006506774  319.4265
4901.020763463  295.5304
4901.06145877028  310.7118
4901.10215098943  280.8741
4901.14284012031  301.5096
4901.18352616278  306.8746
4901.22420911669  270.191
4901.26488898189  319.4444
4901.30556575825  317.4923
4901.34623944561  312.1568
4901.38691004383  310.9292
4901.42757755277  310.7662
4901.46824197229  272.2276
4901.50890330223  288.2064
4901.54956154245  294.4365
4901.59021669282  298.3394
4901.63086875318  298.4034
4901.67151772339  309.785
4901.71216360331  322.8743
4901.75280639279  309.0813
4901.79344609169  291.0703
4901.83408269987  315.0439
4901.87471621717  322.3184
4901.91534664347  314.5374
4901.9559739786  303.9655
4901.99659822243  321.0997
4902.03721937481  289.7464
4902.07783743561  278.6506
4902.11845240467  289.5885
4902.15906428186  329.0313
4902.19967306702  299.9862
4902.24027876002  317.8621
4902.28088136072  317.2635
4902.32148086895  309.123
4902.3620772846  260.8308
4902.4026706075  285.2618
4902.44326083752  306.3694
4902.48384797452  306.3941
4902.52443201835  300.5847
4902.56501296886  300.076
4902.60559082591  303.4477
4902.64616558937  273.0349
4902.68673725908  310.7744
4902.72730583491  323.8748
4902.76787131671  278.1503
4902.80843370433  303.8462
4902.84899299764  314.552
4902.88954919649  296.4997
4902.93010230074  287.634
4902.97065231024  291.4671
4903.01119922486  308.5489
4903.05174304444  285.151
4903.09228376885  338.9679
4903.13282139795  295.3264
4903.17335593158  296.8494
4903.21388736962  305.6653
4903.2544157119  289.2262
4903.2949409583  299.646
4903.33546310867  317.1235
4903.37598216287  287.2998
4903.41649812075  329.0953
4903.45701098217  298.7592
4903.49752074699  317.8783
4903.53802741508  326.1367
4903.57853098627  304.3507
4903.61903146044  318.6332
4903.65952883743  284.7703
4903.70002311712  324.3491
4903.74051429935  336.9352
4903.78100238398  309.2521
4903.82148737088  320.0557
4903.86196925989  291.426
4903.90244805088  309.5125
4903.9429237437  268.1617
4903.98339633822  298.631
4904.02386583429  291.8067
4904.06433223176  306.6776
4904.10479553051  336.4814
4904.14525573037  275.598
4904.18571283123  327.6104
4904.22616683292  300.7206
4904.26661773531  308.1466
4904.30706553827  329.2715
4904.34751024163  306.7227
4904.38795184527  307.2671
4904.42839034905  278.8237
4904.46882575282  301.6705
4904.50925805643  315.2687
4904.54968725976  293.9766
4904.59011336265  281.4283
4904.63053636497  322.5023
4904.67095626658  333.3773
4904.71137306732  273.9265
4904.75178676707  305.3631
4904.79219736568  278.4441
4904.83260486301  269.6312
4904.87300925892  327.6671
4904.91341055326  327.8731
4904.9538087459  274.6068
4904.9942038367  296.9396
4905.03459582551  319.0741
4905.07498471219  332.7542
4905.11537049661  268.0285
4905.15575317862  306.521
4905.19613275808  301.202
4905.23650923484  275.0127
4905.27688260878  311.779
4905.31725287975  323.0962
4905.3576200476  277.4687
4905.39798411221  307.8096
4905.43834507341  311.2263
4905.47870293109  298.9887
4905.51905768509  312.7604
4905.55940933527  293.8737
4905.5997578815  284.0326
4905.64010332364  312.6006
4905.68044566153  301.2305
4905.72078489506  314.5324
4905.76112102406  311.1514
4905.80145404841  306.4335
4905.84178396796  316.0746
4905.88211078257  290.9627
4905.92243449211  324.6213
4905.96275509643  302.143
4906.0030725954  300.9332
4906.04338698886  309.3336
4906.08369827669  323.1336
4906.12400645874  325.5301
4906.16431153487  325.9261
4906.20461350495  286.3353
4906.24491236883  310.2461
4906.28520812637  276.4869
4906.32550077744  286.513
4906.36579032189  294.5352
4906.40607675959  311.366
4906.44636009039  314.9193
4906.48664031416  316.5461
4906.52691743075  306.2242
4906.56719144003  302.5034
4906.60746234186  295.6154
4906.64773013609  304.0458
4906.68799482259  323.7131
4906.72825640122  324.4351
4906.76851487185  323.6257
4906.80877023432  338.6068
4906.8490224885  296.2096
4906.88927163426  307.9555
4906.92951767144  297.6956
4906.96976059992  326.1348
4907.01000041956  318.5902
4907.05023713022  288.8568
4907.09047073174  297.2386
4907.13070122401  298.2994
4907.17092860688  286.6039
4907.21115288021  334.4437
4907.25137404386  315.3579
4907.29159209769  285.3274
4907.33180704157  280.7704
4907.37201887535  277.0804
4907.4122275989  288.8578
4907.45243321207  281.1809
4907.49263571474  316.2738
4907.53283510676  328.0094
4907.57303138799  299.8866
4907.61322455829  309.8925
4907.65341461753  325.0575
4907.69360156557  309.053
4907.73378540227  288.143
4907.77396612749  311.9661
4907.81414374109  287.6601
4907.85431824293  287.9887
4907.89448963288  267.7079
4907.9346579108  288.502
4907.97482307655  289.1494
4908.01498512999  328.6083
4908.05514407099  309.374
4908.0952998994  306.4829
4908.13545261509  326.6266
4908.17560221792  290.9028
4908.21574870776  294.9557
4908.25589208445  337.733
4908.29603234788  288.8579
4908.33616949789  291.413
4908.37630353435  314.1301
4908.41643445714  305.4811
4908.45656226609  285.7847
4908.49668696108  331.8397
4908.53680854198  315.3397
4908.57692700864  307.5164
4908.61704236093  284.4654
4908.6571545987  313.4008
4908.69726372182  310.5027
4908.73736973017  298.2707
4908.77747262358  295.6978
4908.81757240194  325.3271
4908.8576690651  289.7525
4908.89776261292  309.184
4908.93785304528  308.5718
4908.97794036202  324.5221
4909.01802456302  307.9497
4909.05810564813  279.8365
4909.09818361723  303.4408
4909.13825847017  333.1954
4909.17833020681  287.5784
4909.21839882702  297.7588
4909.25846433067  298.1405
4909.29852671761  319.068
4909.33858598771  324.7486
4909.37864214084  300.1324
4909.41869517685  298.6714
4909.45874509561  293.3481
4909.49879189698  325.3771
4909.53883558083  285.8791
4909.57887614702  300.1284
4909.61891359541  294.363
4909.65894792587  294.3336
4909.69897913825  299.8589
4909.73900723244  297.8499
4909.77903220828  284.9522
4909.81905406564  294.083
4909.85907280438  298.7598
4909.89908842438  281.61
4909.93910092549  300.0537
4909.97911030758  287.753
4910.0191165705  306.9168
4910.05911971414  296.5255
4910.09911973834  303.9698
4910.13911664297  304.3292
4910.1791104279  304.6385
4910.219101093  304.9489
4910.25908863811  299.4191
4910.29907306312  316.084
4910.33905436788  262.6137
4910.37903255226  323.4123
4910.41900761613  286.21
4910.45897955934  315.652
4910.49894838176  279.3315
4910.53891408325  327.6518
4910.57887666369  272.7088
4910.61883612294  310.2262
4910.65879246085  294.4948
4910.69874567729  292.7872
4910.73869577214  313.0573
4910.77864274525  314.8478
4910.81858659648  311.5489
4910.85852732572  291.1636
4910.8984649328  299.9537
4910.93839941761  315.1863
4910.97833078001  310.5906
4911.01825901986  326.8889
4911.05818413703  290.161
4911.09810613138  292.3313
4911.13802500278  298.7174
4911.1779407511  306.3489
4911.21785337618  264.5148
4911.25776287792  293.799
4911.29766925616  288.009
4911.33757251078  283.1938
4911.37747264163  297.2247
4911.41736964859  280.2309
4911.45726353152  297.6318
4911.49715429028  327.4202
4911.53704192474  295.0138
4911.57692643477  302.1085
4911.61680782024  287.1268
4911.65668608099  307.2013
4911.69656121692  300.9735
4911.73643322787  279.2008
4911.77630211371  303.1511
4911.81616787432  331.4008
4911.85603050955  325.6548
4911.89589001927  297.7728
4911.93574640335  301.8282
4911.97559966165  301.6169
4912.01544979404  290.0888
4912.05529680039  291.3321
4912.09514068056  303.0576
4912.13498143441  309.4967
4912.17481906182  295.2599
4912.21465356265  287.5632
4912.25448493676  297.059
4912.29431318403  306.0909
4912.33413830431  262.5015
4912.37396029748  313.6434
4912.4137791634  286.8688
4912.45359490194  277.628
4912.49340751296  329.3057
4912.53321699633  294.8344
4912.57302335191  305.8127
4912.61282657959  297.1488
4912.6526266792  295.6393
4912.69242365064  294.8186
4912.73221749376  272.1207
4912.77200820843  304.1424
4912.81179579451  307.8315
4912.85158025188  301.5827
4912.8913615804  299.2486
4912.93113977994  334.6906
4912.97091485035  297.5863
4913.01068679152  309.8488
4913.05045560331  314.3102
4913.09022128558  305.8844
4913.12998383821  261.1019
4913.16974326105  298.1992
4913.20949955398  329.3203
4913.24925271686  302.2059
4913.28900274956  312.5288
4913.32874965195  283.8544
4913.3684934239  284.503
4913.40823406526  306.2903
4913.44797157592  306.837
4913.48770595573  293.6652
4913.52743720457  300.1405
4913.5671653223  316.6533
4913.60689030879  303.177
4913.64661216391  291.2243
4913.68633088752  302.0107
4913.72604647949  299.9228
4913.76575893969  317.2214
4913.80546826799  310.664
4913.84517446426  280.6819
4913.88487752836  306.153
4913.92457746016  280.1749
4913.96427425953  300.1601
4914.00396792634  249.7957
4914.04365846045  349.7708
4914.08334586173  303.3024
4914.12303013006  308.487
4914.1627112653  317.9861
4914.20238926731  320.3588
4914.24206413597  310.3428
4914.28173587114  292.4351
4914.32140447269  286.7182
4914.36106994049  334.3517
4914.40073227441  303.7087
4914.44039147433  301.951
4914.48004754009  314.6637
4914.51970047157  290.2452
4914.55935026866  282.4998
4914.5989969312  293.1213
4914.63864045907  305.8739
4914.67828085213  282.6067
4914.71791811027  329.0711
4914.75755223334  299.6469
4914.79718322121  294.0048
4914.83681107376  301.9506
4914.87643579085  300.397
4914.91605737234  292.0958
4914.95567581812  274.7757
4914.99529112805  307.2543
4915.03490330199  294.7233
4915.07451233982  305.0565
4915.1141182414  305.43
4915.15372100661  318.4222
4915.19332063531  306.1797
4915.23291712737  306.556
4915.27251048267  309.3946
4915.31210070107  311.9692
4915.35168778244  283.4398
4915.39127172664  304.3949
4915.43085253356  323.065
4915.47043020305  319.6738
4915.51000473499  280.5223
4915.54957612925  292.7153
4915.5891443857  313.7609
4915.6287095042  312.5413
4915.66827148463  284.8236
4915.70783032685  273.1658
4915.74738603074  326.2022
4915.78693859616  275.0492
4915.82648802299  319.5735
4915.8660343111  275.8522
4915.90557746034  283.6413
4915.9451174706  309.8471
4915.98465434175  289.9273
4916.02418807365  267.505
4916.06371866618  284.0186
4916.10324611919  301.2028
4916.14277043258  302.7442
4916.1822916062  319.8063
4916.22180963992  286.1866
4916.26132453361  262.0019
4916.30083628715  319.131
4916.34034490041  331.2297
4916.37985037325  300.688
4916.41935270555  303.1442
4916.45885189718  315.0574
4916.498347948  292.7921
4916.53784085789  327.7809
4916.57733062671  310.5664
4916.61681725435  335.301
4916.65630074066  312.2154
4916.69578108552  293.8892
4916.73525828881  279.047
4916.77473235038  291.5776
4916.81420327012  283.156
4916.85367104789  332.8346
4916.89313568356  284.3206
4916.932597177  328.9978
4916.97205552809  331.1449
4917.0115107367  256.839
4917.0509628027  303.0131
4917.09041172595  319.8242
4917.12985750633  316.8713
4917.16930014371  284.8176
4917.20873963796  272.4495
4917.24817598896  297.7835
4917.28760919657  309.6593
4917.32703926066  319.0328
4917.36646618111  273.9788
4917.40588995779  318.4106
4917.44531059057  349.2146
4917.48472807932  300.3103
4917.52414242391  309.3617
4917.56355362421  330.7143
4917.6029616801  272.3449
4917.64236659145  308.8322
4917.68176835812  326.2843
4917.72116698  314.2018
4917.76056245694  301.1597
4917.79995478883  318.2542
4917.83934397554  298.1069
4917.87873001693  322.6724
4917.91811291288  269.429
4917.95749266326  297.9398
4917.99686926794  310.7647
4918.0362427268  286.8607
4918.07561303971  294.1393
4918.11498020653  288.3264
4918.15434422715  295.2499
4918.19370510143  303.6473
4918.23306282924  293.3605
4918.27241741046  317.5786
4918.31176884496  313.7874
4918.35111713262  265.7097
4918.3904622733  324.0555
4918.42980426687  311.3936
4918.46914311321  288.0995
4918.5084788122  289.0386
4918.5478113637  327.0047
4918.58714076759  328.8128
4918.62646702373  301.6313
4918.66579013201  315.6215
4918.70511009229  286.7945
4918.74442690446  292.2581
4918.78374056837  316.8158
4918.8230510839  283.1964
4918.86235845093  289.5183
4918.90166266932  302.691
4918.94096373896  330.7505
4918.98026165972  306.9922
4919.01955643146  284.5229
4919.05884805406  299.8431
4919.09813652739  301.8522
4919.13742185133  306.5302
4919.17670402575  308.5167
4919.21598305053  305.0298
4919.25525892553  304.791
4919.29453165063  279.8765
4919.3338012257  296.3268
4919.37306765062  286.5121
4919.41233092525  292.5097
4919.45159104948  304.3796
4919.49084802318  278.3887
4919.53010184622  314.2753
4919.56935251847  274.7541
4919.6086000398  292.6884
4919.6478444101  315.9221
4919.68708562923  260.629
4919.72632369707  266.4639
4919.76555861349  284.6972
4919.80479037837  282.7532
4919.84401899157  323.0433
4919.88324445298  303.9842
4919.92246676246  287.5315
4919.9616859199  293.769
4920.00090192516  328.1297
4920.04011477812  308.7867
4920.07932447865  319.5131
4920.11853102663  301.6686
4920.15773442193  289.8904
4920.19693466443  291.3589
4920.236131754  302.3314
4920.2753256905  309.7656
4920.31451647383  271.3547
4920.35370410385  285.4926
4920.39288858044  319.1379
4920.43206990347  292.336
4920.47124807281  291.3307
4920.51042308834  270.6911
4920.54959494994  296.5974
4920.58876365748  304.393
4920.62792921083  290.4135
4920.66709160987  288.1875
4920.70625085448  313.3795
4920.74540694452  303.2699
4920.78455987987  260.7518
4920.82370966041  283.6001
4920.86285628602  292.3421
4920.90199975656  272.7455
4920.94114007191  327.0697
4920.98027723196  314.3401
4921.01941123656  273.2994
4921.0585420856  300.2836
4921.09766977895  269.3112
4921.13679431649  253.3006
4921.1759156981  321.6987
4921.21503392364  328.4716
4921.25414899299  321.1946
4921.29326090603  284.0184
4921.33236966264  289.5501
4921.37147526268  283.9343
4921.41057770604  309.7296
4921.44967699259  303.0376
4921.4887731222  283.0609
4921.52786609476  290.1696
4921.56695591013  275.4399
4921.6060425682  261.4172
4921.64512606883  289.2538
4921.68420641191  286.0676
4921.7232835973  246.3887
4921.76235762489  326.031
4921.80142849455  291.309
4921.84049620616  299.7071
4921.87956075959  259.3934
4921.91862215472  285.1166
4921.95768039142  312.4623
4921.99673546957  305.9376
4922.03578738905  330.5547
4922.07483614973  314.5388
4922.11388175149  265.2423
4922.15292419421  278.3114
4922.19196347775  309.6373
4922.23099960201  287.4099
4922.27003256685  287.3484
4922.30906237214  269.736
4922.34808901778  261.5492
4922.38711250362  288.8953
4922.42613282956  289.2286
4922.46514999546  295.1639
4922.5041640012  269.2187
4922.54317484666  311.48
4922.58218253172  285.3968
4922.62118705624  311.7484
4922.66018842012  292.2278
4922.69918662323  265.3272
4922.73818166543  310.5802
4922.77717354661  308.1994
4922.81616226665  273.9524
4922.85514782542  293.0946
4922.8941302228  271.2132
4922.93310945867  278.3051
4922.9720855329  314.8544
4923.01105844537  272.5048
4923.05002819596  258.7873
4923.08899478454  288.9748
4923.127958211  326.4475
4923.1669184752  286.2625
4923.20587557703  257.0789
4923.24482951637  272.9275
4923.28378029308  326.3121
4923.32272790706  316.1277
4923.36167235816  279.0782
4923.40061364629  323.2279
4923.4395517713  299.7061
4923.47848673308  285.4858
4923.51741853151  291.4459
4923.55634716646  289.5034
4923.5952726378  289.7153
4923.63419494543  310.2879
4923.67311408922  296.3331
4923.71203006904  265.6246
4923.75094288477  266.9863
4923.78985253629  303.8617
4923.82875902347  308.407
4923.86766234621  276.5709
4923.90656250437  314.9664
4923.94545949782  298.2151
4923.98435332646  285.5347
4924.02324399016  326.2761
4924.06213148879  270.2363
4924.10101582223  254.4488
4924.13989699037  274.5766
4924.17877499307  294.2075
4924.21764983023  280.4817
4924.25652150171  286.1858
4924.29539000739  286.5567
4924.33425534717  255.1583
4924.3731175209  313.7429
4924.41197652847  295.5627
4924.45083236976  297.7331
4924.48968504465  309.8377
4924.52853455301  293.9013
4924.56738089473  321.9209
4924.60622406968  260.967
4924.64506407775  280.0768
4924.6839009188  273.2258
4924.72273459273  280.9298
4924.7615650994  301.5282
4924.8003924387  310.8649
4924.83921661051  290.6646
4924.8780376147  240.3318
4924.91685545116  301.7874
4924.95567011976  276.206
4924.99448162038  263.9921
4925.0332899529  264.9273
4925.07209511721  303.6291
4925.11089711317  285.9394
4925.14969594067  320.9655
4925.18849159959  323.2545
4925.22728408981  296.033
4925.2660734112  279.5393
4925.30485956365  318.6743
4925.34364254704  317.1563
4925.38242236124  282.4034
4925.42119900614  287.1237
4925.45997248161  289.2074
4925.49874278753  323.3775
4925.53750992379  317.3717
4925.57627389026  320.4166
4925.61503468682  278.9806
4925.65379231336  332.2368
4925.69254676975  289.3814
4925.73129805587  313.4562
4925.77004617159  298.6414
4925.80879111682  271.2572
4925.84753289142  308.4905
4925.88627149526  287.0347
4925.92500692824  269.5087
4925.96373919023  280.4672
4926.00246828112  308.1077
4926.04119420077  324.159
4926.07991694908  298.7297
4926.11863652592  272.3087
4926.15735293117  257.8527
4926.19606616471  278.8201
4926.23477622643  287.8197
4926.27348311621  277.6988
4926.31218683391  337.3903
4926.35088737943  318.956
4926.38958475265  278.5281
4926.42827895344  317.3907
4926.46696998169  328.2656
4926.50565783728  318.6093
4926.54434252008  307.4992
4926.58302402998  285.1514
4926.62170236686  312.7852
4926.6603775306  292.8304
4926.69904952108  247.0986
4926.73771833818  259.6211
4926.77638398179  282.2957
4926.81504645178  259.4394
4926.85370574803  286.1165
4926.89236187043  329.5188
4926.93101481885  304.8486
4926.96966459318  287.6051
4927.0083111933  323.9203
4927.04695461909  305.5051
4927.08559487043  295.585
4927.1242319472  283.871
4927.16286584929  266.9514
4927.20149657657  262.6141
4927.24012412893  263.1053
4927.27874850624  288.1743
4927.3173697084  282.217
4927.35598773527  307.467
4927.39460258675  276.4153
4927.43321426271  282.2465
4927.47182276304  279.2166
4927.51042808761  273.067
4927.54903023631  293.5578
4927.58762920902  312.9234
4927.62622500563  325.8589
4927.66481762601  333.9168
4927.70340707004  319.1416
4927.74199333761  272.2274
4927.7805764286  304.9031
4927.81915634289  336.7631
4927.85773308037  252.4598
4927.89630664091  257.8489
4927.9348770244  298.7712
4927.97344423072  325.0444
4928.01200825975  297.4664
4928.05056911138  299.6488
4928.08912678548  269.1854
4928.12768128194  307.646
4928.16623260065  287.9555
4928.20478074148  272.658
4928.24332570431  269.3024
4928.28186748903  243.8791
4928.32040609552  271.6694
4928.35894152366  294.8534
4928.39747377335  288.4707
4928.43600284445  332.29
4928.47452873685  276.892
4928.51305145043  280.9977
4928.55157098508  298.9962
4928.59008734068  350.0602
4928.62860051712  301.9161
4928.66711051426  323.5646
4928.70561733201  281.1395
4928.74412097024  330.8342
4928.78262142883  300.1808
4928.82111870767  303.0961
4928.85961280663  234.1267
4928.89810372561  295.3375
4928.93659146449  256.3302
4928.97507602315  277.2755
4929.01355740147  313.9314
4929.05203559933  306.1694
4929.09051061662  303.6687
4929.12898245323  257.9086
4929.16745110903  277.847
4929.20591658391  339.9842
4929.24437887776  288.9698
4929.28283799044  254.3937
4929.32129392186  317.1696
4929.35974667189  249.6818
4929.39819624042  287.5778
4929.43664262733  300.385
4929.47508583251  292.1797
4929.51352585583  281.5811
4929.55196269718  275.2558
4929.59039635645  271.2946
4929.62882683351  295.6215
4929.66725412826  256.5219
4929.70567824058  240.1695
4929.74409917035  307.7971
4929.78251691745  301.3789
4929.82093148177  314.2991
4929.8593428632  304.2747
4929.89775106161  351.041
4929.93615607689  310.7544
4929.97455790893  277.1242
4930.01295655761  313.9632
4930.05135202281  260.8799
4930.08974430442  321.6377
4930.12813340233  356.9659
4930.16651931641  275.8075
4930.20490204655  308.581
4930.24328159264  300.6871
4930.28165795456  271.4936
4930.32003113219  267.9913
4930.35840112543  277.7988
4930.39676793414  254.6019
4930.43513155823  318.0858
4930.47349199757  323.1375
4930.51184925205  321.0233
4930.55020332156  305.2673
4930.58855420597  293.0891
4930.62690190517  297.6582
4930.66524641905  212.2659
4930.7035877475  308.8109
4930.74192589039  323.1683
4930.78026084762  342.2087
4930.81859261906  291.9283
4930.85692120461  292.6518
4930.89524660414  304.4908
4930.93356881755  294.8264
4930.97188784472  285.3239
4931.01020368553  249.2856
4931.04851633987  252.6643
4931.08682580763  255.5121
4931.12513208868  307.1866
4931.16343518292  244.9189
4931.20173509023  322.1791
4931.2400318105  270.7195
4931.27832534361  281.8905
4931.31661568945  320.6219
4931.3549028479  345.0336
4931.39318681885  266.0077
4931.43146760218  247.1761
4931.46974519779  329.2792
4931.50801960555  309.5304
4931.54629082535  305.8449
4931.58455885708  269.4745
4931.62282370063  311.9572
4931.66108535587  294.7749
4931.6993438227  259.0419
4931.737599101  305.5233
4931.77585119066  305.1154
4931.81410009156  342.0863
4931.8523458036  270.8607
4931.89058832665  336.0892
4931.9288276606  294.5801
4931.96706380534  341.4284
4932.00529676076  287.6257
4932.04352652674  283.2427
4932.08175310316  323.1936
4932.11997648992  333.7131
4932.1581966869  299.0851
4932.19641369399  292.8464
4932.23462751107  260.5751
4932.27283813803  315.8133
4932.31104557476  276.7164
4932.34924982114  240.2036
4932.38745087706  285.911
4932.42564874241  259.2978
4932.46384341707  237.7153
4932.50203490093  322.2381
4932.54022319388  272.6343
4932.57840829581  299.4093
4932.6165902066  338.7861
4932.65476892613  276.0021
4932.6929444543  288.1704
4932.73111679099  236.1456
4932.7692859361  329.298
4932.8074518895  271.8326
4932.84561465108  304.1573
4932.88377422073  257.9951
4932.92193059835  288.2126
4932.96008378381  314.959
4932.998233777  262.7113
4933.03638057781  274.8656
4933.07452418613  306.3728
4933.11266460184  251.0747
4933.15080182484  303.2813
4933.18893585501  298.3748
4933.22706669223  251.7246
4933.26519433641  304.6425
4933.30331878741  253.9549
4933.34144004514  270.9456
4933.37955810947  270.4434
4933.4176729803  284.7795
4933.45578465751  293.1577
4933.493893141  306.8536
4933.53199843065  263.1336
4933.57010052634  265.6939
4933.60819942797  276.3657
4933.64629513543  288.7291
4933.68438764859  271.8098
4933.72247696736  286.5457
4933.76056309161  251.7468
4933.79864602124  297.0034
4933.83672575614  315.2744
4933.87480229619  284.7875
4933.91287564128  258.7757
4933.9509457913  326.0269
4933.98901274613  256.7126
4934.02707650568  293.1507
4934.06513706981  269.9988
4934.10319443844  278.0271
4934.14124861143  294.0721
4934.17929958868  278.0553
4934.21734737009  243.73
4934.25539195552  281.3542
4934.29343334489  265.2812
4934.33147153807  290.0553
4934.36950653496  291.973
4934.40753833543  320.7765
4934.44556693939  262.4389
4934.48359234672  254.8771
4934.52161455731  216.1631
4934.55963357105  249.597
4934.59764938782  242.4756
4934.63566200752  287.3229
4934.67367143004  329.8858
4934.71167765526  301.7917
4934.74968068308  300.062
4934.78768051337  263.5
4934.82567714604  278.5905
4934.86367058097  310.617
4934.90166081805  291.0305
4934.93964785718  253.434
4934.97763169823  299.1678
4935.0156123411  280.9146
4935.05358978568  305.5676
4935.09156403186  306.5172
4935.12953507952  340.7342
4935.16750292856  305.6965
4935.20546757887  310.3106
4935.24342903034  327.4799
4935.28138728285  308.8623
4935.3193423363  329.3034
4935.35729419058  253.4356
4935.39524284557  264.3335
4935.43318830116  273.6542
4935.47113055725  287.3766
4935.50906961373  252.9278
4935.54700547048  237.2946
4935.5849381274  322.7012
4935.62286758437  264.9823
4935.66079384129  306.7649
4935.69871689805  274.9706
4935.73663675453  205.4847
4935.77455341063  275.6019
4935.81246686623  304.2628
4935.85037712123  256.9429
4935.88828417552  275.8637
4935.92618802899  263.1022
4935.96408868152  273.2469
4936.00198613302  226.3672
4936.03988038336  321.8169
4936.07777143245  265.2687
4936.11565928016  349.7133
4936.15354392639  286.6499
4936.19142537104  288.8629
4936.22930361399  307.9949
4936.26717865513  312.4073
4936.30505049436  271.99
4936.34291913156  283.4178
4936.38078456663  335.7639
4936.41864679945  274.042
4936.45650582992  249.8685
4936.49436165793  281.8333
4936.53221428337  309.2098
4936.57006370613  196.4256
4936.6079099261  266.7295
4936.64575294318  236.3378
4936.68359275725  259.4084
4936.7214293682  274.9566
4936.75926277593  302.6567
4936.79709298033  239.2547
4936.83491998129  350.5971
4936.8727437787  245.4472
4936.91056437246  294.2078
4936.94838176244  272.1068
4936.98619594855  273.6527
