5058.8905909872  302.304
5058.9374033919  319.4477
5058.98421281267  361.9633
5059.03101924933  288.5656
5059.07782270167  310.2117
5059.12462316949  279.1354
5059.1714206526  324.7442
5059.2182151508  327.5556
5059.26500666388  315.2814
5059.31179519166  349.866
5059.35858073392  269.773
5059.40536329047  351.2431
5059.45214286111  300.0065
5059.49891944565  303.9481
5059.54569304387  335.3118
5059.5924636556  346.5255
5059.63923128061  319.3983
5059.68599591873  310.3905
5059.73275756974  352.5147
5059.77951623345  280.3888
5059.82627190966  308.0783
5059.87302459817  362.0433
5059.91977429879  302.4113
5059.96652101131  316.9202
5060.01326473554  299.2583
5060.06000547128  304.6641
5060.10674321832  310.5507
5060.15347797648  298.0333
5060.20020974554  321.6491
5060.24693852532  311.4024
5060.29366431562  273.0698
5060.34038711623  340.0962
5060.38710692697  309.1172
5060.43382374762  309.3232
5060.480537578  304.4828
5060.5272484179  393.0421
5060.57395626713  255.9548
5060.62066112548  313.2902
5060.66736299277  303.637
5060.71406186879  276.818
5060.76075775334  276.8253
5060.80745064623  294.2787
5060.85414054725  331.7344
5060.90082745622  296.4589
5060.94751137293  330.7365
5060.99419229718  298.9547
5061.04087022879  295.6408
5061.08754516754  298.2506
5061.13421711324  291.0448
5061.1808860657  336.8976
5061.22755202472  308.1107
5061.27421499009  327.6306
5061.32087496162  287.0207
5061.36753193912  294.5
5061.41418592239  291.6877
5061.46083691122  343.5442
5061.50748490543  305.8969
5061.55412990481  322.5725
5061.60077190916  290.0777
5061.6474109183  293.2581
5061.69404693202  323.4279
5061.74067995012  279.9624
5061.78730997241  284.2085
5061.8339369987  294.4907
5061.88056102877  270.5917
5061.92718206245  341.7075
5061.97380009952  329.8053
5062.02041513979  297.4345
5062.06702718307  306.8422
5062.11363622916  298.3411
5062.16024227786  284.274
5062.20684532898  283.8715
5062.25344538232  289.5359
5062.30004243767  300.1393
5062.34663649485  359.8122
5062.39322755366  278.1927
5062.4398156139  321.2392
5062.48640067537  290.7227
5062.53298273788  265.4281
5062.57956180124  278.3821
5062.62613786523  290.4093
5062.67271092968  281.3645
5062.71928099438  358.1383
5062.76584805913  313.3332
5062.81241212374  276.9246
5062.85897318802  338.235
5062.90553125176  329.7513
5062.95208631477  292.0744
5062.99863837685  315.4502
5063.04518743782  300.1854
5063.09173349746  280.4185
5063.13827655559  301.098
5063.18481661201  295.7838
5063.23135366652  285.0433
5063.27788771893  285.0731
5063.32441876904  279.5863
5063.37094681665  314.0061
5063.41747186158  305.9127
5063.46399390361  269.1857
5063.51051294257  256.5426
5063.55702897825  349.9088
5063.60354201045  295.9452
5063.65005203898  305.5524
5063.69655906365  315.5057
5063.74306308425  241.0082
5063.7895641006  293.666
5063.8360621125  329.5856
5063.88255711974  261.5811
5063.92904912214  308.8548
5063.97553811951  277.9081
5064.02202411164  281.4776
5064.06850709834  261.5374
5064.11498707941  254.3727
5064.16146405467  287.2436
5064.20793802391  272.855
5064.25440898693  315.4692
5064.30087694355  273.5547
5064.34734189357  280.8374
5064.39380383679  273.6986
5064.44026277302  343.7254
5064.48671870206  258.1068
5064.53317162372  298.183
5064.5796215378  246.1449
5064.62606844411  306.4885
5064.67251234245  361.1249
5064.71895323263  286.1062
5064.76539111446  277.1784
5064.81182598773  295.5963
5064.85825785225  243.2768
5064.90468670783  306.9606
5064.95111255428  290.4713
5064.99753539139  323.6408
5065.04395521898  279.0849
5065.09037203685  257.4625
5065.13678584481  291.0107
5065.18319664265  305.026
5065.22960443019  314.0523
5065.27600920723  287.7401
5065.32241097358  306.2742
5065.36880972904  289.7094
5065.41520547342  288.6056
5065.46159820653  294.0462
5065.50798792816  290.9286
5065.55437463813  344.1262
5065.60075833624  285.1576
5065.6471390223  332.3051
5065.69351669611  276.033
5065.73989135747  325.282
5065.78626300621  286.3216
5065.83263164211  298.8355
5065.87899726499  262.9725
5065.92535987465  335.8074
5065.9717194709  301.5386
5066.01807605354  311.3421
5066.06442962239  357.0032
5066.11078017724  338.4918
5066.15712771791  284.8097
5066.20347224419  311.0023
5066.2498137559  308.4547
5066.29615225284  265.7777
5066.34248773482  293.9689
5066.38882020164  282.5396
5066.43514965312  344.7755
5066.48147608905  285.1344
5066.52779950924  311.8225
5066.57411991351  282.5819
5066.62043730165  307.912
5066.66675167348  281.1564
5066.71306302879  280.604
5066.75937136741  313.017
5066.80567668912  293.743
5066.85197899375  287.3355
5066.89827828109  299.0621
5066.94457455096  316.3858
5066.99086780315  284.7
5067.03715803749  303.9346
5067.08344525377  281.037
5067.1297294518  312.8233
5067.17601063139  292.2681
5067.22228879234  284.8167
5067.26856393446  311.0609
5067.31483605757  281.7554
5067.36110516146  311.337
5067.40737124594  308.3994
5067.45363431083  291.6806
5067.49989435593  283.4063
5067.54615138103  317.744
5067.59240538597  296.4016
5067.63865637053  296.4877
5067.68490433453  324.052
5067.73114927777  311.946
5067.77739120007  292.5983
5067.82363010122  305.1136
5067.86986598104  284.0867
5067.91609883934  293.9669
5067.96232867592  299.817
5068.00855549059  268.2836
5068.05477928316  270.7967
5068.10100005343  333.0937
5068.14721780122  249.0949
5068.19343252632  305.9889
5068.23964422856  313.9911
5068.28585290773  268.2231
5068.33205856365  304.3916
5068.37826119611  332.8418
5068.42446080494  278.9847
5068.47065738994  292.3299
5068.51685095091  306.3425
5068.56304148767  293.538
5068.60922900002  304.6087
5068.65541348776  299.8027
5068.70159495072  361.7161
5068.7477733887  243.8907
5068.7939488015  298.7738
5068.84012118893  298.6996
5068.8862905508  270.7702
5068.93245688693  296.5745
5068.97862019711  320.8491
5069.02478048116  299.5208
5069.07093773889  299.0433
5069.1170919701  289.5695
5069.1632431746  282.0308
5069.2093913522  287.1815
5069.25553650271  277.3074
5069.30167862594  270.7274
5069.34781772169  288.9871
5069.39395378978  264.6385
5069.44008683002  303.4163
5069.4862168422  285.005
5069.53234382615  299.605
5069.57846778167  284.4826
5069.62458870857  282.1128
5069.67070660666  318.6309
5069.71682147574  277.0689
5069.76293331563  323.4337
5069.80904212614  316.3936
5069.85514790707  311.1305
5069.90125065823  292.0944
5069.94735037944  270.655
5069.9934470705  303.2864
5070.03954073122  272.4495
5070.0856313614  290.0682
5070.13171896087  310.1955
5070.17780352943  317.8164
5070.22388506689  286.4904
5070.26996357305  285.1704
5070.31603904773  313.669
5070.36211149073  302.0312
5070.40818090187  272.9929
5070.45424728096  295.8207
5070.5003106278  263.842
5070.54637094221  288.2109
5070.59242822399  298.5999
5070.63848247295  312.7695
5070.68453368891  297.0911
5070.73058187167  291.9742
5070.77662702104  276.8156
5070.82266913684  327.6873
5070.86870821887  302.8885
5070.91474426694  292.3828
5070.96077728087  317.8025
5071.00680726045  298.6927
5071.05283420551  242.1872
5071.09885811585  269.2207
5071.14487899129  323.942
5071.19089683162  327.9199
5071.23691163667  315.9633
5071.28292340625  289.7206
5071.32893214015  269.8832
5071.3749378382  320.971
5071.4209405002  304.1418
5071.46694012597  307.5274
5071.51293671531  362.6686
5071.55893026803  318.257
5071.60492078395  272.8218
5071.65090826288  273.1502
5071.69689270462  267.4198
5071.74287410899  277.447
5071.7888524758  281.8664
5071.83482780485  255.2819
5071.88080009596  335.3425
5071.92676934894  344.5189
5071.9727355636  263.2973
5072.01869873975  266.1653
5072.06465887721  332.2763
5072.11061597577  275.1704
5072.15657003526  281.5137
5072.20252105548  306.9771
5072.24846903625  325.6748
5072.29441397737  293.2642
5072.34035587866  311.5973
5072.38629473992  330.1894
5072.43223056098  292.8115
5072.47816334163  290.421
5072.5240930817  321.231
5072.57001978099  337.5049
5072.61594343931  303.5345
5072.66186405648  286.6831
5072.7077816323  282.6667
5072.75369616659  278.8233
5072.79960765916  283.7279
5072.84551610981  313.9039
5072.89142151838  293.6231
5072.93732388465  277.4507
5072.98322320845  332.3233
5073.02911948958  361.9995
5073.07501272786  289.494
5073.1209029231  292.1952
5073.16679007511  325.6331
5073.2126741837  303.226
5073.25855524869  269.4757
5073.30443326988  286.0492
5073.3503082471  301.2305
5073.39618018014  349.9485
5073.44204906882  307.7556
5073.48791491295  280.3721
5073.53377771235  298.9377
5073.57963746683  300.4686
5073.6254941762  290.5328
5073.67134784027  323.4022
5073.71719845885  309.1452
5073.76304603175  330.2516
5073.8088905588  307.3632
5073.85473203979  308.0469
5073.90057047455  295.7146
5073.94640586288  299.0834
5073.99223820459  291.2329
5074.03806749951  311.1504
5074.08389374743  293.2556
5074.12971694818  334.707
5074.17553710157  278.6989
5074.2213542074  325.37
5074.2671682655  315.1781
5074.31297927567  335.602
5074.35878723772  266.5031
5074.40459215147  325.4247
5074.45039401674  283.8357
5074.49619283333  276.1299
5074.54198860105  301.2874
5074.58778131973  284.4821
5074.63357098916  294.7262
5074.67935760918  320.0724
5074.72514117957  267.9142
5074.77092170018  251.6105
5074.81669917079  278.2382
5074.86247359123  283.9999
5074.90824496131  292.6444
5074.95401328084  250.7939
5074.99977854964  267.1898
5075.04554076752  260.7034
5075.09129993429  298.652
5075.13705604977  327.7453
5075.18280911376  297.4378
5075.22855912609  315.753
5075.27430608656  298.9725
5075.32004999499  296.8548
5075.36579085119  300.6473
5075.41152865498  309.8252
5075.45726340616  307.5121
5075.50299510456  302.4229
5075.54872374998  319.2944
5075.59444934224  302.3073
5075.64017188116  311.5871
5075.68589136654  326.1958
5075.7316077982  313.5271
5075.77732117595  346.0471
5075.82303149961  311.9835
5075.86873876899  343.3624
5075.91444298391  329.7328
5075.96014414418  302.8998
5076.00584224961  331.4486
5076.05153730001  299.9148
5076.09722929521  277.7693
5076.14291823501  254.1261
5076.18860411922  295.994
5076.23428694767  324.7085
5076.27996672017  313.4431
5076.32564343653  310.6366
5076.37131709656  311.6369
5076.41698770008  335.5957
5076.46265524691  278.6811
5076.50831973685  312.3836
5076.55398116972  323.8725
5076.59963954535  300.7685
5076.64529486353  304.2154
5076.69094712408  313.9055
5076.73659632683  301.4418
5076.78224247157  304.1811
5076.82788555814  300.6555
5076.87352558634  332.5981
5076.91916255599  336.8483
5076.9647964669  307.4472
5077.01042731888  317.0924
5077.05605511176  308.6552
5077.10167984534  290.3144
5077.14730151945  279.5135
5077.19292013388  332.8277
5077.23853568848  329.3336
5077.28414818303  286.1133
5077.32975761737  311.1646
5077.3753639913  292.2156
5077.42096730464  328.1243
5077.46656755721  301.4497
5077.51216474881  333.6112
5077.55775887927  314.8057
5077.60334994841  297.8862
5077.64893795603  311.2071
5077.69452290194  300.2615
5077.74010478598  300.855
5077.78568360794  295.9285
5077.83125936766  296.4475
5077.87683206493  323.6197
5077.92240169958  303.6603
5077.96796827143  308.4854
5078.01353178028  323.9747
5078.05909222596  330.5851
5078.10464960827  314.2579
5078.15020392704  296.2574
5078.19575518208  332.3544
5078.24130337321  329.5596
5078.28684850024  283.4138
5078.33239056298  308.1427
5078.37792956126  344.2712
5078.42346549489  319.9668
5078.46899836368  320.2076
5078.51452816745  309.962
5078.56005490602  309.9648
5078.6055785792  318.1199
5078.65109918681  306.5801
5078.69661672866  306.7118
5078.74213120457  314.4787
5078.78764261436  311.8559
5078.83315095784  353.4021
5078.87865623483  308.287
5078.92415844515  326.9591
5078.9696575886  312.8217
5079.01515366501  317.1406
5079.0606466742  303.3328
5079.10613661597  336.1914
5079.15162349015  298.528
5079.19710729655  336.4592
5079.242588035  321.4218
5079.28806570529  287.1005
5079.33354030726  342.3138
5079.37901184072  328.3769
5079.42448030548  295.1803
5079.46994570136  301.5358
5079.51540802818  329.7979
5079.56086728575  321.813
5079.6063234739  309.4242
5079.65177659243  319.2761
5079.69722664117  311.5816
5079.74267361993  297.6712
5079.78811752853  303.1973
5079.83355836678  323.4904
5079.87899613451  310.175
5079.92443083152  319.7266
5079.96986245765  294.6777
5080.01529101269  309.3092
5080.06071649647  282.9446
5080.10613890882  323.907
5080.15155824953  304.8824
5080.19697451844  292.324
5080.24238771536  307.4801
5080.2877978401  309.9984
5080.33320489249  309.3039
5080.37860887233  307.9783
5080.42400977946  323.7715
5080.46940761368  326.1711
5080.51480237481  315.6961
5080.56019406267  292.5352
5080.60558267708  301.5971
5080.65096821786  300.6772
5080.69635068482  322.1205
5080.74173007778  283.8572
5080.78710639655  282.4657
5080.83247964097  310.283
5080.87784981083  312.4114
5080.92321690597  312.3337
5080.9685809262  315.9988
5081.01394187133  326.9077
5081.05929974119  360.2154
5081.10465453559  319.9323
5081.15000625435  331.9102
5081.19535489729  282.8098
5081.24070046422  322.5145
5081.28604295497  300.463
5081.33138236935  334.713
5081.37671870718  327.537
5081.42205196828  334.8945
5081.46738215247  312.5429
5081.51270925956  309.4763
5081.55803328938  328.3958
5081.60335424174  307.181
5081.64867211645  349.6141
5081.69398691335  298.6183
5081.73929863224  316.7162
5081.78460727295  305.4072
5081.82991283529  304.5188
5081.87521531908  307.4609
5081.92051472414  323.5184
5081.96581105029  321.3736
5082.01110429735  346.0734
5082.05639446513  309.2526
5082.10168155346  285.0261
5082.14696556216  291.0627
5082.19224649103  305.3036
5082.23752433991  300.5846
5082.28279910861  313.3224
5082.32807079694  307.4205
5082.37333940474  310.7547
5082.41860493181  302.9926
5082.46386737797  307.9518
5082.50912674305  320.4026
5082.55438302687  291.5059
5082.59963622923  326.9985
5082.64488634997  296.8165
5082.6901333889  296.6136
5082.73537734584  313.2033
5082.78061822061  331.8243
5082.82585601303  330.022
5082.87109072291  333.4395
5082.91632235008  331.637
5082.96155089436  316.5134
5083.00677635557  311.2657
5083.05199873352  300.0379
5083.09721802803  294.2287
5083.14243423893  310.1314
5083.18764736603  307.9932
5083.23285740916  289.6212
5083.27806436813  282.4686
5083.32326824276  359.7252
5083.36846903287  302.2074
5083.41366673829  305.4355
5083.45886135883  306.5789
5083.5040528943  334.0711
5083.54924134454  302.6411
5083.59442670937  327.4396
5083.63960898859  294.217
5083.68478818203  323.119
5083.72996428952  313.6173
5083.77513731086  312.2903
5083.82030724589  298.9344
5083.86547409442  287.993
5083.91063785627  310.5994
5083.95579853126  303.5034
5084.00095611921  290.4864
5084.04611061994  315.3188
5084.09126203328  290.8193
5084.13641035903  318.5399
5084.18155559703  288.5276
5084.2266977471  308.0955
5084.27183680904  317.5236
5084.31697278269  311.8093
5084.36210566787  321.6075
5084.40723546438  289.5374
5084.45236217207  309.4235
5084.49748579074  314.4652
5084.54260632022  310.0974
5084.58772376032  310.8137
5084.63283811087  295.7713
5084.67794937169  296.4479
5084.7230575426  303.1557
5084.76816262342  307.4397
5084.81326461397  321.5984
5084.85836351407  324.5871
5084.90345932354  307.8738
5084.94855204221  297.145
5084.99364166989  306.8583
5085.03872820641  314.9901
5085.08381165158  314.1422
5085.12889200524  329.6925
5085.17396926719  306.9345
5085.21904343726  304.274
5085.26411451527  320.5362
5085.30918250104  288.9935
5085.3542473944  333.3525
5085.39930919516  318.5184
5085.44436790315  310.235
5085.48942351818  313.2701
5085.53447604009  315.6404
5085.57952546868  301.769
5085.62457180379  303.2782
5085.66961504523  332.77
5085.71465519282  296.2991
5085.7596922464  293.8639
5085.80472620576  311.5662
5085.84975707075  303.0819
5085.89478484118  318.9178
5085.93980951688  310.1373
5085.98483109765  317.4853
5086.02984958334  330.9226
5086.07486497375  346.2639
5086.11987726871  332.6035
5086.16488646805  284.8372
5086.20989257158  306.5085
5086.25489557912  320.691
5086.29989549051  321.6164
5086.34489230555  302.7254
5086.38988602408  313.7124
5086.43487664591  309.2265
5086.47986417087  320.1385
5086.52484859877  342.2509
5086.56982992945  322.6199
5086.61480816272  342.5518
5086.6597832984  303.0145
5086.70475533633  286.2267
5086.74972427631  300.6724
5086.79469011818  306.6015
5086.83965286175  311.6596
5086.88461250685  297.1028
5086.9295690533  316.7569
5086.97452250092  320.1989
5087.01947284953  299.3183
5087.06442009897  288.0753
5087.10936424904  323.0157
5087.15430529958  281.758
5087.1992432504  288.2506
5087.24417810133  312.5798
5087.2891098522  315.2106
5087.33403850281  327.7783
5087.37896405301  302.5984
5087.4238865026  303.9469
5087.46880585142  298.1158
5087.51372209928  307.0153
5087.55863524601  306.9522
5087.60354529144  280.576
5087.64845223538  303.43
5087.69335607765  326.7176
5087.73825681809  326.2427
5087.78315445651  307.8242
5087.82804899274  300.7905
5087.87294042661  314.0087
5087.91782875792  315.8818
5087.96271398652  296.217
5088.00759611221  308.8084
5088.05247513483  314.9651
5088.0973510542  307.0106
5088.14222387013  294.4995
5088.18709358246  293.3503
5088.23196019102  308.5468
5088.27682369561  313.4747
5088.32168409607  327.9397
5088.36654139221  303.8066
5088.41139558387  293.4178
5088.45624667087  297.0568
5088.50109465303  327.3651
5088.54593953017  337.3359
5088.59078130212  310.3084
5088.6356199687  330.2479
5088.68045552974  310.6838
5088.72528798506  322.4544
5088.77011733448  308.3214
5088.81494357783  290.2457
5088.85976671493  314.0103
5088.90458674561  290.7226
5088.94940366968  307.1342
5088.99421748698  284.0508
5089.03902819733  301.6679
5089.08383580055  296.1263
5089.12864029647  335.1877
5089.17344168492  304.1579
5089.2182399657  288.4486
5089.26303513865  291.393
5089.3078272036  316.7605
5089.35261616037  307.9295
5089.39740200878  331.8973
5089.44218474867  293.5158
5089.48696437984  287.7812
5089.53174090212  290.7171
5089.57651431535  316.2297
5089.62128461935  305.5634
5089.66605181394  294.0186
5089.71081589894  289.6525
5089.75557687418  276.0587
5089.80033473949  264.9763
5089.84508949469  303.5476
5089.8898411396  320.3177
5089.93458967406  307.7306
5089.97933509787  326.1011
5090.02407741088  318.538
5090.06881661291  325.0722
5090.11355270377  298.5046
5090.1582856833  314.6754
5090.20301555131  291.0221
5090.24774230764  287.6847
5090.29246595212  306.0331
5090.33718648456  319.6248
5090.38190390478  314.0653
5090.42661821263  296.2049
5090.47132940792  324.6584
5090.51603749047  303.8126
5090.56074246012  317.1024
5090.60544431668  314.9658
5090.65014305999  251.9988
5090.69483868987  300.32
5090.73953120614  305.1994
5090.78422060863  309.1532
5090.82890689716  321.1322
5090.87359007157  302.0302
5090.91827013168  314.2722
5090.9629470773  294.3067
5091.00762090828  309.3511
5091.05229162443  284.6699
5091.09695922558  292.4673
5091.14162371156  297.539
5091.18628508218  305.5768
5091.23094333729  337.9128
5091.2755984767  275.209
5091.32025050024  300.5535
5091.36489940774  308.2412
5091.40954519902  318.975
5091.4541878739  303.3931
5091.49882743222  308.8655
5091.5434638738  298.6572
5091.58809719847  301.176
5091.63272740605  283.0982
5091.67735449637  300.8302
5091.72197846926  299.7098
5091.76659932453  282.5083
5091.81121706203  323.8175
5091.85583168157  328.2247
5091.90044318298  299.1173
5091.94505156609  298.1051
5091.98965683073  299.1067
5092.03425897672  320.4164
5092.07885800388  331.9272
5092.12345391205  294.0795
5092.16804670105  313.3906
5092.21263637071  319.8581
5092.25722292085  299.8061
5092.30180635131  313.3113
5092.3463866619  316.723
5092.39096385246  326.5157
5092.43553792281  283.4773
5092.48010887278  331.0619
5092.52467670219  306.5198
5092.56924141088  278.9651
5092.61380299867  307.1746
5092.65836146538  314.0734
5092.70291681085  295.0806
5092.7474690349  314.712
5092.79201813737  305.6331
5092.83656411806  305.1398
5092.88110697682  289.5096
5092.92564671347  272.7861
5092.97018332784  323.8068
5093.01471681975  324.4626
5093.05924718904  289.8732
5093.10377443553  289.5832
5093.14829855904  281.8094
5093.19281955941  311.891
5093.23733743647  313.9966
5093.28185219003  311.061
5093.32636381993  295.7705
5093.370872326  295.68
5093.41537770806  294.5805
5093.45987996594  319.1021
5093.50437909947  331.257
5093.54887510848  313.8005
5093.5933679928  311.317
5093.63785775224  314.4753
5093.68234438665  326.7896
5093.72682789584  340.6087
5093.77130827965  313.9157
5093.81578553791  300.0921
5093.86025967044  317.2566
5093.90473067707  320.1617
5093.94919855762  282.7543
5093.99366331194  307.0895
5094.03812493984  313.9983
5094.08258344115  286.9275
5094.1270388157  296.4596
5094.17149106333  295.7915
5094.21594018385  295.825
5094.2603861771  273.0574
5094.30482904291  294.2038
5094.3492687811  327.3391
5094.3937053915  317.5501
5094.43813887394  309.2285
5094.48256922825  296.8566
5094.52699645426  300.7701
5094.5714205518  303.4724
5094.61584152069  282.1675
5094.66025936076  309.3131
5094.70467407185  314.4867
5094.74908565378  282.8155
5094.79349410638  315.5618
5094.83789942948  284.0502
5094.8823016229  321.3264
5094.92670068649  316.3441
5094.97109662006  319.0992
5095.01548942344  300.7915
5095.05987909647  300.131
5095.10426563897  296.6619
5095.14864905077  331.3831
5095.19302933171  304.962
5095.23740648161  297.2327
5095.28178050029  328.0885
5095.32615138759  316.2349
5095.37051914335  306.6756
5095.41488376738  336.4067
5095.45924525951  323.3533
5095.50360361959  308.8437
5095.54795884742  315.6542
5095.59231094286  310.4095
5095.63665990572  313.2753
5095.68100573583  332.2215
5095.72534843303  319.5254
5095.76968799714  286.25
5095.81402442799  329.3227
5095.85835772542  308.4758
5095.90268788925  312.7144
5095.94701491931  308.9095
5095.99133881544  327.2776
5096.03565957745  288.4138
5096.07997720519  296.0948
5096.12429169847  308.0849
5096.16860305714  310.5822
5096.21291128103  299.7539
5096.25721636995  284.1499
5096.30151832374  342.9629
5096.34581714224  320.5715
5096.39011282527  329.1219
5096.43440537266  317.1162
5096.47869478424  327.7563
5096.52298105985  318.9729
5096.5672641993  295.8242
5096.61154420244  308.8369
5096.6558210691  300.2976
5096.70009479909  310.6674
5096.74436539227  329.8211
5096.78863284844  301.952
5096.83289716745  314.8625
5096.87715834913  313.0241
5096.9214163933  292.8661
5096.9656712998  289.0719
5097.00992306845  283.403
5097.0541716991  320.0576
5097.09841719156  335.8443
5097.14265954567  308.7323
5097.18689876126  292.3211
5097.23113483816  311.8166
5097.2753677762  322.8614
5097.31959757522  312.0823
5097.36382423504  314.3914
5097.40804775549  325.9901
5097.45226813641  322.2827
5097.49648537762  295.7622
5097.54069947897  277.543
5097.58491044027  299.7388
5097.62911826136  294.8084
5097.67332294207  312.4975
5097.71752448223  331.5678
5097.76172288167  312.7478
5097.80591814024  290.6633
5097.85011025774  311.7527
5097.89429923402  299.3092
5097.93848506891  302.2808
5097.98266776224  303.6
5098.02684731385  309.4806
5098.07102372355  301.5347
5098.11519699119  311.8907
5098.15936711659  310.7367
5098.20353409959  336.7208
5098.24769794003  325.3755
5098.29185863772  307.1148
5098.3360161925  311.2148
5098.38017060421  319.1777
5098.42432187267  311.0706
5098.46846999772  291.0313
5098.51261497919  303.6336
5098.55675681692  307.4721
5098.60089551072  312.2361
5098.64503106044  324.3094
5098.6891634659  311.8243
5098.73329272695  276.2542
5098.77741884341  299.7771
5098.82154181511  285.5381
5098.86566164189  307.3035
5098.90977832357  317.5444
5098.95389185999  292.6634
5098.99800225099  321.451
5099.04210949639  288.322
5099.08621359602  302.2951
5099.13031454973  308.8373
5099.17441235733  323.6087
5099.21850701867  326.8723
5099.26259853358  301.2681
5099.30668690188  303.8546
5099.35077212342  318.6145
5099.39485419802  310.0286
5099.43893312551  291.4492
5099.48300890574  306.4051
5099.52708153852  289.6119
5099.5711510237  304.4696
5099.61521736111  295.621
5099.65928055058  299.4549
5099.70334059194  330.5685
5099.74739748502  314.6031
5099.79145122966  297.9897
5099.8355018257  318.1806
5099.87954927296  315.1792
5099.92359357127  306.6302
5099.96763472047  296.1372
5100.0116727204  327.3318
5100.05570757089  315.673
5100.09973927176  296.0486
5100.14376782286  299.8864
5100.18779322401  310.7201
5100.23181547505  321.2766
5100.27583457581  307.5504
5100.31985052613  300.7742
5100.36386332583  275.1859
5100.40787297477  291.7355
5100.45187947275  311.6814
5100.49588281963  285.3657
5100.53988301522  328.1715
5100.58388005938  277.2623
5100.62787395192  309.4324
5100.67186469268  328.4344
5100.71585228151  319.7431
5100.75983671822  310.6734
5100.80381800266  298.1709
5100.84779613466  302.2558
5100.89177111404  302.7972
5100.93574294065  297.552
5100.97971161433  304.6839
5101.02367713489  320.945
5101.06763950219  311.7912
5101.11159871604  305.8525
5101.15555477629  294.9366
5101.19950768277  301.0042
5101.24345743531  314.7794
5101.28740403375  313.7326
5101.33134747792  283.2493
5101.37528776765  317.3987
5101.41922490279  301.4723
5101.46315888316  302.3054
5101.5070897086  303.1681
5101.55101737894  311.4236
5101.59494189402  294.3292
5101.63886325367  303.7256
5101.68278145772  309.7502
5101.72669650602  314.8666
5101.77060839839  335.6461
5101.81451713467  319.7394
5101.85842271469  286.3123
5101.90232513829  297.2449
5101.94622440531  322.7633
5101.99012051557  297.4905
5102.03401346891  312.7417
5102.07790326518  304.0613
5102.12178990419  299.6204
5102.16567338579  300.5167
5102.20955370981  282.2977
5102.25343087609  291.0872
5102.29730488446  302.4071
5102.34117573476  304.6342
5102.38504342682  321.5727
5102.42890796047  290.9174
5102.47276933555  301.049
5102.51662755191  276.9448
5102.56048260936  271.1442
5102.60433450775  302.8875
5102.64818324692  309.8108
5102.69202882668  295.6272
5102.7358712469  320.6198
5102.77971050739  282.1921
5102.82354660799  330.6836
5102.86737954854  297.1636
5102.91120932888  289.1241
5102.95503594884  315.1845
5102.99885940825  317.2595
5103.04267970695  288.3176
5103.08649684477  320.972
5103.13031082156  294.1419
5103.17412163715  313.6825
5103.21792929137  328.3094
5103.26173378406  323.3056
5103.30553511505  299.8519
5103.34933328418  304.3051
5103.39312829129  291.0081
5103.43692013621  311.5504
5103.48070881878  343.9899
5103.52449433883  317.7064
5103.56827669621  313.011
5103.61205589073  313.5835
5103.65583192225  325.6832
5103.6996047906  310.6031
5103.74337449561  282.4522
5103.78714103712  320.0162
5103.83090441497  296.8014
5103.87466462899  313.4078
5103.91842167902  294.8417
5103.96217556489  307.0392
5104.00592628644  323.1268
5104.04967384352  302.6073
5104.09341823594  295.7037
5104.13715946356  276.2403
5104.1808975262  314.7244
5104.22463242371  297.9277
5104.26836415592  303.3729
5104.31209272266  315.7049
5104.35581812378  301.4816
5104.3995403591  299.3748
5104.44325942847  315.0026
5104.48697533173  285.4392
5104.5306880687  330.5757
5104.57439763924  283.6583
5104.61810404316  317.2218
5104.66180728032  300.4358
5104.70550735054  317.3199
5104.74920425367  301.5592
5104.79289798953  307.201
5104.83658855798  310.0848
5104.88027595884  308.3596
5104.92396019196  284.0504
5104.96764125716  313.6964
5105.01131915429  316.4799
5105.05499388318  328.3484
5105.09866544368  312.6932
5105.14233383561  297.487
5105.18599905882  300.7935
5105.22966111314  303.9527
5105.27331999841  297.0095
5105.31697571446  308.6066
5105.36062826115  294.9583
5105.40427763829  330.6128
5105.44792384574  317.877
5105.49156688332  327.5159
5105.53520675088  313.0483
5105.57884344825  307.0002
5105.62247697527  324.466
5105.66610733178  328.7829
5105.70973451761  309.2225
5105.75335853261  307.9483
5105.7969793766  297.1185
5105.84059704944  313.0203
5105.88421155096  295.3682
5105.92782288099  308.0344
5105.97143103937  285.2269
5106.01503602594  317.9539
5106.05863784054  326.3463
5106.10223648301  301.3731
5106.14583195318  321.5747
5106.1894242509  297.427
5106.23301337599  305.3404
5106.27659932831  321.5209
5106.32018210768  324.9906
5106.36376171395  300.8903
5106.40733814696  272.2769
5106.45091140653  312.5103
5106.49448149252  296.8238
5106.53804840475  323.5197
5106.58161214307  315.3645
5106.62517270732  280.0796
5106.66873009734  317.2816
5106.71228431295  296.7169
5106.75583535401  301.4869
5106.79938322035  285.0954
5106.84292791181  289.6034
5106.88646942822  294.6541
5106.93000776943  320.3713
5106.97354293528  325.0064
5107.0170749256  318.8901
5107.06060374023  292.462
5107.10412937901  293.4997
5107.14765184179  312.5054
5107.19117112839  300.3965
5107.23468723866  306.9748
5107.27820017244  329.2319
5107.32170992957  333.361
5107.36521650988  304.6443
5107.40871991322  284.9504
5107.45222013942  312.0955
5107.49571718832  308.9236
5107.53921105976  307.6237
5107.58270175359  276.2782
5107.62618926964  292.8776
5107.66967360774  306.7558
5107.71315476775  273.3904
5107.7566327495  323.4609
5107.80010755282  310.739
5107.84357917756  305.6428
5107.88704762356  298.0852
5107.93051289065  307.2316
5107.97397497869  286.0258
5108.0174338875  293.5406
5108.06088961692  310.5228
5108.1043421668  291.3005
5108.14779153697  293.613
5108.19123772728  298.955
5108.23468073756  302.4465
5108.27812056766  297.3138
5108.32155721741  304.0189
5108.36499068666  296.4364
5108.40842097524  280.576
5108.45184808299  303.4831
5108.49527200976  306.0162
5108.53869275539  300.2931
5108.5821103197  282.2351
5108.62552470256  294.7905
5108.66893590378  275.3833
5108.71234392322  302.7878
5108.75574876072  288.8042
5108.79915041611  308.0211
5108.84254888924  323.4631
5108.88594417994  277.2455
5108.92933628806  289.7003
5108.97272521344  272.8335
5109.01611095591  305.6263
5109.05949351532  314.9951
5109.10287289151  309.0297
5109.14624908432  311.3722
5109.18962209358  310.8416
5109.23299191915  296.1697
5109.27635856086  300.4602
5109.31972201854  294.8524
5109.36308229205  285.7542
5109.40643938123  291.7383
5109.4497932859  303.1222
5109.49314400592  326.5445
5109.53649154113  278.1584
5109.57983589136  306.6356
5109.62317705646  315.3987
5109.66651503627  315.2844
5109.70984983063  274.1089
5109.75318143937  294.4026
5109.79650986235  297.0613
5109.8398350994  304.964
5109.88315715037  315.4204
5109.92647601508  312.606
5109.9697916934  305.641
5110.01310418515  286.2919
5110.05641349018  293.7912
5110.09971960833  315.511
5110.14302253944  311.7345
5110.18632228335  313.3289
5110.22961883991  290.471
5110.27291220896  278.6295
5110.31620239033  301.1802
5110.35948938387  296.4167
5110.40277318942  307.2487
5110.44605380682  313.2166
5110.48933123591  316.5115
5110.53260547654  296.3595
5110.57587652855  317.5278
5110.61914439178  290.2968
5110.66240906607  278.7963
5110.70567055125  313.2152
5110.74892884719  292.7517
5110.7921839537  305.2586
5110.83543587065  294.0575
5110.87868459787  312.1854
5110.9219301352  296.0899
5110.96517248248  328.6746
5111.00841163957  285.3794
5111.05164760628  295.453
5111.09488038248  287.6083
5111.13810996801  304.8233
5111.18133636269  295.5303
5111.22455956639  295.1561
5111.26777957893  296.6268
5111.31099640017  303.0184
5111.35421002994  301.6292
5111.39742046808  314.1886
5111.44062771445  296.8378
5111.48383176888  320.4143
5111.52703263121  299.9425
5111.57023030129  309.4465
5111.61342477896  320.6405
5111.65661606406  321.7608
5111.69980415643  309.1254
5111.74298905593  330.2413
5111.78617076238  307.7957
5111.82934927563  285.5773
5111.87252459554  301.8745
5111.91569672193  290.084
5111.95886565465  282.9318
5112.00203139354  317.7713
5112.04519393845  326.9155
5112.08835328923  291.7854
5112.1315094457  298.657
5112.17466240773  325.7366
5112.21781217514  292.5291
5112.26095874778  294.5913
5112.3041021255  305.9023
5112.34724230814  312.8586
5112.39037929554  314.0543
5112.43351308755  306.537
5112.47664368401  301.5484
5112.51977108476  299.1257
5112.56289528964  304.2599
5112.6060162985  303.1636
5112.64913411119  290.7993
5112.69224872754  294.9944
5112.7353601474  291.7023
5112.77846837061  307.3021
5112.82157339702  306.5486
5112.86467522647  290.1115
5112.90777385881  309.8532
5112.95086929387  294.8859
5112.9939615315  307.2373
5113.03705057155  310.6091
5113.08013641386  282.6088
5113.12321905827  306.6505
5113.16629850463  279.9395
5113.20937475277  316.9595
5113.25244780255  312.6355
5113.29551765381  296.9465
5113.3385843064  291.4589
5113.38164776015  304.6965
5113.42470801491  307.1758
5113.46776507052  301.9428
5113.51081892684  307.3157
5113.5538695837  291.5984
5113.59691704094  297.2061
5113.63996129842  317.3056
5113.68300235597  307.5155
5113.72604021345  306.7578
5113.76907487068  251.3872
5113.81210632753  322.7939
5113.85513458383  283.5234
5113.89815963943  305.7352
5113.94118149418  305.4818
5113.98420014791  304.0383
5114.02721560047  307.4804
5114.07022785171  287.4761
5114.11323690147  295.7881
5114.1562427496  288.216
5114.19924539593  297.6991
5114.24224484032  288.1126
5114.28524108262  299.4893
5114.32823412265  293.3031
5114.37122396028  321.337
5114.41421059534  275.2492
5114.45719402769  308.8463
5114.50017425716  303.9203
5114.54315128359  280.5377
5114.58612510685  294.7734
5114.62909572676  296.5573
5114.67206314318  284.5347
5114.71502735595  296.2074
5114.75798836491  298.795
5114.80094616992  307.9182
5114.84390077081  317.7544
5114.88685216743  311.992
5114.92980035963  278.9776
5114.97274534726  297.4023
5115.01568713015  309.9099
5115.05862570815  325.8188
5115.10156108111  301.9795
5115.14449324888  279.8382
5115.18742221129  289.5786
5115.23034796821  303.1717
5115.27327051946  305.2231
5115.3161898649  283.3761
5115.35910600437  295.5962
5115.40201893772  323.2245
5115.4449286648  291.4656
5115.48783518544  324.2704
5115.5307384995  296.2467
5115.57363860683  271.1709
5115.61653550725  315.1222
5115.65942920064  302.7852
5115.70231968682  301.0016
5115.74520696565  292.8031
5115.78809103697  313.5631
5115.83097190062  320.1331
5115.87384955646  321.1915
5115.91672400434  313.5946
5115.95959524408  297.7778
5116.00246327555  277.3777
5116.04532809859  290.0036
5116.08818971304  327.4163
5116.13104811876  298.326
5116.17390331558  285.2691
5116.21675530336  328.6762
5116.25960408194  309.2248
5116.30244965117  291.6956
5116.34529201089  298.368
5116.38813116094  284.2743
5116.43096710119  319.7823
5116.47379983147  329.5024
5116.51662935164  302.7368
5116.55945566152  302.0768
5116.60227876098  318.3675
5116.64509864987  307.8412
5116.68791532802  298.3167
5116.73072879528  305.2225
5116.77353905151  269.9596
5116.81634609654  332.6228
5116.85914993023  293.5654
5116.90195055242  295.0588
5116.94474796296  288.0954
5116.9875421617  281.6822
5117.03033314848  282.8322
5117.07312092315  279.4983
5117.11590548556  283.3672
5117.15868683555  282.6273
5117.20146497298  296.0056
5117.24423989768  287.5767
5117.28701160951  304.2549
5117.32978010832  302.8122
5117.37254539395  301.55
5117.41530746625  283.8172
5117.45806632506  308.5876
5117.50082197023  298.1621
5117.54357440162  267.2358
5117.58632361907  285.3166
5117.62906962243  278.1786
5117.67181241153  301.2525
5117.71455198625  306.0148
5117.75728834641  295.0208
5117.80002149187  300.5034
5117.84275142247  289.4045
5117.88547813807  298.819
5117.9282016385  295.0396
5117.97092192363  315.8174
5118.0136389933  266.7922
5118.05635284735  323.5259
5118.09906348563  300.0749
5118.14177090799  292.172
5118.18447511428  287.3484
5118.22717610435  286.6162
5118.26987387805  282.2796
5118.31256843521  307.9762
5118.3552597757  311.434
5118.39794789937  283.8938
5118.44063280604  281.6827
5118.48331449559  298.9636
5118.52599296785  308.9026
5118.56866822267  279.9376
5118.6113402599  297.613
5118.6540090794  275.392
5118.696674681  307.8171
5118.73933706457  315.6837
5118.78199622993  291.7863
5118.82465217696  298.4542
5118.86730490548  301.4922
5118.90995441536  303.9174
5118.95260070644  294.1351
5118.99524377857  288.9391
5119.03788363159  329.3127
5119.08052026536  266.4672
5119.12315367973  296.94
5119.16578387454  291.471
5119.20841084965  287.9663
5119.2510346049  295.7951
5119.29365514015  277.8359
5119.33627245523  313.7589
5119.37888655  314.2492
5119.42149742431  298.9848
5119.46410507801  287.1993
5119.50670951095  308.9434
5119.54931072298  299.2793
5119.59190871393  279.4676
5119.63450348368  302.7447
5119.67709503206  287.4166
5119.71968335893  299.4081
5119.76226846412  289.3976
5119.8048503475  284.6413
5119.84742900891  314.154
5119.89000444821  319.6844
5119.93257666523  290.0936
5119.97514565984  311.6827
5120.01771143188  315.7665
5120.06027398119  303.9664
5120.10283330764  301.2552
5120.14538941107  334.6174
5120.18794229132  282.274
5120.23049194826  319.463
5120.27303838172  302.9384
5120.31558159157  302.6742
5120.35812157764  313.2716
5120.40065833979  313.2034
5120.44319187787  315.7932
5120.48572219173  313.1081
5120.52824928122  321.6136
5120.57077314618  314.7612
5120.61329378648  288.5274
5120.65581120196  297.5702
5120.69832539246  330.6422
5120.74083635784  301.3128
5120.78334409796  322.7895
5120.82584861265  290.8476
5120.86834990178  314.1799
5120.91084796518  316.4856
5120.95334280272  303.5742
5120.99583441424  286.6535
5121.03832279959  295.4602
5121.08080795862  295.364
5121.12328989119  327.3326
5121.16576859714  270.2152
5121.20824407633  310.1964
5121.2507163286  273.3615
5121.29318535381  294.9856
5121.33565115181  320.7747
5121.37811372244  287.9278
5121.42057306556  290.459
5121.46302918102  321.8674
5121.50548206867  324.9225
5121.54793172836  291.1201
5121.59037815994  317.0158
5121.63282136327  297.0692
5121.67526133818  293.356
5121.71769808455  312.3191
5121.76013160221  287.6972
5121.80256189102  315.3451
5121.84498895082  303.2969
5121.88741278148  318.4092
5121.92983338284  309.1998
5121.97225075475  294.7926
5122.01466489706  277.213
5122.05707580962  288.9881
5122.0994834923  308.2555
5122.14188794493  307.1097
5122.18428916737  308.6372
5122.22668715947  308.4663
5122.26908192108  319.0024
5122.31147345206  303.5109
5122.35386175225  296.6301
5122.39624682151  280.202
5122.43862865968  270.2582
5122.48100726663  283.7958
5122.5233826422  292.054
5122.56575478624  313.857
5122.60812369861  300.3993
5122.65048937916  308.3317
5122.69285182773  326.7568
5122.73521104419  299.4485
5122.77756702838  273.743
5122.81991978015  294.8387
5122.86226929936  296.2885
5122.90461558586  320.4276
5122.9469586395  319.9498
5122.98929846014  276.3001
5123.03163504762  300.5958
5123.0739684018  291.3855
5123.11629852253  304.7301
5123.15862540966  302.743
5123.20094906305  302.9581
5123.24326948254  308.0666
5123.28558666799  300.5009
5123.32790061926  300.7036
5123.37021133619  300.907
5123.41251881864  301.1108
5123.45482306645  286.1479
5123.49712407949  309.3244
5123.5394218576  292.3495
5123.58171640064  314.8419
5123.62400770846  299.0999
5123.66629578091  311.2809
5123.70858061785  297.326
5123.75086221912  300.7192
5123.79314058459  320.0428
5123.8354157141  283.4495
5123.8776876075  298.3634
5123.91995626466  323.1902
5123.96222168542  282.9373
5124.00448386963  294.5607
5124.04674281715  311.8951
5124.08899852784  293.5603
5124.13125100154  305.3167
5124.1735002381  324.3554
5124.21574623739  283.4036
5124.25798899926  311.2122
5124.30022852354  326.438
5124.34246481011  270.0914
5124.38469785882  303.5544
5124.42692766951  328.4799
5124.46915424204  314.0894
5124.51137757627  301.4639
5124.55359767205  301.0479
5124.59581452922  313.4924
5124.63802814765  305.1154
5124.68023852719  293.8629
5124.7224456677  293.1839
5124.76464956901  306.349
5124.806850231  298.2314
5124.84904765351  321.8602
5124.89124183639  304.3363
5124.93343277951  315.9099
5124.97562048271  335.5979
5125.01780494585  315.9098
5125.05998616878  323.2533
5125.10216415136  305.1533
5125.14433889344  281.4371
5125.18651039487  291.808
5125.22867865551  289.4641
5125.27084367521  290.241
5125.31300545383  308.8239
5125.35516399121  276.4104
5125.39731928723  299.0085
5125.43947134172  334.0583
5125.48162015454  264.4139
5125.52376572556  326.2106
5125.56590805461  281.8236
5125.60804714156  289.5503
5125.65018298626  321.2442
5125.69231558856  302.8991
5125.73444494833  320.8205
5125.77657106541  291.5791
5125.81869393965  292.3875
5125.86081357092  314.5862
5125.90292995907  284.1719
5125.94504310395  317.5697
5125.98715300542  314.9454
5126.02925966332  309.7197
5126.07136307753  324.0256
5126.11346324788  328.0466
5126.15556017424  325.9354
5126.19765385646  292.0942
5126.2397442944  297.5757
5126.28183148791  328.2258
5126.32391543684  298.9709
5126.36599614106  294.1219
5126.40807360041  281.6523
5126.45014781475  319.0192
5126.49221878394  307.3423
5126.53428650783  317.5742
5126.57635098627  308.1925
5126.61841221912  296.8898
5126.66047020625  303.9477
5126.70252494749  319.5527
5126.74457644271  276.7002
5126.78662469177  318.3581
5126.82866969451  300.2129
5126.87071145079  279.4783
5126.91274996048  281.9124
5126.95478522342  278.4597
5126.99681723947  287.0646
5127.03884600848  288.5175
5127.08087153032  270.7634
5127.12289380483  316.0836
5127.16491283187  316.3257
5127.20692861131  314.6758
5127.24894114299  256.228
5127.29095042676  278.6418
5127.3329564625  319.5666
5127.37495925004  323.7657
5127.41695878925  292.134
5127.45895507999  330.7729
5127.5009481221  274.8662
5127.54293791545  324.5254
5127.5849244599  306.171
5127.62690775529  292.757
5127.66888780148  314.1998
5127.71086459833  302.9809
5127.7528381457  309.7824
5127.79480844344  292.4322
5127.83677549141  299.0664
5127.87873928946  289.1158
5127.92069983746  298.8957
5127.96265713525  299.0412
5128.0046111827  290.8105
5128.04656197966  298.0857
5128.08850952598  286.9019
5128.13045382153  335.7093
5128.17239486615  304.1214
5128.21433265971  272.4096
5128.25626720207  318.8004
5128.29819849307  273.2131
5128.34012653259  317.1844
5128.38205132046  315.0081
5128.42397285656  310.2371
5128.46589114073  290.8693
5128.50780617283  326.2444
5128.54971795273  299.2723
5128.59162648027  291.9304
5128.63353175532  303.1327
5128.67543377773  307.4754
5128.71733254735  300.6085
5128.75922806405  323.8636
5128.80112032769  298.4874
5128.84300933811  313.156
5128.88489509518  324.3434
5128.92677759876  334.4103
5128.96865684869  327.6367
5129.01053284485  286.2727
5129.05240558707  289.3
5129.09427507524  278.5356
5129.13614130919  292.6752
5129.17800428879  319.5624
5129.21986401389  298.7178
5129.26172048436  288.4222
5129.30357370005  308.3735
5129.34542366081  301.5298
5129.38727036651  312.5455
5129.42911381701  297.567
5129.47095401215  277.1981
5129.51279095181  280.9599
5129.55462463583  287.4145
5129.59645506407  302.5457
5129.63828223639  305.3387
5129.68010615266  285.2799
5129.72192681272  307.9244
5129.76374421643  296.8127
5129.80555836366  278.6928
5129.84736925426  290.7764
5129.88917688809  295.9703
5129.93098126501  313.2881
5129.97278238487  291.1151
5130.01458024754  281.9446
5130.05637485287  314.5413
5130.09816620072  286.5765
5130.13995429094  295.5763
5130.1817391234  277.9136
5130.22352069796  266.3345
5130.26529901447  288.656
5130.30707407279  271.5809
5130.34884587278  307.7674
5130.3906144143  289.2518
5130.4323796972  280.7399
5130.47414172135  294.9598
5130.51590048661  297.812
5130.55765599283  303.1649
5130.59940823986  276.6126
5130.64115722758  306.5009
5130.68290295584  341.2974
5130.72464542449  283.265
5130.7663846334  279.976
5130.80812058242  316.037
5130.84985327142  331.6477
5130.89158270025  322.7516
5130.93330886877  288.8428
5130.97503177684  263.0348
5131.01675142432  329.679
5131.05846781107  296.1377
5131.10018093695  269.0883
5131.14189080181  314.0821
5131.18359740551  291.5193
5131.22530074793  312.2003
5131.2670008289  293.3242
5131.3086976483  272.6082
5131.35039120598  280.7492
5131.39208150181  295.7
5131.43376853563  309.756
5131.47545230732  308.9036
5131.51713281672  293.7778
5131.55881006371  289.064
5131.60048404813  254.8499
5131.64215476986  313.2233
5131.68382222874  273.394
5131.72548642463  288.7274
5131.76714735741  294.2124
5131.80880502692  277.1231
5131.85045943303  324.0958
5131.89211057559  332.0142
5131.93375845447  293.7537
5131.97540306953  293.881
5132.01704442062  290.6855
5132.05868250761  303.4187
5132.10031733035  333.0802
5132.14194888871  315.0433
5132.18357718254  317.3022
5132.22520221171  303.8077
5132.26682397608  321.5191
5132.3084424755  282.792
5132.35005770983  283.6833
5132.39166967894  284.9466
5132.43327838269  300.5739
5132.47488382094  314.0808
5132.51648599354  298.2221
5132.55808490036  302.1396
5132.59968054125  302.9702
5132.64127291609  292.0004
5132.68286202472  285.3374
5132.72444786701  297.9763
5132.76603044282  280.6808
5132.80760975201  269.713
5132.84918579444  333.5918
5132.89075856997  267.569
5132.93232807846  272.4314
5132.97389431977  294.5326
5133.01545729377  286.1137
5133.05701700031  309.9374
5133.09857343926  283.9727
5133.14012661047  311.9314
5133.1816765138  310.0996
5133.22322314913  268.5249
5133.2647665163  279.4831
5133.30630661518  283.0882
5133.34784344562  304.5046
5133.3893770075  258.0317
5133.43090730068  281.0797
5133.472434325  320.0996
5133.51395808034  299.407
5133.55547856656  301.4352
5133.59699578351  289.9829
5133.63850973106  317.1577
5133.68002040906  280.8788
5133.72152781739  282.915
5133.7630319559  308.7375
5133.80453282445  282.8406
5133.84603042291  274.8661
5133.88752475114  286.12
5133.92901580899  313.0585
5133.97050359633  296.1263
5134.01198811302  301.804
5134.05346935892  315.0798
5134.0949473339  296.433
5134.13642203781  290.6828
5134.17789347052  280.9493
5134.21936163189  288.8673
5134.26082652178  293.2725
5134.30228814005  326.2836
5134.34374648657  313.4251
5134.38520156119  281.4499
5134.42665336378  265.6028
5134.4681018942  287.81
5134.50954715231  272.9889
5134.55098913798  284.2829
5134.59242785106  318.3784
5134.63386329143  287.1527
5134.67529545893  283.8406
5134.71672435344  293.835
5134.75814997481  287.5158
5134.79957232291  328.4944
5134.84099139759  255.1612
5134.88240719873  284.6772
5134.92381972619  327.8797
5134.96522897982  274.022
5135.00663495949  309.4643
5135.04803766506  284.0186
5135.08943709639  317.0704
5135.13083325335  294.1088
5135.17222613581  277.9003
5135.21361574361  290.3391
5135.25500207663  270.0833
5135.29638513472  276.9772
5135.33776491775  306.5097
5135.37914142559  311.5269
5135.42051465809  288.5842
5135.46188461512  306.7072
5135.50325129654  286.6321
5135.54461470222  295.1643
5135.58597483201  314.4869
5135.62733168578  286.9582
5135.66868526339  292.1808
5135.71003556471  299.3413
5135.7513825896  288.7462
5135.79272633792  301.7749
5135.83406680954  300.4925
5135.87540400431  277.5576
5135.91673792211  311.61
5135.95806856279  304.017
5135.99939592622  269.4018
5136.04072001226  299.6575
5136.08204082078  285.8531
5136.12335835163  306.8172
5136.16467260468  259.9483
5136.20598357981  316.1537
5136.24729127685  292.16
5136.2885956957  275.1761
5136.32989683619  317.2203
5136.37119469821  300.3109
5136.41248928161  298.773
5136.45378058626  320.5153
5136.49506861201  275.3632
5136.53635335874  284.2963
5136.57763482631  280.3681
5136.61891301458  301.2227
5136.66018792342  315.1154
5136.70145955268  290.9343
5136.74272790224  327.5251
5136.78399297196  277.7676
5136.8252547617  285.5737
5136.86651327133  291.905
5136.9077685007  315.8193
5136.94902044969  293.9689
5136.99026911815  298.4738
5137.03151450596  277.5805
5137.07275661297  298.2711
5137.11399543906  270.2502
5137.15523098408  285.6681
5137.1964632479  333.9861
5137.23769223038  307.2501
5137.27891793139  293.8252
5137.32014035079  344.7816
5137.36135948845  300.5807
5137.40257534423  311.1171
5137.443787918  298.2815
5137.48499720962  292.993
5137.52620321895  302.6698
5137.56740594586  293.6441
5137.60860539021  299.4018
5137.64980155188  308.7682
5137.69099443072  302.2696
5137.7321840266  289.8782
5137.77337033938  296.1831
5137.81455336893  256.917
5137.85573311512  312.2016
5137.8969095778  298.8999
5137.93808275685  273.3871
5137.97925265212  314.7556
5138.02041926349  264.591
5138.06158259081  273.3003
5138.10274263396  298.8385
5138.1438993928  268.5978
5138.18505286719  281.2431
5138.226203057  315.3397
5138.2673499621  327.4496
5138.30849358235  297.5227
5138.34963391761  285.2719
5138.39077096775  300.7216
5138.43190473263  298.6425
5138.47303521213  317.3038
5138.51416240611  317.516
5138.55528631442  307.8456
5138.59640693695  283.3121
5138.63752427355  268.7986
5138.67863832408  300.5253
5138.71974908843  253.066
5138.76085656644  299.2742
5138.80196075799  315.9396
5138.84306166294  282.4393
5138.88415928116  304.1907
5138.92525361251  272.8458
5138.96634465686  287.3301
5139.00743241408  301.3198
5139.04851688402  307.4549
5139.08959806657  269.919
5139.13067596158  289.0883
5139.17175056892  306.671
5139.21282188845  264.4633
5139.25388992004  290.9683
5139.29495466356  287.9002
5139.33601611888  281.2102
5139.37707428586  297.9921
5139.41812916436  303.0314
5139.45918075425  312.7415
5139.50022905541  287.736
5139.54127406769  306.3069
5139.58231579096  339.6991
5139.62335422509  306.1033
5139.66438936994  278.2311
5139.70542122539  288.6348
5139.74644979129  294.4084
5139.78747506752  330.2956
5139.82849705394  278.0275
5139.86951575042  302.0118
5139.91053115682  272.6021
5139.95154327301  310.9437
5139.99255209886  300.4539
5140.03355763423  280.4811
5140.074559879  328.7433
5140.11555883303  294.9748
5140.15655449618  293.8464
5140.19754686832  284.3754
5140.23853594932  305.5532
5140.27952173905  303.1914
5140.32050423737  274.9994
5140.36148344415  313.7824
5140.40245935926  321.9186
5140.44343198257  305.8078
5140.48440131393  274.0598
5140.52536735323  300.8507
5140.56633010032  308.2958
5140.60728955508  305.667
5140.64824571736  295.6414
5140.68919858705  268.0565
5140.730148164  297.4162
5140.77109444809  277.9492
5140.81203743917  271.1373
5140.85297713712  297.7271
5140.89391354181  265.6179
5140.93484665311  295.3509
5140.97577647087  279.8731
5141.01670299498  313.2393
5141.05762622529  291.8588
5141.09854616167  292.8345
5141.139462804  275.3555
5141.18037615213  319.1013
5141.22128620595  274.9986
5141.26219296531  273.7766
5141.30309643008  286.769
5141.34399660013  299.4873
5141.38489347534  277.9322
5141.42578705556  266.2078
5141.46667734067  281.222
5141.50756433053  297.8759
5141.54844802501  323.4936
5141.58932842398  295.1655
5141.63020552731  293.9742
5141.67107933487  292.5471
5141.71194984652  272.7336
5141.75281706213  299.4915
5141.79368098158  294.8677
5141.83454160473  275.8317
5141.87539893144  296.8049
5141.91625296159  293.6618
5141.95710369504  313.7229
5141.99795113167  298.6052
5142.03879527134  282.5205
5142.07963611393  238.6645
5142.12047365929  294.8294
5142.1613079073  263.6806
5142.20213885782  313.7985
5142.24296651074  301.2612
5142.2837908659  252.1966
5142.32461192319  313.7954
5142.36542968247  308.711
5142.40624414362  297.7384
5142.44705530649  269.7308
5142.48786317096  316.9756
5142.5286677369  315.6184
5142.56946900417  306.1923
5142.61026697265  264.0921
5142.65106164221  298.5768
5142.69185301271  274.203
5142.73264108402  251.3523
5142.77342585602  297.5125
5142.81420732857  297.9319
5142.85498550154  313.7423
5142.89576037479  287.2436
5142.93653194822  278.2819
5142.97730022166  281.8781
5143.01806519501  289.4412
5143.05882686812  276.2413
5143.09958524087  277.8687
5143.14034031313  269.8882
5143.18109208477  322.8371
5143.22184055565  302.263
5143.26258572565  271.0625
5143.30332759463  295.9867
5143.34406616247  286.5995
5143.38480142903  306.0271
5143.42553339419  287.5738
5143.46626205781  272.4545
5143.50698741976  310.959
5143.54770947992  264.2048
5143.58842823816  324.8383
5143.62914369434  304.8667
5143.66985584833  296.6664
5143.71056470001  319.2906
5143.75127024924  296.8615
5143.7919724959  279.7811
5143.83267143985  290.9213
5143.87336708096  279.7345
5143.91405941911  283.4614
5143.95474845417  296.2393
5143.995434186  299.9753
5144.03611661447  322.8764
5144.07679573947  259.9412
5144.11747156085  289.17
5144.15814407848  280.9863
5144.19881329224  307.3022
5144.23947920201  287.2671
5144.28014180764  269.6648
5144.32080110901  300.004
5144.36145710599  298.38
5144.40210979844  297.5251
5144.44275918625  296.8103
5144.48340526929  312.4027
5144.52404804741  272.4921
5144.5646875205  325.7017
5144.60532368842  298.759
5144.64595655104  310.2502
5144.68658610824  304.7689
5144.72721235989  301.9003
5144.76783530586  311.2994
5144.80845494602  292.6504
5144.84907128023  308.7045
5144.88968430838  263.5792
5144.93029403032  292.3894
5144.97090044594  276.5584
5145.01150355511  314.8427
5145.05210335769  306.0658
5145.09269985356  286.2834
5145.13329304258  278.7401
5145.17388292463  279.3535
5145.21446949959  291.8267
5145.25505276732  257.3009
5145.29563272769  295.8104
5145.33620938057  296.0385
5145.37678272585  325.6656
5145.41735276338  326.2763
5145.45791949304  274.3308
5145.4984829147  262.6542
5145.53904302823  318.8395
5145.57959983351  261.3846
5145.6201533304  305.4285
5145.66070351879  296.9532
5145.70125039853  341.7923
5145.74179396951  299.0818
5145.78233423158  274.3448
5145.82287118464  341.1639
5145.86340482854  256.8274
5145.90393516316  288.7412
5145.94446218837  347.1724
5145.98498590404  294.6555
5146.02550631005  306.9761
5146.06602340627  275.4597
5146.10653719257  301.0731
5146.14704766882  303.9659
5146.18755483489  262.8185
5146.22805869066  278.2895
5146.268559236  296.4119
5146.30905647078  298.99
5146.34955039487  305.3311
5146.39004100815  298.1952
5146.43052831049  285.0682
5146.47101230176  308.5085
5146.51149298183  335.6004
5146.55197035058  304.7332
5146.59244440787  289.9322
5146.63291515359  299.1254
5146.6733825876  303.4785
5146.71384670978  295.8786
5146.75430751999  289.0431
5146.79476501812  312.8886
5146.83521920403  258.759
5146.8756700776  299.7854
5146.9161176387  287.26
5146.9565618872  323.2453
5146.99700282298  285.6523
5147.03744044591  288.4166
5147.07787475586  323.8931
5147.11830575271  291.7527
5147.15873343632  304.2614
5147.19915780657  318.4996
5147.23957886335  302.8049
5147.2799966065  288.4871
5147.32041103592  300.6875
5147.36082215147  285.8791
5147.40122995303  322.597
5147.44163444047  285.1925
5147.48203561367  355.3243
5147.52243347249  287.4995
5147.56282801682  249.5619
5147.60321924651  312.9191
5147.64360716146  301.5732
5147.68399176153  236.7021
5147.72437304659  228.0507
5147.76475101652  260.3663
5147.8051256712  275.089
5147.84549701049  296.0973
5147.88586503427  265.1431
5147.92622974241  261.7652
5147.96659113479  264.488
5148.00694921129  299.3952
5148.04730397176  277.3417
5148.0876554161  335.0547
5148.12800354417  267.0242
5148.16834835585  266.3744
5148.20868985101  299.3936
5148.24902802952  285.6065
5148.28936289126  294.5913
5148.32969443611  312.4384
5148.37002266393  307.6275
5148.41034757461  282.1598
5148.45066916801  289.2547
5148.49098744401  325.3399
5148.53130240248  272.9193
5148.57161404331  289.057
5148.61192236636  257.3409
5148.6522273715  252.9449
5148.69252905862  299.1964
5148.73282742758  251.8358
5148.77312247827  278.9646
5148.81341421054  326.5098
5148.85370262429  364.8925
5148.89398771939  286.4688
5148.93426949571  285.9102
5148.97454795311  300.3666
5149.01482309149  285.6426
5149.05509491071  278.1109
5149.09536341065  282.1712
5149.13562859118  287.8093
5149.17589045218  343.2039
5149.21614899353  297.6509
5149.25640421509  309.1577
5149.29665611675  315.6747
5149.33690469837  319.4328
5149.37714995984  286.2452
5149.41739190102  326.2233
5149.4576305218  289.849
5149.49786582204  279.9348
5149.53809780164  255.3246
5149.57832646044  245.3284
5149.61855179835  285.2686
5149.65877381522  311.3651
5149.69899251094  283.6653
5149.73920788537  256.7307
5149.77941993841  275.6709
5149.81962866991  306.6634
5149.85983407976  293.4795
5149.90003616784  291.0712
5149.94023493401  296.3124
5149.98043037815  264.0523
5150.02062250014  311.0343
5150.06081129986  306.3301
5150.10099677718  291.4925
5150.14117893197  280.0928
5150.18135776412  317.8677
5150.22153327349  284.8953
5150.26170545997  291.1938
5150.30187432342  291.1312
5150.34203986373  264.3499
5150.38220208078  289.6507
5150.42236097443  306.4916
5150.46251654456  321.309
5150.50266879105  263.9583
5150.54281771377  281.0231
5150.58296331261  299.4119
5150.62310558744  323.6317
5150.66324453813  291.4695
5150.70338016456  287.2645
5150.74351246661  280.9636
5150.78364144415  264.6264
5150.82376709705  314.5167
5150.86388942521  323.5454
5150.90400842848  309.3768
5150.94412410676  257.558
5150.98423645991  257.0209
5151.0243454878  248.4873
5151.06445119033  314.4121
5151.10455356736  282.546
5151.14465261878  268.4515
5151.18474834445  266.8952
5151.22484074425  332.7135
5151.26492981807  275.9739
5151.30501556577  369.4731
5151.34509798724  256.9641
5151.38517708235  324.9229
5151.42525285098  293.7736
5151.46532529301  281.1772
5151.5053944083  232.2274
5151.54546019675  296.4625
5151.58552265823  298.742
5151.6255817926  272.3042
5151.66563759976  273.1555
5151.70569007957  257.6109
5151.74573923192  286.4695
5151.78578505669  249.864
5151.82582755374  291.8613
5151.86586672295  273.7856
5151.90590256422  306.5648
5151.9459350774  300.2426
5151.98596426238  303.168
5152.02599011904  279.7757
5152.06601264725  258.0648
5152.1060318469  322.8752
5152.14604771785  263.0103
5152.18606025999  270.4782
5152.22606947319  299.5512
5152.26607535733  281.7469
5152.30607791229  291.1317
5152.34607713795  346.1233
5152.38607303418  349.3949
5152.42606560087  264.9785
5152.46605483788  287.7643
5152.50604074511  311.8105
5152.54602332242  283.2304
5152.58600256969  253.4661
5152.62597848681  295.7634
5152.66595107364  297.5715
5152.70592033007  300.1458
5152.74588625598  282.7506
5152.78584885125  306.4658
5152.82580811574  263.1884
5152.86576404935  298.1749
5152.90571665194  280.349
5152.9456659234  308.7575
5152.98561186361  335.4985
5153.02555447244  261.2519
5153.06549374977  239.2329
5153.10542969548  312.1584
5153.14536230945  311.1835
5153.18529159155  278.6152
5153.22521754167  288.2817
5153.26514015969  281.9517
5153.30505944548  322.5975
5153.34497539892  285.7993
5153.38488801989  260.996
5153.42479730827  304.2173
5153.46470326393  282.5203
5153.50460588676  204.8885
5153.54450517664  330.5052
5153.58440113344  242.152
5153.62429375704  256.8152
5153.66418304733  261.3971
5153.70406900417  258.0892
5153.74395162745  276.3488
5153.78383091706  314.4134
5153.82370687285  262.93
5153.86357949473  274.3437
5153.90344878256  252.5632
5153.94331473623  206.2662
5153.98317735561  273.3467
5154.02303664058  311.1176
5154.06289259102  284.8799
5154.10274520682  228.2089
5154.14259448785  323.6921
5154.18244043399  276.8613
5154.22228304511  254.1932
5154.26212232111  290.7947
5154.30195826185  273.5928
5154.34179086723  310.1109
5154.38162013711  320.8146
5154.42144607137  280.0535
5154.46126866991  291.8873
5154.50108793259  261.1355
5154.5409038593  282.1978
5154.58071644991  274.3259
5154.62052570431  316.9934
5154.66033162237  297.8593
5154.70013420398  273.9803
5154.73993344902  234.4997
5154.77972935736  326.5764
5154.81952192888  295.1882
5154.85931116347  267.2926
5154.899097061  270.3773
5154.93887962136  279.4332
5154.97865884443  311.5264
5155.01843473007  297.2459
5155.05820727819  249.9948
5155.09797648865  294.3232
5155.13774236134  255.4965
5155.17750489613  241.286
5155.2172640929  313.2223
5155.25701995155  252.4449
5155.29677247194  269.0591
5155.33652165396  333.8565
5155.37626749748  240.8888
5155.4160100024  240.7776
5155.45574916858  295.8742
5155.49548499591  296.9409
5155.53521748428  269.3166
5155.57494663355  292.0875
5155.61467244361  257.7947
5155.65439491435  327.1755
5155.69411404564  259.6088
5155.73382983736  364.0981
5155.7735422894  259.503
5155.81325140163  275.6608
5155.85295717393  287.2923
5155.8926596062  245.776
5155.9323586983  282.0467
5155.97205445012  332.4641
5156.01174686154  351.5464
5156.05143593244  342.4448
5156.0911216627  280.6008
5156.1308040522  313.9024
5156.17048310083  247.8257
5156.21015880847  300.5649
5156.24983117499  269.7709
5156.28950020028  250.8434
5156.32916588421  235.2208
5156.36882822668  280.2664
5156.40848722756  314.5564
5156.44814288673  310.2619
5156.48779520408  313.9527
5156.52744417948  282.3194
5156.56708981282  254.4588
5156.60673210398  238.5092
5156.64637105284  281.6173
5156.68600665928  296.4449
5156.72563892319  339.5555
5156.76526784444  270.8662
5156.80489342292  280.8176
5156.84451565851  270.6272
5156.88413455109  264.6259
5156.92375010054  246.8932
5156.96336230675  318.6418
5157.00297116959  270.8949
5157.04257668895  258.8896
5157.08217886471  279.0215
5157.12177769676  231.7378
5157.16137318497  366.5598
5157.20096532922  242.8582
5157.24055412941  238.8273
5157.28013958541  288.7068
5157.31972169709  312.3663
5157.35930046436  221.78
5157.39887588708  215.0138
5157.43844796514  277.1021
5157.47801669843  302.9702
5157.51758208681  290.9492
5157.55714413019  230.3721
5157.59670282843  294.7142
5157.63625818143  279.4758
5157.67581018906  242.8132
5157.71535885121  236.1263
5157.75490416776  284.7034
5157.79444613859  290.6185
5157.83398476359  176.533
5157.87352004263  253.0411
5157.9130519756  261.3659
5157.95258056239  311.2128
5157.99210580287  217.7468
5158.03162769693  290.749
5158.07114624445  264.4281
5158.11066144532  278.9365
5158.15017329942  323.8824
5158.18968180662  321.8351
5158.22918696682  286.1478
