5649.53670972602  286.2346
5649.58897517996  289.831
5649.64123729868  217.5733
5649.69349608198  272.3713
5649.74575152963  297.3992
5649.79800364142  258.4617
5649.85025241714  305.7133
5649.90249785656  302.2441
5649.95473995947  293.281
5650.00697872567  254.5759
5650.05921415492  309.5023
5650.11144624702  281.6483
5650.16367500175  253.2909
5650.21590041888  288.149
5650.26812249822  264.7261
5650.32034123955  312.0322
5650.37255664264  328.0543
5650.42476870728  262.3773
5650.47697743325  278.0694
5650.52918282035  248.4085
5650.58138486835  315.2367
5650.63358357705  308.216
5650.68577894622  310.896
5650.73797097565  291.6357
5650.79015966512  287.7837
5650.84234501442  286.4942
5650.89452702334  334.7367
5650.94670569165  290.856
5650.99888101915  265.6948
5651.05105300562  246.1477
5651.10322165085  333.6413
5651.15538695461  287.2307
5651.20754891669  308.6913
5651.25970753689  283.7975
5651.31186281498  317.7456
5651.36401475075  293.456
5651.41616334398  301.7151
5651.46830859447  316.8431
5651.52045050199  272.499
5651.57258906633  298.2412
5651.62472428727  268.7158
5651.67685616461  320.399
5651.72898469812  248.4268
5651.7811098876  292.1006
5651.83323173282  310.9232
5651.88535023358  308.6729
5651.93746538966  304.7415
5651.98957720084  269.0145
5652.04168566691  317.0438
5652.09379078766  280.2653
5652.14589256287  284.5573
5652.19799099233  268.5527
5652.25008607581  268.7096
5652.30217781312  270.3615
5652.35426620404  283.2242
5652.40635124834  295.8819
5652.45843294582  276.5687
5652.51051129626  272.8012
5652.56258629946  298.6157
5652.61465795518  280.5771
5652.66672626323  308.8599
5652.71879122338  284.1028
5652.77085283543  321.4341
5652.82291109916  301.4174
5652.87496601435  344.0519
5652.92701758079  316.723
5652.97906579828  292.7424
5653.03111066658  303.6758
5653.0831521855  300.524
5653.13519035481  279.4133
5653.18722517431  287.3202
5653.23925664378  291.642
5653.291284763  282.9164
5653.34330953177  242.7644
5653.39533094986  251.7404
5653.44734901708  270.997
5653.4993637332  241.5237
5653.551375098  322.8197
5653.60338311128  338.9007
5653.65538777283  295.187
5653.70738908242  293.6064
5653.75938703985  292.8901
5653.81138164491  301.1358
5653.86337289737  257.8343
5653.91536079704  296.2109
5653.96734534368  289.1355
5654.0193265371  311.4497
5654.07130437708  287.7115
5654.1232788634  282.5936
5654.17524999586  272.4639
5654.22721777423  301.166
5654.27918219831  255.2899
5654.33114326789  307.2283
5654.38310098275  241.5505
5654.43505534268  246.7457
5654.48700634746  260.4922
5654.53895399689  292.0928
5654.59089829074  316.61
5654.64283922882  276.0934
5654.6947768109  307.5421
5654.74671103677  294.3159
5654.79864190623  289.2071
5654.85056941905  290.9828
5654.90249357504  290.296
5654.95441437396  295.0299
5655.00633181561  284.3531
5655.05824589979  280.6602
5655.11015662627  290.6909
5655.16206399484  265.412
5655.2139680053  293.4447
5655.26586865743  261.8414
5655.31776595102  300.3177
5655.36965988585  285.8289
5655.42155046172  316.06
5655.47343767841  299.9443
5655.52532153572  274.3752
5655.57720203341  284.5454
5655.6290791713  283.9415
5655.68095294916  239.5168
5655.73282336678  243.6526
5655.78469042396  284.8284
5655.83655412047  267.7759
5655.88841445611  293.3937
5655.94027143067  317.1054
5655.99212504393  262.4628
5656.04397529569  312.2361
5656.09582218572  243.8991
5656.14766571383  296.7037
5656.19950587979  277.1228
5656.2513426834  273.616
5656.30317612445  290.3205
5656.35500620272  256.9904
5656.406832918  259.6332
5656.45865627009  286.3225
5656.51047625876  285.8286
5656.56229288381  280.1828
5656.61410614503  282.6097
5656.66591604221  284.3037
5656.71772257513  261.5625
5656.76952574359  285.0966
5656.82132554737  293.635
5656.87312198626  247.4898
5656.92491506006  276.6734
5656.97670476854  281.4436
5657.02849111151  294.0139
5657.08027408874  263.416
5657.13205370003  253.1066
5657.18382994516  284.5789
5657.23560282394  246.244
5657.28737233614  262.4001
5657.33913848155  311.8509
5657.39090125997  287.0731
5657.44266067118  258.7369
5657.49441671497  291.275
5657.54616939114  248.5781
5657.59791869946  263.0411
5657.64966463974  329.1478
5657.70140721176  282.7256
5657.75314641531  261.814
5657.80488225018  303.188
5657.85661471616  304.5091
5657.90834381304  297.9839
5657.96006954061  269.7234
5658.01179189865  293.2931
5658.06351088697  298.5626
5658.11522650534  272.646
5658.16693875357  295.7516
5658.21864763143  244.0045
5658.27035313872  253.4531
5658.32205527523  257.4769
5658.37375404074  259.0359
5658.42544943506  281.0348
5658.47714145796  300.4552
5658.52883010924  282.2046
5658.58051538869  307.1708
5658.6321972961  296.0246
5658.68387583126  304.3902
5658.73555099396  271.9481
5658.78722278399  280.4185
5658.83889120114  305.3358
5658.8905562452  295.9218
5658.94221791596  314.6153
5658.99387621321  304.7123
5659.04553113674  281.2726
5659.09718268635  275.5153
5659.14883086182  289.6887
5659.20047566294  294.0689
5659.25211708951  266.7396
5659.30375514131  276.5741
5659.35538981814  280.5496
5659.40702111978  283.9368
5659.45864904603  273.5013
5659.51027359668  257.2293
5659.56189477152  290.056
5659.61351257033  254.548
5659.66512699292  305.3517
5659.71673803907  243.3994
5659.76834570857  230.5519
5659.81995000122  293.7619
5659.87155091679  305.936
5659.9231484551  327.4702
5659.97474261592  273.6484
5660.02633339905  296.3888
5660.07792080428  264.2977
5660.1295048314  307.1436
5660.18108548021  275.38
5660.23266275048  299.0168
5660.28423664202  295.5117
5660.33580715461  263.9585
5660.38737428806  276.7487
5660.43893804214  292.3093
5660.49049841665  281.0131
5660.54205541138  300.6532
5660.59360902613  282.0167
5660.64515926068  298.74
5660.69670611483  287.3822
5660.74824958836  284.3043
5660.79978968108  282.4217
5660.85132639276  259.601
5660.90285972321  282.4307
5660.95438967222  270.2613
5661.00591623957  289.5204
5661.05743942506  284.3766
5661.10895922849  283.9847
5661.16047564963  247.8223
5661.21198868829  241.1102
5661.26349834426  304.2027
5661.31500461732  251.941
5661.36650750728  297.6945
5661.41800701392  293.5479
5661.46950313704  265.3919
5661.52099587642  265.8312
5661.57248523186  300.9825
5661.62397120316  276.4412
5661.6754537901  277.9082
5661.72693299248  284.4692
5661.77840881008  313.1741
5661.82988124271  272.5177
5661.88135029015  339.4582
5661.93281595219  305.7771
5661.98427822864  280.4848
5662.03573711928  261.9195
5662.0871926239  290.764
5662.1386447423  283.2505
5662.19009347427  324.5172
5662.2415388196  245.8398
5662.29298077809  315.7155
5662.34441934952  271.9081
5662.3958545337  269.3848
5662.4472863304  294.6898
5662.49871473944  264.1165
5662.55013976059  248.5836
5662.60156139366  319.9966
5662.65297963843  271.5538
5662.7043944947  274.4509
5662.75580596226  284.9554
5662.8072140409  271.7707
5662.85861873043  267.3975
5662.91002003062  309.4172
5662.96141794128  258.1179
5663.01281246219  292.1387
5663.06420359316  281.3395
5663.11559133397  290.9864
5663.16697568442  283.2852
5663.21835664429  298.7897
5663.26973421339  278.9515
5663.32110839151  279.2717
5663.37247917844  280.2863
5663.42384657398  273.012
5663.47521057791  298.2505
5663.52657119003  280.9615
5663.57792841014  298.9101
5663.62928223803  292.6909
5663.68063267349  298.0743
5663.73197971632  331.0676
5663.78332336631  290.9401
5663.83466362325  308.7673
5663.88600048694  300.5192
5663.93733395717  301.496
5663.98866403374  271.2597
5664.03999071644  283.43
5664.09131400506  264.3869
5664.1426338994  285.3539
5664.19395039925  274.869
5664.24526350441  299.8533
5664.29657321466  280.6648
5664.34787952981  260.9206
5664.39918244966  297.2676
5664.45048197398  284.8576
5664.50177810258  259.6204
5664.55307083525  302.913
5664.60436017179  310.5217
5664.65564611199  275.3287
5664.70692865564  294.4241
5664.75820780254  271.4283
5664.80948355248  264.7823
5664.86075590527  259.1245
5664.91202486068  262.3797
5664.96329041852  252.0925
5665.01455257859  303.432
5665.06581134067  272.7095
5665.11706670456  307.7699
5665.16831867006  292.8997
5665.21956723696  270.9644
5665.27081240506  291.6795
5665.32205417415  287.0006
5665.37329254402  298.2787
5665.42452751447  281.4102
5665.4757590853  269.114
5665.5269872563  273.9698
5665.57821202726  268.4359
5665.62943339798  292.0799
5665.68065136826  259.2856
5665.7318659379  249.0107
5665.78307710667  258.6504
5665.83428487439  293.9979
5665.88548924084  303.3848
5665.93669020583  294.2542
5665.98788776914  275.358
5666.03908193058  304.2199
5666.09027268993  249.4773
5666.141460047  279.0524
5666.19264400157  264.9877
5666.24382455345  285.8015
5666.29500170244  300.0463
5666.34617544831  254.4721
5666.39734579088  271.399
5666.44851272993  281.5714
5666.49967626526  279.4418
5666.55083639668  304.6579
5666.60199312396  276.5347
5666.65314644692  292.6749
5666.70429636534  253.7356
5666.75544287903  291.9691
5666.80658598777  293.1054
5666.85772569136  294.9249
5666.90886198961  296.9996
5666.9599948823  302.8862
5667.01112436923  283.0988
5667.06225045019  267.9657
5667.11337312499  278.5443
5667.16449239342  292.7723
5667.21560825528  249.3463
5667.26672071036  253.2176
5667.31782975845  248.0266
5667.36893539936  246.8901
5667.42003763289  252.8816
5667.47113645881  242.8989
5667.52223187695  282.4351
5667.57332388708  235.1491
5667.62441248901  275.2388
5667.67549768253  257.5255
5667.72657946744  279.3575
5667.77765784354  275.7733
5667.82873281062  255.5973
5667.87980436848  285.8753
5667.93087251692  263.2961
5667.98193725573  297.1309
5668.03299858471  306.6219
5668.08405650365  291.9904
5668.13511101236  274.0518
5668.18616211063  255.4436
5668.23720979826  289.9968
5668.28825407504  278.5747
5668.33929494077  285.5497
5668.39033239525  269.1353
5668.44136643828  277.9134
5668.49239706964  292.458
5668.54342428915  273.1487
5668.59444809659  237.8785
5668.64546849177  281.9199
5668.69648547448  269.8752
5668.74749904451  272.2043
5668.79850920167  276.3404
5668.84951594576  261.2936
5668.90051927656  288.2847
5668.95151919388  280.202
5669.00251569752  287.3985
5669.05350878727  305.2027
5669.10449846293  276.1805
5669.15548472429  292.3874
5669.20646757116  271.1737
5669.25744700334  311.0316
5669.30842302061  297.7884
5669.35939562279  276.0594
5669.41036480966  299.0626
5669.46133058102  284.9217
5669.51229293667  292.0471
5669.56325187642  263.2594
5669.61420740005  263.5544
5669.66515950736  277.6574
5669.71610819816  278.1164
5669.76705347224  268.5352
5669.8179953294  291.5814
5669.86893376943  283.6035
5669.91986879215  283.7487
5669.97080039733  290.7999
5670.02172858479  323.1017
5670.07265335431  325.1785
5670.1235747057  277.9483
5670.17449263876  282.2598
5670.22540715329  266.28
5670.27631824907  310.1551
5670.32722592592  281.035
5670.37813018363  285.7636
5670.42903102199  298.0412
5670.47992844082  269.8483
5670.53082243989  310.8194
5670.58171301902  308.0874
5670.63260017801  301.8131
5670.68348391664  287.8394
5670.73436423472  284.3663
5670.78524113206  285.5858
5670.83611460843  263.2456
5670.88698466366  296.9726
5670.93785129752  303.4247
5670.98871450984  300.6529
5671.03957430039  283.1638
5671.09043066898  295.7614
5671.14128361542  268.4324
5671.19213313949  300.9614
5671.24297924101  303.2088
5671.29382191976  283.1919
5671.34466117554  282.0452
5671.39549700816  283.142
5671.44632941742  305.0161
5671.49715840311  292.5939
5671.54798396503  285.7726
5671.59880610299  295.0098
5671.64962481678  310.2878
5671.70044010619  280.5727
5671.75125197104  260.3098
5671.80206041112  302.5041
5671.85286542622  292.2262
5671.90366701616  284.5014
5671.95446518072  282.7034
5672.00525991971  336.0184
5672.05605123293  298.5271
5672.10683912018  298.4624
5672.15762358125  291.7217
5672.20840461595  285.9147
5672.25918222407  327.9887
5672.30995640542  301.7602
5672.3607271598  305.6265
5672.411494487  294.0857
5672.46225838683  282.0517
5672.51301885908  285.2288
5672.56377590356  261.103
5672.61452952006  290.833
5672.66527970839  292.1402
5672.71602646834  304.0676
5672.76676979972  292.4741
5672.81750970233  275.3434
5672.86824617596  282.0656
5672.91897922041  271.1967
5672.9697088355  269.5676
5673.02043502101  291.1676
5673.07115777674  299.5367
5673.12187710251  248.5874
5673.1725929981  261.6223
5673.22330546332  284.7091
5673.27401449796  264.7992
5673.32472010184  304.9145
5673.37542227474  289.4706
5673.42612101648  295.4759
5673.47681632685  292.1382
5673.52750820564  308.4342
5673.57819665267  299.9535
5673.62888166773  299.3796
5673.67956325063  303.224
5673.73024140116  287.3981
5673.78091611912  262.1133
5673.83158740432  293.8713
5673.88225525656  292.4017
5673.93291967564  252.9839
5673.98358066135  281.0018
5674.0342382135  289.412
5674.0848923319  290.0081
5674.13554301633  308.0084
5674.18619026661  329.2875
5674.23683408253  286.1999
5674.2874744639  292.325
5674.33811141051  298.9061
5674.38874492217  306.2119
5674.43937499868  304.382
5674.49000163984  279.5639
5674.54062484545  282.0153
5674.59124461532  320.9048
5674.64186094924  299.7314
5674.69247384701  274.3506
5674.74308330844  297.5494
5674.79368933333  285.149
5674.84429192148  306.7252
5674.8948910727  294.8558
5674.94548678677  285.6661
5674.99607906351  272.3507
5675.04666790272  315.3218
5675.0972533042  262.2521
5675.14783526775  291.7605
5675.19841379317  273.6649
5675.24898888026  293.0414
5675.29956052883  294.5375
5675.35012873868  297.9304
5675.40069350961  300.0301
5675.45125484142  268.3587
5675.50181273392  272.5787
5675.5523671869  267.5033
5675.60291820017  274.7853
5675.65346577353  260.5916
5675.70400990678  278.5846
5675.75455059972  278.3221
5675.80508785217  278.5661
5675.85562166391  254.6204
5675.90615203476  297.6255
5675.9566789645  301.5467
5676.00720245296  274.2936
5676.05772249992  285.62
5676.1082391052  271.9657
5676.15875226859  299.3392
5676.20926198989  287.0055
5676.25976826892  290.742
5676.31027110546  275.8519
5676.36077049933  276.2588
5676.41126645033  316.7729
5676.46175895825  279.4378
5676.51224802291  295.5707
5676.5627336441  308.866
5676.61321582163  274.5519
5676.66369455531  258.6622
5676.71416984492  313.0705
5676.76464169028  301.6894
5676.8151100912  291.3033
5676.86557504746  281.1331
5676.91603655888  271.3531
5676.96649462526  295.8272
5677.0169492464  313.7881
5677.0674004221  270.4617
5677.11784815217  270.0985
5677.16829243642  282.757
5677.21873327464  297.5358
5677.26917066663  281.7069
5677.31960461221  301.9676
5677.37003511117  273.1563
5677.42046216332  275.7216
5677.47088576847  289.2059
5677.5213059264  286.6368
5677.57172263694  279.0634
5677.62213589987  287.3876
5677.67254571502  267.8351
5677.72295208217  268.1964
5677.77335500113  274.7665
5677.82375447171  318.9492
5677.87415049371  300.5221
5677.92454306694  292.8062
5677.97493219119  303.6038
5678.02531786627  285.186
5678.07570009199  281.498
5678.12607886815  282.7694
5678.17645419455  303.7205
5678.226826071  269.7269
5678.2771944973  276.1006
5678.32755947325  286.9574
5678.37792099867  265.0833
5678.42827907334  278.8333
5678.47863369709  309.9279
5678.5289848697  324.9555
5678.579332591  281.7452
5678.62967686077  276.089
5678.68001767883  281.7638
5678.73035504497  273.8918
5678.78068895902  290.2473
5678.83101942075  268.6942
5678.88134642999  310.0283
5678.93166998653  287.9379
5678.98199009019  294.1768
5679.03230674076  270.2779
5679.08261993806  298.2642
5679.13292968188  277.0828
5679.18323597202  293.8409
5679.2335388083  284.6366
5679.28383819052  282.5884
5679.33413411849  302.3566
5679.384426592  278.4411
5679.43471561086  280.6904
5679.48500117488  301.4738
5679.53528328387  281.1772
5679.58556193762  274.8687
5679.63583713595  295.1408
5679.68610887866  282.9074
5679.73637716554  308.4267
5679.78664199642  284.9738
5679.83690337109  300.7655
5679.88716128936  329.0987
5679.93741575103  295.1586
5679.9876667559  281.3846
5680.0379143038  289.3533
5680.08815839451  270.4715
5680.13839902785  281.7548
5680.18863620362  285.5658
5680.23886992162  284.4591
5680.28910018166  286.7007
5680.33932698355  316.0067
5680.38955032709  304.6645
5680.43977021209  288.0128
5680.48998663836  274.5063
5680.54019960569  297.5192
5680.59040911389  289.7517
5680.64061516277  273.0659
5680.69081775215  277.7
5680.74101688181  297.5822
5680.79121255157  282.467
5680.84140476123  273.9169
5680.8915935106  300.9777
5680.94177879949  299.79
5680.99196062769  286.3965
5681.04213899503  291.8614
5681.09231390129  295.7121
5681.1424853463  291.9905
5681.19265332985  274.4215
5681.24281785175  288.3233
5681.29297891181  286.909
5681.34313650983  296.9511
5681.39329064562  304.164
5681.44344131899  293.1005
5681.49358852974  274.1847
5681.54373227768  299.1083
5681.59387256261  268.5604
5681.64400938434  314.4115
5681.69414274268  302.3999
5681.74427263744  297.281
5681.79439906842  295.3236
5681.84452203542  279.1398
5681.89464153826  289.0168
5681.94475757674  294.0883
5681.99487015067  266.5184
5682.04497925984  280.3165
5682.09508490408  308.1534
5682.14518708319  300.2006
5682.19528579697  283.9686
5682.24538104524  278.2435
5682.29547282779  268.7166
5682.34556114443  288.1498
5682.39564599498  291.9167
5682.44572737924  287.1261
5682.49580529701  284.3946
5682.5458797481  289.5479
5682.59595073233  276.0235
5682.64601824949  279.2352
5682.6960822994  284.883
5682.74614288185  254.1635
5682.79619999667  300.7607
5682.84625364365  285.6308
5682.89630382261  282.825
5682.94635053334  270.2065
5682.99639377566  301.3118
5683.04643354938  260.1093
5683.0964698543  289.9926
5683.14650269024  282.9052
5683.19653205699  276.6568
5683.24655795436  297.207
5683.29658038217  298.0607
5683.34659934021  297.9841
5683.39661482831  264.0912
5683.44662684626  271.9062
5683.49663539388  281.5178
5683.54664047097  300.9773
5683.59664207733  276.8219
5683.64664021279  287.1565
5683.69663487714  283.0463
5683.74662607019  280.5851
5683.79661379175  307.3206
5683.84659804163  252.0389
5683.89657881964  265.1891
5683.94655612558  298.1592
5683.99652995927  285.5005
5684.04650032051  313.3927
5684.0964672091  304.5898
5684.14643062487  297.6159
5684.19639056761  285.452
5684.24634703713  308.3034
5684.29630003325  266.6436
5684.34624955576  318.3393
5684.39619560449  269.8325
5684.44613817923  285.5876
5684.4960772798  265.5017
5684.546012906  283.9225
5684.59594505765  279.0321
5684.64587373455  286.0562
5684.6957989365  288.5577
5684.74572066333  286.9157
5684.79563891484  312.766
5684.84555369083  284.8787
5684.89546499111  292.1296
5684.9453728155  283.0221
5684.9952771638  294.2168
5685.04517803582  275.7021
5685.09507543138  290.1149
5685.14496935027  296.4
5685.1948597923  280.5065
5685.2447467573  288.5386
5685.29463024506  278.4744
5685.3445102554  314.4236
5685.39438678812  304.8529
5685.44425984304  288.9044
5685.49412941996  288.9385
5685.54399551868  316.3774
5685.59385813903  284.7174
5685.64371728081  282.5785
5685.69357294383  267.9194
5685.7434251279  304.1566
5685.79327383283  279.3457
5685.84311905842  268.4326
5685.8929608045  271.7343
5685.94279907085  286.5883
5685.99263385731  296.823
5686.04246516367  281.0038
5686.09229298975  303.6942
5686.14211733535  277.1955
5686.19193820028  293.6127
5686.24175558436  291.1689
5686.2915694874  291.3619
5686.34137990919  270.0826
5686.39118684957  262.889
5686.44099030832  294.0779
5686.49079028527  269.2669
5686.54058678022  302.9767
5686.59037979298  274.2346
5686.64016932337  291.9877
5686.6899553712  280.3719
5686.73973793626  261.467
5686.78951701838  275.2044
5686.83929261736  311.6181
5686.88906473302  277.5383
5686.93883336516  311.4959
5686.98859851359  302.7768
5687.03836017813  294.3134
5687.08811835858  311.2801
5687.13787305476  310.6133
5687.18762426648  279.1951
5687.23737199354  270.7187
5687.28711623575  281.7301
5687.33685699294  272.8376
5687.3865942649  292.1466
5687.43632805145  291.4301
5687.4860583524  299.6432
5687.53578516756  291.5038
5687.58550849674  282.5291
5687.63522833974  291.2483
5687.68494469639  278.1939
5687.7346575665  314.6747
5687.78436694986  267.7599
5687.8340728463  294.3222
5687.88377525562  275.7776
5687.93347417765  263.1106
5687.98316961217  258.6488
5688.03286155902  290.1714
5688.08255001799  276.9128
5688.1322349889  289.1343
5688.18191647157  291.7105
5688.23159446579  284.5457
5688.28126897139  307.5985
5688.33093998817  280.4366
5688.38060751595  297.7347
5688.43027155454  295.8357
5688.47993210375  290.5967
5688.52958916338  280.6835
5688.57924273325  295.2958
5688.62889281318  280.8335
5688.67853940297  287.4577
5688.72818250244  300.4727
5688.7778221114  277.0575
5688.82745822965  278.9664
5688.87709085701  291.3195
5688.9267199933  280.7882
5688.97634563832  242.6978
5689.02596779188  273.2459
5689.0755864538  248.6118
5689.12520162389  280.0775
5689.17481330196  291.9818
5689.22442148782  302.3389
5689.27402618129  291.5937
5689.32362738217  295.8175
5689.37322509028  272.9977
5689.42281930544  258.3383
5689.47241002744  291.9964
5689.52199725611  270.6807
5689.57158099125  247.5274
5689.62116123269  275.6474
5689.67073798022  302.4248
5689.72031123367  293.1005
5689.76988099284  289.6924
5689.81944725755  278.4778
5689.86901002761  276.1226
5689.91856930283  315.9034
5689.96812508303  289.611
5690.01767736801  259.2116
5690.06722615759  299.1818
5690.11677145159  283.1129
5690.16631324981  277.3759
5690.21585155207  296.303
5690.26538635818  279.4496
5690.31491766794  295.5327
5690.36444548119  283.4696
5690.41396979772  313.3547
5690.46349061735  288.692
5690.5130079399  290.9259
5690.56252176517  307.1456
5690.61203209298  274.6747
5690.66153892315  295.6874
5690.71104225548  307.6941
5690.76054208978  314.0375
5690.81003842588  278.0226
5690.85953126358  294.488
5690.9090206027  276.5984
5690.95850644305  268.728
5691.00798878444  304.1819
5691.05746762669  283.7402
5691.1069429696  275.2873
5691.156414813  267.9305
5691.2058831567  309.831
5691.25534800051  279.5793
5691.30480934424  286.9886
5691.3542671877  276.291
5691.40372153072  257.0913
5691.4531723731  282.19
5691.50261971465  261.6582
5691.5520635552  295.4721
5691.60150389455  297.4114
5691.65094073251  277.2618
5691.70037406891  311.3692
5691.74980390355  277.3065
5691.79923023625  315.533
5691.84865306683  278.5722
5691.89807239509  282.1781
5691.94748822085  312.2329
5691.99690054392  252.8539
5692.04630936412  294.2945
5692.09571468127  284.1163
5692.14511649516  294.085
5692.19451480563  285.5076
5692.24390961248  270.5721
5692.29330091553  291.0922
5692.3426887146  249.4599
5692.39207300948  293.6608
5692.44145380001  285.2072
5692.49083108599  302.8635
5692.54020486725  288.9391
5692.58957514358  304.675
5692.63894191481  291.6825
5692.68830518075  277.4845
5692.73766494122  290.7169
5692.78702119603  265.6292
5692.836373945  291.8371
5692.88572318793  287.6538
5692.93506892465  296.3592
5692.98441115496  293.6955
5693.03374987869  286.2702
5693.08308509565  262.2918
5693.13241680565  272.1815
5693.18174500851  300.9917
5693.23106970404  278.3478
5693.28039089206  288.0509
5693.32970857238  263.4929
5693.37902274481  279.9196
5693.42833340918  270.4969
5693.47764056529  279.8744
5693.52694421297  290.951
5693.57624435202  284.2416
5693.62554098226  295.2139
5693.67483410351  300.6091
5693.72412371558  271.7083
5693.77340981829  255.4432
5693.82269241145  296.6182
5693.87197149488  282.5587
5693.92124706839  285.2808
5693.9705191318  256.4572
5694.01978768492  287.8777
5694.06905272757  276.7252
5694.11831425956  274.1161
5694.16757228072  287.2121
5694.21682679085  279.8713
5694.26607778977  298.2621
5694.31532527729  299.2424
5694.36456925324  316.2832
5694.41380971742  289.8892
5694.46304666966  285.5526
5694.51228010977  302.6346
5694.56151003755  291.8546
5694.61073645284  306.6512
5694.65995935545  289.6097
5694.70917874519  280.9951
5694.75839462187  300.0989
5694.80760698532  287.3141
5694.85681583535  290.2961
5694.90602117177  295.2284
5694.9552229944  296.4839
5695.00442130307  287.3704
5695.05361609757  306.9777
5695.10280737774  280.3116
5695.15199514338  286.3994
5695.20117939431  288.3721
5695.25036013036  268.2528
5695.29953735132  281.1707
5695.34871105703  289.7067
5695.39788124729  275.1247
5695.44704792193  281.852
5695.49621108076  307.0712
5695.54537072359  321.0537
5695.59452685025  284.4479
5695.64367946055  275.0935
5695.6928285543  289.3446
5695.74197413133  316.8083
5695.79111619144  275.336
5695.84025473447  293.2786
5695.88938976021  279.6042
5695.93852126849  304.5858
5695.98764925913  281.6578
5696.03677373194  275.8888
5696.08589468674  314.9851
5696.13501212335  291.9289
5696.18412604158  274.1252
5696.23323644126  285.998
5696.28234332219  285.8848
5696.33144668419  267.5269
5696.38054652709  285.9324
5696.42964285069  291.2978
5696.47873565482  312.217
5696.52782493929  321.0956
5696.57691070393  292.7563
5696.62599294854  300.1969
5696.67507167295  290.9323
5696.72414687696  288.5399
5696.77321856041  276.4646
5696.82228672311  287.5047
5696.87135136486  304.988
5696.9204124855  274.7893
5696.96947008484  293.5349
5697.0185241627  271.5729
5697.06757471889  293.201
5697.11662175323  308.3555
5697.16566526554  295.3948
5697.21470525564  306.5621
5697.26374172334  278.8489
5697.31277466846  291.4324
5697.36180409083  296.4046
5697.41082999025  296.123
5697.45985236655  305.3119
5697.50887121955  271.742
5697.55788654905  302.4595
5697.60689835489  296.5927
5697.65590663687  290.3226
5697.70491139482  286.854
5697.75391262855  281.5221
5697.80291033788  297.7861
5697.85190452264  296.3318
5697.90089518263  275.4709
5697.94988231768  284.9838
5697.9988659276  273.3365
5698.04784601222  270.3389
5698.09682257134  314.93
5698.1457956048  301.28
5698.19476511241  266.0787
5698.24373109398  283.7691
5698.29269354933  267.0258
5698.34165247829  285.6674
5698.39060788067  280.015
5698.43955975629  284.2042
5698.48850810497  281.6826
5698.53745292653  276.7572
5698.58639422079  314.0694
5698.63533198756  288.2037
5698.68426622666  290.494
5698.73319693792  311.8948
5698.78212412115  272.1855
5698.83104777616  295.8875
5698.87996790279  286.3795
5698.92888450084  287.1659
5698.97779757015  298.8706
5699.02670711051  284.2147
5699.07561312177  283.3456
5699.12451560372  284.9725
5699.1734145562  290.9709
5699.22230997903  245.3722
5699.27120187201  271.5432
5699.32009023498  305.3541
5699.36897506774  283.6009
5699.41785637012  304.7013
5699.46673414195  259.149
5699.51560838303  285.0068
5699.56447909319  288.9017
5699.61334627224  278.3395
5699.66220992001  292.9091
5699.71107003632  312.7955
5699.75992662098  293.9785
5699.80877967381  266.0443
5699.85762919464  302.4162
5699.90647518329  285.6918
5699.95531763957  272.9542
5700.0041565633  307.9482
5700.05299195431  315.1933
5700.1018238124  275.1302
5700.15065213741  259.2607
5700.19947692916  278.742
5700.24829818745  314.3551
5700.29711591212  282.9281
5700.34593010298  297.5636
5700.39474075985  266.6221
5700.44354788256  302.2787
5700.49235147092  288.7969
5700.54115152475  261.4061
5700.58994804387  266.067
5700.63874102811  293.0901
5700.68753047728  287.3089
5700.7363163912  325.7577
5700.7850987697  284.8604
5700.83387761259  247.6924
5700.8826529197  327.2918
5700.93142469083  298.8381
5700.98019292583  298.1242
5701.0289576245  295.2124
5701.07771878667  274.719
5701.12647641215  278.9311
5701.17523050077  290.654
5701.22398105235  276.0577
5701.27272806671  283.8574
5701.32147154366  294.4022
5701.37021148304  278.6744
5701.41894788466  295.5308
5701.46768074834  299.9475
5701.5164100739  271.9126
5701.56513586116  289.5578
5701.61385810995  282.9038
5701.66257682008  282.9272
5701.71129199138  282.951
5701.76000362366  282.9752
5701.80871171676  278.4431
5701.85741627048  310.5885
5701.90611728465  259.6983
5701.9548147591  281.8748
5702.00350869363  269.5597
5702.05219908808  296.2733
5702.10088594227  285.7393
5702.14956925601  286.1744
5702.19824902913  299.7571
5702.24692526145  301.5131
5702.29559795279  271.632
5702.34426710297  280.4665
5702.39293271181  291.3332
5702.44159477914  281.3368
5702.49025330477  291.0784
5702.53890828853  313.7307
5702.58755973024  256.7736
5702.63620762973  317.8767
5702.6848519868  295.8374
5702.73349280129  298.5913
5702.78213007302  273.8926
5702.8307638018  282.9396
5702.87939398747  292.8487
5702.92802062983  260.5316
5702.97664372872  273.6762
5703.02526328396  267.8064
5703.07387929536  292.9146
5703.12249176275  310.0711
5703.17110068596  315.2424
5703.21970606479  294.8506
5703.26830789909  306.8304
5703.31690618866  295.668
5703.36550093333  297.2166
5703.41409213292  298.5375
5703.46267978726  266.3577
5703.51126389617  270.319
5703.55984445946  308.1282
5703.60842147697  282.1314
5703.65699494851  309.6585
5703.7055648739  289.4713
5703.75413125298  293.1648
5703.80269408556  271.2083
5703.85125337146  286.9796
5703.8998091105  273.1418
5703.94836130252  283.7804
5703.99690994733  295.4562
5704.04545504475  300.9385
5704.09399659461  266.2524
5704.14253459673  295.7171
5704.19106905093  275.4162
5704.23959995704  289.3517
5704.28812731488  283.2176
5704.33665112427  293.8812
5704.38517138503  289.7968
5704.43368809699  288.8751
5704.48220125997  272.229
5704.53071087379  295.1351
5704.57921693828  291.2502
5704.62771945326  301.4587
5704.67621841856  313.1069
5704.72471383398  300.6407
5704.77320569937  281.2209
5704.82169401454  321.4509
5704.87017877932  320.0685
5704.91865999352  286.5783
5704.96713765698  284.3785
5705.01561176951  299.5297
5705.06408233094  289.8373
5705.1125493411  279.6112
5705.16101279979  273.2216
5705.20947270687  293.0194
5705.25792906213  288.7831
5705.30638186541  263.7071
5705.35483111653  298.627
5705.40327681532  278.7374
5705.45171896159  289.1453
5705.50015755518  274.1939
5705.5485925959  278.4773
5705.59702408358  274.8593
5705.64545201804  309.3165
5705.69387639911  304.9039
5705.74229722662  294.0558
5705.79071450037  274.7959
5705.83912822021  287.9933
5705.88753838595  283.1028
5705.93594499742  274.4942
5705.98434805443  269.8978
5706.03274755683  271.6097
5706.08114350442  255.9579
5706.12953589704  302.2951
5706.1779247345  287.0171
5706.22631001664  273.6194
5706.27469174328  283.7136
5706.32306991424  319.3281
5706.37144452934  313.8975
5706.41981558841  317.5436
5706.46818309128  280.2386
5706.51654703777  314.3282
5706.56490742769  282.9678
5706.61326426089  286.3089
5706.66161753718  300.3825
5706.70996725639  269.1595
5706.75831341834  277.3893
5706.80665602286  279.6296
5706.85499506977  293.7558
5706.9033305589  277.1984
5706.95166249007  298.2054
5706.9999908631  285.1648
5707.04831567782  287.5738
5707.09663693406  314.7273
5707.14495463165  277.0254
5707.19326877039  271.1254
5707.24157935013  309.2426
5707.28988637069  276.585
5707.33818983189  297.0889
5707.38648973355  297.6361
5707.43478607551  289.1628
5707.48307885758  282.8665
5707.53136807959  274.8464
5707.57965374138  286.0776
5707.62793584275  266.2684
5707.67621438355  294.3222
5707.72448936358  304.0145
5707.77276078269  257.6366
5707.82102864069  283.2889
5707.86929293741  285.3589
5707.91755367268  285.8931
5707.96581084632  285.0811
5708.01406445815  290.682
5708.06231450801  280.0845
5708.11056099571  278.9572
5708.15880392109  273.6929
5708.20704328397  293.0536
5708.25527908418  265.4258
5708.30351132154  286.7508
5708.35173999587  257.502
5708.39996510701  272.6804
5708.44818665477  323.1789
5708.49640463899  288.4496
5708.5446190595  302.6389
5708.59282991611  288.5328
5708.64103720865  273.2604
5708.68924093696  283.613
5708.73744110084  308.9707
5708.78563770014  283.889
5708.83383073468  271.1075
5708.88202020428  285.2403
5708.93020610878  309.4797
5708.97838844799  290.6963
5709.02656722174  278.52
5709.07474242987  287.6514
5709.12291407219  303.7319
5709.17108214853  311.3545
5709.21924665872  297.8118
5709.26740760259  276.2093
5709.31556497996  279.3731
5709.36371879066  300.4361
5709.41186903452  268.9861
5709.46001571135  279.7236
5709.508158821  307.7429
5709.55629836328  287.946
5709.60443433803  281.208
5709.65256674506  293.9478
5709.70069558422  288.1501
5709.74882085531  259.6398
5709.79694255817  287.5409
5709.84506069264  295.0116
5709.89317525852  285.7361
5709.94128625566  282.4217
5709.98939368388  288.1717
5710.037497543  279.3637
5710.08559783286  280.2267
5710.13369455327  292.8741
5710.18178770408  302.5049
5710.22987728509  313.8774
5710.27796329615  279.1874
5710.32604573708  274.338
5710.37412460771  269.1237
5710.42219990786  281.0406
5710.47027163736  292.0155
5710.51833979604  268.3652
5710.56640438373  264.244
5710.61446540025  290.2806
5710.66252284543  280.4281
5710.7105767191  269.673
5710.75862702109  281.1411
5710.80667375122  249.1111
5710.85471690933  269.6217
5710.90275649523  250.3029
5710.95079250877  281.8618
5710.99882494976  285.4339
5711.04685381803  285.0237
5711.09487911342  294.4216
5711.14290083574  251.2286
5711.19091898483  282.8702
5711.23893356052  251.2579
5711.28694456263  276.9727
5711.334951991  289.5426
5711.38295584544  286.3275
5711.43095612579  270.4578
5711.47895283188  263.8793
5711.52694596354  298.6277
5711.57493552058  280.6655
5711.62292150285  288.8329
5711.67090391017  282.4525
5711.71888274236  272.6812
5711.76685799926  276.9671
5711.8148296807  287.4893
5711.8627977865  254.1955
5711.91076231649  259.9309
5711.9587232705  275.4121
5712.00668064836  259.0894
5712.0546344499  268.074
5712.10258467494  287.5912
5712.15053132332  278.3568
5712.19847439487  285.2053
5712.2464138894  309.8657
5712.29434980676  270.6318
5712.34228214677  238.2132
5712.39021090926  301.7686
5712.43813609405  286.7994
5712.48605770098  280.0783
5712.53397572988  276.9594
5712.58189018058  284.6001
5712.62980105289  281.7891
5712.67770834666  303.7888
5712.72561206172  263.0767
5712.77351219788  285.45
5712.82140875499  283.8295
5712.86930173286  288.9703
5712.91719113134  298.1538
5712.96507695024  291.1259
5713.0129591894  280.9668
5713.06083784865  291.2495
5713.10871292782  316.7419
5713.15658442673  265.0019
5713.20445234522  296.5099
5713.25231668311  274.5315
5713.30017744024  284.5831
5713.34803461643  273.4926
5713.39588821152  319.9071
5713.44373822533  292.4779
5713.4915846577  293.7078
5713.53942750844  292.2351
5713.58726677741  278.0917
5713.63510246441  279.0252
5713.68293456929  277.7168
5713.73076309186  277.2507
5713.77858803198  295.5776
5713.82640938945  264.7872
5713.87422716412  274.7191
5713.92204135581  274.8441
5713.96985196435  274.9696
5714.01765898957  277.6628
5714.06546243131  278.2722
5714.1132622894  296.1789
5714.16105856365  310.67
5714.20885125391  262.5222
5714.25664036  309.6338
5714.30442588176  272.6093
5714.35220781901  281.1943
5714.39998617158  300.3396
5714.44776093931  289.1994
5714.49553212203  290.3245
5714.54329971956  296.5818
5714.59106373175  257.8168
5714.6388241584  275.4396
5714.68658099937  267.6428
5714.73433425448  272.2239
5714.78208392355  271.9148
5714.82983000642  300.8595
5714.87757250293  269.3609
5714.92531141289  306.4405
5714.97304673615  293.8087
5715.02077847254  319.1039
5715.06850662188  264.0548
5715.116231184  293.4806
5715.16395215874  275.0569
5715.21166954592  298.5016
5715.25938334539  289.5593
5715.30709355696  278.5792
5715.35480018047  274.3632
5715.40250321576  297.6793
5715.45020266264  277.458
5715.49789852097  293.1944
5715.54559079056  296.7627
5715.59327947124  296.9095
5715.64096456285  280.5457
5715.68864606522  275.1297
5715.73632397819  304.9289
5715.78399830157  289.3576
5715.83166903521  279.9402
5715.87933617893  307.8481
5715.92699973257  305.1975
5715.97465969595  265.417
5716.02231606892  283.7789
5716.0699688513  275.0593
5716.11761804292  276.5902
5716.16526364362  293.9356
5716.21290565322  280.3294
5716.26054407156  280.1225
5716.30817889848  276.9784
5716.35581013379  317.6749
5716.40343777734  257.5791
5716.45106182895  279.8137
5716.49868228846  288.6336
5716.54629915571  292.3537
5716.59391243051  298.1856
5716.64152211271  276.7576
5716.68912820213  274.5233
5716.73673069862  263.6927
5716.78432960199  277.0294
5716.83192491208  289.0648
5716.87951662873  277.6637
5716.92710475177  267.3794
5716.97468928103  268.2267
5717.02227021634  303.1724
5717.06984755753  274.2327
5717.11742130445  270.5232
5717.1649914569  288.0104
5717.21255801475  286.3551
5717.2601209778  282.4521
5717.30768034591  253.883
5717.35523611889  294.7119
5717.40278829659  277.9902
5717.45033687883  292.4886
5717.49788186545  284.9912
5717.54542325627  300.1654
5717.59296105115  278.7321
5717.64049524989  293.9104
5717.68802585235  294.1631
5717.73555285835  273.3505
5717.78307626772  323.7459
5717.83059608031  292.428
5717.87811229593  309.1986
5717.92562491442  283.0839
5717.97313393563  263.5026
5718.02063935937  283.6614
5718.06814118549  296.6388
5718.11563941381  281.5366
5718.16313404417  270.1472
5718.21062507641  270.4415
5718.25811251035  278.3051
5718.30559634583  297.6789
5718.35307658268  265.4737
5718.40055322074  280.8577
5718.44802625984  275.3749
5718.49549569981  285.5872
5718.54296154049  272.9666
5718.59042378172  264.4813
5718.63788242331  256.6858
5718.68533746511  340.7042
5718.73278890696  305.5365
5718.78023674867  272.82
5718.8276809901  298.4192
5718.87512163107  255.6063
5718.92255867141  286.5793
5718.96999211097  300.0119
5719.01742194957  259.7572
5719.06484818704  294.4814
5719.11227082323  290.9026
5719.15968985797  295.3178
5719.20710529108  288.9694
5719.25451712241  299.5971
5719.30192535178  279.2107
5719.34932997904  290.0619
5719.39673100402  283.2543
5719.44412842654  280.909
5719.49152224645  294.9415
5719.53891246358  281.8522
5719.58629907776  268.642
5719.63368208883  283.4068
5719.68106149662  303.0679
5719.72843730096  314.323
5719.7758095017  299.7829
5719.82317809866  313.4498
5719.87054309169  310.2055
5719.91790448061  283.8938
5719.96526226525  290.7069
5720.01261644546  282.4766
5720.05996702107  311.0171
5720.10731399191  270.1659
5720.15465735782  294.9882
5720.20199711863  264.1008
5720.24933327418  303.8571
5720.29666582429  301.8906
5720.34399476882  285.1099
5720.39132010759  280.4567
5720.43864184044  301.1221
5720.48595996719  276.8948
5720.5332744877  310.0361
5720.58058540178  298.9397
5720.62789270929  278.4102
5720.67519641004  296.4301
5720.72249650389  272.8536
5720.76979299065  310.2661
5720.81708587017  281.009
5720.86437514229  277.9901
5720.91166080683  314.1344
5720.95894286364  293.8191
5721.00622131255  279.2064
5721.05349615339  291.2436
5721.100767386  297.3485
5721.14803501022  284.3708
5721.19529902587  317.6633
5721.24255943281  307.3329
5721.28981623085  306.5622
5721.33706941985  311.0841
5721.38431899962  291.0369
5721.43156497002  287.6131
5721.47880733087  286.1993
5721.52604608201  294.1805
5721.57328122328  291.2716
5721.62051275451  309.724
5721.66774067554  322.8624
5721.7149649862  284.3291
5721.76218568634  298.1802
5721.80940277577  312.5586
5721.85661625435  251.9982
5721.90382612191  288.7717
5721.95103237828  266.6457
5721.99823502331  296.1882
5722.04543405682  300.1211
5722.09262947865  292.8823
5722.13982128864  269.5907
5722.18700948663  297.9644
5722.23419407244  295.0561
5722.28137504593  296.7436
5722.32855240692  270.2749
5722.37572615525  302.9786
5722.42289629076  293.7494
5722.47006281328  294.726
5722.51722572265  290.5663
5722.56438501871  315.8303
5722.61154070129  286.2662
5722.65869277023  301.4567
5722.70584122537  299.7363
5722.75298606654  292.4408
5722.80012729358  305.5722
5722.84726490633  286.421
5722.89439890462  294.0468
5722.94152928829  296.2242
5722.98865605718  265.2645
5723.03577921113  266.5528
5723.08289874996  283.0692
5723.13001467353  272.0043
5723.17712698166  285.7428
5723.22423567419  313.3916
5723.27134075096  340.606
5723.31844221181  287.3559
5723.36554005657  273.2392
5723.41263428508  313.0872
5723.45972489718  278.6475
5723.50681189271  296.8736
5723.5538952715  288.0493
5723.60097503339  300.5587
5723.64805117821  270.27
5723.69512370582  299.8687
5723.74219261603  274.47
5723.78925790869  305.0839
5723.83631958364  286.5695
5723.88337764072  327.6276
5723.93043207976  274.5181
5723.9774829006  286.8435
5724.02453010308  303.1167
5724.07157368703  267.9666
5724.1186136523  278.631
5724.16564999872  290.3421
5724.21268272612  289.6798
5724.25971183436  282.3896
5724.30673732326  303.1011
5724.35375919266  293.1264
5724.4007774424  276.0206
5724.44779207232  282.0884
5724.49480308226  278.9309
5724.54181047205  316.3479
5724.58881424154  316.6095
5724.63581439055  276.6225
5724.68281091894  296.4922
5724.72980382653  284.7726
5724.77679311317  290.531
5724.82377877869  309.5982
5724.87076082294  309.1233
5724.91773924574  278.8768
5724.96471404695  295.5082
5725.01168522639  275.3887
5725.05865278391  316.6285
5725.10561671934  285.1516
5725.15257703253  283.4776
5725.1995337233  308.8
5725.24648679151  260.1626
5725.29343623699  313.0657
5725.34038205957  295.4939
5725.3873242591  322.1705
5725.43426283541  312.0545
5725.48119778835  302.8332
5725.52812911775  301.7025
5725.57505682346  307.8264
5725.6219809053  266.0724
5725.66890136312  298.6822
5725.71581819676  281.3462
5725.76273140606  301.9283
5725.80964099085  301.1241
5725.85654695098  312.045
5725.90344928628  288.1959
5725.9503479966  311.5128
5725.99724308177  305.9959
5726.04413454163  296.9878
5726.09102237602  315.7212
5726.13790658479  262.5519
5726.18478716776  293.0804
5726.23166412478  307.8759
5726.27853745569  289.776
5726.32540716033  272.4645
5726.37227323854  314.539
5726.41913569015  277.8356
5726.46599451501  328.1926
5726.51284971296  313.2293
5726.55970128383  299.6066
5726.60654922747  308.8929
5726.65339354371  322.4915
5726.70023423239  313.9437
5726.74707129337  272.5787
5726.79390472646  276.5195
5726.84073453152  320.983
5726.88756070839  308.8695
5726.93438325689  267.193
5726.98120217688  281.5168
5727.0280174682  292.9267
5727.07482913068  293.7545
5727.12163716416  310.6151
5727.16844156849  298.0617
5727.2152423435  285.1395
5727.26203948904  297.0851
5727.30883300494  277.1043
5727.35562289104  274.5599
5727.40240914719  280.4857
5727.44919177322  298.5602
5727.49597076898  312.676
5727.54274613431  297.4304
5727.58951786904  324.6354
5727.63628597302  287.6326
5727.68305044608  301.9856
5727.72981128808  268.4721
5727.77656849884  280.784
5727.82332207821  315.5963
5727.87007202603  301.305
5727.91681834214  295.5959
5727.96356102638  284.3158
5728.0103000786  309.7178
5728.05703549862  268.7307
5728.1037672863  304.3454
5728.15049544147  296.0518
5728.19721996398  313.5813
5728.24394085366  306.113
5728.29065811035  282.419
5728.33737173391  307.7563
5728.38408172416  272.5976
5728.43078808096  305.5085
5728.47749080413  286.3605
5728.52418989353  325.4652
5728.57088534899  281.9373
5728.61757717035  284.4487
5728.66426535746  281.4738
5728.71094991016  302.4652
5728.75763082828  310.8448
5728.80430811167  284.5875
5728.85098176018  282.7448
5728.89765177364  305.4852
5728.94431815188  297.6549
5728.99098089477  290.3328
5729.03764000213  289.9404
5729.08429547381  307.0221
5729.13094730965  281.6044
5729.17759550949  300.2448
5729.22424007317  268.8195
5729.27088100053  274.9239
5729.31751829143  314.7154
5729.36415194569  293.3916
5729.41078196316  318.3461
5729.45740834368  289.0235
5729.5040310871  323.2761
5729.55065019325  316.6872
5729.59726566198  295.092
5729.64387749313  272.3931
5729.69048568654  300.4879
5729.73709024205  291.2175
5729.78369115951  277.5556
5729.83028843876  286.0191
5729.87688207963  312.6548
5729.92347208198  347.2411
5729.97005844564  315.9807
5730.01664117046  303.0973
5730.06322025628  295.6707
5730.10979570294  305.1118
5730.15636751028  293.5209
5730.20293567815  301.61
5730.24950020639  275.3675
5730.29606109484  268.746
5730.34261834334  282.9591
5730.38917195174  263.1779
5730.43572191987  297.7536
5730.48226824759  281.5188
5730.52881093473  289.085
5730.57534998114  285.3884
5730.62188538665  301.3576
5730.66841715112  274.9739
5730.71494527438  281.0782
5730.76146975628  295.5437
5730.80799059667  313.723
5730.85450779537  302.5486
5730.90102135224  297.9716
5730.94753126712  312.3695
5730.99403753986  307.9961
5731.04054017028  311.1232
5731.08703915825  264.2611
5731.1335345036  284.3508
5731.18002620617  311.5224
5731.22651426581  289.7971
5731.27299868236  290.2628
5731.31947945567  291.8437
5731.36595658558  299.7656
5731.41243007192  292.8217
5731.45889991455  286.1597
5731.50536611331  326.8026
5731.55182866804  286.258
5731.59828757859  291.4589
5731.64474284479  291.9193
5731.69119446649  288.6471
5731.73764244354  258.9365
5731.78408677578  293.3604
5731.83052746306  300.4024
5731.87696450521  286.0152
5731.92339790207  306.1884
5731.96982765351  273.908
5732.01625375935  261.6382
5732.06267621944  307.5991
5732.10909503363  276.4014
5732.15551020176  298.4954
5732.20192172367  249.9229
5732.24832959921  270.5393
5732.29473382822  283.7915
5732.34113441054  296.3633
5732.38753134603  272.8954
5732.43392463452  293.965
5732.48031427585  325.3079
5732.52670026988  291.0038
5732.57308261645  304.7512
5732.61946131539  309.7906
5732.66583636656  292.4909
5732.7122077698  317.0947
5732.75857552496  266.7415
5732.80493963187  288.4169
5732.85130009038  287.809
5732.89765690034  288.3981
5732.9440100616  297.9389
5732.99035957399  306.7309
5733.03670543736  257.5515
5733.08304765155  304.7299
5733.12938621641  282.9363
5733.17572113179  304.5805
5733.22205239753  301.8185
5733.26838001348  300.6754
5733.31470397947  302.2369
5733.36102429535  293.8526
5733.40734096098  324.2871
5733.45365397619  282.5325
5733.49996334082  295.1364
5733.54626905473  267.4548
5733.59257111776  285.2872
5733.63886952975  271.079
5733.68516429055  300.0393
5733.73145540001  300.5121
5733.77774285796  282.3718
5733.82402666426  297.5203
5733.87030681875  332.4699
5733.91658332127  264.6749
5733.96285617168  279.1666
5734.00912536981  304.8989
5734.05539091551  302.186
5734.10165280862  294.4203
5734.147911049  280.5768
5734.19416563648  284.1906
5734.24041657092  286.8329
5734.28666385215  288.4906
5734.33290748003  254.6713
5734.3791474544  252.0586
5734.42538377511  290.2906
5734.47161644199  298.3134
5734.51784545491  309.847
5734.56407081369  308.4885
5734.61029251819  334.006
5734.65651056826  280.6106
5734.70272496374  290.7299
5734.74893570447  273.9148
5734.7951427903  333.5072
5734.84134622109  303.806
5734.88754599666  277.594
5734.93374211688  277.1902
5734.97993458158  286.9416
5735.02612339061  296.3779
5735.07230854383  280.4062
5735.11849004107  283.5245
5735.16466788218  286.1481
5735.210842067  316.6583
5735.25701259539  282.675
5735.30317946719  314.8473
5735.34934268224  244.9607
5735.3955022404  305.2947
5735.44165814151  290.2636
5735.48781038541  260.14
5735.53395897195  285.7398
5735.58010390099  281.4286
5735.62624517235  281.5632
5735.67238278591  278.0971
5735.71851674148  241.8491
5735.76464703894  316.7347
5735.81077367811  302.1555
5735.85689665886  296.0609
5735.90301598102  309.0705
5735.94913164444  324.4987
5735.99524364898  305.5851
5736.04135199446  296.3849
5736.08745668076  268.4071
5736.1335577077  310.71
5736.17965507514  297.2811
5736.22574878292  321.0272
5736.2718388309  298.5566
5736.31792521891  309.1337
5736.36400794681  292.4703
5736.41008701445  304.6696
5736.45616242166  270.9709
5736.5022341683  292.2573
5736.54830225422  275.5884
5736.59436667925  256.6744
5736.64042744326  298.542
5736.68648454609  294.8804
5736.73253798758  307.3712
5736.77858776758  254.5375
5736.82463388594  309.4482
5736.8706763425  299.3359
5736.91671513713  288.3992
5736.96275026965  297.6386
5737.00878173993  275.0993
5737.0548095478  316.3315
5737.10083369312  301.9283
5737.14685417573  273.8965
5737.19287099548  273.4653
5737.23888415222  287.9821
5737.2848936458  282.0884
5737.33089947607  287.3257
5737.37690164286  310.2496
5737.42290014604  305.9697
5737.46889498544  272.0222
5737.51488616093  261.9977
5737.56087367234  301.2519
5737.60685751952  264.2247
5737.65283770232  302.491
5737.69881422059  270.1084
5737.74478707418  283.9087
5737.79075626294  270.4499
5737.83672178671  305.759
5737.88268364534  262.0818
5737.92864183868  278.5726
5737.97459636659  304.901
5738.0205472289  353.3003
5738.06649442547  258.5581
5738.11243795614  282.0132
5738.15837782077  308.887
5738.2043140192  261.3816
5738.25024655128  253.2145
5738.29617541686  282.4839
5738.34210061579  321.051
5738.38802214791  269.3252
5738.43394001308  305.5137
5738.47985421115  290.2119
5738.52576474196  296.0804
5738.57167160536  273.9854
5738.61757480121  262.8381
5738.66347432934  291.0958
5738.70937018961  286.9693
5738.75526238188  288.9129
5738.80115090598  302.379
5738.84703576176  273.1588
5738.89291694909  284.6614
5738.93879446779  295.6499
5738.98466831773  327.7227
5739.03053849876  302.4841
5739.07640501071  264.7419
5739.12226785345  310.3431
5739.16812702683  279.6026
5739.21398253068  301.1421
5739.25983436486  298.8437
5739.30568252922  323.7453
5739.35152702361  308.0005
5739.39736784788  289.9148
5739.44320500188  276.8009
5739.48903848546  291.2147
5739.53486829846  303.3462
5739.58069444074  285.1956
5739.62651691215  298.7715
5739.67233571254  281.6136
5739.71815084175  306.723
5739.76396229964  297.0287
5739.80977008605  284.3893
5739.85557420084  327.6703
5739.90137464386  313.8333
5739.94717141495  291.2906
5739.99296451397  316.7888
5740.03875394076  289.5084
5740.08453969519  313.0732
5740.13032177709  312.3571
5740.17610018631  294.2169
5740.22187492271  304.1272
5740.26764598614  258.5317
5740.31341337644  274.6473
5740.35917709348  292.4773
5740.40493713709  279.2959
5740.45069350713  301.9171
5740.49644620345  299.7711
5740.54219522589  268.8307
5740.58794057432  265.5135
5740.63368224857  284.4179
5740.67942024851  262.2554
5740.72515457398  301.5049
5740.77088522483  304.5077
5740.81661220091  253.179
5740.86233550208  273.5646
5740.90805512818  296.3277
5740.95377107906  315.3017
5740.99948335458  333.8202
5741.04519195459  272.3901
5741.09089687893  291.7034
5741.13659812746  301.0573
5741.18229570003  272.3649
5741.22798959649  270.9153
5741.27367981669  284.6407
5741.31936636048  267.426
5741.36504922772  279.644
5741.41072841825  291.8513
5741.45640393193  311.6989
5741.5020757686  274.968
5741.54774392812  285.9687
5741.59340841034  321.1129
5741.63906921511  279.5762
5741.68472634228  305.8763
5741.7303797917  316.2148
5741.77602956323  283.8309
5741.82167565672  297.2328
5741.86731807201  290.396
5741.91295680896  329.0846
5741.95859186742  287.2755
5742.00422324725  288.801
5742.04985094828  320.2317
5742.09547497039  292.3821
5742.14109531341  297.0945
5742.1867119772  282.0788
5742.23232496161  293.6893
5742.27793426649  308.4444
5742.32353989169  308.4377
5742.36914183708  335.6118
5742.41474010249  324.7952
5742.46033468778  293.0348
5742.5059255928  286.1916
5742.5515128174  279.2646
5742.59709636145  289.4378
5742.64267622478  330.2562
5742.68825240725  302.9289
5742.73382490871  306.3463
5742.77939372901  292.4729
5742.82495886802  299.864
5742.87052032557  283.3594
5742.91607810153  284.9086
5742.96163219574  295.5618
5743.00718260805  281.0447
5743.05272933832  285.6707
5743.09827238641  304.2359
5743.14381175215  342.1184
5743.18934743542  306.138
5743.23487943605  300.3383
5743.2804077539  292.4355
5743.32593238883  319.0223
5743.37145334068  264.1729
5743.41697060931  268.469
5743.46248419458  293.0432
5743.50799409632  343.2703
5743.55350031441  290.1156
5743.59900284869  282.7911
5743.644501699  333.677
5743.68999686522  297.8834
5743.73548834719  285.4207
5743.78097614475  295.8488
5743.82646025777  242.7719
5743.8719406861  350.3729
5743.91741742959  303.4033
5743.9628904881  308.5506
5744.00835986147  251.3077
5744.05382554956  294.5608
5744.09928755223  291.8507
5744.14474586932  271.3229
5744.1902005007  262.7499
5744.23565144621  296.6761
5744.2810987057  291.9742
5744.32654227904  276.5008
5744.37198216607  269.3712
5744.41741836664  345.4198
5744.46285088062  303.8371
5744.50827970785  294.6366
5744.5537048482  334.9579
5744.5991263015  268.5658
5744.64454406762  327.2189
5744.68995814641  286.7881
5744.73536853772  287.4253
5744.78077524141  316.1074
5744.82617825733  259.0027
5744.87157758533  342.0981
5744.91697322527  323.1781
5744.962365177  295.7503
5745.00775344039  298.7892
5745.05313801526  278.9681
5745.0985189015  315.3471
5745.14389609894  275.5058
5745.18926960745  343.1148
5745.23463942686  269.044
5745.28000555706  305.995
5745.32536799787  298.0501
5745.37072674917  325.4246
5745.4160818108  273.7188
5745.46143318261  321.2314
5745.50678086447  350.5794
5745.55212485623  277.2312
5745.59746515773  290.8795
5745.64280176885  270.877
5745.68813468942  274.1272
5745.7334639193  270.9079
5745.77878945836  297.103
5745.82411130644  190.1579
5745.86942946339  331.7364
5745.91474392908  326.2107
5745.96005470336  290.4613
5746.00536178607  265.3061
5746.05066517709  316.9071
5746.09596487626  270.0292
5746.14126088343  299.4368
5746.18655319847  295.0022
5746.23184182122  284.2401
5746.27712675154  293.3589
5746.32240798929  269.1707
5746.36768553432  287.9931
5746.41295938649  265.2812
5746.45822954565  324.2125
5746.50349601166  274.7896
5746.54875878436  306.1035
5746.59401786363  284.0635
5746.63927324931  326.5988
5746.68452494126  328.3419
5746.72977293932  323.0012
5746.77501724337  303.0852
5746.82025785325  281.2558
5746.86549476882  292.2859
5746.91072798993  308.9009
5746.95595751645  245.3401
5747.00118334822  298.4288
5747.0464054851  277.3865
5747.09162392695  286.2616
5747.13683867362  301.4543
5747.18204972497  254.4053
5747.22725708085  269.9564
5747.27246074112  294.5762
5747.31766070564  251.1561
5747.36285697426  275.9001
5747.40804954684  275.8303
5747.45323842322  323.0779
5747.49842360328  288.2383
5747.54360508687  315.794
5747.58878287383  304.7496
5747.63395696403  286.9369
5747.67912735732  288.1777
5747.72429405357  298.4145
5747.76945705261  302.651
5747.81461635432  267.4286
5747.85977195855  268.21
5747.90492386515  293.6053
5747.95007207398  291.3605
5747.9952165849  324.0216
5748.04035739776  278.5165
5748.08549451242  268.6416
5748.13062792873  292.0992
5748.17575764656  322.0632
5748.22088366575  290.2148
5748.26600598617  313.2615
5748.31112460767  301.356
5748.35623953012  280.7605
5748.40135075335  281.29
5748.44645827724  316.597
5748.49156210163  293.0827
5748.53666222639  312.264
5748.58175865137  312.7095
5748.62685137643  313.0343
5748.67194040143  303.9507
5748.71702572622  300.2416
5748.76210735066  299.4684
5748.8071852746  262.669
5748.85225949791  272.9941
5748.89733002044  309.3248
5748.94239684204  268.0056
5748.98745996259  294.5511
5749.03251938192  315.2006
5749.0775750999  295.7472
5749.12262711638  292.9228
5749.16767543123  297.9464
5749.21272004431  324.0364
5749.25776095545  332.0498
5749.30279816454  295.237
5749.34783167142  312.0995
5749.39286147594  281.2483
5749.43788757798  307.1487
5749.48290997738  251.02
5749.527928674  258.9705
5749.57294366771  278.6991
5749.61795495835  308.0286
5749.66296254578  307.701
5749.70796642987  269.0041
5749.75296661047  270.8413
5749.79796308744  304.8459
5749.84295586064  296.5898
5749.88794492992  350.545
5749.93293029514  269.3603
5749.97791195616  281.4315
5750.02288991284  296.7104
5750.06786416504  292.3918
5750.11283471261  250.7565
5750.15780155541  312.6827
5750.2027646933  257.2785
5750.24772412614  290.7026
5750.29267985379  283.0114
5750.3376318761  295.899
5750.38258019294  297.658
5750.42752480415  306.5564
5750.4724657096  278.6032
5750.51740290916  308.808
5750.56233640266  271.8041
5750.60726618999  314.9153
5750.65219227098  304.0579
5750.69711464551  297.5307
5750.74203331342  259.6598
5750.78694827459  288.2953
5750.83185952886  274.9387
5750.8767670761  280.5289
5750.92167091616  325.9433
5750.9665710489  282.9063
5751.01146747419  345.9296
5751.05636019187  312.6601
5751.10124920182  277.0772
5751.14613450388  307.6778
5751.19101609792  275.1927
5751.2358939838  285.4736
5751.28076816137  293.2836
5751.3256386305  308.087
5751.37050539103  288.9871
5751.41536844284  334.711
5751.46022778578  214.1437
5751.50508341971  303.1234
5751.54993534449  289.445
5751.59478355998  338.0704
5751.63962806603  334.0435
5751.68446886251  323.3679
5751.72930594928  303.1745
5751.77413932619  301.7227
5751.81896899311  276.9125
5751.86379494989  248.4864
5751.90861719639  279.7796
5751.95343573248  285.2447
5751.99825055801  290.0825
5752.04306167285  332.4489
5752.08786907684  312.9829
5752.13267276986  283.5869
5752.17747275176  298.0363
5752.2222690224  283.2931
5752.26706158163  262.8186
5752.31185042933  289.7678
5752.35663556535  261.3921
5752.40141698955  313.0023
5752.44619470179  340.381
5752.49096870193  272.0202
5752.53573898982  316.2128
5752.58050556534  275.614
5752.62526842834  337.1796
5752.67002757867  312.2152
5752.71478301621  304.4317
5752.7595347408  274.0003
5752.80428275232  292.6791
5752.84902705061  275.2594
5752.89376763555  304.9034
5752.93850450698  299.6586
5752.98323766478  255.7683
5753.0279671088  245.6821
5753.0726928389  259.2695
5753.11741485494  297.9067
5753.16213315679  297.3374
5753.2068477443  311.1453
5753.25155861733  316.0136
5753.29626577574  276.6859
5753.3409692194  263.3115
5753.38566894817  263.8408
5753.4303649619  264.2489
5753.47505726046  264.6663
5753.5197458437  265.0677
5753.56443071149  265.4785
5753.60911186369  257.2767
5753.65378930017  302.8971
5753.69846302077  296.7895
5753.74313302536  303.6557
5753.78779931381  315.6161
5753.83246188597  284.1542
5753.8771207417  265.5728
5753.92177588088  243.0489
5753.96642730334  296.0674
5754.01107500897  284.308
5754.05571899761  280.8159
5754.10035926913  271.7628
5754.1449958234  265.5381
5754.18962866026  317.6668
5754.2342577796  326.3861
5754.27888318125  258.5213
5754.3235048651  326.9079
5754.36812283099  262.678
5754.41273707879  280.7652
5754.45734760836  260.6393
5754.50195441956  294.6385
5754.54655751226  281.2184
5754.59115688632  242.2321
5754.63575254159  283.4764
5754.68034447794  285.2118
5754.72493269523  292.9598
5754.76951719332  263.7871
5754.81409797208  285.8556
5754.85867503136  248.2346
5754.90324837103  323.7654
5754.94781799095  333.472
5754.99238389099  302.3775
5755.03694607099  264.351
5755.08150453083  297.4942
5755.12605927037  336.3792
5755.17061028947  261.6607
5755.21515758799  302.4536
5755.2597011658  283.9545
5755.30424102275  319.1249
5755.3487771587  296.1145
5755.39330957353  282.3405
5755.43783826709  266.4664
5755.48236323925  296.603
5755.52688448987  336.5208
5755.5714020188  235.9641
5755.61591582591  297.7801
5755.66042591108  269.2028
5755.70493227414  265.882
5755.74943491498  282.9606
5755.79393383345  265.1291
5755.83842902941  210.6301
5755.88292050273  328.0893
5755.92740825327  308.0341
5755.9718922809  304.7501
5756.01637258547  268.4789
5756.06084916685  268.2816
5756.1053220249  270.0589
5756.14979115948  247.8165
5756.19425657046  287.207
5756.2387182577  255.5587
5756.28317622106  328.3397
5756.32763046041  295.8291
5756.37208097561  217.4031
5756.41652776651  260.1096
5756.460970833  327.8938
5756.50541017492  291.9837
5756.54984579214  312.8885
5756.59427768453  274.4734
5756.63870585194  306.5115
5756.68313029425  304.4621
5756.72755101131  311.8055
5756.77196800299  299.1393
5756.81638126915  308.8293
5756.86079080965  286.2938
5756.90519662436  306.2835
5756.94959871314  245.159
5756.99399707586  301.9133
5757.03839171237  318.7776
5757.08278262255  321.0228
5757.12716980625  276.8701
5757.17155326335  300.6717
5757.21593299369  293.1398
5757.26030899715  276.7872
5757.30468127359  295.2272
5757.34904982288  314.3795
5757.39341464488  334.764
5757.43777573944  264.9957
5757.48213310645  222.175
5757.52648674575  331.5434
5757.57083665722  319.0839
5757.61518284071  262.5698
5757.6595252961  272.3557
5757.70386402325  276.8958
5757.74819902201  280.5235
5757.79253029226  316.4104
5757.83685783385  275.3486
5757.88118164666  303.4017
5757.92550173055  250.6643
5757.96981808538  262.9713
5758.01413071101  335.0548
5758.05843960732  299.0965
5758.10274477416  265.0738
5758.1470462114  247.7509
5758.1913439189  329.785
5758.23563789653  303.6857
5758.27992814415  265.1814
5758.32421466163  322.7336
5758.36849744884  271.6915
5758.41277650562  249.2363
5758.45705183187  277.9866
5758.50132342742  266.5627
5758.54559129216  308.6241
5758.58985542594  291.4366
5758.63411582864  329.1928
5758.67837250011  310.8969
5758.72262544022  318.6201
5758.76687464883  288.1584
5758.81112012582  342.0572
5758.85536187104  278.3968
5758.89959988436  290.6143
5758.94383416565  273.5799
5758.98806471477  226.4792
5759.03229153158  294.1883
5759.07651461596  320.1313
5759.12073396776  273.1095
5759.16494958685  323.4231
5759.2091614731  288.2304
5759.25336962637  285.4259
5759.29757404653  338.3723
5759.34177473344  275.0107
5759.38597168698  276.4326
5759.43016490699  293.6754
5759.47435439336  299.1463
5759.51854014594  262.6372
5759.5627221646  267.5472
5759.60690044921  245.2727
5759.65107499963  281.236
5759.69524581573  269.9116
5759.73941289737  281.7802
5759.78357624442  329.5928
5759.82773585674  267.0255
5759.87189173421  297.7064
5759.91604387669  299.8275
5759.96019228403  315.4039
5760.00433695612  251.3638
5760.04847789281  307.7983
5760.09261509397  283.3348
5760.13674855947  253.2289
5760.18087828917  295.2401
5760.22500428294  290.4612
5760.26912654065  284.198
5760.31324506216  333.4027
5760.35735984734  298.4601
5760.40147089604  293.0542
5760.44557820816  255.6509
