5745.35010103086  255.6633
5745.40325065051  234.3566
5745.45639687923  245.9442
5745.50953971678  269.7729
5745.56267916296  289.2051
5745.61581521754  286.0162
5745.6689478803  217.5172
5745.72207715102  270.7171
5745.77520302947  234.9066
5745.82832551545  271.222
5745.88144460873  265.6078
5745.93456030909  256.1759
5745.9876726163  264.2672
5746.04078153016  318.9886
5746.09388705043  310.4948
5746.14698917691  237.8389
5746.20008790936  238.7246
5746.25318324757  302.1704
5746.30627519132  282.9376
5746.35936374039  294.5134
5746.41244889457  273.544
5746.46553065362  268.4751
5746.51860901733  244.6546
5746.57168398548  273.6396
5746.62475555786  287.6613
5746.67782373423  264.3409
5746.73088851439  272.2973
5746.78394989811  239.5132
5746.83700788517  258.6236
5746.89006247535  212.2426
5746.94311366844  234.0642
5746.99616146421  280.2014
5747.04920586245  283.5019
5747.10224686293  233.3707
5747.15528446544  233.8963
5747.20831866976  295.2535
5747.26134947567  235.096
5747.31437688294  234.4105
5747.36740089136  253.8505
5747.42042150072  255.2024
5747.47343871078  272.8651
5747.52645252134  259.5986
5747.57946293217  252.9745
5747.63246994306  267.383
5747.68547355378  279.4078
5747.73847376412  244.2195
5747.79147057385  295.679
5747.84446398277  255.4434
5747.89745399064  301.7225
5747.95044059726  309.3732
5748.0034238024  301.6515
5748.05640360584  264.7914
5748.10938000737  216.9391
5748.16235300677  262.1489
5748.21532260381  219.4412
5748.26828879829  267.7626
5748.32125158997  264.1746
5748.37421097865  265.3098
5748.42716696411  273.9474
5748.48011954612  268.3476
5748.53306872446  289.7786
5748.58601449893  290.4633
5748.6389568693  219.2811
5748.69189583535  280.6285
5748.74483139687  264.1427
5748.79776355363  279.8626
5748.85069230542  252.6084
5748.90361765202  252.6784
5748.95653959322  260.2432
5749.00945812879  269.5497
5749.06237325852  270.7055
5749.11528498218  290.4514
5749.16819329957  269.4227
5749.22109821046  261.6812
5749.27399971463  258.9021
5749.32689781187  254.6603
5749.37979250196  257.1574
5749.43268378468  271.4459
5749.48557165982  273.8422
5749.53845612716  301.8006
5749.59133718647  239.3946
5749.64421483754  269.7611
5749.69708908016  228.3324
5749.74995991411  304.8362
5749.80282733916  273.7193
5749.8556913551  259.4882
5749.90855196172  258.8822
5749.9614091588  265.5154
5750.01426294612  265.7231
5750.06711332346  277.6614
5750.1199602906  242.9095
5750.17280384733  261.1719
5750.22564399344  248.0806
5750.27848072869  244.9537
5750.33131405288  257.1503
5750.3841439658  285.7136
5750.43697046722  272.1816
5750.48979355691  297.3905
5750.54261323468  275.4583
5750.59542950031  249.6788
5750.64824235356  291.09
5750.70105179424  264.7072
5750.75385782211  289.2465
5750.80666043697  292.8047
5750.8594596386  204.8338
5750.91225542678  259.571
5750.9650478013  260.3149
5751.01783676193  251.0073
5751.07062230846  209.4789
5751.12340444068  223.9964
5751.17618315837  225.8325
5751.22895846131  270.0725
5751.28173034929  317.1068
5751.33449882208  248.185
5751.38726387948  229.6566
5751.44002552126  273.89
5751.49278374721  258.3507
5751.54553855712  278.1377
5751.59828995077  239.2212
5751.65103792794  261.7443
5751.70378248841  283.2194
5751.75652363198  251.9849
5751.80926135842  252.7611
5751.86199566751  233.9178
5751.91472655905  251.7713
5751.96745403281  230.6212
5752.02017808858  236.6914
5752.07289872615  281.4704
5752.12561594529  253.0181
5752.17832974579  257.5619
5752.23104012745  250.2394
5752.28374709003  277.6104
5752.33645063333  229.3617
5752.38915075713  261.41
5752.44184746121  234.5493
5752.49454074536  230.656
5752.54723060936  265.6862
5752.59991705301  242.6491
5752.65260007607  271.7103
5752.70527967834  239.8309
5752.7579558596  256.1306
5752.81062861963  258.2024
5752.86329795823  234.7254
5752.91596387517  263.5617
5752.96862637025  287.2433
5753.02128544323  285.1932
5753.07394109392  273.3471
5753.12659332209  300.9187
5753.17924212753  257.7402
5753.23188751002  273.9049
5753.28452946936  285.3773
5753.33716800532  280.7375
5753.38980311769  250.8417
5753.44243480625  259.3833
5753.49506307079  267.213
5753.5476879111  262.2319
5753.60030932696  245.4185
5753.65292731815  253.6335
5753.70554188446  234.043
5753.75815302568  257.752
5753.81076074159  231.3393
5753.86336503198  284.885
5753.91596589663  272.5545
5753.96856333533  253.651
5754.02115734786  231.0166
5754.07374793401  284.7831
5754.12633509356  265.7865
5754.17891882631  263.4362
5754.23149913203  267.4048
5754.28407601051  268.6148
5754.33664946153  242.1662
5754.3892194849  291.1573
5754.44178608037  273.219
5754.49434924776  277.8146
5754.54690898683  265.7234
5754.59946529738  257.1042
5754.65201817919  259.1105
5754.70456763205  245.6807
5754.75711365575  241.9424
5754.80965625006  247.3216
5754.86219541478  229.848
5754.9147311497  249.405
5754.96726345459  272.6032
5755.01979232925  249.3885
5755.07231777345  254.7037
5755.124839787  250.2327
5755.17735836967  239.7093
5755.22987352125  227.8221
5755.28238524152  270.7717
5755.33489353028  270.1946
5755.38739838731  263.6661
5755.4398998124  243.4285
5755.49239780532  259.8973
5755.54489236588  246.3541
5755.59738349385  269.9049
5755.64987118902  270.1595
5755.70235545118  227.0229
5755.75483628012  286.6924
5755.80731367562  242.4868
5755.85978763747  265.8814
5755.91225816546  259.3502
5755.96472525937  230.0888
5756.01718891898  261.2256
5756.0696491441  244.456
5756.1221059345  250.4244
5756.17455928997  267.376
5756.2270092103  283.2158
5756.27945569527  269.5825
5756.33189874467  256.7103
5756.3843383583  260.8788
5756.43677453593  234.5067
5756.48920727735  263.4346
5756.54163658236  257.7436
5756.59406245073  242.2746
5756.64648488226  294.5829
5756.69890387674  237.3844
5756.75131943394  264.393
5756.80373155366  261.3263
5756.85614023569  276.2657
5756.90854547981  275.7028
5756.96094728581  249.1498
5757.01334565348  259.1203
5757.0657405826  256.376
5757.11813207297  257.7115
5757.17052012437  261.0486
5757.22290473659  235.0048
5757.27528590941  267.01
5757.32766364263  281.1191
5757.38003793603  274.8631
5757.43240878941  261.44
5757.48477620254  253.4957
5757.53714017522  259.374
5757.58950070723  259.063
5757.64185779836  258.7427
5757.69421144841  258.4231
5757.74656165715  258.1596
5757.79890842438  249.1467
5757.85125174989  263.2236
5757.90359163346  262.6067
5757.95592807488  259.1787
5758.00826107394  258.4671
5758.06059063042  277.695
5758.11291674413  260.5303
5758.16523941484  293.4908
5758.21755864234  266.4896
5758.26987442643  273.9496
5758.32218676688  265.6185
5758.3744956635  275.7574
5758.42680111606  271.2838
5758.47910312436  258.5088
5758.53140168819  267.5044
5758.58369680732  238.9853
5758.63598848156  261.8427
5758.6882767107  274.312
5758.74056149451  287.935
5758.79284283279  290.2923
5758.84512072533  256.7453
5758.89739517191  274.0347
5758.94966617233  264.1255
5759.00193372638  279.8792
5759.05419783384  239.5347
5759.10645849451  298.4432
5759.15871570816  252.2786
5759.2109694746  271.1425
5759.2632197936  255.7878
5759.31546666497  263.2974
5759.36771008849  287.2124
5759.41995006394  268.1515
5759.47218659112  267.2662
5759.52441966982  261.1676
5759.57664929983  265.193
5759.62887548093  264.0683
5759.68109821292  256.0854
5759.73331749558  294.3536
5759.7855333287  265.599
5759.83774571208  245.006
5759.88995464551  246.1643
5759.94216012876  246.0698
5759.99436216165  259.6719
5760.04656074394  281.9987
5760.09875587544  253.3534
5760.15094755593  249.7807
5760.2031357852  284.0264
5760.25532056304  250.4834
5760.30750188925  260.7703
5760.3596797636  298.2735
5760.4118541859  257.9878
5760.46402515594  272.4984
5760.51619267349  265.3683
5760.56835673836  297.2433
5760.62051735033  256.0474
5760.67267450919  285.3446
5760.72482821473  249.9224
5760.77697846675  282.0334
5760.82912526504  261.1736
5760.88126860937  247.1672
5760.93340849955  254.2666
5760.98554493537  248.4065
5761.03767791661  255.2001
5761.08980744307  270.5586
5761.14193351453  241.216
5761.19405613079  247.5002
5761.24617529164  280.7767
5761.29829099686  255.8217
5761.35040324626  251.1441
5761.40251203961  266.302
5761.45461737672  266.7667
5761.50671925736  290.4348
5761.55881768134  251.9892
5761.61091264843  297.3763
5761.66300415845  260.6967
5761.71509221116  232.8002
5761.76717680638  290.3798
5761.81925794388  302.7922
5761.87133562345  244.2828
5761.9234098449  259.9096
5761.975480608  274.9143
5762.02754791256  267.5264
5762.07961175836  281.3157
5762.13167214519  282.2179
5762.18372907285  226.2053
5762.23578254112  253.3074
5762.2878325498  264.9595
5762.33987909867  273.3796
5762.39192218754  258.9338
5762.44396181619  285.9587
5762.49599798441  249.7562
5762.548030692  289.3987
5762.60005993874  257.5707
5762.65208572443  307.3963
5762.70410804886  292.9071
5762.75612691182  240.9692
5762.8081423131  253.3939
5762.8601542525  272.2922
5762.91216272981  258.3334
5762.96416774481  266.4705
5763.0161692973  254.7778
5763.06816738707  262.0534
5763.12016201392  263.2702
5763.17215317763  258.8598
5763.224140878  232.271
5763.27612511482  270.4422
5763.32810588788  273.61
5763.38008319698  249.3793
5763.4320570419  248.9003
5763.48402742244  245.8026
5763.53599433839  245.7661
5763.58795778954  249.6125
5763.63991777569  240.654
5763.69187429663  240.2152
5763.74382735214  267.1024
5763.79577694203  283.3421
5763.84772306608  276.264
5763.89966572409  265.4518
5763.95160491585  293.7569
5764.00354064115  261.2635
5764.05547289978  265.0351
5764.10740169155  293.7801
5764.15932701623  254.9473
5764.21124887362  300.3385
5764.26316726353  269.051
5764.31508218572  280.1965
5764.36699364001  268.2048
5764.41890162619  276.4233
5764.47080614404  254.0431
5764.52270719336  267.0629
5764.57460477395  274.7747
5764.62649888559  263.3835
5764.67838952807  306.4836
5764.7302767012  247.1167
5764.78216040477  286.874
5764.83404063856  277.2903
5764.88591740238  272.9248
5764.937790696  292.2892
5764.98966051924  266.0182
5765.04152687188  280.8609
5765.09338975371  282.2244
5765.14524916453  305.2411
5765.19710510413  276.7953
5765.24895757231  267.0204
5765.30080656885  266.5644
5765.35265209356  296.7823
5765.40449414622  277.1765
5765.45633272663  275.157
5765.50816783458  255.4311
5765.55999946987  261.6956
5765.61182763229  279.7017
5765.66365232163  276.1285
5765.71547353768  254.747
5765.76729128026  257.6996
5765.81910554913  253.6009
5765.8709163441  254.9819
5765.92272366497  244.1221
5765.97452751152  266.8999
5766.02632788356  276.9083
5766.07812478086  290.7606
5766.12991820324  308.6696
5766.18170815048  277.3867
5766.23349462238  266.732
5766.28527761873  260.2711
5766.33705713932  264.1835
5766.38883318395  290.7569
5766.44060575242  263.015
5766.49237484452  281.9346
5766.54414046004  265.5008
5766.59590259877  283.7844
5766.64766126052  282.1492
5766.69941644507  258.9525
5766.75116815223  260.2277
5766.80291638178  265.6311
5766.85466113351  264.1567
5766.90640240724  270.1925
5766.95814020274  248.1582
5767.00987451982  279.6289
5767.06160535826  262.3698
5767.11333271787  270.4754
5767.16505659843  274.0721
5767.21677699975  264.7584
5767.26849392161  264.3979
5767.32020736382  284.8817
5767.37191732617  244.275
5767.42362380845  271.9957
5767.47532681045  281.2432
5767.52702633198  260.5237
5767.57872237283  295.3766
5767.63041493279  309.7994
5767.68210401166  259.413
5767.73378960923  268.2231
5767.7854717253  263.7588
5767.83715035966  262.4984
5767.88882551212  256.7764
5767.94049718245  272.6471
5767.99216537047  260.6955
5768.04383007597  287.192
5768.09549129873  286.06
5768.14714903856  270.9
5768.19880329525  283.9468
5768.2504540686  272.6589
5768.3021013584  291.6653
5768.35374516445  254.9074
5768.40538548655  275.8041
5768.45702232449  262.6466
5768.50865567806  285.4961
5768.56028554706  281.4047
5768.61191193129  272.2216
5768.66353483055  288.9676
5768.71515424462  294.6753
5768.76677017331  304.377
5768.81838261641  275.7674
5768.86999157372  306.4653
5768.92159704503  261.4
5768.97319903015  275.9134
5769.02479752886  270.0414
5769.07639254095  249.7863
5769.12798406624  271.2344
5769.17957210452  293.5649
5769.23115665557  281.3625
5769.2827377192  260.8827
5769.3343152952  260.8642
5769.38588938337  246.7269
5769.43745998351  267.4557
5769.48902709541  252.71
5769.54059071887  281.4545
5769.59215085369  243.1481
5769.64370749966  274.9301
5769.69526065657  263.8851
5769.74681032424  292.5837
5769.79835650244  283.192
5769.84989919099  266.9127
5769.90143838967  289.114
5769.95297409828  288.7135
5770.00450631662  285.0591
5770.05603504449  265.1007
5770.10756028168  267.1027
5770.15908202799  286.9319
5770.21060028322  289.4892
5770.26211504716  260.4886
5770.31362631961  246.0374
5770.36513410038  272.5226
5770.41663838924  283.4641
5770.46813918601  265.4095
5770.51963649048  291.7521
5770.57113030245  267.049
5770.62262062171  256.6557
5770.67410744806  276.2734
5770.7255907813  258.1755
5770.77707062123  276.8085
5770.82854696764  264.5159
5770.88001982033  290.4324
5770.9314891791  278.5216
5770.98295504375  256.9332
5771.03441741407  278.1634
5771.08587628987  260.5628
5771.13733167093  237.9899
5771.18878355706  279.4973
5771.24023194805  254.566
5771.29167684371  297.1336
5771.34311824383  261.2525
5771.3945561482  258.1722
5771.44599055663  292.6098
5771.49742146891  296.5229
5771.54884888485  266.7308
5771.60027280423  261.633
5771.65169322687  271.1933
5771.70311015254  263.488
5771.75452358107  255.7768
5771.80593351223  284.848
5771.85733994584  268.5153
5771.90874288168  299.3092
5771.96014231956  281.2113
5772.01153825927  279.1057
5772.06293070062  254.8693
5772.1143196434  287.7832
5772.16570508741  276.6397
5772.21708703245  268.3798
5772.26846547831  267.9613
5772.3198404248  279.2969
5772.37121187171  265.6143
5772.42257981885  284.0049
5772.47394426601  270.6666
5772.52530521298  253.03
5772.57666265958  259.1567
5772.62801660559  274.5028
5772.67936705082  310.1116
5772.73071399506  280.2042
5772.78205743811  270.5528
5772.83339737978  239.3814
5772.88473381986  233.1363
5772.93606675815  262.2397
5772.98739619445  258.7188
5773.03872212856  265.2505
5773.09004456027  256.4893
5773.14136348939  297.7772
5773.19267891572  256.2928
5773.24399083905  244.5399
5773.29529925919  281.6717
5773.34660417592  275.4099
5773.39790558906  293.0175
5773.44920349841  256.1714
5773.50049790375  280.8515
5773.55178880489  243.1909
5773.60307620163  288.772
5773.65436009378  286.8495
5773.70564048112  279.7531
5773.75691736346  259.6791
5773.80819074059  245.5024
5773.85946061233  268.6742
5773.91072697846  285.2565
5773.96198983879  267.4904
5774.01324919311  284.9036
5774.06450504124  294.2411
5774.11575738295  265.3374
5774.16700621807  257.6445
5774.21825154638  280.194
5774.26949336768  295.3823
5774.32073168178  291.1093
5774.37196648848  281.7011
5774.42319778757  259.9261
5774.47442557886  287.0667
5774.52564986214  270.4296
5774.57687063722  284.4455
5774.62808790389  282.5117
5774.67930166196  296.843
5774.73051191123  306.6845
5774.78171865149  256.653
5774.83292188256  285.7347
5774.88412160421  279.4243
5774.93531781627  249.8642
5774.98651051853  279.8973
5775.03769971078  269.8123
5775.08888539283  272.1469
5775.14006756448  279.3651
5775.19124622553  276.6843
5775.24242137579  281.424
5775.29359301504  270.9014
5775.3447611431  285.5076
5775.39592575976  272.6268
5775.44708686482  265.9886
5775.49824445809  300.9338
5775.54939853936  271.011
5775.60054910844  273.2829
5775.65169616513  285.4608
5775.70283970922  262.7697
5775.75397974052  283.1387
5775.80511625883  268.5105
5775.85624926396  280.6924
5775.90737875569  279.9291
5775.95850473384  271.3801
5776.0096271982  269.6017
5776.06074614858  285.1267
5776.11186158478  290.5119
5776.16297350659  274.4001
5776.21408191382  291.3766
5776.26518680628  277.4808
5776.31628818375  257.1833
5776.36738604605  265.86
5776.41848039297  273.3243
5776.46957122432  271.3784
5776.5206585399  283.9482
5776.57174233951  280.8584
5776.62282262295  270.365
5776.67389939002  284.6123
5776.72497264052  292.5675
5776.77604237427  237.7736
5776.82710859105  280.3752
5776.87817129066  272.5964
5776.92923047293  266.9018
5776.98028613763  245.6366
5777.03133828458  285.5368
5777.08238691357  293.1377
5777.13343202442  280.1891
5777.18447361692  267.1277
5777.23551169086  272.9032
5777.28654624607  284.4015
5777.33757728233  272.9691
5777.38860479945  284.7759
5777.43962879724  268.4819
5777.49064927548  275.5198
5777.541666234  278.2135
5777.59267967258  265.648
5777.64368959103  270.6651
5777.69469598916  266.0206
5777.74569886676  292.0166
5777.79669822364  274.4279
5777.8476940596  296.4016
5777.89868637444  270.8701
5777.94967516797  272.4719
5778.00066043999  276.7787
5778.05164219029  262.0686
5778.1026204187  308.7592
5778.15359512499  303.722
5778.20456630899  317.1086
5778.25553397049  284.4261
5778.30649810929  258.4631
5778.3574587252  270.2165
5778.40841581802  272.7734
5778.45936938756  267.0488
5778.51031943361  284.7771
5778.56126595598  239.1891
5778.61220895447  262.4642
5778.66314842889  286.2228
5778.71408437903  268.3544
5778.76501680471  291.825
5778.81594570572  266.7661
5778.86687108187  275.525
5778.91779293296  304.4648
5778.9687112588  284.136
5779.01962605918  284.6286
5779.07053733392  268.6594
5779.12144508281  284.651
5779.17234930565  279.5419
5779.22325000226  288.4169
5779.27414717244  302.2996
5779.32504081598  268.4476
5779.3759309327  250.1201
5779.42681752239  276.3231
5779.47770058486  288.485
5779.52858011991  259.0671
5779.57945612736  282.159
5779.63032860699  265.4008
5779.68119755861  272.6809
5779.73206298204  261.7542
5779.78292487707  278.5082
5779.8337832435  276.0121
5779.88463808114  271.8396
5779.9354893898  265.6053
5779.98633716928  278.1461
5780.03718141938  274.6963
5780.0880221399  269.8918
5780.13885933066  253.9783
5780.18969299145  278.1679
5780.24052312208  259.3932
5780.29134972235  274.73
5780.34217279208  257.2695
5780.39299233105  284.4788
5780.44380833908  284.3615
5780.49462081597  290.1261
5780.54542976152  284.1286
5780.59623517554  284.0129
5780.64703705785  270.8114
5780.69783540822  276.0641
5780.74863022648  272.9383
5780.79942151243  285.8364
5780.85020926587  285.0411
5780.90099348661  273.0443
5780.95177417445  265.4908
5781.0025513292  286.5946
5781.05332495065  290.2471
5781.10409503863  283.8712
5781.15486159292  288.5976
5781.20562461335  272.5929
5781.2563840997  277.8306
5781.30714005179  277.1765
5781.35789246942  270.0764
5781.4086413524  268.2337
5781.45938670052  258.4102
5781.51012851361  301.4024
5781.56086679145  264.8124
5781.61160153387  296.8545
5781.66233274065  282.258
5781.71306041162  245.3218
5781.76378454656  303.8265
5781.8145051453  268.7962
5781.86522220762  309.1631
5781.91593573335  282.9912
5781.96664572228  274.52
5782.01735217422  288.4145
5782.06805508898  258.7096
5782.11875446636  274.9443
5782.16945030616  311.7182
5782.2201426082  265.5841
5782.27083137227  258.8375
5782.32151659819  287.6848
5782.37219828576  280.935
5782.42287643478  297.725
5782.47355104507  279.2241
5782.52422211642  298.4551
5782.57488964865  279.3777
5782.62555364155  242.3963
5782.67621409494  295.5163
5782.72687100862  277.338
5782.7775243824  287.0255
5782.82817421608  259.712
5782.87882050947  289.5899
5782.92946326237  275.7782
5782.9801024746  275.4948
5783.03073814595  291.6455
5783.08137027624  276.9657
5783.13199886527  288.5336
5783.18262391285  285.3734
5783.23324541878  268.9322
5783.28386338287  260.5574
5783.33447780492  275.3797
5783.38508868475  285.377
5783.43569602216  293.8187
5783.48629981695  284.3275
5783.53690006894  267.9707
5783.58749677793  283.9651
5783.63808994372  282.3518
5783.68867956612  271.1217
5783.73926564495  286.9606
5783.78984817999  283.9516
5783.84042717108  275.9112
5783.891002618  281.6858
5783.94157452057  242.6681
5783.99214287859  264.9415
5784.04270769188  267.7521
5784.09326896023  297.8988
5784.14382668345  275.5462
5784.19438086136  267.8727
5784.24493149376  272.1307
5784.29547858045  279.2018
5784.34602212125  277.333
5784.39656211596  322.3623
5784.44709856438  278.2779
5784.49763146633  283.3158
5784.54816082162  253.7746
5784.59868663004  270.9583
5784.64920889141  289.1773
5784.69972760554  283.5745
5784.75024277222  291.3833
5784.80075439128  279.8809
5784.85126246252  269.7724
5784.90176698574  293.3691
5784.95226796075  277.5084
5785.00276538737  273.325
5785.05325926539  275.2477
5785.10374959463  278.2404
5785.15423637489  269.1801
5785.20471960599  249.4425
5785.25519928772  274.7821
5785.3056754199  302.753
5785.35614800233  275.0341
5785.40661703484  268.3741
5785.45708251721  262.1353
5785.50754444926  245.2965
5785.55800283079  272.8106
5785.60845766163  278.2942
5785.65890894157  273.025
5785.70935667042  274.2163
5785.75980084798  273.9833
5785.81024147408  276.1143
5785.86067854852  295.927
5785.9111120711  290.3998
5785.96154204164  269.6138
5786.01196845993  264.9816
5786.0623913258  256.2722
5786.11281063904  284.6997
5786.16322639948  304.1115
5786.2136386069  249.3849
5786.26404726114  281.1081
5786.31445236199  278.5072
5786.36485390926  277.9919
5786.41525190276  276.3867
5786.4656463423  267.4413
5786.51603722769  286.4433
5786.56642455873  281.4617
5786.61680833524  278.2959
5786.66718855703  295.7204
5786.7175652239  290.2788
5786.76793833566  298.8249
5786.81830789213  286.2552
5786.8686738931  271.6688
5786.9190363384  284.9757
5786.96939522783  270.952
5787.01975056119  283.3658
5787.0701023383  265.6709
5787.12045055897  270.0933
5787.170795223  261.4402
5787.22113633021  265.9745
5787.27147388041  275.8691
5787.3218078734  273.7997
5787.37213830899  281.515
5787.42246518699  252.2955
5787.47278850722  276.8175
5787.52310826948  306.3615
5787.57342447358  272.9453
5787.62373711934  273.6973
5787.67404620655  304.0092
5787.72435173503  257.513
5787.7746537046  274.9372
5787.82495211505  302.1348
5787.8752469662  302.6985
5787.92553825787  267.4736
5787.97582598985  286.3105
5788.02611016197  276.004
5788.07639077402  283.7435
5788.12666782582  279.6266
5788.17694131718  268.7391
5788.22721124791  297.1101
5788.27747761782  271.2662
5788.32774042672  255.0106
5788.37799967442  274.8169
5788.42825536073  278.4562
5788.47850748546  293.2328
5788.52875604842  272.8146
5788.57900104942  293.2974
5788.62924248827  238.2104
5788.67948036478  293.0686
5788.72971467877  279.532
5788.77994543003  266.6081
5788.83017261839  256.7914
5788.88039624366  260.1808
5788.93061630564  295.157
5788.98083280414  288.2444
5789.03104573898  281.2359
5789.08125510996  267.7374
5789.1314609169  299.5584
5789.18166315961  282.597
5789.23186183789  248.622
5789.28205695157  270.3438
5789.33224850044  283.4059
5789.38243648433  269.4388
5789.43262090304  244.8198
5789.48280175638  265.9494
5789.53297904416  274.1874
5789.5831527662  287.4109
5789.6333229223  306.8017
5789.68348951228  285.2726
5789.73365253595  271.1125
5789.78381199312  281.6342
5789.8339678836  293.8537
5789.8841202072  287.7712
5789.93426896374  293.5751
5789.98441415302  273.8143
5790.03455577485  317.8108
5790.08469382905  311.6992
5790.13482831543  271.6868
5790.1849592338  289.5689
5790.23508658397  282.8388
5790.28521036576  283.9378
5790.33533057897  247.605
5790.38544722342  283.4101
5790.43556029891  281.5573
5790.48566980527  298.2947
5790.53577574229  273.5605
5790.5858781098  277.0412
5790.63597690761  310.3323
5790.68607213552  309.2222
5790.73616379336  269.942
5790.78625188092  272.4036
5790.83633639802  282.2241
5790.88641734449  287.7204
5790.93649472011  287.3505
5790.98656852472  277.9583
5791.03663875812  271.5025
5791.08670542012  284.8169
5791.13676851053  286.4925
5791.18682802918  275.6708
5791.23688397586  292.3267
5791.2869363504  274.4602
5791.3369851526  268.245
5791.38703038228  250.3205
5791.43707203925  276.8766
5791.48711012332  286.4791
5791.5371446343  267.1886
5791.58717557201  254.828
5791.63720293626  283.257
5791.68722672687  281.5324
5791.73724694363  293.7022
5791.78726358638  265.5422
5791.83727665492  297.1487
5791.88728614905  253.6351
5791.93729206861  283.4721
5791.98729441339  285.7461
5792.03729318321  330.4753
5792.08728837789  275.5747
5792.13727999723  280.3891
5792.18726804106  288.5317
5792.23725250917  295.7594
5792.2872334014  285.4724
5792.33721071754  291.9377
5792.38718445742  300.2547
5792.43715462084  269.5924
5792.48712120762  308.3428
5792.53708421757  292.4486
5792.58704365051  282.3228
5792.63699950624  286.0508
5792.68695178459  287.5244
5792.73690048536  285.2897
5792.78684560837  274.3828
5792.83678715344  265.2895
5792.88672512036  273.7961
5792.93665950897  277.5303
5792.98659031907  297.4611
5793.03651755048  302.9286
5793.086441203  305.7876
5793.13636127646  290.4989
5793.18627777067  288.0521
5793.23619068544  311.6222
5793.28610002058  278.0244
5793.33600577591  266.6659
5793.38590795124  283.6746
5793.43580654639  270.0452
5793.48570156117  300.1407
5793.53559299539  287.2423
5793.58548084888  294.5957
5793.63536512143  269.0254
5793.68524581287  293.851
5793.73512292301  291.2934
5793.78499645167  279.517
5793.83486639865  262.6422
5793.88473276378  286.7756
5793.93459554686  292.9751
5793.98445474772  273.6858
5794.03431036616  306.0901
5794.084162402  286.7139
5794.13401085505  298.2694
5794.18385572514  276.0775
5794.23369701207  304.3578
5794.28353471565  306.0503
5794.33336883571  285.6317
5794.38319937206  285.0156
5794.43302632451  301.1676
5794.48284969287  264.1389
5794.53266947697  274.6593
5794.58248567661  280.6711
5794.63229829161  286.3243
5794.68210732179  278.0056
5794.73191276696  281.8543
5794.78171462693  278.0296
5794.83151290153  293.4038
5794.88130759056  289.6456
5794.93109869383  262.4825
5794.98088621118  264.8548
5795.0306701424  295.871
5795.08045048732  278.3774
5795.13022724575  303.8996
5795.18000041751  282.4918
5795.2297700024  274.488
5795.27953600026  254.7981
5795.32929841088  286.0062
5795.37905723409  240.5662
5795.42881246971  306.5343
5795.47856411754  281.8639
5795.5283121774  261.7805
5795.57805664911  280.2231
5795.62779753249  293.8888
5795.67753482734  307.0954
5795.72726853349  296.429
5795.77699865075  293.9484
5795.82672517894  270.1309
5795.87644811787  274.6487
5795.92616746736  268.457
5795.97588322722  296.2484
5796.02559539727  301.4142
5796.07530397733  261.9415
5796.1250089672  277.0099
5796.17471036672  277.7423
5796.22440817568  290.8838
5796.27410239392  282.407
5796.32379302124  293.5945
5796.37348005746  266.9025
5796.4231635024  284.4679
5796.47284335587  283.2071
5796.52251961769  275.5681
5796.57219228768  285.9776
5796.62186136565  306.6437
5796.67152685142  308.2838
5796.7211887448  310.2491
5796.77084704561  325.7844
5796.82050175367  292.5688
5796.8701528688  288.5153
5796.9198003908  302.0042
5796.9694443195  304.2254
5797.01908465472  263.746
5797.06872139626  267.5198
5797.11835454395  319.8981
5797.16798409761  287.0935
5797.21761005704  284.0016
5797.26723242207  304.1174
5797.31685119252  263.4629
5797.36646636819  271.3791
5797.41607794891  312.9188
5797.4656859345  308.0027
5797.51529032476  278.914
5797.56489111953  287.2555
5797.6144883186  303.6118
5797.66408192182  271.8289
5797.71367192898  314.5805
5797.7632583399  274.8994
5797.81284115441  267.6656
5797.86242037232  298.4239
5797.91199599344  254.6685
5797.9615680176  287.3374
5798.01113644461  282.1234
5798.0607012743  290.4652
5798.11026250646  276.1307
5798.15982014094  288.4968
5798.20937417753  260.8694
5798.25892461606  265.9084
5798.30847145635  286.3383
5798.35801469822  265.07
5798.40755434147  279.9177
5798.45709038594  293.3252
5798.50662283143  296.6816
5798.55615167776  283.153
5798.60567692476  295.4906
5798.65519857224  282.2377
5798.70471662002  286.0641
5798.75423106791  301.1107
5798.80374191573  292.6139
5798.85324916331  280.9348
5798.90275281045  244.0103
5798.95225285699  298.6561
5799.00174930273  268.3961
5799.05124214749  266.2418
5799.10073139109  295.9395
5799.15021703336  301.1829
5799.1996990741  295.3728
5799.24917751314  269.8349
5799.29865235029  335.8035
5799.34812358537  288.7345
5799.39759121821  261.3536
5799.44705524861  303.9765
5799.49651567641  288.6179
5799.54597250141  276.4148
5799.59542572343  280.9285
5799.6448753423  282.6607
5799.69432135782  259.2464
5799.74376376983  293.0746
5799.79320257814  277.3252
5799.84263778257  316.4731
5799.89206938293  286.0231
5799.94149737904  256.4457
5799.99092177073  294.3499
5800.04034255781  280.6859
5800.08975974011  281.8138
5800.13917331743  276.1992
5800.1885832896  275.7771
5800.23798965644  279.3003
5800.28739241777  277.8011
5800.33679157341  316.9868
5800.38618712316  299.8792
5800.43557906687  274.972
5800.48496740433  308.2002
5800.53435213538  276.0042
5800.58373325983  265.9243
5800.6331107775  271.0603
5800.68248468821  274.5755
5800.73185499178  302.0866
5800.78122168803  309.2602
5800.83058477678  310.8398
5800.87994425785  306.8338
5800.92930013105  281.824
5800.97865239621  284.7237
5801.02800105314  271.2974
5801.07734610167  278.6284
5801.12668754162  303.3833
5801.1760253728  267.7509
5801.22535959504  274.7578
5801.27469020815  266.0847
5801.32401721195  305.0142
5801.37334060627  292.8543
5801.42266039092  299.7846
5801.47197656573  312.9457
5801.52128913051  281.2043
5801.57059808508  277.8335
5801.61990342927  285.4619
5801.66920516289  286.3923
5801.71850328576  274.1367
5801.76779779771  293.8712
5801.81708869855  266.9602
5801.86637598811  301.6531
5801.9156596662  264.0186
5801.96493973264  264.6655
5802.01421618726  266.9109
5802.06348902987  287.9216
5802.1127582603  297.079
5802.16202387836  303.4507
5802.21128588388  297.2354
5802.26054427668  308.9521
5802.30979905657  293.535
5802.35905022338  295.2486
5802.40829777693  303.4761
5802.45754171704  269.3332
5802.50678204353  265.987
5802.55601875622  299.9573
5802.60525185493  288.0741
5802.65448133948  277.8419
5802.70370720969  277.5573
5802.75292946538  286.5201
5802.80214810639  305.5567
5802.85136313251  276.2764
5802.90057454358  270.2886
5802.94978233942  314.338
5802.99898651984  274.7256
5803.04818708468  305.283
5803.09738403374  282.2282
5803.14657736686  294.1519
5803.19576708384  289.7226
5803.24495318452  292.8194
5803.29413566872  304.4129
5803.34331453625  285.8282
5803.39248978694  282.4781
5803.44166142061  254.8403
5803.49082943708  289.0946
5803.53999383617  292.7161
5803.5891546177  282.5748
5803.63831178149  290.7753
5803.68746532738  292.7018
5803.73661525517  297.14
5803.78576156468  289.5621
5803.83490425576  293.7565
5803.8840433282  277.4745
5803.93317878183  291.6701
5803.98231061649  308.6388
5804.03143883198  273.2746
5804.08056342813  275.5998
5804.12968440476  266.2552
5804.17880176169  307.1987
5804.22791549875  307.9276
5804.27702561576  287.9261
5804.32613211253  283.3508
5804.3752349889  294.0218
5804.42433424468  282.0992
5804.47342987969  310.693
5804.52252189377  300.9705
5804.57161028672  312.0748
5804.62069505837  311.4183
5804.66977620855  281.7785
5804.71885373708  279.2823
5804.76792764377  295.0406
5804.81699792846  283.8347
5804.86606459096  285.6153
5804.91512763109  277.1473
5804.96418704869  290.2575
5805.01324284356  276.1682
5805.06229501554  282.2715
5805.11134356444  295.0945
5805.1603884901  296.8342
5805.20942979233  263.6588
5805.25846747095  294.7651
5805.30750152578  303.8253
5805.35653195666  252.422
5805.4055587634  300.5235
5805.45458194583  291.323
5805.50360150376  294.077
5805.55261743702  319.9506
5805.60162974544  276.8327
5805.65063842884  289.8986
5805.69964348704  302.1959
5805.74864491986  295.4149
5805.79764272713  301.4036
5805.84663690866  284.6123
5805.89562746429  270.7466
5805.94461439384  303.6449
5805.99359769713  311.7256
5806.04257737397  282.2874
5806.09155342421  291.1646
5806.14052584765  296.939
5806.18949464413  280.6696
5806.23845981346  296.8818
5806.28742135547  283.3871
5806.33637926999  287.0237
5806.38533355683  262.828
5806.43428421583  299.631
5806.48323124679  277.951
5806.53217464956  283.4824
5806.58111442395  280.3538
5806.63005056978  274.4873
5806.67898308688  270.2802
5806.72791197507  263.8307
5806.77683723418  274.2758
5806.82575886403  297.1477
5806.87467686445  297.978
5806.92359123525  271.6375
5806.97250197627  267.9987
5807.02140908732  282.4451
5807.07031256823  293.447
5807.11921241883  293.5393
5807.16810863894  273.3099
5807.21700122838  283.3706
5807.26589018698  311.9728
5807.31477551455  276.7396
5807.36365721094  263.0394
5807.41253527595  289.5119
5807.46140970942  243.2029
5807.51028051117  273.8437
5807.55914768102  292.6074
5807.6080112188  285.9308
5807.65687112433  298.7657
5807.70572739744  312.0863
5807.75458003795  251.467
5807.80342904568  301.6595
5807.85227442047  307.382
5807.90111616213  264.376
5807.94995427049  270.3438
5807.99878874538  274.7314
5808.04761958662  272.1725
5808.09644679403  252.0634
5808.14527036744  297.7119
5808.19409030668  262.6433
5808.24290661156  297.9348
5808.29171928192  298.0545
5808.34052831758  288.0139
5808.38933371836  268.4985
5808.4381354841  286.8242
5808.48693361461  265.8675
5808.53572810971  257.2686
5808.58451896925  273.4101
5808.63330619303  277.8144
5808.68208978089  269.1937
5808.73086973265  296.362
5808.77964604814  299.7577
5808.82841872718  269.3093
5808.87718776959  282.532
5808.92595317521  288.9957
5808.97471494386  272.4398
5809.02347307536  278.1895
5809.07222756954  277.0978
5809.12097842623  281.6205
5809.16972564524  292.7235
5809.21846922641  313.4742
5809.26720916957  286.0924
5809.31594547453  283.013
5809.36467814113  286.7138
5809.41340716918  269.0519
5809.46213255853  313.2029
5809.51085430898  304.3073
5809.55957242037  280.2335
5809.60828689252  291.8673
5809.65699772527  299.0859
5809.70570491843  287.6691
5809.75440847183  297.0544
5809.80310838529  298.41
5809.85180465865  294.6986
5809.90049729174  279.5219
5809.94918628436  275.111
5809.99787163636  297.4488
5810.04655334756  314.6315
5810.09523141779  316.0448
5810.14390584686  293.4731
5810.19257663462  288.4338
5810.24124378088  303.6431
5810.28990728547  297.5978
5810.33856714822  302.3798
5810.38722336895  270.0925
5810.43587594749  267.3643
5810.48452488368  261.7874
5810.53317017732  297.1605
5810.58181182826  277.172
5810.63044983631  295.7239
5810.67908420131  301.2224
5810.72771492308  291.0364
5810.77634200145  295.1997
5810.82496543624  290.037
5810.87358522729  292.9987
5810.92220137441  289.5745
5810.97081387744  262.2537
5811.01942273621  301.9383
5811.06802795053  295.8465
5811.11662952024  307.4897
5811.16522744517  266.6636
5811.21382172514  276.993
5811.26241235998  285.7986
5811.31099934951  275.8169
5811.35958269357  292.6397
5811.40816239198  282.5762
5811.45673844456  292.9275
5811.50531085116  274.9526
5811.55387961158  276.2275
5811.60244472567  294.7083
5811.65100619325  295.0351
5811.69956401414  289.9105
5811.74811818817  278.6749
5811.79666871518  286.72
5811.84521559499  326.1861
5811.89375882742  280.3033
5811.94229841231  295.9252
5811.99083434947  325.9607
5812.03936663876  264.3864
5812.08789527997  301.4561
5812.13642027296  288.0988
5812.18494161753  298.9993
5812.23345931353  289.8067
5812.28197336078  287.3822
5812.33048375911  290.6394
5812.37899050834  276.7707
5812.42749360831  271.2614
5812.47599305884  285.8994
5812.52448885976  269.8154
5812.5729810109  296.8588
5812.62146951208  304.7524
5812.66995436315  291.4439
5812.71843556391  270.6607
5812.76691311421  273.729
5812.81538701387  273.9424
5812.86385726271  268.3175
5812.91232386058  305.2764
5812.96078680729  266.5182
5813.00924610267  299.5489
5813.05770174656  275.5379
5813.10615373878  272.2857
5813.15460207916  302.7532
5813.20304676753  309.9769
5813.25148780372  279.1721
5813.29992518756  318.1626
5813.34835891887  318.2084
5813.39678899749  291.7563
5813.44521542323  298.2136
5813.49363819595  271.4174
5813.54205731545  296.7245
5813.59047278158  286.3797
5813.63888459415  297.2791
5813.687292753  284.0561
5813.73569725796  295.6744
5813.78409810886  297.3394
5813.83249530552  299.8473
5813.88088884778  307.2245
5813.92927873546  305.43
5813.9776649684  314.4078
5814.02604754642  291.119
5814.07442646935  305.5046
5814.12280173703  280.0198
5814.17117334928  304.5724
5814.21954130592  288.568
5814.2679056068  299.3208
5814.31626625174  278.0824
5814.36462324057  289.5203
5814.41297657312  302.1911
5814.46132624921  306.1664
5814.50967226869  290.972
5814.55801463138  314.8516
5814.6063533371  286.7412
5814.65468838569  288.8523
5814.70301977698  320.5656
5814.7513475108  314.9935
5814.79967158698  317.5081
5814.84799200534  317.7005
5814.89630876572  317.8935
5814.94462186795  318.0869
5814.99293131186  297.2054
5815.04123709728  310.9243
5815.08953922403  308.5378
5815.13783769196  287.1301
5815.18613250088  297.3235
5815.23442365063  268.8922
5815.28271114104  298.1115
5815.33099497194  294.4675
5815.37927514316  312.6136
5815.42755165453  266.4446
5815.47582450589  265.1075
5815.52409369705  283.0543
5815.57235922786  302.8686
5815.62062109814  287.8335
5815.66887930772  319.958
5815.71713385644  295.9186
5815.76538474412  306.9381
5815.8136319706  281.5186
5815.8618755357  265.8942
5815.91011543926  283.2615
5815.95835168111  283.4453
5816.00658426107  283.6244
5816.05481317899  283.804
5816.10303843468  276.8353
5816.15126002799  282.8624
5816.19947795874  273.6881
5816.24769222676  281.6183
5816.29590283189  296.1363
5816.34410977395  283.4119
5816.39231305278  285.9207
5816.44051266821  280.594
5816.48870862007  299.7189
5816.53690090819  300.6772
5816.5850895324  313.8423
5816.63327449253  314.4261
5816.68145578842  303.9223
5816.72963341989  330.1826
5816.77780738678  288.851
5816.82597768893  294.302
5816.87414432615  269.0673
5816.92230729828  301.371
5816.97046660515  298.5179
5817.01862224661  281.2446
5817.06677422246  309.1136
5817.11492253256  287.0394
5817.16306717673  317.8004
5817.2112081548  327.7518
5817.2593454666  304.1648
5817.30747911198  286.9376
5817.35560909074  281.4161
5817.40373540274  300.6506
5817.4518580478  300.2395
5817.49997702575  300.2957
5817.54809233643  282.9501
5817.59620397967  291.1598
5817.6443119553  303.0498
5817.69241626314  303.9096
5817.74051690305  279.7
5817.78861387484  288.9523
5817.83670717835  298.0231
5817.88479681341  289.5882
5817.93288277985  308.0402
5817.98096507751  318.7727
5818.02904370622  315.3472
5818.07711866581  295.625
5818.12518995611  276.4645
5818.17325757696  293.0032
5818.22132152818  297.1041
5818.26938180962  268.1571
5818.3174384211  279.8492
5818.36549136246  319.4246
5818.41354063352  292.466
5818.46158623413  303.1872
5818.50962816411  304.755
5818.5576664233  293.8282
5818.60570101153  303.1313
5818.65373192863  289.7559
5818.70175917444  286.6258
5818.74978274878  273.4584
5818.7978026515  292.7293
5818.84581888243  266.403
5818.89383144139  293.078
5818.94184032823  292.1064
5818.98984554276  317.164
5819.03784708484  291.4579
5819.08584495429  267.6998
5819.13383915093  311.2938
5819.18182967462  292.2198
5819.22981652518  292.8627
5819.27779970244  297.4294
5819.32577920624  296.8295
5819.37375503641  275.3983
5819.42172719279  307.0003
5819.4696956752  305.4725
5819.51766048349  285.3407
5819.56562161748  300.5879
5819.61357907701  265.1656
5819.66153286191  294.4055
5819.70948297201  286.4402
5819.75742940716  295.0852
5819.80537216718  271.148
5819.85331125191  289.7427
5819.90124666118  283.329
5819.94917839482  299.9994
5819.99710645268  271.1186
5820.04503083457  270.8136
5820.09295154035  300.1693
5820.14086856983  278.5553
5820.18878192286  290.7703
5820.23669159927  300.5004
5820.2845975989  293.7927
5820.33249992157  270.2399
5820.38039856712  326.1402
5820.42829353539  275.8622
5820.47618482621  300.147
5820.52407243941  304.8988
5820.57195637484  300.7652
5820.61983663231  276.6649
5820.66771321168  300.733
5820.71558611277  295.4759
5820.76345533541  289.9731
5820.81132087945  293.0791
5820.85918274471  303.7001
5820.90704093103  297.812
5820.95489543825  276.1144
5821.0027462662  308.2442
5821.05059341471  289.1754
5821.09843688362  292.5236
5821.14627667277  299.8169
5821.19411278199  271.582
5821.24194521111  334.928
5821.28977395997  299.3563
5821.33759902841  315.3616
5821.38542041625  321.4654
5821.43323812334  317.0491
5821.48105214951  298.4454
5821.52886249459  306.8169
5821.57666915842  284.8966
5821.62447214084  271.4305
5821.67227144167  304.8177
5821.72006706076  287.1746
5821.76785899794  298.9366
5821.81564725305  300.2072
5821.86343182592  272.7071
5821.91121271639  305.4041
5821.95898992428  290.7279
5822.00676344945  275.3205
5822.05453329171  299.6948
5822.10229945092  281.6035
5822.1500619269  299.4531
5822.19782071949  299.6235
5822.24557582853  289.3116
5822.29332725384  300.0987
5822.34107499527  300.5276
5822.38881905266  296.3779
5822.43655942584  307.303
5822.48429611463  287.2434
5822.53202911889  291.1369
5822.57975843845  302.7843
5822.62748407314  285.3421
5822.67520602279  284.0975
5822.72292428725  312.0785
5822.77063886635  293.5577
5822.81834975993  272.5323
5822.86605696782  361.8562
5822.91376048985  293.1758
5822.96146032588  286.5682
5823.00915647572  267.2148
5823.05684893922  302.1668
5823.10453771621  296.807
5823.15222280654  287.5299
5823.19990421003  286.3484
5823.24758192652  290.6912
5823.29525595586  331.8642
5823.34292629786  299.3448
5823.39059295239  301.0279
5823.43825591926  287.2846
5823.48591519831  280.2945
5823.53357078939  312.9503
5823.58122269233  308.4304
5823.62887090696  305.9907
5823.67651543313  288.4795
5823.72415627066  327.5686
5823.7717934194  282.385
5823.81942687919  292.4368
5823.86705664985  316.056
5823.91468273123  323.6813
5823.96230512317  302.0941
5824.00992382549  283.1862
5824.05753883805  301.5213
5824.10515016067  307.4354
5824.15275779319  319.6829
5824.20036173545  315.9063
5824.24796198729  305.6605
5824.29555854854  283.0443
5824.34315141904  285.2961
5824.39074059863  334.8091
5824.43832608715  302.0805
5824.48590788443  315.6293
5824.53348599031  302.2014
5824.58106040463  318.8199
5824.62863112723  322.5718
5824.67619815793  305.1227
5824.72376149659  284.3631
5824.77132114304  313.0921
5824.81887709711  327.3414
5824.86642935865  285.003
5824.91397792749  280.162
5824.96152280347  317.8342
5825.00906398642  298.3846
5825.05660147619  331.1637
5825.10413527262  321.8944
5825.15166537553  300.3076
5825.19919178477  242.7623
5825.24671450018  315.1912
5825.2942335216  312.7607
5825.34174884885  312.2338
5825.38926048179  307.7272
5825.43676842024  284.4694
5825.48427266406  274.7192
5825.53177321307  288.0628
5825.57927006711  295.2721
5825.62676322603  261.8044
5825.67425268965  277.4979
5825.72173845782  296.0468
5825.76922053038  277.7825
5825.81669890717  289.4023
5825.86417358802  306.7546
5825.91164457277  273.1208
5825.95911186126  323.7254
5826.00657545334  279.4077
5826.05403534883  298.8752
5826.10149154758  282.8117
5826.14894404942  318.1287
5826.1963928542  338.4376
5826.24383796175  296.0466
5826.29127937191  301.547
5826.33871708452  306.9698
5826.38615109942  313.7787
5826.43358141645  308.4079
5826.48100803545  312.4784
5826.52843095625  324.604
5826.5758501787  281.8618
5826.62326570264  310.7325
5826.67067752789  305.7209
5826.71808565431  286.5797
5826.76549008174  296.6343
5826.81289081  335.6188
5826.86028783894  331.6361
5826.9076811684  284.3398
5826.95507079822  292.6703
5827.00245672825  289.3378
5827.0498389583  313.0222
5827.09721748824  261.0702
5827.14459231789  266.8804
5827.19196344709  327.172
5827.2393308757  278.0885
5827.28669460353  318.1789
5827.33405463044  296.3903
5827.38141095627  325.215
5827.42876358085  259.9368
5827.47611250403  313.6483
5827.52345772563  260.5448
5827.57079924552  268.9638
5827.61813706351  298.302
5827.66547117946  278.9958
5827.7128015932  302.9772
5827.76012830457  303.851
5827.80745131342  312.5931
5827.85477061958  291.0016
5827.90208622289  281.0415
5827.94939812319  288.8634
5827.99670632033  317.2234
5828.04401081414  269.5247
5828.09131160447  329.0811
5828.13860869115  274.9047
5828.18590207402  293.7678
5828.23319175293  315.6322
5828.28047772771  293.3285
5828.32775999821  331.06
5828.37503856426  303.7074
5828.42231342571  298.4583
5828.46958458239  290.5414
5828.51685203416  313.7177
5828.56411578084  338.3993
5828.61137582227  263.038
5828.65863215831  292.9044
5828.70588478879  304.4047
5828.75313371354  314.9658
5828.80037893242  282.4884
5828.84762044526  300.2359
5828.8948582519  306.4705
5828.94209235219  297.0111
5828.98932274596  274.3967
5829.03654943306  311.343
5829.08377241332  302.7076
5829.13099168659  275.2823
5829.1782072527  314.3147
5829.22541911151  310.9744
5829.27262726285  287.6051
5829.31983170656  332.8891
5829.36703244248  331.6779
5829.41422947046  323.0503
5829.46142279033  321.7757
5829.50861240194  323.8469
5829.55579830513  307.5877
5829.60298049973  286.3108
5829.6501589856  285.8926
5829.69733376257  301.1054
5829.74450483049  302.3437
5829.79167218919  312.9898
5829.83883583851  280.324
5829.88599577831  304.2099
5829.93315200841  296.5485
5829.98030452867  315.4808
5830.02745333892  311.873
5830.07459843901  296.3441
5830.12173982877  294.8488
5830.16887750806  317.7549
5830.2160114767  288.0503
5830.26314173454  311.104
5830.31026828144  315.677
5830.35739111721  308.638
5830.40451024172  321.4895
5830.4516256548  327.4937
5830.49873735629  276.9838
5830.54584534603  300.0013
5830.59294962387  305.3872
5830.64005018966  305.3275
5830.68714704322  292.1678
5830.73424018441  282.7069
5830.78132961306  298.2309
5830.82841532902  303.7195
5830.87549733213  304.0116
5830.92257562224  309.2744
5830.96965019918  284.6609
5831.0167210628  298.1772
5831.06378821294  300.4719
5831.11085164944  334.605
5831.15791137216  295.7371
5831.20496738091  320.5309
5831.25201967556  317.2005
5831.29906825595  283.3924
5831.34611312191  309.3272
5831.39315427328  311.7419
5831.44019170993  280.154
5831.48722543167  304.9525
5831.53425543837  300.756
5831.58128172986  250.3117
5831.62830430598  319.6742
5831.67532316657  321.0241
5831.72233831149  315.2779
5831.76934974057  305.368
5831.81635745366  317.6869
5831.86336145059  315.0949
5831.91036173122  272.2431
5831.95735829539  291.9038
5832.00435114293  294.8362
5832.0513402737  295.842
5832.09832568753  318.6956
5832.14530738427  327.234
5832.19228536376  290.9251
5832.23925962585  300.3154
5832.28623017038  289.8232
5832.33319699719  284.991
5832.38016010613  308.9456
5832.42711949704  313.8115
5832.47407516976  326.2353
5832.52102712414  305.1197
5832.56797536002  340.9596
5832.61491987724  280.9252
5832.66186067566  288.8322
5832.7087977551  312.3069
5832.75573111543  305.5771
5832.80266075647  289.6933
5832.84958667808  314.589
5832.89650888009  261.9356
5832.94342736236  313.3926
5832.99034212472  302.8794
5833.03725316703  311.2069
5833.08416048912  288.9297
5833.13106409083  286.0085
5833.17796397202  295.542
5833.22486013253  282.6517
5833.2717525722  285.7492
5833.31864129087  333.4226
5833.3655262884  332.0215
5833.41240756461  366.293
5833.45928511937  319.9053
5833.50615895251  310.1973
5833.55302906388  297.5735
5833.59989545331  276.3768
5833.64675812067  312.7679
5833.69361706579  310.6155
5833.74047228851  294.4416
5833.78732378868  293.958
5833.83417156615  300.6665
5833.88101562076  324.8831
5833.92785595235  284.2621
5833.97469256078  349.9457
5834.02152544587  315.863
5834.06835460749  282.0438
5834.11518004547  257.5856
5834.16200175966  284.9824
5834.20881974991  272.8917
5834.25563401605  290.3842
5834.30244455794  310.883
5834.34925137541  300.5153
5834.39605446833  305.1684
5834.44285383652  283.4434
5834.48964947983  305.2865
5834.53644139812  340.3121
5834.58322959122  293.6758
5834.63001405899  282.5783
5834.67679480126  341.5881
5834.72357181788  295.7681
5834.7703451087  282.7228
5834.81711467356  303.1257
5834.86388051231  321.1029
5834.91064262479  284.38
5834.95740101085  330.1165
5835.00415567034  314.4934
5835.0509066031  278.5704
5835.09765380897  275.4491
5835.14439728781  322.9727
5835.19113703945  320.9705
5835.23787306375  328.2744
5835.28460536054  320.6389
5835.33133392969  304.8552
5835.37805877102  287.5804
5835.42477988439  281.4731
5835.47149726964  287.3152
5835.51821092663  260.2512
5835.56492085518  310.1399
5835.61162705516  275.5862
5835.65832952641  311.0269
5835.70502826877  308.1668
5835.75172328209  270.7831
5835.79841456622  324.1566
5835.845102121  312.4237
5835.89178594628  295.0667
5835.9384660419  281.9962
5835.98514240772  305.1781
5836.03181504357  310.8309
5836.07848394931  302.5802
5836.12514912478  294.2068
5836.17181056982  300.4398
5836.21846828429  271.7289
5836.26512226804  314.6213
5836.31177252089  307.7414
5836.35841904272  277.1761
5836.40506183335  314.6629
5836.45170089264  291.5124
5836.49833622044  286.1918
5836.54496781659  260.0537
5836.59159568093  306.1372
5836.63821981332  296.9344
5836.6848402136  304.7129
5836.73145688163  272.0765
5836.77806981724  283.9291
5836.82467902028  306.7414
5836.8712844906  284.0701
5836.91788622805  334.2459
5836.96448423247  353.6712
5837.01107850372  290.7519
5837.05766904163  329.0248
5837.10425584606  271.0916
5837.15083891686  330.4195
5837.19741825386  306.7399
5837.24399385693  284.3749
5837.2905657259  304.7626
5837.33713386062  289.329
5837.38369826094  287.6713
5837.43025892672  287.3164
5837.47681585778  311.2068
5837.523369054  284.1172
5837.5699185152  300.0428
5837.61646424124  313.0975
5837.66300623197  291.0732
5837.70954448724  320.3445
5837.75607900688  272.9642
5837.80260979076  285.8789
5837.84913683871  302.936
5837.89566015059  285.173
5837.94217972625  303.1808
5837.98869556552  309.7426
5838.03520766827  311.4091
5838.08171603433  313.5288
5838.12822066356  346.5217
5838.17472155581  319.6559
5838.22121871091  280.6702
5838.26771212873  298.2706
5838.3142018091  299.6711
5838.36068775189  285.8217
5838.40716995692  256.037
5838.45364842407  298.2057
5838.50012315316  315.1362
5838.54659414405  270.9738
5838.5930613966  280.9465
5838.63952491064  306.797
5838.68598468603  297.1948
5838.73244072261  280.9645
5838.77889302024  318.3556
5838.82534157876  314.5346
5838.87178639801  320.7261
5838.91822747786  357.65
5838.96466481815  295.5851
5839.01109841872  289.6726
5839.05752827943  298.8229
5839.10395440012  314.2672
5839.15037678065  333.3129
5839.19679542086  307.6575
5839.2432103206  297.311
5839.28962147972  334.9483
5839.33602889808  304.7797
5839.38243257551  300.9719
5839.42883251186  292.5272
5839.475228707  283.0095
5839.52162116076  279.3546
5839.568009873  314.5783
5839.61439484356  327.2616
5839.6607760723  308.1956
5839.70715355905  325.969
5839.75352730369  285.6383
5839.79989730604  309.6195
5839.84626356597  318.4043
5839.89262608332  272.6203
5839.93898485793  290.1706
5839.98533988967  329.3472
5840.03169117838  303.2074
5840.07803872391  345.4545
5840.12438252611  310.3256
5840.17072258482  291.6168
5840.21705889991  289.1765
5840.26339147121  286.5129
5840.30972029859  294.9168
5840.35604538188  304.8758
5840.40236672094  326.1244
5840.44868431561  347.4638
5840.49499816576  327.7739
5840.54130827122  318.947
5840.58761463185  321.9072
5840.6339172475  294.2774
5840.68021611802  274.5883
5840.72651124326  299.8005
5840.77280262306  321.101
5840.81909025729  289.2211
5840.86537414579  295.7672
5840.9116542884  267.4804
5840.95793068498  286.7472
5841.00420333539  305.6448
5841.05047223946  277.8549
5841.09673739706  287.4983
5841.14299880803  298.6003
5841.18925647222  304.5727
5841.23551038948  344.9157
5841.28176055967  289.0525
5841.32800698263  319.4882
5841.37424965822  336.2108
5841.42048858628  304.4734
5841.46672376667  325.9461
5841.51295519923  351.7315
5841.55918288382  298.9507
5841.6054068203  275.5957
5841.6516270085  311.5703
5841.69784344828  263.2012
5841.74405613949  327.9341
5841.79026508199  340.2094
5841.83647027562  284.1948
5841.88267172024  314.6059
5841.92886941569  314.3083
5841.97506336183  285.0368
5842.0212535585  298.4637
5842.06744000557  296.6401
5842.11362270288  313.6953
5842.15980165027  310.9942
5842.20597684762  287.14
5842.25214829475  299.9443
5842.29831599154  308.7988
5842.34447993782  285.3538
5842.39064013345  327.4283
5842.43679657828  300.8665
5842.48294927216  313.1001
5842.52909821495  306.8194
5842.5752434065  331.9872
5842.62138484665  316.6721
5842.66752253526  315.2151
5842.71365647218  314.7777
5842.75978665726  311.9957
5842.80591309036  296.8918
5842.85203577132  346.0437
5842.8981547  298.9627
5842.94426987625  289.5237
5842.99038129993  342.4438
5843.03648897087  272.1347
5843.08259288895  299.2194
5843.128693054  301.7393
5843.17478946588  326.6278
5843.22088212445  310.8873
5843.26697102955  301.4034
5843.31305618103  309.8144
5843.35913757876  302.7443
5843.40521522258  295.8657
5843.45128911234  306.6062
5843.49735924789  322.9011
5843.5434256291  282.118
5843.58948825581  265.3627
5843.63554712787  298.0942
5843.68160224514  319.7033
5843.72765360746  328.8746
5843.7737012147  320.735
5843.8197450667  317.3562
5843.86578516331  290.8559
5843.9118215044  267.1201
5843.95785408981  318.8881
5844.00388291939  321.0287
5844.049907993  328.9232
5844.0959293105  297.6945
5844.14194687172  327.0976
5844.18796067653  331.4106
5844.23397072478  323.8979
5844.27997701633  303.4683
5844.32597955102  322.7614
5844.3719783287  303.5285
5844.41797334924  308.2878
5844.46396461249  322.8919
5844.50995211829  293.6494
5844.5559358665  347.9701
5844.60191585698  267.275
5844.64789208957  292.086
5844.69386456414  279.3148
5844.73983328053  344.8726
5844.7857982386  287.255
5844.8317594382  283.2972
5844.87771687918  358.5862
5844.9236705614  314.1449
5844.96962048472  309.5664
5845.01556664898  286.0105
5845.06150905404  328.7856
5845.10744769975  322.9023
5845.15338258597  358.3855
5845.19931371255  332.0122
5845.24524107934  357.4762
5845.29116468621  313.762
5845.33708453299  313.92
5845.38300061955  321.9567
5845.42891294574  314.8398
5845.47482151141  303.5032
5845.52072631642  292.4825
5845.56662736062  319.8693
5845.61252464387  273.5146
5845.65841816601  304.4632
5845.70430792691  296.0914
5845.75019392642  337.2874
5845.7960761644  257.9796
5845.84195464068  296.1396
5845.88782935514  327.2077
5845.93370030763  352.2147
5845.97956749799  310.633
5846.02543092609  281.1412
5846.07129059178  323.7389
5846.1171464949  364.8979
5846.16299863533  316.4129
5846.20884701291  310.3559
5846.2546916275  293.4809
5846.30053247894  326.9621
5846.3463695671  315.1544
5846.39220289184  318.6109
5846.438032453  269.5359
5846.48385825044  313.6173
5846.52968028401  291.784
5846.57549855358  337.803
5846.62131305899  284.0701
5846.66712380009  265.4091
5846.71293077676  258.8113
5846.75873398883  313.5341
5846.80453343617  331.1286
5846.85032911863  290.3986
5846.89612103606  275.3954
5846.94190918832  293.6786
5846.98769357527  286.8121
5847.03347419676  332.8221
5847.07925105264  296.825
5847.12502414278  272.4499
5847.17079346702  332.7503
5847.21655902522  352.3738
5847.26232081724  295.5995
5847.30807884294  279.4047
5847.35383310216  292.9189
5847.39958359476  263.2458
5847.44533032061  298.1651
5847.49107327955  294.7827
5847.53681247144  281.5795
5847.58254789613  348.1553
5847.62827955349  328.8898
5847.67400744336  316.309
5847.71973156561  298.5503
5847.76545192008  309.0337
5847.81116850665  301.8959
5847.85688132515  304.2819
5847.90259037545  329.4377
5847.9482956574  302.6064
5847.99399717086  332.3289
5848.03969491569  299.035
5848.08538889173  289.9657
5848.13107909886  341.9658
5848.17676553691  345.7139
5848.22244820576  325.7929
5848.26812710525  302.6663
5848.31380223524  344.5411
5848.35947359559  312.2472
5848.40514118615  286.3161
5848.45080500679  252.9088
5848.49646505735  323.2768
5848.5421213377  334.7229
5848.58777384769  287.2817
5848.63342258717  269.6232
5848.679067556  296.6884
5848.72470875405  310.5096
5848.77034618116  316.9644
5848.8159798372  291.1947
5848.86160972201  275.8434
5848.90723583546  310.7746
5848.95285817741  282.4496
5848.9984767477  339.9675
5849.0440915462  282.4396
5849.08970257277  299.6453
5849.13530982725  389.6776
5849.18091330952  259.5899
5849.22651301941  253.532
5849.2721089568  301.545
5849.31770112154  271.2824
5849.36328951348  328.7159
5849.40887413249  294.2521
5849.45445497842  302.2817
5849.50003205112  296.4061
5849.54560535046  296.2892
5849.59117487629  285.7221
5849.63674062847  327.0374
5849.68230260686  294.7633
5849.72786081131  304.9877
5849.77341524168  241.9498
5849.81896589783  325.6441
5849.86451277962  297.014
5849.9100558869  259.4229
5849.95559521954  307.5827
5850.00113077738  328.7021
5850.04666256029  313.682
5850.09219056812  309.7384
5850.13771480074  350.5759
5850.18323525799  290.9472
5850.22875193975  306.3818
5850.27426484586  288.8131
5850.31977397618  318.0713
5850.36527933057  317.4549
5850.4107809089  319.8518
5850.45627871101  314.665
5850.50177273677  344.9666
5850.54726298603  319.2177
5850.59274945865  317.2843
5850.63823215449  255.5574
5850.68371107341  326.1815
5850.72918621527  307.0523
5850.77465757992  294.5431
5850.82012516722  357.6501
5850.86558897704  308.6501
5850.91104900922  353.6336
5850.95650526363  330.4558
5851.00195774013  297.3008
5851.04740643857  300.3032
5851.09285135882  307.7913
5851.13829250072  286.1071
5851.18372986415  331.4234
5851.22916344896  280.5632
5851.274593255  330.4396
5851.32001928214  369.8813
5851.36544153024  347.1498
5851.41085999915  269.3868
5851.45627468873  292.7425
5851.50168559884  256.2896
5851.54709272935  343.2244
5851.5924960801  307.5062
5851.63789565096  325.7807
5851.68329144179  320.9241
5851.72868345244  285.6147
5851.77407168278  319.9888
5851.81945613267  322.0807
5851.86483680195  316.5348
5851.9102136905  312.3876
5851.95558679818  316.398
5852.00095612483  320.45
5852.04632167032  260.1176
5852.09168343452  280.5758
5852.13704141727  286.9962
5852.18239561844  297.7507
5852.22774603789  317.1042
5852.27309267547  314.2184
5852.31843553106  303.1612
5852.3637746045  316.7
5852.40910989565  310.7958
5852.45444140438  315.9728
5852.49976913055  246.9778
5852.54509307401  313.51
5852.59041323463  307.6246
5852.63572961226  305.3815
5852.68104220676  284.8147
5852.726351018  318.3439
5852.77165604583  318.9359
5852.81695729012  303.2001
5852.86225475072  319.9302
5852.90754842749  320.3015
5852.9528383203  342.1792
5852.998124429  335.2979
5853.04340675346  250.7052
5853.08868529353  359.1202
5853.13396004907  278.5781
5853.17923101995  305.5049
5853.22449820603  296.7767
5853.26976160715  311.8107
5853.3150212232  339.9742
5853.36027705402  314.7027
5853.40552909947  254.362
5853.45077735943  275.9912
5853.49602183373  316.992
5853.54126252226  276.7299
5853.58649942487  294.0934
5853.63173254141  265.7709
5853.67696187175  250.6266
5853.72218741575  327.7278
5853.76740917327  325.89
5853.81262714418  298.3503
5853.85784132832  319.3867
5853.90305172557  302.1541
5853.94825833578  271.1772
5853.99346115882  287.7963
5854.03866019454  307.3817
5854.08385544281  248.4181
5854.12904690349  247.6989
5854.17423457643  352.3367
5854.21941846151  287.5889
5854.26459855857  290.4262
5854.30977486748  331.8862
5854.35494738811  293.1493
5854.40011612032  285.1825
5854.44528106395  303.674
5854.49044221889  310.2511
5854.53559958498  325.4806
5854.58075316209  319.8569
5854.62590295008  299.8781
5854.67104894882  335.6815
5854.71619115815  274.9912
5854.76132957796  294.1903
5854.80646420808  290.3234
5854.8515950484  249.4021
5854.89672209877  322.8319
5854.94184535904  301.5063
5854.9869648291  300.6868
5855.03208050878  299.4831
5855.07719239796  309.3095
5855.1223004965  327.4205
5855.16740480426  324.9386
5855.2125053211  273.6543
5855.25760204689  299.1477
5855.30269498148  299.3685
5855.34778412474  256.2685
5855.39286947653  335.0694
5855.43795103671  275.5483
5855.48302880515  308.8766
5855.5281027817  302.0814
5855.57317296623  356.863
5855.6182393586  239.5374
5855.66330195867  301.3815
5855.70836076631  260.8698
5855.75341578137  319.3056
5855.79846700373  278.7166
5855.84351443323  345.6848
5855.88855806975  315.5379
5855.93359791315  346.0728
5855.97863396329  295.7873
5856.02366622003  277.6053
5856.06869468323  362.9622
5856.11371935276  279.131
5856.15874022848  268.9903
5856.20375731025  304.4605
5856.24877059794  324.8269
5856.2937800914  272.5714
5856.33878579051  357.1298
5856.38378769512  262.7001
5856.42878580509  370.7447
5856.4737801203  290.6248
5856.51877064059  285.1263
5856.56375736585  269.8957
5856.60874029592  310.5689
5856.65371943067  304.4366
5856.69869476996  311.4502
5856.74366631367  291.0941
5856.78863406164  295.3687
5856.83359801375  288.3032
5856.87855816985  308.5165
5856.92351452982  310.6496
5856.9684670935  327.9209
5857.01341586078  318.463
5857.0583608315  316.0258
5857.10330200554  343.1436
5857.14823938276  290.3009
5857.19317296301  293.9786
5857.23810274617  334.1805
5857.2830287321  312.1339
5857.32795092066  316.1965
5857.37286931172  332.3138
5857.41778390513  311.7257
5857.46269470076  290.2228
5857.50760169849  309.6061
5857.55250489816  231.8947
5857.59740429964  276.0717
5857.64229990281  360.4881
5857.68719170751  265.3826
5857.73207971362  299.4763
5857.776963921  317.6761
5857.82184432951  248.0793
5857.86672093902  305.0791
5857.91159374939  353.0616
5857.95646276049  260.4182
5858.00132797218  300.3225
5858.04618938432  259.4055
5858.09104699678  279.3646
5858.13590080942  344.5228
