6277.62615442011  229.6478
6277.68421531995  169.9285
6277.7422725223  251.4066
6277.8003260269  234.4741
6277.85837583352  231.0232
6277.91642194189  236.3459
6277.97446435177  224.7438
6278.03250306291  176.5089
6278.09053807506  219.6348
6278.14856938797  186.7323
6278.20659700138  221.1209
6278.26462091506  236.3074
6278.32264112875  219.5948
6278.3806576422  214.642
6278.43867045516  234.6299
6278.49667956739  260.8067
6278.55468497862  249.1853
6278.61268668862  261.6169
6278.67068469713  251.0122
6278.72867900391  218.2545
6278.78666960871  208.539
6278.84465651126  194.896
6278.90263971134  199.5981
6278.96061920869  234.4179
6279.01859500305  217.4919
6279.07656709418  208.1453
6279.13453548183  216.5175
6279.19250016576  240.6807
6279.25046114571  275.0656
6279.30841842143  206.4246
6279.36637199268  239.3312
6279.42432185921  252.8279
6279.48226802076  231.5085
6279.5402104771  234.6119
6279.59814922796  235.9505
6279.65608427311  251.5211
6279.71401561229  254.506
6279.77194324525  207.0979
6279.82986717176  219.6994
6279.88778739155  198.3865
6279.94570390438  227.5292
6280.00361671001  220.4387
6280.06152580818  215.5674
6280.11943119864  206.0163
6280.17733288115  217.97
6280.23523085546  226.6534
6280.29312512132  209.1873
6280.35101567849  229.446
6280.40890252671  183.2405
6280.46678566574  225.7249
6280.52466509533  222.456
6280.58254081523  242.5607
6280.64041282519  252.213
6280.69828112497  216.688
6280.75614571432  265.7046
6280.814006593  231.562
6280.87186376074  220.4456
6280.92971721731  249.1089
6280.98756696246  239.7706
6281.04541299594  236.2472
6281.1032553175  215.9842
6281.1610939269  209.5444
6281.21892882389  180.5408
6281.27676000822  199.9557
6281.33458747965  272.3196
6281.39241123792  200.4359
6281.4502312828  218.303
6281.50804761402  218.5266
6281.56586023136  183.7377
6281.62366913455  219.9515
6281.68147432335  206.7282
6281.73927579752  248.6211
6281.79707355681  218.9198
6281.85486760097  251.976
6281.91265792975  222.6853
6281.97044454291  238.8927
6282.02822744021  229.9816
6282.08600662139  262.9228
6282.1437820862  242.6926
6282.20155383441  239.5961
6282.25932186577  256.6605
6282.31708618002  258.1479
6282.37484677693  235.2988
6282.43260365624  221.8997
6282.49035681771  246.9695
6282.54810626109  210.5257
6282.60585198615  201.5884
6282.66359399262  242.4414
6282.72133228027  234.083
6282.77906684885  230.9429
6282.83679769811  230.4357
6282.89452482781  253.8719
6282.9522482377  215.7043
6283.00996792754  238.3176
6283.06768389707  225.4939
6283.12539614606  244.4698
6283.18310467426  181.5045
6283.24080948141  206.3152
6283.29851056729  213.3867
6283.35620793163  228.2148
6283.41390157421  236.1897
6283.47159149476  226.6057
6283.52927769304  238.5254
6283.58696016882  252.0071
6283.64463892183  238.0869
6283.70231395185  222.7867
6283.75998525862  216.3749
6283.8176528419  220.1122
6283.87531670144  214.7614
6283.93297683699  240.5351
6283.99063324832  228.9368
6284.04828593518  245.0033
6284.10593489731  241.3919
6284.16358013449  255.9226
6284.22122164646  230.3622
6284.27885943297  212.5296
6284.33649349379  231.0011
6284.39412382866  262.8471
6284.45175043736  196.7258
6284.50937331961  224.9507
6284.56699247519  238.2696
6284.62460790385  243.8643
6284.68221960535  227.7258
6284.73982757943  237.6949
6284.79743182586  222.9611
6284.85503234439  239.9572
6284.91262913478  243.2263
6284.97022219678  233.8882
6285.02781153015  204.137
6285.08539713464  263.7526
6285.14297901001  234.8034
6285.20055715602  238.482
6285.25813157242  220.4033
6285.31570225897  242.9279
6285.37326921542  220.9008
6285.43083244152  229.3106
6285.48839193705  257.2083
6285.54594770175  244.3377
6285.60349973537  204.5141
6285.66104803768  219.8367
6285.71859260843  234.4958
6285.77613344738  259.2502
6285.83367055428  201.022
6285.89120392889  221.7453
6285.94873357096  242.1589
6286.00625948026  241.6649
6286.06378165653  227.6706
6286.12130009955  201.6254
6286.17881480905  242.6629
6286.2363257848  239.4247
6286.29383302656  241.9967
6286.35133653408  214.7269
6286.40883630712  247.9161
6286.46633234544  227.6538
6286.52382464879  229.9371
6286.58131321693  251.0565
6286.63879804962  215.9227
6286.69627914661  205.1423
6286.75375650766  273.412
6286.81123013253  254.9865
6286.86870002097  230.7434
6286.92616617275  230.0677
6286.98362858762  243.7681
6287.04108726533  243.9356
6287.09854220565  213.6319
6287.15599340833  241.2598
6287.21344087314  243.0517
6287.27088459981  217.4795
6287.32832458813  245.6562
6287.38576083783  196.0124
6287.44319334869  269.5395
6287.50062212045  233.1295
6287.55804715288  219.483
6287.61546844573  229.1357
6287.67288599876  248.5235
6287.73029981173  211.0286
6287.7877098844  204.8147
6287.84511621652  248.4212
6287.90251880786  248.6998
6287.95991765816  205.2565
6288.0173127672  256.6929
6288.07470413472  248.3058
6288.13209176048  239.327
6288.18947564425  219.733
6288.24685578578  244.8564
6288.30423218484  226.9994
6288.36160484116  206.2527
6288.41897375453  245.2507
6288.4763389247  218.9991
6288.53370035141  240.449
6288.59105803444  219.2935
6288.64841197354  236.8826
6288.70576216847  222.1985
6288.76310861898  242.1453
6288.82045132485  213.6647
6288.87779028582  245.255
6288.93512550166  263.1952
6288.99245697212  237.4354
6289.04978469695  171.6948
6289.10710867594  233.8658
6289.16442890882  225.0951
6289.22174539536  217.3049
6289.27905813533  206.9923
6289.33636712847  226.8787
6289.39367237454  203.2572
6289.45097387332  222.0324
6289.50827162455  226.9243
6289.56556562799  217.0888
6289.62285588341  248.2263
6289.68014239056  258.6784
6289.7374251492  253.0358
6289.7947041591  201.7819
6289.85197942001  203.4376
6289.90925093169  268.3581
6289.96651869391  213.886
6290.02378270642  252.2897
6290.08104296897  220.2682
6290.13829948134  229.6165
6290.19555224328  211.5286
6290.25280125455  201.6304
6290.31004651491  208.9258
6290.36728802412  212.4287
6290.42452578194  252.9611
6290.48175978813  237.2583
6290.53899004245  242.1703
6290.59621654467  252.1938
6290.65343929453  236.8027
6290.71065829181  244.9081
6290.76787353625  241.1672
6290.82508502763  249.9651
6290.88229276571  244.6471
6290.93949675023  222.2888
6290.99669698097  226.1048
6291.05389345768  222.5811
6291.11108618013  245.0363
6291.16827514808  241.4713
6291.22546036127  224.9473
6291.28264181949  266.0005
6291.33981952248  226.3277
6291.39699347001  234.0391
6291.45416366184  222.9898
6291.51133009773  226.8703
6291.56849277744  240.3421
6291.62565170074  209.0628
6291.68280686737  234.0057
6291.73995827711  246.7284
6291.79710592972  226.7016
6291.85424982495  227.66
6291.91138996257  218.2055
6291.96852634234  236.8746
6292.02565896401  222.7677
6292.08278782736  236.4779
6292.13991293214  222.5116
6292.19703427812  207.7536
6292.25415186505  186.6641
6292.3112656927  243.4771
6292.36837576083  225.306
6292.4254820692  267.5253
6292.48258461757  214.9215
6292.53968340571  256.6593
6292.59677843337  223.58
6292.65386970032  243.3801
6292.71095720631  226.5606
6292.76804095112  257.2825
6292.82512093451  234.2607
6292.88219715622  214.1504
6292.93926961604  213.5385
6292.99633831371  188.4657
6293.05340324901  236.1944
6293.11046442169  204.9403
6293.16752183152  249.5673
6293.22457547825  248.8665
6293.28162536166  225.8608
6293.3386714815  231.4984
6293.39571383753  205.4402
6293.45275242952  253.1477
6293.50978725723  237.1029
6293.56681832043  241.4069
6293.62384561887  251.3876
6293.68086915232  247.739
6293.73788892054  206.1062
6293.79490492329  223.1422
6293.85191716034  252.1307
6293.90892563145  238.3511
6293.96593033638  243.4078
6294.0229312749  230.7484
6294.07992844676  197.4026
6294.13692185174  228.2601
6294.19391148959  232.2934
6294.25089736007  230.8356
6294.30787946296  213.2116
6294.36485779801  229.2081
6294.42183236499  227.5865
6294.47880316365  240.8273
6294.53577019377  231.4414
6294.59273345511  246.4232
6294.64969294743  224.2772
6294.70664867049  247.119
6294.76360062406  240.2746
6294.8205488079  260.0342
6294.87749322177  239.5833
6294.93443386544  252.4956
6294.99137073867  237.9731
6295.04830384123  236.9436
6295.10523317288  194.1598
6295.16215873338  208.7009
6295.2190805225  221.2634
6295.27599853999  206.6478
6295.33291278564  226.7929
6295.38982325919  227.7665
6295.44672996041  248.2905
6295.50363288907  225.16
6295.56053204494  243.281
6295.61742742776  223.7456
6295.67431903732  235.4771
6295.73120687337  245.8332
6295.78809093569  267.6758
6295.84497122402  232.8744
6295.90184773814  211.5862
6295.95872047781  194.0803
6296.0155894428  208.6235
6296.07245463287  209.2497
6296.12931604778  223.4056
6296.1861736873  255.5252
6296.2430275512  242.4729
6296.29987763924  251.5337
6296.35672395118  239.0577
6296.41356648679  258.1664
6296.47040524584  225.5692
6296.52724022808  251.8317
6296.58407143329  251.1144
6296.64089886122  199.178
6296.69772251165  227.8383
6296.75454238434  216.165
6296.81135847906  221.2706
6296.86817079556  229.4572
6296.92497933362  235.4694
6296.981784093  243.1974
6297.03858507346  227.2176
6297.09538227477  230.3142
6297.15217569671  237.0113
6297.20896533902  259.7784
6297.26575120148  212.0157
6297.32253328385  242.2044
6297.3793115859  227.8194
6297.43608610739  223.9216
6297.4928568481  246.0475
6297.54962380778  223.1743
6297.6063869862  249.3427
6297.66314638313  236.961
6297.71990199833  255.9387
6297.77665383157  238.8216
6297.83340188262  273.5861
6297.89014615124  253.324
6297.94688663719  239.9031
6298.00362334025  234.1056
6298.06035626018  233.6193
6298.11708539674  239.33
6298.17381074971  239.3121
6298.23053231884  258.8078
6298.28725010391  223.0854
6298.34396410468  242.1506
6298.40067432091  232.2328
6298.45738075239  244.3449
6298.51408339886  219.1101
6298.5707822601  244.9119
6298.62747733587  226.1207
6298.68416862594  225.0655
6298.74085613008  261.2712
6298.79753984806  249.3547
6298.85421977963  248.7337
6298.91089592458  208.87
6298.96756828265  223.4946
6299.02423685363  258.4415
6299.08090163728  257.0074
6299.13756263336  211.1077
6299.19421984165  202.0516
6299.2508732619  206.4372
6299.30752289389  222.363
6299.36416873739  245.56
6299.42081079216  268.3543
6299.47744905797  197.4491
6299.53408353458  251.1259
6299.59071422177  247.1924
6299.6473411193  254.5045
6299.70396422693  241.9361
6299.76058354444  237.8287
6299.8171990716  247.785
6299.87381080817  246.3122
6299.93041875392  221.6626
6299.98702290861  243.964
6300.04362327202  223.0362
6300.10021984391  254.8004
6300.15681262405  248.2827
6300.21340161221  398.5962
6300.26998680815  543.7604
6300.32656821165  590.7637
6300.38314582247  426.5909
6300.43971964038  259.765
6300.49628966516  241.3145
6300.55285589655  257.2609
6300.60941833434  235.7609
6300.6659769783  250.3896
6300.72253182818  255.1541
6300.77908288377  233.8304
6300.83563014483  249.3502
6300.89217361112  229.6463
6300.94871328241  251.07
6301.00524915848  231.2685
6301.0617812391  247.6518
6301.11830952402  263.2597
6301.17483401303  253.1616
6301.23135470588  249.3104
6301.28787160235  245.0625
6301.3443847022  242.1433
6301.40089400521  240.2003
6301.45739951115  249.5538
6301.51390121978  259.9928
6301.57039913087  254.2539
6301.62689324419  231.5687
6301.68338355951  220.8559
6301.7398700766  229.4912
6301.79635279523  243.7565
6301.85283171516  265.8771
6301.90930683618  242.5816
6301.96577815804  231.5356
6302.02224568052  231.916
6302.07870940338  214.0804
6302.13516932639  227.4866
6302.19162544933  254.1837
6302.24807777197  278.4
6302.30452629406  251.7305
6302.36097101539  232.036
6302.41741193573  263.953
6302.47384905483  256.0698
6302.53028237248  281.7457
6302.58671188844  225.9622
6302.64313760248  230.1042
6302.69955951438  220.3186
6302.75597762389  212.0018
6302.8123919308  230.0966
6302.86880243487  230.1997
6302.92520913587  254.4561
6302.98161203358  245.9722
6303.03801112775  254.8268
6303.09440641817  244.7862
6303.15079790461  240.7006
6303.20718558682  246.4629
6303.26356946459  265.3806
6303.31994953769  221.8569
6303.37632580588  228.3644
6303.43269826893  237.5027
6303.48906692662  229.0162
6303.54543177872  261.2918
6303.60179282499  224.9037
6303.65815006522  239.8412
6303.71450349916  245.4789
6303.77085312659  257.0261
6303.82719894728  249.5547
6303.883540961  257.2483
6303.93987916752  226.0353
6303.99621356662  214.8736
6304.05254415806  247.0684
6304.10887094162  260.1064
6304.16519391706  238.7078
6304.22151308417  252.2159
6304.27782844269  238.4918
6304.33413999242  246.0249
6304.39044773312  252.1613
6304.44675166457  236.5822
6304.50305178653  228.8959
6304.55934809877  249.2946
6304.61564060107  223.2625
6304.6719292932  274.3086
6304.72821417493  246.8374
6304.78449524603  247.1875
6304.84077250627  241.7537
6304.89704595543  274.5945
6304.95331559328  236.567
6305.00958141959  266.2605
6305.06584343412  251.2007
6305.12210163666  243.3861
6305.17835602698  244.6745
6305.23460660484  259.0238
6305.29085337001  238.4253
6305.34709632228  246.8169
6305.40333546142  230.291
6305.45957078718  228.7711
6305.51580229936  259.2209
6305.57202999771  237.0338
6305.62825388202  247.8939
6305.68447395205  228.0119
6305.74069020758  231.2031
6305.79690264837  207.5928
6305.85311127421  232.1765
6305.90931608486  225.2325
6305.9655170801  248.7032
6306.02171425969  215.4681
6306.07790762342  254.9585
6306.13409717106  261.6216
6306.19028290237  233.6943
6306.24646481713  240.7737
6306.30264291512  258.2306
6306.3588171961  238.2012
6306.41498765985  225.2458
6306.47115430614  248.7835
6306.52731713475  221.4722
6306.58347614545  214.5029
6306.63963133801  239.2499
6306.6957827122  250.3528
6306.7519302678  233.4957
6306.80807400458  269.0663
6306.86421392232  227.1998
6306.92035002078  266.5423
6306.97648229975  247.7124
6307.03261075899  248.9505
6307.08873539828  247.1459
6307.14485621739  259.9734
6307.20097321609  250.4094
6307.25708639417  257.9499
6307.31319575138  253.2713
6307.36930128752  251.3208
6307.42540300234  214.4929
6307.48150089563  254.7634
6307.53759496715  244.8389
6307.59368521669  255.2051
6307.64977164402  243.457
6307.7058542489  249.1579
6307.76193303112  243.5263
6307.81800799045  237.0405
6307.87407912665  246.1264
6307.93014643952  269.9448
6307.98620992881  226.4317
6308.04226959431  241.9532
6308.0983254358  250.5881
6308.15437745303  228.6342
6308.21042564579  239.4029
6308.26647001385  227.6057
6308.32251055699  226.8464
6308.37854727499  226.734
6308.43458016761  226.622
6308.49060923463  236.1561
6308.54663447582  247.8013
6308.60265589097  249.4309
6308.65867347984  195.7139
6308.71468724221  247.006
6308.77069717786  255.7568
6308.82670328656  246.286
6308.88270556808  243.5327
6308.9387040222  240.6884
6308.9946986487  234.4165
6309.05068944734  213.7651
6309.10667641792  244.2444
6309.16265956019  229.533
6309.21863887394  242.8501
6309.27461435894  225.5516
6309.33058601496  219.3612
6309.38655384179  249.2703
6309.44251783919  249.2167
6309.49847800695  225.8111
6309.55443434483  247.374
6309.61038685262  238.8301
6309.66633553009  227.0446
6309.72228037702  238.3824
6309.77822139317  245.1344
6309.83415857833  189.5783
6309.89009193227  224.8598
6309.94602145478  243.0059
6310.00194714561  237.4608
6310.05786900456  247.9283
6310.11378703139  241.6702
6310.16970122588  245.7993
6310.22561158781  219.3974
6310.28151811696  247.6279
6310.3374208131  259.5099
6310.393319676  248.5014
6310.44921470545  240.6681
6310.50510590121  242.9817
6310.56099326307  217.396
6310.61687679081  227.6412
6310.67275648419  258.1995
6310.72863234299  232.206
6310.784504367  230.1874
6310.84037255599  237.3104
6310.89623690973  249.2456
6310.952097428  236.7843
6311.00795411058  237.353
6311.06380695725  245.9946
6311.11965596777  243.5647
6311.17550114194  247.9314
6311.23134247952  251.3518
6311.28717998029  262.454
6311.34301364403  237.7918
6311.39884347052  245.737
6311.45466945954  249.2751
6311.51049161085  240.2413
6311.56630992424  242.8052
6311.62212439949  235.8016
6311.67793503636  253.6171
6311.73374183465  252.5974
6311.78954479413  248.4382
6311.84534391457  228.3086
6311.90113919575  255.584
6311.95693063745  239.0235
6312.01271823945  254.9241
6312.06850200152  219.6422
6312.12428192345  256.227
6312.180058005  222.8643
6312.23583024596  244.8882
6312.29159864611  257.284
6312.34736320522  245.761
6312.40312392307  214.6113
6312.45888079944  248.3466
6312.51463383411  251.7806
6312.57038302685  233.5946
6312.62612837745  255.702
6312.68186988568  246.0216
6312.73760755131  244.8232
6312.79334137413  224.4985
6312.84907135392  227.839
6312.90479749046  228.7199
6312.96051978351  251.1083
6313.01623823287  221.8608
6313.0719528383  249.1825
6313.1276635996  253.5132
6313.18337051652  251.016
6313.23907358887  244.7743
6313.2947728164  246.5126
6313.35046819891  228.634
6313.40615973617  267.9988
6313.46184742796  254.5452
6313.51753127406  234.5295
6313.57321127424  256.5554
6313.62888742829  221.0028
6313.68455973598  252.8802
6313.7402281971  253.426
6313.79589281142  269.838
6313.85155357872  241.0663
6313.90721049878  245.8699
6313.96286357139  252.9435
6314.01851279631  243.0935
6314.07415817333  245.4531
6314.12979970223  261.0367
6314.18543738278  247.1366
6314.24107121477  220.9347
6314.29670119798  256.0942
6314.35232733219  231.0938
6314.40794961716  237.6347
6314.4635680527  265.0504
6314.51918263856  241.9994
6314.57479337454  253.0596
6314.63040026042  223.1549
6314.68600329596  268.3259
6314.74160248096  242.6833
6314.79719781519  231.445
6314.85278929844  231.9217
6314.90837693048  260.9004
6314.96396071109  236.4999
6315.01954064005  229.7796
6315.07511671715  232.662
6315.13068894216  253.3896
6315.18625731486  251.2617
6315.24182183503  241.2819
6315.29738250246  254.1764
6315.35293931692  233.1066
6315.4084922782  276.808
6315.46404138607  220.9724
6315.51958664032  223.606
6315.57512804072  251.2655
6315.63066558706  263.6993
6315.68619927911  270.5943
6315.74172911666  268.0666
6315.79725509949  247.663
6315.85277722737  233.4086
6315.9082955001  237.7384
6315.96380991745  261.0182
6316.01932047919  223.5444
6316.07482718512  253.6426
6316.13033003501  260.9859
6316.18582902865  247.2386
6316.24132416581  241.6798
6316.29681544628  209.3403
6316.35230286983  222.1608
6316.40778643625  232.9184
6316.46326614532  240.4397
6316.51874199682  250.8214
6316.57421399054  242.1694
6316.62968212625  241.4783
6316.68514640372  239.8908
6316.74060682276  246.133
6316.79606338314  276.071
6316.85151608463  228.3615
6316.90696492703  246.3412
6316.9624099101  239.572
6317.01785103365  241.924
6317.07328829743  256.3311
6317.12872170125  243.13
6317.18415124487  260.5012
6317.23957692809  240.6109
6317.29499875068  234.4143
6317.35041671242  238.8125
6317.4058308131  263.0337
6317.4612410525  253.9141
6317.5166474304  233.5942
6317.57204994659  236.1482
6317.62744860084  236.0636
6317.68284339293  236.7055
6317.73823432266  243.6312
6317.7936213898  276.5494
6317.84900459414  246.8673
6317.90438393545  228.71
6317.95975941352  253.7056
6318.01513102813  228.7872
6318.07049877907  254.0697
6318.12586266612  280.3539
6318.18122268905  247.2854
6318.23657884766  246.4041
6318.29193114172  263.866
6318.34727957102  248.4601
6318.40262413534  246.6354
6318.45796483447  252.3675
6318.51330166818  241.2845
6318.56863463626  243.7198
6318.6239637385  237.5064
6318.67928897467  243.9435
6318.73461034455  211.224
6318.78992784795  237.6566
6318.84524148462  236.5754
6318.90055125436  255.6181
6318.95585715696  235.9055
6319.01115919219  239.9738
6319.06645735984  233.078
6319.12175165969  232.5483
6319.17704209152  245.9402
6319.23232865513  237.2709
6319.28761135029  223.6703
6319.34289017678  255.07
6319.39816513439  253.3695
6319.4534362229  256.2727
6319.50870344211  247.5573
6319.56396679178  247.9165
6319.61922627171  220.0114
6319.67448188167  230.7404
6319.72973362146  224.8895
6319.78498149085  246.1891
6319.84022548964  257.3737
6319.89546561759  230.7801
6319.95070187451  248.8102
6320.00593426017  270.398
6320.06116277436  254.87
6320.11638741685  259.6831
6320.17160818745  262.2968
6320.22682508592  253.3422
6320.28203811206  228.8192
6320.33724726564  239.3083
6320.39245254646  257.2265
6320.4476539543  236.65
6320.50285148893  244.7712
6320.55804515016  247.3815
6320.61323493775  245.9046
6320.66842085151  255.8494
6320.7236028912  231.3393
6320.77878105662  241.407
6320.83395534755  222.3179
6320.88912576377  240.2746
6320.94429230507  255.3594
6320.99945497124  256.2729
6321.05461376206  258.7744
6321.10976867731  233.7857
6321.16491971679  237.2596
6321.22006688027  259.8403
6321.27521016754  241.3021
6321.33034957839  230.8498
6321.3854851126  244.1814
6321.44061676995  237.9314
6321.49574455024  245.4856
6321.55086845325  259.6252
6321.60598847875  250.2758
6321.66110462655  254.6566
6321.71621689642  267.0869
6321.77132528815  231.8306
6321.82642980152  244.01
6321.88153043633  249.4644
6321.93662719236  204.0824
6321.99172006938  225.0049
6322.0468090672  238.0922
6322.10189418558  239.9868
6322.15697542433  252.9066
6322.21205278323  247.4436
6322.26712626206  248.9823
6322.3221958606  258.1217
6322.37726157865  239.9214
6322.43232341599  248.6334
6322.48738137241  278.9848
6322.54243544769  278.7874
6322.59748564162  246.9546
6322.65253195399  273.3561
6322.70757438458  242.8252
6322.76261293318  243.1408
6322.81764759957  250.0843
6322.87267838354  217.7694
6322.92770528489  228.9306
6322.98272830338  216.9216
6323.03774743882  259.0872
6323.09276269099  242.0208
6323.14777405967  243.6301
6323.20278154466  261.387
6323.25778514573  238.0145
6323.31278486268  264.6593
6323.36778069529  231.0701
6323.42277264335  229.7031
6323.47776070665  226.8506
6323.53274488496  248.9979
6323.5877251781  241.9014
6323.64270158583  244.4643
6323.69767410794  250.1124
6323.75264274423  277.2541
6323.80760749448  255.5601
6323.86256835847  222.0513
6323.917525336  207.5363
6323.97247842685  271.229
6324.02742763081  258.8288
6324.08237294767  245.2338
6324.13731437721  214.0661
6324.19225191923  246.446
6324.2471855735  225.7466
6324.30211533983  254.3922
6324.35704121798  253.5049
6324.41196320776  220.9155
6324.46688130896  242.2209
6324.52179552135  242.224
6324.57670584473  249.234
6324.63161227888  224.2722
6324.6865148236  276.8703
6324.74141347867  232.4821
6324.79630824387  243.2097
6324.85119911901  244.2983
6324.90608610386  255.9279
6324.96096919822  220.8508
6325.01584840186  223.5505
6325.07072371459  242.8324
6325.12559513619  263.3876
6325.18046266644  257.797
6325.23532630514  229.9398
6325.29018605208  243.2471
6325.34504190704  224.1192
6325.39989386981  233.0843
6325.45474194018  237.9028
6325.50958611794  244.0554
6325.56442640288  235.9872
6325.61926279478  254.7862
6325.67409529344  240.5092
6325.72892389865  263.7799
6325.78374861019  242.3904
6325.83856942785  216.5591
6325.89338635143  248.3375
6325.9481993807  235.5919
6326.00300851547  247.2383
6326.05781375551  245.9133
6326.11261510063  242.3064
6326.1674125506  250.8147
6326.22220610522  267.2652
6326.27699576427  244.2879
6326.33178152755  256.2078
6326.38656339484  249.8373
6326.44134136595  226.1061
6326.49611544064  255.2746
6326.55088561872  232.2724
6326.60565189997  223.8443
6326.66041428419  245.8575
6326.71517277116  254.7632
6326.76992736067  263.4668
6326.82467805252  240.3189
6326.87942484648  247.198
6326.93416774237  241.1977
6326.98890673995  243.0814
6327.04364183902  222.7542
6327.09837303938  255.3837
6327.15310034081  244.4758
6327.20782374311  258.2286
6327.26254324606  260.6263
6327.31725884945  248.4902
6327.37197055307  241.0369
6327.42667835672  244.3243
6327.48138226018  232.2336
6327.53608226325  264.1173
6327.59077836571  278.3629
6327.64547056736  254.8743
6327.70015886799  233.0185
6327.75484326738  234.6972
6327.80952376533  260.8646
6327.86420036163  226.4411
6327.91887305607  244.8244
6327.97354184843  242.6507
6328.02820673852  236.734
6328.08286772612  234.5956
6328.13752481103  283.1091
6328.19217799302  246.4435
6328.2468272719  243.2687
6328.30147264746  248.4835
6328.35611411949  240.7634
6328.41075168777  258.7418
6328.4653853521  248.0584
6328.52001511227  251.1544
6328.57464096807  236.0049
6328.6292629193  267.5519
6328.68388096574  261.7525
6328.73849510719  238.2867
6328.79310534343  237.3107
6328.84771167427  262.4873
6328.90231409948  249.2193
6328.95691261887  214.9557
6329.01150723222  254.8581
6329.06609793933  254.5874
6329.12068473998  250.7617
6329.17526763397  253.1668
6329.2298466211  254.9609
6329.28442170114  266.3876
6329.3389928739  252.4352
6329.39356013917  245.5742
6329.44812349674  233.165
6329.5026829464  227.397
6329.55723848794  245.4484
6329.61179012116  245.1399
6329.66633784584  266.4747
6329.72088166179  249.0753
6329.77542156878  237.9666
6329.82995756662  268.1463
6329.8844896551  249.1183
6329.93901783401  229.098
6329.99354210314  236.1539
6330.04806246228  235.925
6330.10257891123  249.0682
6330.15709144978  224.8428
6330.21160007773  254.4183
6330.26610479485  257.9453
6330.32060560096  267.931
6330.37510249583  224.9234
6330.42959547927  241.1616
6330.48408455107  228.1618
6330.53856971102  255.8805
6330.5930509589  227.5461
6330.64752829452  227.5818
6330.70200171768  239.8109
6330.75647122815  227.6053
6330.81093682574  228.431
6330.86539851023  257.6411
6330.91985628143  235.0619
6330.97431013912  249.2696
6331.0287600831  267.5469
6331.08320611316  237.7749
6331.1376482291  260.3081
6331.19208643071  277.0057
6331.24652071777  241.8795
6331.30095109009  245.2854
6331.35537754746  234.0481
6331.40980008968  270.0383
6331.46421871653  241.0413
6331.51863342781  245.6662
6331.57304422332  248.7688
6331.62745110284  244.4412
6331.68185406617  258.1654
6331.73625311312  267.3835
6331.79064824346  268.4044
6331.84503945699  231.6527
6331.89942675352  268.9775
6331.95381013282  244.5715
6332.00818959471  250.9459
6332.06256513896  268.2664
6332.11693676538  249.6988
6332.17130447375  280.855
6332.22566826388  221.3216
6332.28002813556  230.5051
6332.33438408859  283.1673
6332.38873612275  241.7976
6332.44308423784  255.2067
6332.49742843365  250.6149
6332.55176870999  265.5213
6332.60610506665  253.6676
6332.66043750341  253.1422
6332.71476602008  270.4272
6332.76909061645  264.5087
6332.82341129231  245.7094
6332.87772804747  263.0364
6332.93204088171  252.6702
6332.98634979483  246.9205
6333.04065478662  264.8454
6333.09495585688  266.2678
6333.14925300541  237.1209
6333.203546232  225.7103
6333.25783553645  254.7765
6333.31212091854  244.9068
6333.36640237808  261.0829
6333.42067991486  256.3031
6333.47495352869  232.6451
6333.52922321934  239.3326
6333.58348898662  292.2493
6333.63775083033  250.0592
6333.69200875025  257.3879
6333.74626274619  254.4378
6333.80051281794  255.8628
6333.8547589653  246.0051
6333.90900118805  248.2825
6333.96323948601  272.8946
6334.01747385896  259.6843
6334.0717043067  245.5842
6334.12593082903  220.7505
6334.18015342574  225.7983
6334.23437209662  252.552
6334.28858684148  244.0389
6334.34279766011  242.9516
6334.39700455231  268.6006
6334.45120751787  250.5621
6334.50540655658  236.819
6334.55960166826  250.1895
6334.61379285268  253.3718
6334.66798010966  241.4835
6334.72216343897  240.7543
6334.77634284043  247.2133
6334.83051831383  234.4359
6334.88468985896  235.5382
6334.93885747562  245.7998
6334.99302116361  236.563
6335.04718092273  253.8385
6335.10133675277  264.7097
6335.15548865352  271.2308
6335.20963662479  265.7624
6335.26378066637  244.6157
6335.31792077806  227.8351
6335.37205695966  249.298
6335.42618921096  263.4826
6335.48031753176  254.6131
6335.53444192186  266.9361
6335.58856238105  267.4537
6335.64267890913  246.9702
6335.69679150591  253.7637
6335.75090017117  219.2122
6335.80500490471  229.5583
6335.85910570634  220.4082
6335.91320257584  241.9049
6335.96729551302  268.8002
6336.02138451768  257.434
6336.07546958961  229.698
6336.1295507286  237.7233
6336.18362793447  249.5494
6336.237701207  251.5113
6336.29177054599  251.0784
6336.34583595124  253.2014
6336.39989742255  244.0481
6336.45395495971  264.2774
6336.50800856254  231.445
6336.56205823081  222.1267
6336.61610396434  270.5695
6336.67014576291  247.1722
6336.72418362633  263.922
6336.7782175544  229.7921
6336.8322475469  243.1256
6336.88627360366  245.1452
6336.94029572445  275.0357
6336.99431390907  237.1887
6337.04832815734  248.8189
6337.10233846904  251.5533
6337.15634484398  263.2028
6337.21034728195  252.002
6337.26434578275  241.6592
6337.31834034618  254.0366
6337.37233097204  261.7691
6337.42631766012  270.2781
6337.48030041023  239.5006
6337.53427922217  243.5029
6337.58825409573  250.1884
6337.64222503072  218.437
6337.69619202692  245.7781
6337.75015508415  238.7809
6337.8041142022  243.5008
6337.85806938087  263.2711
6337.91202061995  244.1329
6337.96596791926  240.4835
6338.01991127858  265.7205
6338.07385069771  245.5697
6338.12778617647  275.5223
6338.18171771464  261.0166
6338.23564531202  251.6498
6338.28956896842  241.6728
6338.34348868363  253.9368
6338.39740445745  255.1307
6338.45131628969  231.8597
6338.50522418014  245.6118
6338.5591281286  237.4775
6338.61302813488  275.3935
6338.66692419876  231.0985
6338.72081632006  263.0825
6338.77470449857  224.5538
6338.8285887341  263.3541
6338.88246902643  220.6045
6338.93634537538  262.281
6338.99021778073  265.2477
6339.04408624231  251.8833
6339.09795075989  248.2514
6339.15181133328  226.383
6339.20566796229  252.5762
6339.25952064671  254.5977
6339.31336938635  229.2038
6339.367214181  272.2511
6339.42105503046  243.4131
6339.47489193454  225.1124
6339.52872489304  270.3367
6339.58255390575  246.4026
6339.63637897248  247.7312
6339.69020009303  267.4835
6339.74401726719  225.5884
6339.79783049477  245.3746
6339.85163977558  248.7949
6339.9054451094  235.7407
6339.95924649605  236.2704
6340.01304393532  270.2543
6340.06683742701  260.2278
6340.12062697093  255.2031
6340.17441256687  257.1739
6340.22819421464  249.9833
6340.28197191404  264.849
6340.33574566487  248.4202
6340.38951546693  210.1854
6340.44328132003  222.8682
6340.49704322395  251.2724
6340.55080117851  245.2776
6340.60455518351  247.7561
6340.65830523875  254.043
6340.71205134402  246.3917
6340.76579349914  263.6701
6340.8195317039  215.4296
6340.87326595811  246.0911
6340.92699626156  251.4608
6340.98072261406  251.5075
6341.03444501541  232.2522
6341.08816346542  234.5732
6341.14187796387  250.4074
6341.19558851058  236.1777
6341.24929510536  253.1466
6341.30299774799  280.9094
6341.35669643828  266.5097
6341.41039117604  232.395
6341.46408196106  238.28
6341.51776879316  240.8926
6341.57145167212  246.1656
6341.62513059776  234.728
6341.67880556987  241.2713
6341.73247658827  250.4955
6341.78614365274  278.4084
6341.8398067631  257.4904
6341.89346591914  227.2533
6341.94712112067  244.4664
6342.0007723675  243.1622
6342.05441965941  238.0516
6342.10806299623  238.5291
6342.16170237774  255.0377
6342.21533780376  250.5831
6342.26896927408  235.0594
6342.32259678851  234.8162
6342.37622034685  243.4676
6342.42983994891  228.4138
6342.48345559448  245.6348
6342.53706728338  241.1809
6342.5906750154  241.2604
6342.64427879034  235.3277
6342.69787860802  244.1802
6342.75147446823  262.3647
6342.80506637077  230.8913
6342.85865431546  241.0556
6342.91223830209  265.2911
6342.96581833047  230.6698
6343.0193944004  266.302
6343.07296651168  260.9778
6343.12653466413  260.6188
6343.18009885753  236.7854
6343.2336590917  270.5622
6343.28721536644  249.1388
6343.34076768155  247.4728
6343.39431603684  236.7727
6343.44786043211  266.1807
6343.50140086717  257.9866
6343.55493734181  250.0288
6343.60846985585  264.955
6343.66199840909  237.8262
6343.71552300132  256.6076
6343.76904363236  259.1494
6343.82256030201  242.3118
6343.87607301008  280.5267
6343.92958175636  259.7939
6343.98308654067  266.3903
6344.0365873628  250.8797
6344.09008422256  245.5438
6344.14357711977  245.3025
6344.19706605421  222.6026
6344.25055102569  239.9669
6344.30403203403  230.8845
6344.35750907902  246.9943
6344.41098216047  242.4955
6344.46445127819  266.7768
6344.51791643197  252.3598
6344.57137762163  242.6412
6344.62483484697  224.9224
6344.67828810779  266.2258
6344.73173740389  284.5528
6344.7851827351  255.6235
6344.8386241012  244.4746
6344.892061502  241.8856
6344.94549493732  263.7036
6344.99892440695  228.9966
6345.0523499107  213.2098
6345.10577144837  248.4531
6345.15918901978  253.8911
6345.21260262472  256.5869
6345.266012263  264.2987
6345.31941793443  245.2744
6345.37281963881  231.4301
6345.42621737595  249.6972
6345.47961114566  273.6891
6345.53300094773  223.8219
6345.58638678198  263.1873
6345.63976864821  227.107
6345.69314654622  246.6948
6345.74652047583  240.3119
6345.79989043684  245.4899
6345.85325642905  266.3393
6345.90661845228  279.0476
6345.95997650632  245.5968
6346.01333059098  233.3716
6346.06668070607  247.0034
6346.1200268514  206.5835
6346.17336902677  247.088
6346.22670723199  267.4096
6346.28004146686  260.0572
6346.33337173119  241.9897
6346.38669802479  243.8462
6346.44002034746  243.8223
6346.49333869901  266.3729
6346.54665307925  250.8728
6346.59996348798  240.8459
6346.65326992501  210.7783
6346.70657239015  228.8241
6346.7598708832  263.75
6346.81316540397  260.3638
6346.86645595227  231.2769
6346.91974252791  248.546
6346.97302513068  226.1685
6347.0263037604  241.7566
6347.07957841688  239.0093
6347.13284909992  238.4553
6347.18611580932  238.8956
6347.23937854491  250.8089
6347.29263730647  233.3725
6347.34589209383  243.6647
6347.39914290679  246.4563
6347.45238974515  253.8962
6347.50563260872  237.6383
6347.55887149732  249.6619
6347.61210641074  259.3075
6347.6653373488  249.4928
6347.7185643113  268.581
6347.77178729805  249.0258
6347.82500630886  231.1236
6347.87822134353  274.0231
6347.93143240188  254.8634
6347.98463948371  235.7209
6348.03784258883  246.7784
6348.09104171705  267.9041
6348.14423686817  238.4911
6348.197428042  255.5872
6348.25061523836  261.9315
6348.30379845704  241.7804
6348.35697769787  245.0279
6348.41015296063  219.5872
6348.46332424516  228.2991
6348.51649155124  266.8264
6348.5696548787  262.5089
6348.62281422733  243.6022
6348.67596959695  277.8543
6348.72912098737  245.2755
6348.78226839839  220.9524
6348.83541182982  259.0441
6348.88855128147  257.8315
6348.94168675316  245.8919
6348.99481824469  231.2761
6349.04794575585  254.3282
6349.10106928648  229.6895
6349.15418883637  253.48
6349.20730440534  256.6296
6349.26041599319  219.8554
6349.31352359973  226.202
6349.36662722477  251.0745
6349.41972686812  219.2714
6349.47282252959  244.8957
6349.52591420899  248.5041
6349.57900190612  240.257
6349.6320856208  237.2036
6349.68516535284  284.3352
6349.73824110204  239.8539
6349.79131286822  236.7272
6349.84438065118  240.8299
6349.89744445073  222.2859
6349.95050426669  266.7035
6350.00356009886  251.2681
6350.05661194705  234.967
6350.10965981107  237.4886
6350.16270369073  246.0554
6350.21574358585  239.7791
6350.26877949623  250.4144
6350.32181142167  237.7962
6350.374839362  246.3979
6350.42786331701  253.8703
6350.48088328653  230.6006
6350.53389927036  236.3074
6350.58691126831  255.7956
6350.63991928019  238.7654
6350.69292330581  229.2499
6350.74592334498  259.2825
6350.79891939751  208.7863
6350.85191146322  210.8262
6350.9048995419  218.7479
6350.95788363338  256.3633
6351.01086373746  234.7813
6351.06383985395  244.923
6351.11681198267  257.8291
6351.16978012342  243.6604
6351.22274427602  279.7124
6351.27570444027  242.691
6351.32866061599  238.9163
6351.38161280298  237.3822
6351.43456100106  282.4384
6351.48750521005  268.2765
6351.54044542974  220.2604
6351.59338165995  257.6941
6351.64631390049  265.745
6351.69924215117  216.5211
6351.75216641181  236.503
6351.80508668221  233.5367
6351.85800296219  230.7077
6351.91091525156  248.6239
6351.96382355012  242.1951
6352.0167278577  269.8032
6352.06962817409  255.3977
6352.12252449912  219.2949
6352.17541683259  255.3698
6352.22830517431  242.5663
6352.2811895241  249.1058
6352.33406988177  249.3628
6352.38694624713  266.4353
6352.43981861999  275.211
6352.49268700017  271.8171
6352.54555138747  268.0303
6352.5984117817  246.6216
6352.65126818269  227.6365
6352.70412059023  263.7642
6352.75696900415  233.3932
6352.80981342425  230.3705
6352.86265385035  245.8652
6352.91549028226  247.0386
6352.96832271979  266.4364
6353.02115116275  263.1805
6353.07397561096  242.0767
6353.12679606422  260.8544
6353.17961252235  246.8144
6353.23242498517  252.8343
6353.28523345248  228.7784
6353.33803792409  248.1622
6353.39083839983  252.4611
6353.4436348795  251.3862
6353.49642736291  247.4995
6353.54921584988  245.5249
6353.60200034022  217.2666
6353.65478083374  259.0602
6353.70755733026  252.5109
6353.76032982958  262.2553
6353.81309833153  241.7738
6353.86586283591  259.3758
6353.91862334254  239.3313
6353.97137985122  237.517
6354.02413236178  232.9829
6354.07688087402  249.5768
6354.12962538777  260.1097
6354.18236590283  209.4229
6354.23510241901  249.0698
6354.28783493613  213.5833
6354.340563454  250.4001
6354.39328797244  292.5172
6354.44600849126  223.702
6354.49872501026  248.8892
6354.55143752928  241.695
6354.60414604811  256.7536
6354.65685056658  261.3915
6354.70955108449  256.4931
6354.76224760167  235.0366
6354.81494011791  281.1565
6354.86762863305  223.6534
6354.92031314689  282.8166
6354.97299365924  248.7995
6355.02567016992  263.0026
6355.07834267875  255.4594
6355.13101118553  231.0775
6355.18367569008  229.9618
6355.23633619222  255.3977
6355.28899269176  228.9358
6355.34164518851  268.8015
6355.39429368229  255.3015
6355.44693817291  262.5836
6355.49957866019  244.8972
6355.55221514394  255.2204
6355.60484762398  259.4291
6355.65747610011  236.6288
6355.71010057216  240.2554
6355.76272103994  279.3012
6355.81533750326  226.5595
6355.86794996194  265.8266
6355.9205584158  251.9086
6355.97316286464  271.0474
6356.02576330828  245.838
6356.07835974654  253.6038
6356.13095217924  261.2854
6356.18354060617  245.1148
6356.23612502718  248.6972
6356.28870544206  252.3516
6356.34128185062  256.3309
6356.3938542527  262.5169
6356.4464226481  245.8385
6356.49898703664  253.6978
6356.55154741813  245.6332
6356.60410379239  226.8337
6356.65665615923  244.4271
6356.70920451847  242.2497
6356.76174886992  233.0524
6356.81428921341  251.3428
6356.86682554874  270.8035
6356.91935787573  264.5872
6356.97188619419  239.9413
6357.02441050395  251.0272
6357.07693080482  262.6193
6357.12944709661  273.3834
6357.18195937914  261.6672
6357.23446765222  240.662
6357.28697191567  245.6792
6357.33947216931  208.6187
6357.39196841296  279.9474
6357.44446064642  225.6912
6357.49694886952  253.42
6357.54943308207  260.2132
6357.60191328389  240.0122
6357.65438947479  261.9272
6357.70686165459  268.6413
6357.7593298231  226.2825
6357.81179398015  230.7016
6357.86425412555  262.1098
6357.91671025911  265.8594
6357.96916238065  262.2148
6358.02161048999  237.531
6358.07405458695  260.1336
6358.12649467133  248.0392
6358.17893074297  259.8607
6358.23136280167  262.3644
6358.28379084725  274.3894
6358.33621487953  241.8226
6358.38863489833  257.6305
6358.44105090346  251.6278
6358.49346289473  227.5064
6358.54587087198  250.5098
6358.598274835  230.9543
6358.65067478362  268.7481
6358.70307071767  267.6528
6358.75546263694  248.8758
6358.80785054127  256.0927
6358.86023443047  227.9974
6358.91261430435  243.8365
6358.96499016274  261.1623
6359.01736200544  240.7371
6359.06972983229  243.5857
6359.12209364309  276.0815
6359.17445343767  261.2888
6359.22680921583  245.0622
6359.2791609774  245.4838
6359.33150872221  238.5498
6359.38385245005  239.5963
6359.43619216076  283.0743
6359.48852785414  241.898
6359.54085953002  255.3653
6359.59318718822  256.7949
6359.64551082855  255.1507
6359.69783045084  268.192
6359.75014605489  245.7058
6359.80245764053  247.6222
6359.85476520757  249.6582
6359.90706875584  262.1204
6359.95936828515  264.0057
6360.01166379532  274.8246
6360.06395528617  269.1223
6360.11624275751  265.4802
6360.16852620918  218.5156
6360.22080564097  244.2865
6360.27308105272  254.3694
6360.32535244423  247.101
6360.37761981534  264.9767
6360.42988316586  227.7614
6360.48214249559  264.715
6360.53439780438  242.4052
6360.58664909203  280.242
6360.63889635836  266.4603
6360.6911396032  235.6677
6360.74337882636  249.0909
6360.79561402765  249.9583
6360.84784520691  272.875
6360.90007236394  272.3258
6360.95229549857  263.911
6361.00451461061  251.5637
6361.05672969989  247.6206
6361.10894076623  246.039
6361.16114780944  266.4468
6361.21335082934  275.4149
6361.26554982575  255.06
6361.31774479849  242.7686
6361.36993574739  233.1495
6361.42212267226  252.4199
6361.47430557292  271.3195
6361.52648444918  258.8025
6361.57865930088  234.2009
6361.63083012783  244.1234
6361.68299692984  237.489
6361.73515970674  231.298
6361.78731845836  269.4574
6361.8394731845  243.759
6361.89162388499  266.4039
6361.94377055964  257.1802
6361.99591320829  292.8928
6362.04805183075  277.4469
6362.10018642683  259.5311
6362.15231699636  250.6747
6362.20444353916  224.3418
6362.25656605505  294.2013
6362.30868454385  252.1617
6362.36079900537  281.4368
6362.41290943945  248.0157
6362.4650158459  262.6914
6362.51711822454  260.6233
6362.56921657519  242.3629
6362.62131089768  262.215
6362.67340119181  255.7199
6362.72548745742  271.7667
6362.77756969433  257.8197
6362.82964790234  239.7993
6362.8817220813  249.3733
6362.93379223101  227.1347
6362.9858583513  256.2642
6363.03792044198  279.2708
6363.08997850289  279.3975
6363.14203253383  252.6662
6363.19408253464  282.0238
6363.24612850513  256.923
6363.29817044512  252.4044
6363.35020835443  241.1381
6363.4022422329  267.2451
6363.45427208033  301.2191
6363.50629789655  256.8019
6363.55831968138  243.6937
6363.61033743464  240.9381
6363.66235115615  267.8609
6363.71436084574  337.9908
6363.76636650322  370.42
6363.81836812842  367.0487
6363.87036572116  300.4426
6363.92235928126  253.8832
6363.97434880855  223.6305
6364.02633430284  282.6721
6364.07831576395  238.8555
6364.13029319172  260.0471
6364.18226658595  280.0273
6364.23423594648  246.4873
6364.28620127312  249.5176
6364.33816256569  274.0309
6364.39011982403  251.3525
6364.44207304795  262.8633
6364.49402223726  245.2329
6364.54596739181  265.4945
6364.5979085114  238.3405
6364.64984559586  271.4103
6364.70177864501  249.6974
6364.75370765868  215.5608
6364.80563263668  250.5857
6364.85755357885  271.8223
6364.90947048499  274.4045
6364.96138335495  261.1898
6365.01329218852  254.7367
6365.06519698555  279.089
6365.11709774585  257.7777
6365.16899446925  252.4637
6365.22088715557  235.3871
6365.27277580463  248.9693
6365.32466041625  280.0141
6365.37654099026  267.2508
6365.42841752648  237.8556
6365.48029002473  237.9259
6365.53215848484  271.5528
6365.58402290663  268.6993
6365.63588328993  242.1038
6365.68773963455  237.2524
6365.73959194031  287.1223
6365.79144020706  237.0448
6365.8432844346  275.804
6365.89512462276  262.8074
6365.94696077136  269.5984
6365.99879288023  237.6021
6366.05062094919  242.4156
6366.10244497806  239.3616
6366.15426496667  248.2035
6366.20608091485  270.2488
6366.2578928224  266.9957
6366.30970068917  266.2652
6366.36150451497  236.712
6366.41330429963  235.9732
6366.46510004297  264.2061
6366.51689174481  282.8689
6366.56867940498  273.7026
6366.62046302331  250.5698
6366.67224259961  265.9534
6366.72401813372  221.2708
6366.77578962545  235.7218
6366.82755707463  237.6181
6366.87932048108  251.4558
6366.93107984463  242.7663
6366.98283516511  252.2779
6367.03458644233  278.9707
6367.08633367613  262.5504
6367.13807686632  259.9709
6367.18981601273  260.8323
6367.24155111519  226.6509
6367.29328217352  238.7225
6367.34500918754  244.5578
6367.39673215708  268.5647
6367.44845108197  250.7636
6367.50016596203  244.9247
6367.55187679708  253.5031
6367.60358358695  260.593
6367.65528633147  246.5959
6367.70698503045  254.4103
6367.75867968374  261.7474
6367.81037029114  263.7784
6367.86205685248  261.0537
6367.9137393676  242.8194
6367.96541783631  246.3365
6368.01709225844  268.6179
6368.06876263382  239.5455
6368.12042896227  270.7252
6368.17209124362  234.5112
6368.22374947769  243.757
6368.2754036643  255.2047
6368.3270538033  269.7847
6368.37869989449  253.7607
6368.4303419377  219.6574
6368.48197993277  218.5738
6368.53361387952  293.2156
6368.58524377776  256.5792
6368.63686962734  220.9628
6368.68849142807  248.9467
6368.74010917978  284.3897
6368.79172288229  254.1343
6368.84333253544  235.7322
6368.89493813905  229.2418
6368.94653969294  265.5893
6368.99813719694  241.9909
6369.04973065088  235.6323
6369.10132005459  267.9412
6369.15290540788  243.4922
6369.20448671059  228.7838
6369.25606396254  209.0861
6369.30763716356  270.809
6369.35920631348  249.4804
6369.41077141212  246.8875
6369.4623324593  254.2218
6369.51388945487  245.4603
6369.56544239863  250.2319
6369.61699129042  289.9255
6369.66853613007  230.2259
6369.72007691741  253.1857
6369.77161365225  228.992
6369.82314633442  261.9952
6369.87467496377  275.2222
6369.9261995401  234.5476
6369.97772006325  262.3992
6370.02923653304  249.8013
6370.0807489493  260.3313
6370.13225731187  236.0653
6370.18376162056  255.4565
6370.2352618752  255.2887
6370.28675807563  233.7648
6370.33825022166  243.2695
6370.38973831313  250.1143
6370.44122234986  254.5382
6370.49270233168  262.449
6370.54417825842  231.5555
6370.59565012991  255.7652
6370.64711794597  253.6508
6370.69858170643  231.1295
6370.75004141112  228.1692
6370.80149705987  247.0085
6370.8529486525  252.3316
6370.90439618884  248.1015
6370.95583966873  265.5186
6371.00727909199  236.6534
6371.05871445843  231.8226
6371.11014576791  245.484
6371.16157302024  266.181
6371.21299621524  252.5392
6371.26441535276  250.061
6371.31583043262  274.9552
6371.36724145464  247.1415
6371.41864841865  267.5765
6371.47005132449  233.8517
6371.52145017198  241.1272
6371.57284496095  254.0965
6371.62423569122  246.5149
6371.67562236264  229.3409
6371.72700497501  293.9395
6371.77838352819  233.8593
6371.82975802198  226.265
6371.88112845623  259.3926
6371.93249483075  258.3115
6371.98385714539  247.148
6372.03521539996  280.6386
6372.0865695943  255.1319
6372.13791972824  264.4444
6372.1892658016  241.8359
6372.24060781421  259.9567
6372.29194576591  243.5252
6372.34327965652  263.6809
6372.39460948588  249.8684
6372.4459352538  248.162
6372.49725696012  284.1336
6372.54857460467  239.2393
6372.59988818729  226.6051
6372.65119770779  229.4122
6372.702503166  235.8411
6372.75380456177  255.4705
6372.80510189491  246.6846
6372.85639516526  266.6826
6372.90768437265  279.663
6372.9589695169  278.7797
6373.01025059785  242.6305
6373.06152761532  230.8174
6373.11280056915  216.2965
6373.16406945917  262.9995
6373.2153342852  246.0742
6373.26659504708  260.1544
6373.31785174463  266.1795
6373.36910437768  246.6929
6373.42035294608  269.8313
6373.47159744964  214.409
6373.52283788819  245.65
6373.57407426158  279.9425
6373.62530656962  243.8917
6373.67653481214  237.3145
6373.72775898899  213.3005
6373.77897909998  235.1765
6373.83019514495  247.5451
6373.88140712373  245.9034
6373.93261503615  251.9571
6373.98381888204  290.5849
6374.03501866123  267.3861
6374.08621437355  256.2793
6374.13740601884  249.1431
6374.18859359692  291.7123
6374.23977710762  249.1936
6374.29095655078  245.4096
6374.34213192623  259.7722
6374.39330323379  237.477
6374.4444704733  277.496
6374.49563364459  259.6659
6374.54679274749  244.2083
6374.59794778184  282.4262
6374.64909874745  246.6987
6374.70024564417  244.4241
6374.75138847183  244.6844
6374.80252723026  279.6731
6374.85366191928  254.8292
6374.90479253873  262.1156
6374.95591908844  267.7498
6375.00704156825  248.6607
6375.05815997798  257.1955
6375.10927431747  270.5369
6375.16038458655  252.7744
6375.21149078504  256.1554
6375.26259291279  236.1822
6375.31369096962  232.9966
6375.36478495536  237.5836
6375.41587486986  267.3796
6375.46696071293  265.1789
6375.51804248441  279.4343
6375.56912018414  289.7855
6375.62019381195  271.8194
6375.67126336766  230.7154
6375.72232885111  236.5874
6375.77339026213  254.5604
6375.82444760056  276.3569
6375.87550086622  248.4674
6375.92655005895  258.9228
6375.97759517859  262.3293
6376.02863622496  276.9753
6376.07967319789  245.2013
6376.13070609723  259.5515
6376.18173492279  277.0412
6376.23275967443  264.8654
6376.28378035195  232.803
6376.33479695521  228.6814
6376.38580948403  273.4831
6376.43681793825  290.4057
6376.48782231769  248.7338
6376.5388226222  249.7425
6376.5898188516  233.0925
6376.64081100573  260.7284
6376.69179908442  258.7038
6376.7427830875  222.3215
6376.79376301481  275.0138
6376.84473886618  239.0747
6376.89571064144  235.0616
6376.94667834043  282.0786
6376.99764196298  263.7355
6377.04860150892  264.3646
6377.09955697809  253.0706
6377.15050837032  233.3831
6377.20145568544  263.3893
6377.2523989233  233.4965
6377.30333808371  238.3118
6377.35427316652  256.5418
6377.40520417155  244.034
6377.45613109865  263.6974
6377.50705394764  270.0859
6377.55797271837  245.6882
6377.60888741065  255.8447
6377.65979802434  266.237
6377.71070455926  268.9465
6377.76160701524  214.3535
6377.81250539212  265.7948
6377.86339968974  228.4692
6377.91428990793  220.2342
6377.96517604652  220.4572
6378.01605810534  220.6808
6378.06693608424  227.4533
6378.11780998304  262.4436
6378.16867980158  280.0666
6378.2195455397  225.8233
6378.27040719722  256.8218
6378.32126477399  270.9943
6378.37211826983  262.4484
6378.42296768459  256.2972
6378.4738130181  292.214
6378.52465427019  213.2777
6378.57549144069  266.4691
6378.62632452944  257.4925
6378.67715353629  221.1868
6378.72797846105  282.1401
6378.77879930357  281.3868
6378.82961606368  254.7626
6378.88042874122  238.9607
6378.93123733602  245.2729
6378.98204184792  265.2082
6379.03284227675  259.0652
6379.08363862234  217.9386
6379.13443088454  234.0372
6379.18521906318  251.8131
6379.23600315808  247.3666
6379.2867831691  271.4445
6379.33755909606  226.017
6379.3883309388  253.1861
6379.43909869716  264.9092
6379.48986237096  272.0686
6379.54062196005  259.4905
6379.59137746427  206.5369
6379.64212888344  264.8678
6379.6928762174  274.3819
6379.743619466  261.4581
6379.79435862906  264.0037
6379.84509370642  228.7183
6379.89582469792  268.1092
6379.94655160339  249.23
6379.99727442267  243.9483
6380.04799315559  247.0487
6380.09870780201  270.4119
6380.14941836173  303.1531
6380.20012483461  246.4832
6380.25082722048  259.9605
6380.30152551917  269.3132
6380.35221973053  258.3348
6380.40290985439  240.6932
6380.45359589058  274.9963
6380.50427783895  252.2608
6380.55495569932  240.9924
6380.60562947154  236.7354
6380.65629915544  240.3695
6380.70696475086  284.1833
6380.75762625764  265.1844
6380.80828367561  248.9439
6380.85893700461  240.9128
6380.90958624447  256.1352
6380.96023139504  239.7277
6381.01087245615  246.7012
6381.06150942763  252.234
6381.11214230933  236.5574
6381.16277110108  266.0118
6381.21339580272  203.9631
6381.26401641408  234.3041
6381.31463293501  227.7806
6381.36524536534  253.7139
6381.4158537049  246.9654
6381.46645795354  254.9869
6381.51705811109  253.0043
6381.5676541774  292.7906
6381.61824615228  290.971
6381.6688340356  266.8496
6381.71941782718  244.4026
6381.76999752685  244.5347
6381.82057313447  266.4768
6381.87114464986  239.631
6381.92171207286  262.6735
6381.97227540332  243.2576
6382.02283464106  231.3013
6382.07338978593  236.751
6382.12394083777  253.7286
6382.17448779641  255.5036
6382.22503066169  259.1549
6382.27556943345  212.4643
6382.32610411153  228.2564
6382.37663469577  283.9448
6382.42716118599  231.7397
6382.47768358206  302.6681
6382.52820188379  232.8916
6382.57871609103  245.9353
6382.62922620361  260.791
6382.67973222139  274.2854
6382.73023414419  248.3321
6382.78073197185  246.0247
6382.83122570421  245.1761
6382.88171534112  225.3163
6382.9322008824  269.0279
6382.9826823279  282.3813
6383.03315967746  241.1706
6383.08363293092  241.507
6383.1341020881  259.1653
6383.18456714887  272.004
6383.23502811304  257.4453
6383.28548498047  247.8609
6383.33593775098  268.0508
6383.38638642443  258.0963
6383.43683100064  268.5138
6383.48727147947  257.3867
6383.53770786074  285.2351
6383.5881401443  247.3742
6383.63856832998  273.3084
6383.68899241763  249.8455
6383.73941240709  245.0172
6383.78982829818  274.0385
6383.84024009077  240.8571
6383.89064778467  277.0028
6383.94105137974  259.0447
6383.99145087582  258.2588
6384.04184627273  244.1873
6384.09223757033  256.2495
6384.14262476845  237.666
6384.19300786693  263.162
6384.24338686562  255.5217
6384.29376176434  263.9478
6384.34413256295  220.799
6384.39449926128  259.5642
6384.44486185918  280.9665
6384.49522035647  258.7415
6384.54557475301  241.0626
6384.59592504863  223.3117
6384.64627124317  258.4998
6384.69661333648  251.8796
6384.74695132839  259.4362
6384.79728521874  341.4438
6384.84761500738  238.7545
6384.89794069415  280.7682
6384.94826227888  276.0321
6384.99857976141  243.9809
6385.0488931416  222.1264
6385.09920241927  257.9995
6385.14950759427  270.6711
6385.19980866643  293.7371
6385.25010563561  268.7068
6385.30039850164  256.6632
6385.35068726436  245.8194
6385.40097192362  225.902
6385.45125247924  236.1238
6385.50152893109  285.8511
6385.55180127898  278.3711
6385.60206952278  260.0105
6385.65233366231  266.3975
6385.70259369743  249.1993
6385.75284962796  260.6447
6385.80310145376  252.0665
6385.85334917466  234.4909
6385.9035927905  234.096
6385.95383230113  221.358
6386.00406770639  235.4244
6386.05429900612  234.2061
6386.10452620015  245.9441
6386.15474928835  247.1691
6386.20496827053  282.0991
6386.25518314656  261.0657
6386.30539391626  244.3628
6386.35560057948  241.493
6386.40580313606  254.0418
6386.45600158585  252.3116
6386.50619592868  243.4652
6386.5563861644  230.7628
6386.60657229284  239.4986
6386.65675431387  254.9307
6386.7069322273  264.9492
6386.75710603299  224.5475
6386.80727573078  205.0151
6386.85744132051  286.1571
6386.90760280202  240.7537
6386.95776017516  230.3994
6387.00791343977  231.5773
6387.05806259569  248.6824
6387.10820764276  210.7478
6387.15834858082  282.6519
6387.20848540973  235.5601
6387.25861812931  263.6963
6387.30874673942  242.495
6387.35887123989  237.257
6387.40899163058  234.4675
6387.45910791131  219.3782
6387.50922008194  311.9272
6387.55932814231  208.8776
6387.60943209226  266.4746
6387.65953193163  248.4209
6387.70962766027  243.6693
6387.75971927802  259.7284
6387.80980678472  284.6388
6387.85989018022  252.5977
6387.90996946436  273.9774
6387.96004463698  250.004
6388.01011569792  275.6833
6388.06018264704  203.5849
6388.11024548417  273.294
6388.16030420916  255.4792
6388.21035882184  225.9333
6388.26040932208  242.4334
6388.31045570969  246.9232
6388.36049798454  251.8952
6388.41053614647  249.6832
6388.46057019531  261.6053
6388.51060013092  212.6044
6388.56062595313  268.7229
6388.61064766179  275.2127
6388.66066525674  243.7846
6388.71067873783  258.465
6388.76068810491  282.4818
6388.81069335781  275.6639
6388.86069449638  272.9911
6388.91069152047  247.2117
6388.96068442991  234.2916
6389.01067322456  235.2816
6389.06065790425  261.4459
6389.11063846884  226.8132
6389.16061491816  279.1103
6389.21058725207  264.8672
6389.26055547039  253.5673
6389.31051957299  240.2728
6389.3604795597  246.4868
6389.41043543038  243.4437
6389.46038718485  232.83
6389.51033482297  243.3647
6389.56027834459  235.8277
6389.61021774954  255.4439
6389.66015303767  213.287
6389.71008420884  252.194
6389.76001126287  294.989
6389.80993419963  302.193
6389.85985301894  274.8726
6389.90976772067  266.8355
6389.95967830464  215.7934
6390.00958477071  261.7962
6390.05948711873  237.921
6390.10938534854  260.4612
6390.15927945998  224.9043
6390.2091694529  253.9692
6390.25905532714  267.765
6390.30893708255  259.731
6390.35881471898  188.161
6390.40868823627  263.1024
6390.45855763427  263.3947
6390.50842291282  304.5989
6390.55828407177  242.7477
6390.60814111096  260.9215
6390.65799403024  230.7633
6390.70784282945  252.3241
6390.75768750845  236.0121
6390.80752806708  264.4809
6390.85736450518  219.7907
6390.90719682259  255.6525
6390.95702501918  287.2995
6391.00684909477  271.9839
6391.05666904922  266.3715
6391.10648488238  269.5829
6391.15629659408  210.8621
6391.20610418418  270.7764
6391.25590765253  272.3858
6391.30570699896  260.9171
6391.35550222333  256.1802
6391.40529332548  253.5376
6391.45508030526  267.4876
6391.50486316251  235.2891
6391.55464189709  277.0874
6391.60441650883  277.0786
6391.65418699758  258.1422
6391.70395336321  267.6595
6391.75371560553  258.1645
6391.80347372442  224.0772
6391.8532277197  293.0159
6391.90297759124  280.2716
6391.95272333887  298.494
6392.00246496244  206.786
6392.0522024618  243.2476
6392.10193583681  255.0659
6392.15166508729  198.4799
6392.20139021311  290.9875
6392.2511112141  260.953
6392.30082809013  216.8874
6392.35054084102  255.279
6392.40024946664  234.881
6392.44995396682  255.8588
6392.49965434142  228.0761
6392.54935059029  271.42
6392.59904271326  275.0182
6392.6487307102  286.4542
6392.69841458093  265.0478
6392.74809432533  231.7395
6392.79776994322  255.7708
6392.84744143447  264.0381
6392.89710879891  259.8383
6392.9467720364  268.1797
6392.99643114678  247.7558
6393.0460861299  219.4423
6393.09573698561  229.3799
6393.14538371376  240.4053
6393.19502631419  273.3346
6393.24466478676  270.0796
6393.29429913131  254.1116
6393.34392934769  244.6188
6393.39355543574  267.997
6393.44317739532  268.2819
6393.49279522629  227.7866
6393.54240892847  225.9966
6393.59201850172  282.8901
6393.64162394589  198.5118
6393.69122526084  225.0985
6393.7408224464  236.726
6393.79041550243  320.617
6393.84000442877  253.2857
6393.88958922528  245.5312
6393.93916989179  220.2307
6393.98874642818  256.7987
6394.03831883427  276.805
6394.08788710992  215.0594
6394.13745125498  272.6079
6394.18701126929  263.9349
6394.23656715272  265.1546
6394.28611890509  265.793
6394.33566652628  244.062
6394.38521001611  248.2961
6394.43474937446  211.992
6394.48428460115  224.1209
6394.53381569605  258.3499
6394.58334265899  256.5561
6394.63286548984  253.6589
6394.68238418844  230.8409
6394.73189875463  269.1189
6394.78140918828  243.2221
6394.83091548923  260.1544
6394.88041765732  237.9189
6394.92991569242  249.3746
6394.97940959436  256.3974
6395.028899363  224.232
6395.07838499818  248.307
6395.12786649977  254.0715
6395.17734386761  278.0309
6395.22681710154  297.2683
6395.27628620142  258.4941
6395.32575116709  203.0139
6395.37521199842  238.1338
6395.42466869524  230.9757
6395.47412125742  263.8674
6395.52356968479  237.2908
6395.57301397721  292.8199
6395.62245413453  231.4387
6395.6718901566  250.9233
6395.72132204327  199.0874
6395.77074979439  254.6416
6395.82017340981  224.6515
6395.86959288938  250.4878
6395.91900823296  197.9393
6395.96841944039  268.8681
6396.01782651152  241.7224
6396.06722944621  270.7904
6396.11662824431  209.0831
6396.16602290566  229.8132
6396.21541343012  246.7092
6396.26479981754  184.4799
6396.31418206777  240.9693
6396.36356018065  243.682
6396.41293415605  321.2649
6396.46230399381  251.9202
6396.51166969379  227.1849
6396.56103125583  268.1957
6396.61038867979  239.7404
6396.65974196551  260.9586
6396.70909111286  266.9947
6396.75843612168  234.822
6396.80777699181  218.265
6396.85711372313  269.3186
6396.90644631546  252.622
6396.95577476867  256.4475
6397.00509908262  233.5677
6397.05441925714  216.8428
6397.10373529209  290.4585
6397.15304718733  259.9591
6397.2023549427  269.0851
6397.25165855806  230.2848
6397.30095803326  260.4319
6397.35025336815  244.5539
6397.39954456259  255.042
6397.44883161641  256.427
6397.49811452949  257.8294
6397.54739330167  232.75
6397.5966679328  224.3355
6397.64593842273  252.3083
6397.69520477132  214.8646
6397.74446697842  272.8091
6397.79372504388  282.2479
6397.84297896755  222.3991
6397.89222874929  292.1261
6397.94147438895  244.4044
6397.99071588638  258.2309
6398.03995324143  240.553
6398.08918645396  279.8427
6398.13841552382  262.9069
6398.18764045085  281.0847
6398.23686123493  241.7927
6398.28607787589  290.3578
6398.33529037359  271.2798
6398.38449872789  252.0139
6398.43370293863  265.09
6398.48290300567  252.0695
6398.53209892887  242.5988
6398.58129070806  247.0473
6398.63047834312  256.5246
6398.67966183389  247.325
6398.72884118023  232.7739
6398.77801638198  271.6674
6398.82718743901  275.6268
6398.87635435116  236.797
6398.92551711829  302.3293
6398.97467574025  280.644
6399.0238302169  224.6448
6399.07298054808  233.1982
6399.12212673366  249.2497
6399.17126877349  243.4608
6399.22040666741  262.7401
6399.2695404153  223.5023
6399.31867001698  225.2291
6399.36779547233  255.1737
6399.4169167812  224.998
6399.46603394343  225.3425
6399.51514695889  270.3568
6399.56425582743  284.0565
6399.6133605489  289.7038
6399.66246112315  250.453
6399.71155755004  241.3417
6399.76064982943  267.0035
6399.80973796117  256.5074
6399.85882194511  204.4801
6399.9079017811  255.306
6399.95697746901  273.8491
6400.00604900869  222.3862
6400.05511639998  292.1656
6400.10417964275  259.3593
6400.15323873685  203.4123
6400.20229368213  240.8865
6400.25134447845  216.514
6400.30039112567  212.4787
6400.34943362364  233.7451
6400.3984719722  256.2859
6400.44750617123  223.398
6400.49653622057  207.9763
6400.54556212007  269.8672
6400.5945838696  269.0892
6400.64360146901  255.0058
6400.69261491815  250.0615
6400.74162421688  245.407
6400.79062936505  212.2896
6400.83963036252  282.5563
