7704.98813512892  141.3717
7705.05937450371  151.0077
7705.13060935258  148.3064
7705.2018396752  153.8646
7705.27306547124  146.8129
7705.34428674037  165.2432
7705.41550348226  146.043
7705.48671569658  150.3677
7705.557923383  140.8475
7705.62912654118  154.2669
7705.70032517081  140.5647
7705.77151927155  146.9076
7705.84270884307  164.5003
7705.91389388504  123.2996
7705.98507439713  145.2489
7706.05625037902  144.6772
7706.12742183037  134.1434
7706.19858875086  133.3821
7706.26975114015  124.0863
7706.34090899792  163.7548
7706.41206232384  143.2672
7706.48321111757  160.6755
7706.5543553788  155.7802
7706.62549510719  161.6711
7706.69663030241  125.216
7706.76776096414  136.7652
7706.83888709204  153.9517
7706.9100086858  162.6361
7706.98112574507  121.0773
7707.05223826954  149.3448
7707.12334625887  165.8585
7707.19444971273  178.3997
7707.2655486308  163.7457
7707.33664301276  137.4335
7707.40773285826  171.4661
7707.47881816699  159.7097
7707.54989893862  159.2032
7707.62097517282  137.8991
7707.69204686925  139.879
7707.76311402761  179.3643
7707.83417664755  168.6687
7707.90523472875  165.304
7707.97628827088  163.7702
7708.04733727362  168.1861
7708.11838173664  189.0701
7708.18942165961  150.5965
7708.2604570422  159.3151
7708.33148788409  149.8394
7708.40251418496  162.9373
7708.47353594447  134.8839
7708.54455316229  139.5362
7708.61556583811  142.9606
7708.6865739716  111.6425
7708.75757756242  147.3906
7708.82857661026  128.9668
7708.89957111478  121.9479
7708.97056107566  129.2542
7709.04154649258  162.1251
7709.11252736521  138.707
7709.18350369322  137.9051
7709.25447547628  148.7004
7709.32544271408  127.2447
7709.39640540629  120.1592
7709.46736355257  121.1263
7709.53831715261  145.225
7709.60926620607  140.1578
7709.68021071265  151.8015
7709.751150672  110.0101
7709.8220860838  131.4077
7709.89301694774  147.1521
7709.96394326347  153.4959
7710.03486503068  122.9124
7710.10578224905  117.6901
7710.17669491825  145.2475
7710.24760303795  147.2274
7710.31850660783  136.248
7710.38940562757  144.9551
7710.46030009683  139.1358
7710.53119001531  120.67
7710.60207538266  132.2661
7710.67295619857  145.3226
7710.74383246272  175.4784
7710.81470417477  150.4563
7710.88557133441  124.9469
7710.95643394131  128.1349
7711.02729199515  137.2101
7711.0981454956  152.9627
7711.16899444234  152.7809
7711.23983883505  147.8093
7711.31067867341  133.0266
7711.38151395707  129.8581
7711.45234468574  138.0865
7711.52317085908  146.6515
7711.59399247677  142.8728
7711.66480953848  127.3689
7711.7356220439  132.8041
7711.8064299927  148.3413
7711.87723338455  151.7842
7711.94803221914  180.2021
7712.01882649615  156.1124
7712.08961621523  145.7465
7712.16040137609  151.0975
7712.23118197839  182.9502
7712.30195802181  125.9667
7712.37272950603  191.6249
7712.44349643073  128.2103
7712.51425879558  157.621
7712.58501660026  141.3919
7712.65576984445  202.1875
7712.72651852783  126.8133
7712.79726265008  143.6745
7712.86800221087  153.6905
7712.93873720988  133.3247
7713.0094676468  126.4484
7713.08019352129  127.3923
7713.15091483304  146.3127
7713.22163158172  136.3867
7713.29234376703  123.4542
7713.36305138862  142.9493
7713.43375444619  122.2007
7713.5044529394  155.2725
7713.57514686795  143.6312
7713.6458362315  132.4153
7713.71652102975  156.7899
7713.78720126236  126.9398
7713.85787692901  143.4262
7713.9285480294  140.4289
7713.99921456318  136.1819
7714.06987653005  134.7442
7714.14053392969  124.1481
7714.21118676177  155.3222
7714.28183502597  133.4835
7714.35247872197  139.8722
7714.42311784945  162.9811
7714.49375240811  143.8809
7714.5643823976  151.8884
7714.63500781761  127.3157
7714.70562866783  136.6779
7714.77624494793  134.7335
7714.84685665759  156.3628
7714.9174637965  138.9943
7714.98806636433  151.4658
7715.05866436077  142.4386
7715.12925778549  135.4702
7715.19984663818  161.4675
7715.27043091851  166.3815
7715.34101062617  162.508
7715.41158576084  150.0448
7715.4821563222  126.3422
7715.55272230992  159.909
7715.62328372371  144.3167
7715.69384056322  162.288
7715.76439282814  153.9798
7715.83494051817  146.2051
7715.90548363297  161.3437
7715.97602217223  171.4979
7716.04655613562  107.5749
7716.11708552284  118.0822
7716.18761033357  154.3736
7716.25813056748  142.0674
7716.32864622425  145.1825
7716.39915730358  109.8408
7716.46966380513  150.2589
7716.5401657286  134.3643
7716.61066307367  123.9227
7716.68115584001  135.4163
7716.75164402731  153.1512
7716.82212763526  149.0427
7716.89260666353  209.9287
7716.96308111181  142.8143
7717.03355097978  135.1594
7717.10401626712  148.7049
7717.17447697352  153.2509
7717.24493309865  136.9714
7717.31538464221  137.521
7717.38583160388  137.1244
7717.45627398333  155.1976
7717.52671178025  121.9815
7717.59714499433  127.3456
7717.66757362525  136.4003
7717.73799767268  145.4411
7717.80841713633  138.7991
7717.87883201586  151.9778
7717.94924231096  169.3432
7718.01964802132  138.909
7718.09004914662  134.702
7718.16044568654  130.2342
7718.23083764077  139.1094
7718.301225009  141.2346
7718.37160779089  114.5185
7718.44198598615  135.6501
7718.51235959445  135.3669
7718.58272861549  131.2651
7718.65309304893  140.7654
7718.72345289447  130.9059
7718.79380815179  150.6159
7718.86415882059  111.4719
7718.93450490053  127.5558
7719.00484639131  126.1715
7719.07518329261  143.082
7719.14551560412  128.1997
7719.21584332552  108.2954
7719.2861664565  139.1134
7719.35648499673  119.7033
7719.42679894592  133.3419
7719.49710830373  155.7972
7719.56741306987  154.7142
7719.63771324401  152.971
7719.70800882584  143.1826
7719.77829981504  147.7015
7719.8485862113  135.0896
7719.91886801431  148.3656
7719.98914522376  156.1262
7720.05941783931  112.1875
7720.12968586068  123.8804
7720.19994928754  149.5508
7720.27020811957  159.2926
7720.34046235646  130.0265
7720.41071199791  123.2821
7720.48095704358  138.8226
7720.55119749319  176.0513
7720.6214333464  131.3814
7720.6916646029  151.0694
7720.76189126239  123.1993
7720.83211332455  152.2921
7720.90233078906  129.2299
7720.97254365562  155.7831
7721.0427519239  121.6563
7721.1129555936  148.3496
7721.18315466441  127.5477
7721.25334913601  128.4836
7721.32353900809  132.2728
7721.39372428034  135.5319
7721.46390495243  123.3769
7721.53408102408  138.1575
7721.60425249494  165.1412
7721.67441936473  119.5498
7721.74458163312  133.1389
7721.81473929981  155.218
7721.88489236447  144.4189
7721.9550408268  133.3578
7722.02518468649  140.7091
7722.09532394323  126.1478
7722.1654585967  151.7774
7722.23558864659  126.02
7722.30571409259  126.5191
7722.37583493439  133.3887
7722.44595117168  107.0365
7722.51606280414  107.5776
7722.58616983147  134.3035
7722.65627225335  153.156
7722.72637006947  163.508
7722.79646327953  140.6839
7722.8665518832  145.7334
7722.93663588019  136.0153
7723.00671527017  157.1814
7723.07679005284  125.7105
7723.14686022789  143.4837
7723.21692579501  113.1636
7723.28698675388  137.136
7723.3570431042  105.2203
7723.42709484565  126.1117
7723.49714197793  135.8044
7723.56718450073  131.9226
7723.63722241373  151.9288
7723.70725571662  147.9315
7723.7772844091  130.5252
7723.84730849086  172.0573
7723.91732796158  138.2127
7723.98734282096  131.0228
7724.05735306868  138.6323
7724.12735870444  143.3868
7724.19735972793  134.5448
7724.26735613883  126.9848
7724.33734793685  167.5822
7724.40733512166  134.1062
7724.47731769296  158.2088
7724.54729565045  161.259
7724.6172689938  114.2829
7724.68723772272  142.0024
7724.75720183689  130.1653
7724.82716133601  138.0605
7724.89711621977  141.4744
7724.96706648785  134.5042
7725.03701213995  121.582
7725.10695317576  151.1367
7725.17688959498  150.2672
7725.24682139728  133.1401
7725.31674858238  131.8504
7725.38667114995  116.5203
7725.45658909969  122.3556
7725.5265024313  136.8766
7725.59641114445  120.1827
7725.66631523886  121.0265
7725.7362147142  135.1327
7725.80610957017  117.3044
7725.87599980646  139.0109
7725.94588542277  157.6355
7726.01576641879  164.927
7726.0856427942  134.7178
7726.15551454871  132.1812
7726.225381682  133.8441
7726.29524419378  121.8473
7726.36510208372  139.8519
7726.43495535153  112.1735
7726.5048039969  121.5718
7726.57464801951  136.4082
7726.64448741907  119.5442
7726.71432219527  146.7309
7726.7841523478  105.7932
7726.85397787635  140.3235
7726.92379878062  114.9529
7726.99361506029  143.8493
7727.06342671508  140.0788
7727.13323374466  126.7528
7727.20303614873  144.6455
7727.27283392699  124.7483
7727.34262707913  136.7188
7727.41241560485  108.397
7727.48219950383  137.7648
7727.55197877577  125.7402
7727.62175342037  138.5003
7727.69152343733  144.951
7727.76128882632  125.6407
7727.83104958706  107.2819
7727.90080571923  133.9014
7727.97055722253  114.2016
7728.04030409666  128.1325
7728.1100463413  137.4678
7728.17978395616  154.9446
7728.24951694092  148.855
7728.31924529529  142.2396
7728.38896901896  110.6495
7728.45868811162  127.6764
7728.52840257297  139.8191
7728.59811240271  141.0266
7728.66781760053  119.5912
7728.73751816612  152.8067
7728.80721409918  145.5544
7728.87690539941  134.575
7728.9465920665  137.5215
7729.01627410015  119.9014
7729.08595150006  126.1711
7729.15562426591  137.7623
7729.22529239741  129.3617
7729.29495589426  156.565
7729.36461475614  158.7922
7729.43426898276  146.9779
7729.50391857381  167.4912
7729.57356352898  141.954
7729.64320384799  118.65
7729.71283953051  125.6637
7729.78247057625  102.2178
7729.8520969849  102.7714
7729.92171875617  116.8875
7729.99133588974  149.479
7730.06094838532  125.8189
7730.1305562426  153.5981
7730.20015946127  135.7931
7730.26975804105  99.67648
7730.33935198162  135.5356
7730.40894128268  120.095
7730.47852594393  116.5498
7730.54810596506  130.5068
7730.61768134578  139.567
7730.68725208578  127.2597
7730.75681818475  146.9422
7730.82637964241  145.8461
7730.89593645844  125.6182
7730.96548863254  178.7878
7731.03503616441  131.54
7731.10457905375  155.9969
7731.17411730026  119.0215
7731.24365090364  150.4698
7731.31317986357  104.9167
7731.38270417977  105.2882
7731.45222385193  122.3578
7731.52173887975  127.8344
7731.59124926293  119.5605
7731.66075500116  116.5506
7731.73025609415  147.6025
7731.79975254159  126.7118
7731.86924434319  149.1056
7731.93873149863  135.3053
7732.00821400763  114.5743
7732.07769186988  123.3471
7732.14716508508  148.807
7732.21663365293  143.9756
7732.28609757313  139.8206
7732.35555684538  133.3433
7732.42501146937  122.0667
7732.49446144481  140.9223
7732.5639067714  132.3616
7732.63334744884  143.5928
7732.70278347682  128.9931
7732.77221485505  129.7702
7732.84164158323  139.0759
7732.91106366105  140.4406
7732.98048108822  133.7374
7733.04989386444  143.0869
7733.1193019894  143.2818
7733.18870546282  143.5477
7733.25810428438  143.2147
7733.3274984538  148.1227
7733.39688797076  150.3171
7733.46627283498  134.4806
7733.53565304614  137.4524
7733.60502860396  144.778
7733.67439950813  123.0372
7733.74376575835  129.65
7733.81312735434  138.8884
7733.88248429577  136.614
7733.95183658237  154.1214
7734.02118421383  138.9274
7734.09052718984  124.373
7734.15986551012  138.5571
7734.22919917437  135.6502
7734.29852818228  137.2611
7734.36785253355  111.9926
7734.4371722279  129.7928
7734.50648726501  135.9527
7734.57579764461  133.506
7734.64510336637  144.8213
7734.71440443001  152.873
7734.78370083524  143.6808
7734.85299258174  125.5517
7734.92227966923  133.1232
7734.9915620974  143.1717
7735.06083986597  129.8719
7735.13011297462  118.992
7735.19938142307  133.6709
7735.26864521102  132.9234
7735.33790433817  139.0703
7735.40715880422  145.1736
7735.47640860887  140.0865
7735.54565375183  135.7337
7735.61489423281  123.1473
7735.6841300515  129.694
7735.75336120761  146.9098
7735.82258770084  138.1352
7735.8918095309  130.879
7735.96102669748  132.232
7736.0302392003  129.755
7736.09944703905  123.3554
7736.16865021344  156.9791
7736.23784872318  126.5287
7736.30704256796  140.5278
7736.3762317475  154.1224
7736.44541626149  144.4639
7736.51459610964  144.5532
7736.58377129165  139.2546
7736.65294180723  130.3632
7736.72210765609  152.0822
7736.79126883792  128.86
7736.86042535243  120.5749
7736.92957719933  119.9634
7736.99872437832  115.8129
7737.0678668891  140.909
7737.13700473138  104.2454
7737.20613790487  134.1092
7737.27526640927  132.1809
7737.34439024428  154.2491
7737.41350940962  137.3812
7737.48262390498  128.3129
7737.55173373006  143.8418
7737.62083888459  134.7617
7737.68993936826  118.9395
7737.75903518077  114.9921
7737.82812632183  140.1288
7737.89721279116  102.7167
7737.96629458845  110.6437
7738.03537171341  130.082
7738.10444416574  118.449
7738.17351194515  136.5972
7738.24257505135  142.2024
7738.31163348405  121.6308
7738.38068724295  125.3119
7738.44973632775  125.5647
7738.51878073816  126.833
7738.58782047389  133.7103
7738.65685553465  138.6823
7738.72588592014  131.6395
7738.79491163007  147.2001
7738.86393266415  140.3549
7738.93294902207  130.1087
7739.00196070356  153.0144
7739.07096770831  115.5908
7739.13997003604  143.0251
7739.20896768644  124.4392
7739.27796065923  125.5069
7739.34694895412  126.1675
7739.41593257081  127.5844
7739.48491150901  113.8966
7739.55388576843  122.9128
7739.62285534877  129.3133
7739.69182024974  121.6595
7739.76078047105  129.1699
7739.82973601242  118.7651
7739.89868687353  141.2747
7739.96763305411  126.405
7740.03657455386  114.9761
7740.1055113725  136.1698
7740.17444350972  133.7959
7740.24337096523  139.0685
7740.31229373875  114.1137
7740.38121182999  139.6869
7740.45012523864  111.1754
7740.51903396443  134.815
7740.58793800705  122.2665
7740.65683736622  124.5642
7740.72573204165  116.9657
7740.79462203304  138.3933
7740.86350734011  141.0672
7740.93238796256  153.1312
7741.00126390011  125.1376
7741.07013515245  137.0937
7741.13900171931  117.2158
7741.20786360038  105.5903
7741.27672079539  125.0806
7741.34557330403  130.675
7741.41442112603  111.2126
7741.48326426108  122.9172
7741.55210270889  115.8707
7741.62093646919  131.9212
7741.68976554168  109.8481
7741.75858992606  141.53
7741.82740962205  97.62666
7741.89622462936  119.3193
7741.9650349477  126.9083
7742.03384057677  140.3226
7742.1026415163  138.159
7742.17143776598  129.4232
7742.24022932553  124.4514
7742.30901619467  124.5585
7742.37779837309  140.263
7742.44657586052  133.0819
7742.51534865666  141.5989
7742.58411676122  161.1841
7742.65288017391  130.404
7742.72163889445  133.0208
7742.79039292255  128.7809
7742.85914225792  153.1139
7742.92788690026  133.5596
7742.9966268493  132.6905
7743.06536210473  104.8606
7743.13409266628  134.8854
7743.20281853366  128.8859
7743.27153970657  133.1226
7743.34025618473  141.0777
7743.40896796784  126.9908
7743.47767505564  127.6427
7743.54637744781  130.489
7743.61507514408  125.8989
7743.68376814416  124.3111
7743.75245644776  102.9543
7743.82114005459  123.9116
7743.88981896436  132.822
7743.95849317679  139.929
7744.0271626916  133.1254
7744.09582750848  147.1414
7744.16448762716  122.1612
7744.23314304735  136.2989
7744.30179376876  131.3076
7744.3704397911  128.0276
7744.43908111409  108.9349
7744.50771773744  124.0639
7744.57634966086  125.8202
7744.64497688406  129.7743
7744.71359940677  125.8117
7744.78221722868  134.6075
7744.85083034953  111.4484
7744.91943876901  129.5839
7744.98804248684  117.4239
7745.05664150274  150.243
7745.12523581642  134.6917
7745.1938254276  143.0874
7745.26241033599  140.3729
7745.33099054129  138.0302
7745.39956604323  123.6458
7745.46813684152  135.8526
7745.53670293588  109.4181
7745.60526432601  111.3818
7745.67382101164  138.7701
7745.74237299247  112.3361
7745.81092026823  131.2063
7745.87946283862  151.4025
7745.94800070336  124.2795
7746.01653386217  121.6321
7746.08506231476  120.6937
7746.15358606085  119.7819
7746.22210510014  137.083
7746.29061943236  143.5386
7746.35912905722  137.2427
7746.42763397444  131.5887
7746.49613418373  135.5155
7746.5646296848  119.0132
7746.63312047738  138.0677
7746.70160656117  104.9073
7746.7700879359  127.2102
7746.83856460127  122.9291
7746.90703655701  118.3394
7746.97550380283  123.0941
7747.04396633844  131.3248
7747.11242416357  123.3526
7747.18087727792  114.1757
7747.24932568122  126.0334
7747.31776937318  121.3398
7747.38620835351  154.7126
7747.45464262194  122.4695
7747.52307217818  118.1393
7747.59149702194  133.3671
7747.65991715295  122.0981
7747.72833257091  115.5796
7747.79674327555  134.9665
7747.86514926658  133.3988
7747.93355054373  117.4313
7748.00194710669  103.7465
7748.07033895521  127.9776
7748.13872608898  134.1304
7748.20710850773  124.902
7748.27548621118  138.3267
7748.34385919903  96.39131
7748.41222747102  129.6991
7748.48059102685  131.2654
7748.54894986625  150.7739
7748.61730398893  101.8019
7748.68565339462  120.6531
7748.75399808302  110.659
7748.82233805385  128.0434
7748.89067330684  126.3528
7748.9590038417  125.5685
7749.02732965815  126.2639
7749.09565075591  138.5755
7749.1639671347  111.7598
7749.23227879423  128.0168
7749.30058573422  145.7065
7749.3688879544  132.1135
7749.43718545448  122.1499
7749.50547823417  120.3319
7749.57376629321  124.5304
7749.64204963129  137.9525
7749.71032824816  128.7593
7749.77860214352  125.1916
7749.84687131709  138.7973
7749.91513576859  118.6597
7749.98339549775  123.7952
7750.05165050428  120.2514
7750.1199007879  126.4125
7750.18814634832  158.4825
7750.25638718528  128.3121
7750.32462329848  135.5877
7750.39285468766  122.6601
7750.46108135252  119.5073
7750.52930329279  152.66
7750.59752050819  186.2273
7750.66573299843  206.9005
7750.73394076325  160.5037
7750.80214380235  119.6773
7750.87034211546  113.9109
7750.93853570229  148.2205
7751.00672456258  126.532
7751.07490869604  111.3757
7751.14308810238  133.9252
7751.21126278134  123.5817
7751.27943273262  133.9087
7751.34759795596  118.5317
7751.41575845107  127.9847
7751.48391421767  124.5968
7751.55206525549  116.9831
7751.62021156424  115.2142
7751.68835314365  119.1128
7751.75648999344  130.8402
7751.82462211333  146.983
7751.89274950303  110.3858
7751.96087216228  149.8111
7752.02899009079  102.7804
7752.09710328829  116.107
7752.16521175449  131.0621
7752.23331548912  123.1561
7752.3014144919  101.9052
7752.36950876255  136.5383
7752.43759830079  121.2421
7752.50568310636  116.0784
7752.57376317895  115.3765
7752.64183851831  139.7508
7752.70990912415  123.0373
7752.7779749962  114.8376
7752.84603613417  116.6251
7752.91409253779  138.9463
7752.98214420679  109.4641
7753.05019114088  135.0936
7753.11823333978  122.5478
7753.18627080323  113.1289
7753.25430353094  101.6043
7753.32233152264  124.4852
7753.39035477804  111.8822
7753.45837329688  154.8126
7753.52638707887  114.8394
7753.59439612375  132.9635
7753.66240043122  142.6735
7753.73040000102  131.0028
7753.79839483287  89.71119
7753.86638492649  149.2291
7753.9343702816  138.4103
7754.00235089794  119.6042
7754.07032677522  125.4216
7754.13829791317  126.5318
7754.20626431151  118.8186
7754.27422596996  124.6668
7754.34218288826  99.26287
7754.41013506612  112.2351
7754.47808250326  127.555
7754.54602519943  110.894
7754.61396315432  114.5795
7754.68189636768  120.2279
7754.74982483923  107.1339
7754.81774856868  127.3928
7754.88566755577  119.2745
7754.95358180022  148.2592
7755.02149130175  124.1162
7755.0893960601  120.0059
7755.15729607498  120.4025
7755.22519134612  127.9475
7755.29308187325  127.7314
7755.36096765608  140.1904
7755.42884869435  144.0509
7755.49672498778  144.3419
7755.5645965361  130.9187
7755.63246333904  117.3028
7755.70032539631  140.0192
7755.76818270764  108.9367
7755.83603527277  118.4841
7755.90388309141  118.6999
7755.97172616329  123.9229
7756.03956448814  126.8797
7756.10739806568  133.4827
7756.17522689564  132.2684
7756.24305097775  122.035
7756.31087031173  123.1216
7756.3786848973  142.8531
7756.44649473421  120.3873
7756.51429982216  136.7493
7756.5821001609  133.1119
7756.64989575014  133.7426
7756.71768658961  108.9762
7756.78547267903  140.0852
7756.85325401815  120.3623
7756.92103060668  120.4637
7756.98880244435  133.6501
7757.05656953089  134.1681
7757.12433186602  130.8014
7757.19208944947  117.9412
7757.25984228096  123.9699
7757.32759036024  132.4749
7757.39533368703  131.2627
7757.46307226104  115.4872
7757.53080608201  109.341
7757.59853514967  131.8257
7757.66625946375  102.8864
7757.73397902397  125.0419
7757.80169383006  108.1379
7757.86940388174  143.2038
7757.93710917876  116.8247
7758.00480972084  130.5864
7758.07250550769  118.0301
7758.14019653906  135.4449
7758.20788281467  122.8266
7758.27556433425  121.1597
7758.34324109753  112.192
7758.41091310423  97.8933
7758.4785803541  118.8978
7758.54624284684  126.7537
7758.6139005822  130.0949
7758.6815535599  113.9779
7758.74920177968  158.5702
7758.81684524125  92.14996
7758.88448394436  119.6996
7758.95211788872  110.0392
7759.01974707407  109.2812
7759.08737150014  120.3813
7759.15499116666  108.167
7759.22260607336  116.4044
7759.29021621996  117.2917
7759.35782160621  121.7477
7759.42542223181  106.1102
7759.49301809652  110.9631
7759.56060920005  130.8145
7759.62819554214  119.3081
7759.69577712252  105.9916
7759.76335394091  105.5885
7759.83092599705  110.7638
7759.89849329067  135.0949
7759.9660558215  136.5685
7760.03361358927  153.4968
7760.10116659371  122.3582
7760.16871483455  143.1437
7760.23625831152  107.1465
7760.30379702435  136.6951
7760.37133097278  122.2871
7760.43886015653  138.7454
7760.50638457533  109.8029
7760.57390422893  138.0287
7760.64141911704  117.4975
7760.7089292394  111.7748
7760.77643459574  109.9874
7760.84393518579  119.0405
7760.91143100929  107.0577
7760.97892206596  132.3917
7761.04640835554  133.3095
7761.11388987776  120.9991
7761.18136663235  128.9429
7761.24883861904  117.1218
7761.31630583756  123.8189
7761.38376828766  122.8533
7761.45122596905  123.1954
7761.51867888147  130.9555
7761.58612702466  124.3686
7761.65357039834  126.7992
7761.72100900225  108.9787
7761.78844283613  111.5834
7761.85587189969  123.8916
7761.92329619268  128.7826
7761.99071571484  111.6089
7762.05813046588  131.4224
7762.12554044555  93.39952
7762.19294565358  118.1919
7762.26034608969  124.3653
7762.32774175363  123.6266
7762.39513264514  112.8871
7762.46251876393  114.2216
7762.52990010974  106.5954
7762.59727668231  134.5733
7762.66464848138  135.5428
7762.73201550667  102.061
7762.79937775792  124.6269
7762.86673523486  110.0376
7762.93408793723  108.1996
7763.00143586475  127.9422
7763.06877901717  116.4596
7763.13611739423  105.92
7763.20345099564  127.7004
7763.27077982115  128.3017
7763.33810387049  98.95619
7763.4054231434  93.89347
7763.47273763961  107.1124
7763.54004735885  128.7865
7763.60735230086  110.2715
7763.67465246538  119.9625
7763.74194785213  108.9654
7763.80923846086  102.789
7763.8765242913  119.7576
7763.94380534318  116.8851
7764.01108161624  114.5286
7764.07835311021  114.8344
7764.14561982484  130.6572
7764.21288175984  113.5921
7764.28013891497  138.5613
7764.34739128996  117.5533
7764.41463888453  105.3224
7764.48188169843  122.0639
7764.54911973139  102.1133
7764.61635298316  114.0835
7764.68358145345  106.6924
7764.75080514202  140.8428
7764.81802404859  114.3162
7764.8852381729  99.37196
7764.9524475147  135.9609
7765.01965207371  117.3025
7765.08685184966  125.7905
7765.15404684231  113.055
7765.22123705138  114.2757
7765.28842247661  128.625
7765.35560311774  126.9289
7765.4227789745  111.7069
7765.48995004663  117.7853
7765.55711633386  139.3576
7765.62427783595  124.4856
7765.69143455261  115.8142
7765.7585864836  113.129
7765.82573362864  125.394
7765.89287598747  134.1474
7765.96001355983  130.7264
7766.02714634546  147.4754
7766.09427434409  130.9309
7766.16139755547  141.2549
7766.22851597933  130.0702
7766.2956296154  130.1177
7766.36273846344  129.6969
7766.42984252316  111.2952
7766.49694179432  131.0378
7766.56403627664  136.9606
7766.63112596988  139.567
7766.69821087376  127.6248
7766.76529098803  124.5843
7766.83236631241  126.7509
7766.89943684666  124.8967
7766.96650259051  134.622
7767.0335635437  104.8466
7767.10061970596  144.7957
7767.16767107704  113.214
7767.23471765667  115.0995
7767.30175944459  121.4478
7767.36879644055  120.0819
7767.43582864428  147.0105
7767.50285605552  136.9488
7767.56987867401  129.2904
7767.63689649948  130.1361
7767.70390953168  118.3982
7767.77091777036  100.8555
7767.83792121524  111.95
7767.90491986606  121.4778
7767.97191372257  118.1777
7768.03890278451  125.71
7768.10588705161  119.5889
7768.17286652361  128.9299
7768.23984120026  119.1279
7768.3068110813  126.9919
7768.37377616647  125.9196
7768.4407364555  116.4292
7768.50769194813  127.5782
7768.57464264411  114.588
7768.64158854318  151.8067
7768.70852964507  120.1422
7768.77546594953  108.4191
7768.8423974563  124.47
7768.90932416512  121.8891
7768.97624607573  121.5017
7769.04316318787  113.5992
7769.11007550128  124.5032
7769.1769830157  134.1311
7769.24388573088  112.7127
7769.31078364655  119.4369
7769.37767676246  121.044
7769.44456507835  112.3013
7769.51144859395  122.2344
7769.57832730902  125.9521
7769.64520122328  128.7653
7769.71207033649  112.0568
7769.77893464839  121.2627
7769.84579415871  125.1704
7769.9126488672  120.6047
7769.9794987736  122.8496
7770.04634387766  99.30233
7770.11318417911  123.9561
7770.18001967769  100.5442
7770.24685037316  123.2575
7770.31367626525  88.53947
7770.3804973537  129.9149
7770.44731363826  121.2273
7770.51412511867  152.9416
7770.58093179467  136.4896
7770.647733666  129.0398
7770.71453073242  113.7855
7770.78132299365  99.86926
7770.84811044944  100.8798
7770.91489309955  130.4222
7770.9816709437  120.3917
7771.04844398164  112.0452
7771.11521221312  109.5158
7771.18197563787  120.4631
7771.24873425565  120.7002
7771.3154880662  146.3552
7771.38223706925  115.2772
7771.44898126456  113.3327
7771.51572065187  110.2686
7771.58245523091  122.4603
7771.64918500145  132.6965
7771.7159099632  102.4041
7771.78263011593  130.0287
7771.84934545938  125.9719
7771.91605599329  108.8497
7771.9827617174  124.8893
7772.04946263146  116.341
7772.11615873522  110.7332
7772.18285002841  108.365
7772.24953651079  115.5915
7772.31621818209  126.6664
7772.38289504207  121.8526
7772.44956709046  105.7166
7772.51623432702  131.088
7772.58289675148  116.2685
7772.64955436359  138.1519
7772.7162071631  114.4922
7772.78285514975  101.2578
7772.84949832329  124.2426
7772.91613668346  114.1185
7772.98277023001  114.4532
7773.04939896268  107.8051
7773.11602288122  116.6566
7773.18264198538  139.1035
7773.24925627489  114.4397
7773.31586574952  134.658
7773.38247040899  127.5016
7773.44907025306  117.2305
7773.51566528148  128.6334
7773.58225549398  119.5321
7773.64884089032  105.5695
7773.71542147025  100.6593
7773.7819972335  113.1257
7773.84856817983  112.306
7773.91513430898  135.5736
7773.9816956207  109.2159
7774.04825211473  108.4747
7774.11480379082  122.1008
7774.18135064873  129.7081
7774.24789268818  112.4008
7774.31442990894  106.979
7774.38096231075  102.9443
7774.44748989336  119.065
7774.51401265651  115.1944
7774.58053059995  116.2649
7774.64704372342  139.7638
7774.71355202669  112.7265
7774.78005550948  123.9728
7774.84655417156  117.8419
7774.91304801266  129.9019
7774.97953703254  113.1021
7775.04602123094  108.6938
7775.11250060762  110.6773
7775.17897516231  115.1684
7775.24544489477  142.6017
7775.31190980475  127.6457
7775.37836989199  114.9136
7775.44482515624  121.7644
7775.51127559725  113.9227
7775.57772121477  130.0005
7775.64416200855  104.7401
7775.71059797834  114.073
7775.77702912387  115.714
7775.84345544491  115.4971
7775.9098769412  128.366
7775.9762936125  108.0434
7776.04270545854  112.1407
7776.10911247908  105.8564
7776.17551467387  102.964
7776.24191204265  102.6721
7776.30830458519  114.3252
7776.37469230121  114.954
7776.44107519049  129.6162
7776.50745325275  123.6112
7776.57382648776  109.567
7776.64019489526  91.27744
7776.70655847501  110.2886
7776.77291722675  110.8675
7776.83927115023  116.4168
7776.90562024521  119.809
7776.97196451142  111.3325
7777.03830394863  111.9739
7777.10463855659  137.5948
7777.17096833504  102.8136
7777.23729328373  123.7417
7777.30361340241  115.917
7777.36992869084  115.3653
7777.43623914877  116.7541
7777.50254477594  133.7694
7777.5688455721  131.9012
7777.63514153701  103.0958
7777.70143267042  111.6258
7777.76771897209  116.8309
7777.83400044175  123.4171
7777.90027707916  93.37268
7777.96654888407  123.0407
7778.03281585624  124.6628
7778.09907799541  100.5904
7778.16533530134  111.708
7778.23158777377  111.3285
7778.29783541247  100.6007
7778.36407821717  122.9477
7778.43031618764  134.906
7778.49654932363  106.6829
7778.56277762487  111.5614
7778.62900109114  106.7682
7778.69521972218  129.1726
7778.76143351774  109.602
7778.82764247757  117.3223
7778.89384660143  100.8599
7778.96004588907  109.4602
7779.02624034024  116.6848
7779.0924299547  115.5857
7779.15861473219  117.0675
7779.22479467247  111.9813
7779.29096977529  118.6592
7779.3571400404  119.0497
7779.42330546757  115.9165
7779.48946605653  131.0835
7779.55562180705  129.3171
7779.62177271887  103.9909
7779.68791879176  106.4793
7779.75406002545  109.3301
7779.82019641972  96.29877
7779.8863279743  99.36845
7779.95245468895  118.4671
7780.01857656344  102.0282
7780.0846935975  130.9248
7780.15080579089  107.7142
7780.21691314338  104.125
7780.2830156547  113.0333
7780.34911332462  107.5015
7780.41520615289  135.3329
7780.48129413927  130.8337
7780.5473772835  105.9481
7780.61345558534  111.1334
7780.67952904455  103.5942
7780.74559766088  97.06
7780.81166143409  107.811
7780.87772036392  107.236
7780.94377445014  112.0297
7781.0098236925  99.08949
7781.07586809075  112.7389
7781.14190764466  117.3821
7781.20794235396  134.0216
7781.27397221843  99.38148
7781.3399972378  102.2122
7781.40601741185  108.1648
7781.47203274032  124.8727
7781.53804322297  100.9946
7781.60404885956  121.1817
7781.67004964983  110.1099
7781.73604559355  117.0987
7781.80203669048  106.8727
7781.86802294036  117.9204
7781.93400434295  103.9228
7781.99998089801  118.1079
7782.0659526053  117.8634
7782.13191946457  107.9739
7782.19788147557  92.57272
7782.26383863807  118.2105
7782.32979095182  102.6113
7782.39573841657  117.1293
7782.46168103208  121.8396
7782.52761879812  116.0285
7782.59355171443  82.48125
7782.65947978077  104.1761
7782.7254029969  112.8373
7782.79132136257  98.59548
7782.85723487755  108.5657
7782.92314354158  116.3984
7782.98904735443  108.506
7783.05494631586  106.637
7783.12084042561  137.3778
7783.18672968345  96.15733
7783.25261408914  117.6946
7783.31849364243  85.97748
7783.38436834307  125.755
7783.45023819084  109.8464
7783.51610318548  116.3089
7783.58196332675  124.89
7783.64781861442  115.5312
7783.71366904823  116.5642
7783.77951462795  114.3551
7783.84535535333  99.33749
7783.91119122413  97.88522
7783.97702224011  90.8408
7784.04284840104  134.28
7784.10866970666  110.2268
7784.17448615673  92.88132
7784.24029775102  118.5544
7784.30610448928  121.6013
7784.37190637128  120.9287
7784.43770339676  87.00667
7784.50349556549  108.5064
7784.56928287722  116.1842
7784.63506533173  120.4494
7784.70084292876  117.3033
7784.76661566807  104.8307
7784.83238354943  106.615
7784.89814657259  93.88393
7784.96390473731  116.9792
7785.02965804336  102.1326
7785.09540649048  101.0975
7785.16115007844  114.185
7785.22688880701  110.9826
7785.29262267593  111.5588
7785.35835168498  115.2568
7785.4240758339  115.2689
7785.48979512246  116.4759
7785.55550955043  92.5092
7785.62121911754  113.8451
7785.68692382359  117.7793
7785.75262366831  98.14429
7785.81831865147  113.3843
7785.88400877283  119.9073
7785.94969403216  118.783
7786.0153744292  103.8768
7786.08104996373  104.3111
7786.1467206355  110.9833
7786.21238644427  109.5908
7786.27804738981  136.3982
7786.34370347187  117.4435
7786.40935469022  97.43117
7786.47500104462  136.2191
7786.54064253483  96.03898
7786.6062791606  114.3408
7786.67191092171  96.44654
7786.73753781791  121.713
7786.80315984897  90.87795
7786.86877701464  100.5915
7786.93438931468  113.3505
7786.99999674887  106.8755
7787.06559931696  126.4613
7787.13119701871  96.75759
7787.19678985388  114.0477
7787.26237782224  93.59168
7787.32796092355  104.4174
7787.39353915757  94.27271
7787.45911252407  92.19301
7787.5246810228  108.2847
7787.59024465353  129.2775
7787.65580341601  123.7242
7787.72135731002  117.5979
7787.78690633532  106.7298
7787.85245049166  131.4437
7787.91798977881  98.72639
7787.98352419654  123.992
7788.04905374461  86.22288
7788.11457842277  112.3745
7788.1800982308  114.9075
7788.24561316845  117.5396
7788.3111232355  122.191
7788.37662843169  106.3334
7788.4421287568  107.7801
7788.50762421059  102.3534
7788.57311479283  88.64265
7788.63860050327  99.90283
7788.70408134168  110.8063
7788.76955730782  94.37287
7788.83502840146  115.3345
7788.90049462237  96.26642
7788.9659559703  119.3634
7789.03141244501  103.2668
7789.09686404629  106.9838
7789.16231077388  94.92879
7789.22775262755  90.08116
7789.29318960708  103.9404
7789.35862171221  103.245
7789.42404894272  133.1484
7789.48947129836  117.7438
7789.55488877892  116.5074
7789.62030138414  105.9914
7789.6857091138  99.22374
7789.75111196766  114.3836
7789.81650994549  106.5461
7789.88190304704  93.78085
7789.94729127209  117.9486
7790.0126746204  123.5432
7790.07805309173  122.5743
7790.14342668586  101.5766
7790.20879540254  105.166
7790.27415924155  118.8817
7790.33951820264  106.5799
7790.40487228559  90.31521
7790.47022149015  88.19109
7790.5355658161  92.49522
7790.6009052632  113.8082
7790.66623983122  105.001
7790.73156951992  106.3397
7790.79689432907  109.609
7790.86221425844  117.0791
7790.92752930778  100.9547
7790.99283947688  93.41523
7791.05814476549  106.1083
7791.12344517338  112.704
7791.18874070032  101.0887
7791.25403134607  96.66298
7791.31931711041  122.9979
7791.38459799309  112.9701
7791.44987399389  95.48512
7791.51514511256  82.20435
7791.58041134889  108.8018
7791.64567270264  86.14679
7791.71092917357  123.9106
7791.77618076145  113.6015
7791.84142746604  97.23748
7791.90666928713  91.58045
7791.97190622446  98.3639
7792.03713827782  93.89939
7792.10236544696  106.9744
7792.16758773166  131.4936
7792.23280513169  95.732
7792.29801764681  123.3753
7792.36322527679  96.40195
7792.42842802139  98.41148
7792.4936258804  116.9976
7792.55881885356  103.9784
7792.62400694066  113.4254
7792.68919014146  120.3171
7792.75436845573  128.2301
7792.81954188324  90.04021
7792.88471042376  96.19749
7792.94987407705  106.7068
7793.01503284288  109.9982
7793.08018672103  99.47214
7793.14533571126  90.44151
7793.21047981335  98.09668
7793.27561902705  85.64626
7793.34075335214  97.7196
7793.40588278839  107.2512
7793.47100733557  105.7942
7793.53612699344  121.1477
7793.60124176178  111.487
7793.66635164036  122.7887
7793.73145662895  101.5014
7793.7965567273  98.15236
7793.86165193521  90.81033
7793.92674225243  106.4976
7793.99182767874  112.4984
7794.05690821389  143.2068
7794.12198385768  138.544
7794.18705460986  156.3208
7794.25212047021  117.7115
7794.31718143849  115.1345
7794.38223751448  115.8326
7794.44728869795  110.304
7794.51233498866  89.98066
7794.57737638639  108.2445
7794.64241289091  92.83797
7794.70744450199  95.68166
7794.7724712194  85.78117
7794.83749304291  88.75291
7794.90250997229  110.9595
7794.96752200731  105.7427
7795.03252914775  85.71673
7795.09753139338  107.6765
7795.16252874396  96.79333
7795.22752119927  131.0201
7795.29250875908  86.75483
7795.35749142317  130.1774
7795.42246919129  102.0551
7795.48744206323  136.3225
7795.55241003876  116.8407
7795.61737311764  88.91634
7795.68233129966  98.80443
7795.74728458457  116.6515
7795.81223297216  107.7254
7795.8771764622  109.897
7795.94211505446  93.75171
7796.0070487487  86.27431
7796.07197754471  114.4532
7796.13690144226  96.1432
7796.20182044111  91.69984
7796.26673454105  103.3715
7796.33164374184  112.2946
7796.39654804325  96.16681
7796.46144744507  107.5817
7796.52634194705  97.7962
7796.59123154899  77.51968
7796.65611625064  96.93456
7796.72099605178  104.9433
7796.78587095219  104.5919
7796.85074095163  120.2793
7796.91560604989  89.49821
7796.98046624673  110.9377
7797.04532154193  117.6968
7797.11017193526  96.18071
7797.17501742649  117.1236
7797.23985801541  104.8026
7797.30469370178  101.2793
7797.36952448537  110.5303
7797.43435036597  95.94349
7797.49917134335  115.778
7797.56398741727  92.89543
7797.62879858751  111.0263
7797.69360485386  105.4339
7797.75840621607  118.7784
7797.82320267394  103.7038
7797.88799422722  97.28468
7797.9527808757  108.7524
7798.01756261915  101.8993
7798.08233945735  104.8366
7798.14711139007  108.4415
7798.21187841708  74.08408
7798.27664053816  116.8114
7798.34139775309  113.1975
7798.40615006164  106.6385
7798.47089746358  114.7855
7798.5356399587  91.16653
7798.60037754676  92.1159
7798.66511022754  98.49829
7798.72983800082  106.6533
7798.79456086637  99.30081
7798.85927882397  108.4337
7798.9239918734  101.2654
7798.98870001443  124.3281
7799.05340324683  105.0612
7799.11810157038  87.74844
7799.18279498487  101.796
7799.24748349005  114.5681
7799.31216708572  96.34112
7799.37684577165  106.9255
7799.44151954761  114.4992
7799.50618841337  104.5577
7799.57085236873  114.8938
7799.63551141344  102.195
7799.7001655473  116.6192
7799.76481477007  107.5241
7799.82945908154  89.79559
7799.89409848148  94.93488
7799.95873296966  111.8715
7800.02336254587  107.4542
7800.08798720988  107.8307
7800.15260696147  98.1894
7800.21722180041  102.2566
7800.28183172649  114.9389
7800.34643673948  107.4439
7800.41103683915  116.6983
7800.4756320253  93.56203
7800.54022229768  80.58514
7800.60480765609  102.4467
7800.66938810029  107.7935
7800.73396363008  80.91045
7800.79853424522  89.15818
7800.86309994549  100.99
7800.92766073067  108.5873
7800.99221660055  81.73684
7801.05676755489  120.9979
7801.12131359347  117.5127
7801.18585471608  102.8131
7801.2503909225  126.3658
7801.3149222125  121.8663
7801.37944858585  101.1241
7801.44397004235  98.85941
7801.50848658177  104.2112
7801.57299820388  107.6237
7801.63750490847  125.9765
7801.70200669531  98.89497
7801.76650356419  103.9296
7801.83099551488  119.7681
7801.89548254716  115.2488
7801.95996466082  109.1883
7802.02444185563  113.7677
7802.08891413137  102.0198
7802.15338148781  101.8608
7802.21784392475  98.81594
7802.28230144197  101.2219
7802.34675403923  97.71042
7802.41120171632  121.3062
7802.47564447302  115.5834
7802.54008230911  113.3302
7802.60451522437  90.43189
7802.66894321858  99.87388
7802.73336629153  92.88293
7802.79778444298  102.927
7802.86219767272  113.6056
7802.92660598054  120.6318
7802.99100936621  112.8184
7803.05540782952  99.1921
7803.11980137023  105.823
7803.18418998815  84.18228
7803.24857368304  100.7692
7803.31295245468  110.0568
7803.37732630287  95.31959
7803.44169522737  101.7576
7803.50605922797  127.8907
7803.57041830446  106.7744
7803.63477245661  107.8655
7803.6991216842  111.1255
7803.76346598702  115.1287
7803.82780536485  83.48457
7803.89213981746  112.382
7803.95646934465  114.4883
7804.02079394619  106.6065
7804.08511362187  132.9642
7804.14942837146  104.2946
7804.21373819475  114.0052
7804.27804309152  111.7348
7804.34234306156  90.47115
7804.40663810464  92.59294
7804.47092822055  95.66634
7804.53521340907  98.27995
7804.59949366998  93.13946
7804.66376900307  96.94794
7804.72803940812  114.1482
7804.79230488491  90.97807
7804.85656543322  108.6706
7804.92082105284  108.0788
7804.98507174355  107.003
7805.04931750513  93.36921
7805.11355833737  106.8464
7805.17779424004  103.4504
7805.24202521294  110.1286
7805.30625125585  116.8924
7805.37047236854  123.4406
7805.43468855081  99.72365
7805.49889980244  116.8976
7805.5631061232  118.5349
7805.62730751289  107.6777
7805.69150397129  113.775
7805.75569549818  93.21005
7805.81988209334  116.0055
7805.88406375656  114.7864
7805.94824048763  114.6734
7806.01241228633  101.4781
7806.07657915243  104.4641
7806.14074108574  120.4883
7806.20489808603  119.336
7806.26905015308  114.243
7806.33319728669  116.7036
7806.39733948662  98.55473
7806.46147675268  85.97896
7806.52560908464  103.1217
7806.5897364823  119.9667
7806.65385894542  103.6475
7806.71797647381  101.5144
7806.78208906724  97.87774
7806.8461967255  88.09467
7806.91029944838  107.1969
7806.97439723566  121.1224
7807.03849008713  104.208
7807.10257800256  113.7119
7807.16666098176  120.8634
7807.23073902449  86.19861
7807.29481213056  97.18673
7807.35888029974  101.5448
7807.42294353182  114.8439
7807.48700182659  119.2233
7807.55105518383  107.3789
7807.61510360333  96.66331
7807.67914708487  99.16505
7807.74318562825  95.88757
7807.80721923324  128.1131
7807.87124789964  110.1274
7807.93527162722  106.3431
7807.99929041579  96.08977
7808.06330426512  103.3338
7808.127313175  104.7449
7808.19131714522  101.9571
7808.25531617556  120.7384
7808.31931026581  110.3412
7808.38329941576  96.45513
7808.4472836252  120.7034
7808.51126289391  129.9614
7808.57523722168  118.2327
7808.6392066083  103.468
7808.70317105355  105.5418
7808.76713055723  94.39326
7808.83108511911  117.5867
7808.895034739  109.619
7808.95897941667  100.034
7809.02291915191  94.0508
7809.08685394451  97.19997
7809.15078379427  103.8009
7809.21470870096  96.90049
7809.27862866438  95.67567
7809.3425436843  98.50165
7809.40645376054  96.54029
7809.47035889286  117.4028
7809.53425908106  105.7048
7809.59815432493  98.05804
7809.66204462426  105.0353
7809.72592997883  100.4308
7809.78981038843  98.25751
7809.85368585285  125.613
7809.91755637189  102.6997
7809.98142194533  97.59718
7810.04528257296  91.01573
7810.10913825456  112.3901
7810.17298898993  101.1989
7810.23683477886  108.4539
7810.30067562114  106.0565
7810.36451151655  106.1861
7810.42834246489  113.9891
7810.49216846594  107.0172
7810.5559895195  91.47707
7810.61980562535  79.06305
7810.68361678328  99.97262
7810.74742299309  119.7919
7810.81122425456  114.7285
7810.87502056749  119.5657
7810.93881193166  102.3917
7811.00259834687  92.7352
7811.0663798129  122.885
7811.13015632954  104.5248
7811.19392789659  86.64129
7811.25769451385  80.71606
7811.32145618108  105.5224
7811.38521289809  115.7592
7811.44896466467  96.30329
7811.51271148061  100.1452
7811.5764533457  98.15949
7811.64019025973  105.0974
7811.70392222249  107.0603
7811.76764923378  88.70895
7811.83137129338  96.00864
7811.89508840108  114.0271
7811.95880055669  95.06311
7812.02250775998  104.9583
7812.08621001075  105.5647
7812.14990730879  109.0452
7812.2135996539  98.30522
7812.27728704586  106.5418
7812.34096948447  96.32658
7812.40464696951  90.44114
7812.46831950079  106.9994
7812.53198707809  104.5459
7812.59564970121  91.07623
7812.65930736993  98.29031
7812.72296008405  106.9516
7812.78660784336  81.4862
7812.85025064766  105.7951
7812.91388849674  103.0347
7812.97752139038  96.98252
7813.04114932839  103.0229
7813.10477231055  107.8829
7813.16839033666  107.7623
7813.23200340651  104.3565
7813.2956115199  105.5597
7813.35921467661  114.7685
7813.42281287644  109.7432
7813.48640611918  98.7422
7813.54999440463  93.61715
7813.61357773258  116.0643
7813.67715610282  88.73447
7813.74072951515  117.6738
7813.80429796936  111.0607
7813.86786146525  98.42935
7813.9314200026  105.2381
7813.99497358121  109.2978
7814.05852220088  105.5959
7814.1220658614  105.6347
7814.18560456256  99.73448
7814.24913830416  105.7126
7814.31266708599  105.7517
7814.37619090785  103.1801
7814.43970976952  105.2451
7814.50322367082  111.6572
7814.56673261152  99.94205
7814.63023659143  109.5145
7814.69373561033  104.1369
7814.75722966803  97.35382
7814.82071876432  96.0469
7814.88420289899  116.8154
7814.94768207184  104.6626
7815.01115628266  74.78133
7815.07462553125  102.3647
7815.1380898174  99.51802
7815.20154914092  80.6701
7815.26500350159  90.48586
7815.3284528992  99.06036
7815.39189733357  100.2452
7815.45533680447  101.9226
7815.51877131171  107.6831
7815.58220085508  78.75153
7815.64562543439  114.9152
7815.70904504941  90.96622
7815.77245969996  101.1922
7815.83586938582  103.121
7815.89927410679  86.83207
7815.96267386268  100.8646
7816.02606865326  99.38312
7816.08945847835  103.4649
7816.15284333774  110.2876
7816.21622323122  106.855
7816.27959815859  79.84587
7816.34296811965  108.2793
7816.40633311419  123.4132
7816.46969314201  115.0029
7816.53304820292  107.8039
7816.59639829669  95.70091
7816.65974342314  95.08974
7816.72308358206  106.2419
7816.78641877324  100.8397
7816.84974899649  102.9485
7816.9130742516  80.56132
7816.97639453837  102.2085
7817.03970985659  92.28049
7817.10302020607  103.8295
7817.16632558659  97.7789
7817.22962599797  75.82484
7817.29292143999  108.4552
7817.35621191246  96.47842
7817.41949741518  90.91492
7817.48277794793  74.6439
7817.54605351052  106.7922
7817.60932410275  91.6152
7817.67258972441  101.5521
7817.73585037531  100.569
7817.79910605524  103.0044
7817.86235676399  74.33149
7817.92560250139  99.48477
7817.9888432672  82.92402
7818.05207906125  95.41876
7818.11530988332  88.29655
7818.17853573321  95.79633
7818.24175661073  113.9347
7818.30497251567  77.26265
7818.36818344783  98.53828
7818.43138940702  102.7645
7818.49459039302  116.7319
7818.55778640564  101.1731
7818.62097744468  95.15668
7818.68416350994  97.9017
7818.74734460122  109.3904
7818.81052071832  117.7872
7818.87369186104  82.70994
7818.93685802917  99.14637
7819.00001922251  99.46728
7819.06317544088  96.94567
7819.12632668407  104.0221
7819.18947295186  100.7248
7819.25261424408  101.031
7819.31575056052  82.77291
7819.37888190098  91.4375
7819.44200826525  82.32748
7819.50512965314  102.5256
7819.56824606446  92.67179
7819.63135749899  105.2711
7819.69446395654  91.28367
7819.75756543692  106.9037
7819.82066193992  97.72355
7819.88375346535  90.60427
7819.946840013  96.43372
7820.00992158267  96.93949
7820.07299817418  95.16009
7820.13606978731  86.71967
7820.19913642187  96.95462
7820.26219807766  92.21159
7820.32525475449  113.6181
7820.38830645215  99.87656
7820.45135317045  100.1626
7820.51439490918  102.2898
7820.57743166816  85.13615
7820.64046344718  78.24149
7820.70349024604  90.58614
7820.76651206454  98.8896
7820.8295289025  90.76967
7820.89254075971  91.32119
7820.95554763596  103.5858
7821.01854953108  110.2927
7821.08154644485  75.11143
7821.14453837708  97.84082
7821.20752532757  94.62344
7821.27050729613  106.2786
7821.33348428255  82.10479
7821.39645628665  100.3052
7821.45942330822  119.9577
7821.52238534707  125.165
7821.58534240299  115.1951
7821.6482944758  136.9626
7821.7112415653  98.60566
7821.77418367128  85.36659
7821.83712079356  94.07337
7821.90005293193  108.2277
7821.9629800862  107.3058
7822.02590225618  107.7739
7822.08881944166  98.26984
7822.15173164246  82.12727
7822.21463885836  97.99281
7822.27754108919  90.77288
7822.34043833474  101.0205
7822.40333059481  99.59686
7822.46621786922  112.925
7822.52910015776  102.9188
7822.59197746023  79.95358
7822.65484977646  98.00734
7822.71771710623  86.93552
7822.78057944935  100.8728
7822.84343680563  79.30669
7822.90628917487  75.97916
7822.96913655688  108.6149
7823.03197895146  79.0395
7823.09481635841  89.69563
7823.15764877755  101.6484
7823.22047620867  85.05508
7823.28329865158  98.12382
7823.34611610609  101.4564
7823.40892857201  98.60173
7823.47173604912  83.97016
7823.53453853725  74.63621
7823.5973360362  104.0558
7823.66012854578  95.48222
7823.72291606578  91.23765
7823.78569859601  104.0717
7823.84847613629  95.89897
7823.91124868642  102.9058
7823.9740162462  87.96501
7824.03677881543  108.1389
7824.09953639393  92.63793
7824.16228898151  112.4613
7824.22503657796  99.80923
7824.28777918309  98.82732
7824.35051679672  95.86971
7824.41324941864  110.5326
7824.47597704866  100.6509
7824.5386996866  115.8229
7824.60141733225  81.32478
7824.66412998542  100.0965
7824.72683764593  119.3659
7824.78954031357  103.8581
7824.85223798816  88.06512
7824.9149306695  110.489
7824.9776183574  97.81295
7825.04030105166  115.3394
7825.1029787521  101.9626
7825.16565145852  103.4367
7825.22831917073  88.09659
7825.29098188853  96.39712
7825.35363961174  68.46436
7825.41629234016  78.02524
7825.4789400736  92.46516
7825.54158281186  103.4866
7825.60422055476  119.2481
7825.66685330211  119.602
7825.7294810537  101.498
7825.79210380936  82.05902
7825.85472156888  114.1267
7825.91733433208  83.27033
7825.97994209877  88.44546
7826.04254486874  98.81826
7826.10514264182  99.56145
7826.16773541781  96.53199
7826.23032319652  83.50517
7826.29290597776  79.69849
7826.35548376133  81.23079
7826.41805654705  99.49158
7826.48062433473  76.26463
7826.54318712416  93.32315
7826.60574491518  100.9321
7826.66829770758  101.7677
7826.73084550116  85.98621
7826.79338829575  104.376
7826.85592609115  103.2015
7826.91845888717  117.7592
7826.98098668362  92.60558
7827.04350948031  88.83009
7827.10602727705  104.2334
7827.16854007365  91.83189
7827.23104786992  102.3868
7827.29355066566  113.9014
7827.3560484607  102.7745
7827.41854125484  107.6748
7827.48102904789  117.2619
7827.54351183966  78.11617
7827.60598962996  94.62232
7827.6684624186  120.6006
7827.7309302054  89.38968
7827.79339299016  120.632
7827.85585077269  92.06834
7827.9183035528  96.99718
7827.98075133031  100.7354
7828.04319410503  95.09786
7828.10563187677  90.26523
7828.16806464533  116.9862
7828.23049241053  76.15287
7828.29291517218  86.06029
7828.3553329301  113.8995
7828.41774568409  81.51088
7828.48015343397  88.09319
7828.54255617954  92.73
7828.60495392062  118.9911
7828.66734665702  104.6344
7828.72973438855  103.8442
7828.79211711503  98.07723
7828.85449483626  92.66523
7828.91686755206  81.00628
7828.97923526224  104.4203
7829.04159796662  84.56032
7829.103955665  73.53908
7829.16630835719  85.27119
7829.22865604302  91.55738
7829.29099872228  85.592
7829.35333639481  104.4389
7829.41566906039  75.74158
7829.47799671886  99.38978
7829.54031937002  78.62069
7829.60263701369  107.7837
7829.66494964968  107.5432
7829.72725727779  97.55148
7829.78955989786  113.8453
7829.85185750968  92.33871
7829.91415011307  86.04363
7829.97643770784  76.83815
7830.03872029382  83.57691
7830.10099787081  99.03823
7830.16327043862  90.2836
7830.22553799707  94.14244
7830.28780054597  108.0171
7830.35005808514  97.84297
7830.41231061439  104.9632
7830.47455813353  93.86506
7830.53680064239  104.6793
7830.59903814076  90.10998
7830.66127062847  115.4974
7830.72349810534  100.4834
7830.78572057116  92.20344
7830.84793802577  91.50993
7830.91015046897  107.7908
7830.97235790059  123.2067
7831.03456032042  86.32514
7831.09675772829  103.1078
7831.15895012402  92.70651
7831.22113750741  83.79218
7831.28331987829  92.16248
7831.34549723647  103.8404
7831.40766958175  86.4934
7831.46983691397  108.7205
7831.53199923293  86.25155
7831.59415653845  96.17183
7831.65630883034  86.49259
7831.71845610843  84.43387
7831.78059837252  78.36571
7831.84273562243  92.30186
7831.90486785798  106.7476
7831.96699507897  92.63351
7832.02911728525  96.06721
7832.0912344766  78.27451
7832.15334665285  92.36397
7832.21545381382  99.38609
7832.27755595933  91.2416
7832.33965308918  83.41063
7832.4017452032  88.41174
7832.4638323012  88.89526
7832.525914383  60.35846
7832.58799144842  91.44701
7832.65006349726  110.1194
7832.71213052936  78.82353
7832.77419254452  91.38058
7832.83624954256  94.58734
7832.8983015233  96.77245
7832.96034848656  93.60642
7833.02239043215  120.4224
7833.08442735989  67.84695
7833.14645926961  97.90753
7833.2084861611  102.7595
7833.2705080342  92.60664
7833.33252488872  100.3143
7833.39453672447  91.82014
7833.45654354128  84.86896
7833.51854533897  104.1839
7833.58054211735  84.33151
7833.64253387623  80.62932
7833.70452061545  93.30412
7833.7665023348  104.295
7833.82847903412  119.0247
7833.89045071322  108.7036
7833.95241737192  97.96729
7834.01437901004  106.5342
7834.0763356274  76.43398
7834.13828722381  94.87639
7834.20023379909  99.62052
7834.26217535307  104.4945
7834.32411188555  84.43311
7834.38604339637  116.7766
7834.44796988533  73.33596
7834.50989135227  95.1683
7834.57180779699  102.0532
7834.63371921931  109.6611
7834.69562561906  93.75359
7834.75752699605  98.52863
7834.81942335011  99.36465
7834.88131468105  85.1572
7834.94320098869  112.7847
7835.00508227285  120.607
7835.06695853336  92.1719
7835.12882977003  107.8218
7835.19069598268  79.8406
7835.25255717113  100.2324
7835.3144133352  106.2498
7835.37626447471  93.20077
7835.43811058948  79.22708
7835.49995167934  84.46266
7835.56178774409  94.41591
7835.62361878357  95.87218
7835.6854447976  106.9766
7835.74726578598  120.4864
7835.80908174855  89.9689
7835.87089268512  110.0875
7835.93269859552  108.7969
7835.99449947956  90.90946
7836.05629533707  101.4959
7836.11808616787  94.76605
7836.17987197178  128.4852
7836.24165274861  76.41196
7836.3034284982  102.8973
7836.36519922036  99.48739
7836.42696491491  94.49435
7836.48872558168  87.63271
7836.55048122049  98.74276
7836.61223183115  81.13253
7836.6739774135  108.9013
7836.73571796734  91.53263
7836.79745349251  112.4564
7836.85918398882  79.29882
7836.92090945611  106.8199
7836.98262989418  100.2779
7837.04434530286  88.15488
7837.10605568198  77.58775
7837.16776103135  73.0183
7837.2294613508  88.60579
7837.29115664015  105.0635
7837.35284689922  72.32236
7837.41453212784  83.83383
7837.47621232583  99.80731
7837.53788749301  85.64473
7837.59955762921  85.70409
7837.66122273424  97.06506
7837.72288280793  85.82324
7837.7845378501  85.88302
7837.84618786058  96.22265
7837.90783283919  112.3631
7837.96947278575  87.91472
7838.03110770009  109.4565
7838.09273758203  110.985
7838.15436243139  109.1631
7838.21598224799  108.2845
7838.27759703167  94.64928
7838.33920678224  68.5881
7838.40081149953  84.89401
7838.46241118336  89.89759
7838.52400583355  98.78474
7838.58559544994  99.10642
7838.64718003234  87.58596
7838.70875958057  88.74811
7838.77033409447  88.44218
7838.83190357385  73.82076
7838.89346801855  128.3517
7838.95502742838  81.53834
7839.01658180317  108.4604
7839.07813114274  83.84924
7839.13967544693  93.54386
7839.20121471555  105.1864
7839.26274894842  85.3997
7839.32427814539  108.1792
7839.38580230626  105.0703
7839.44732143087  78.6985
7839.50883551903  93.96181
7839.57034457058  101.8494
7839.63184858534  84.89285
7839.69334756313  93.68212
7839.75484150379  89.40269
7839.81633040713  80.95095
7839.87781427298  88.26791
7839.93929310118  105.2603
7840.00076689153  112.6979
7840.06223564388  97.95944
7840.12369935804  98.57944
7840.18515803384  92.58582
7840.24661167112  86.45023
7840.30806026968  98.09626
7840.36950382937  93.01575
7840.43094235  80.68983
7840.4923758314  84.28609
7840.55380427341  88.82083
7840.61522767584  81.53207
7840.67664603852  92.0229
7840.73805936128  84.14404
7840.79946764395  83.14034
7840.86087088636  86.01209
7840.92226908832  90.8982
7840.98366224967  72.50061
7841.04505037023  75.7233
7841.10643344984  98.99038
7841.16781148831  86.8667
7841.22918448548  117.2284
7841.29055244118  118.3309
7841.35191535522  114.2642
7841.41327322745  103.193
7841.47462605768  95.73154
7841.53597384574  89.25023
7841.59731659147  59.74576
7841.65865429468  70.60249
7841.71998695522  82.47688
7841.7813145729  101.5881
7841.84263714755  94.06436
7841.903954679  95.81895
7841.96526716709  73.32063
7842.02657461163  87.60957
7842.08787701246  99.2155
7842.14917436941  84.78513
7842.2104666823  89.99666
7842.27175395096  104.8888
7842.33303617523  72.24962
7842.39431335493  88.49837
7842.45558548988  76.1292
7842.51685257993  88.69384
7842.57811462489  72.69378
7842.63937162459  98.23778
7842.70062357887  73.26387
7842.76187048756  79.90685
7842.82311235048  94.65081
7842.88434916747  73.45971
7842.94558093835  71.7271
7843.00680766295  131.4569
7843.0680293411  81.42776
7843.12924597264  75.448
7843.19045755739  82.61046
7843.25166409518  84.25366
7843.31286558584  76.58566
7843.3740620292  84.44197
7843.43525342509  96.35275
7843.49643977335  108.8662
7843.5576210738  93.25216
7843.61879732627  108.9112
7843.6799685306  85.49819
7843.74113468661  82.10822
7843.80229579413  77.19492
7843.863451853  97.78419
7843.92460286304  82.39336
7843.98574882409  98.4658
7844.04688973598  79.40602
7844.10802559854  91.98998
7844.16915641159  115.6622
7844.23028217498  112.4839
7844.29140288852  91.81431
7844.35251855206  65.76728
7844.41362916543  116.1081
7844.47473472845  77.48465
7844.53583524096  86.88847
7844.59693070278  103.7138
7844.65802111376  112.9893
7844.71910647372  71.6935
7844.78018678249  83.56956
7844.84126203991  91.58251
7844.9023322458  101.3131
7844.96339740001  101.2523
7845.02445750236  78.60589
7845.08551255268  87.70178
7845.14656255081  86.01102
7845.20760749657  80.05995
7845.26864738981  94.21645
7845.32968223035  72.99263
7845.39071201803  78.59833
7845.45173675268  100.7714
7845.51275643413  59.20892
7845.57377106221  115.105
7845.63478063676  92.84304
7845.69578515761  86.15866
7845.7567846246  114.8431
7845.81777903755  106.4862
7845.8787683963  102.5836
7845.93975270068  89.16502
7846.00073195053  99.62819
7846.06170614568  110.2939
7846.12267528596  90.77893
7846.18363937121  79.8713
7846.24459840126  75.15528
7846.30555237594  101.1608
7846.3665012951  87.77537
7846.42744515855  74.04516
7846.48838396614  91.34108
7846.5493177177  102.876
7846.61024641306  97.67979
7846.67117005206  94.02932
7846.73208863453  113.8245
7846.79300216032  102.8899
7846.85391062924  87.14441
7846.91481404113  73.90862
7846.97571239584  67.61233
7847.03660569319  88.33119
7847.09749393302  95.50831
7847.15837711517  129.0222
7847.21925523947  107.6504
7847.28012830575  83.80243
7847.34099631385  89.58746
7847.4018592636  106.826
7847.46271715484  88.74829
7847.52356998741  89.39749
7847.58441776114  86.22818
7847.64526047586  90.92259
7847.70609813142  85.09499
7847.76693072764  109.1813
7847.82775826436  77.76567
7847.88858074142  96.61951
7847.94939815866  87.91048
7848.0102105159  82.25838
7848.071017813  99.12452
7848.13182004977  84.57026
7848.19261722606  83.01631
7848.25340934171  89.70039
7848.31419639654  116.221
7848.3749783904  96.42592
7848.43575532313  85.56424
7848.49652719455  109.9701
7848.55729400451  100.5922
7848.61805575285  68.85679
7848.67881243939  85.80756
7848.73956406398  87.61572
7848.80031062645  72.66346
7848.86105212665  96.04652
7848.9217885644  78.06371
7848.98251993954  92.71434
7849.04324625192  88.89631
7849.10396750137  87.25079
7849.16468368772  57.48594
7849.22539481081  91.25851
7849.28610087049  76.59022
7849.34680186659  93.40179
7849.40749779894  84.81061
7849.46818866738  81.09441
7849.52887447176  110.5469
7849.58955521191  95.48032
7849.65023088766  73.81168
7849.71090149886  100.262
7849.77156704534  74.25391
7849.83222752695  94.35874
7849.89288294351  78.51096
7849.95353329488  75.06696
7850.01417858088  96.12106
7850.07481880136  80.70537
7850.13545395615  107.5568
7850.19608404509  80.51508
7850.25670906803  96.17689
7850.31732902479  89.55315
7850.37794391523  59.82279
7850.43855373917  94.4967
7850.49915849646  73.23974
7850.55975818694  97.95444
7850.62035281044  77.14643
7850.68094236681  86.43965
7850.74152685588  119.1611
7850.80210627749  89.39729
7850.86268063149  102.6724
7850.92324991771  80.05376
7850.98381413599  65.2962
7851.04437328618  85.79518
7851.1049273681  83.79985
7851.16547638161  78.42198
7851.22602032654  78.39521
7851.28655920273  96.40995
7851.34709301002  67.8022
7851.40762174825  87.26295
7851.46814541727  76.06034
7851.52866401691  70.29216
7851.58917754701  82.40965
7851.64968600741  71.20735
7851.71018939796  60.11065
7851.7706877185  64.60938
7851.83118096885  93.47878
7851.89166914888  84.71935
7851.95215225841  88.33691
7852.01263029729  70.98952
7852.07310326536  81.67408
7852.13357116246  72.27943
7852.19403398843  87.81744
7852.25449174311  85.0886
7852.31494442635  84.52349
7852.37539203798  98.23038
7852.43583457785  74.07078
7852.4962720458  85.76426
7852.55670444167  91.03754
7852.61713176529  73.93176
7852.67755401653  92.1483
7852.73797119521  104.0038
7852.79838330117  84.38089
7852.85879033427  71.2257
7852.91919229433  78.71426
7852.97958918121  77.96023
7853.03998099475  91.15827
7853.10036773479  103.7792
7853.16074940116  87.06622
7853.22112599372  103.5725
7853.2814975123  118.3816
7853.34186395676  86.91561
7853.40222532692  95.73159
7853.46258162264  89.21206
7853.52293284375  128.7564
7853.58327899011  106.7498
7853.64362006155  100.8825
7853.70395605791  88.97546
7853.76428697904  99.91798
7853.82461282479  59.65842
7853.88493359499  75.30084
7853.94524928949  75.01412
7854.00555990813  87.67753
7854.06586545076  77.58466
7854.12616591722  69.67768
7854.18646130735  68.3138
7854.246751621  79.92516
7854.30703685802  100.1782
7854.36731701823  71.50852
7854.4275921015  73.79794
7854.48786210766  89.68444
7854.54812703655  100.4022
7854.60838688803  73.53149
7854.66864166194  55.54274
7854.72889135811  66.86802
7854.7891359764  72.08186
7854.84937551665  67.52008
7854.90960997871  57.52372
7854.96983936241  91.68989
7855.0300636676  96.27601
7855.09028289414  86.15205
7855.15049704186  103.3554
7855.21070611061  90.83092
7855.27091010023  102.0865
7855.33110901057  78.84438
7855.39130284147  97.92712
7855.45149159279  115.4734
7855.51167526436  99.55436
7855.57185385603  89.46304
7855.63202736764  80.01212
7855.69219579905  74.23752
7855.7523591501  74.52516
7855.81251742063  74.21535
7855.87267061048  78.32624
7855.93281871951  85.58083
7855.99296174757  93.30865
7856.05309969449  90.13763
7856.11323256012  93.34793
7856.17336034431  81.40785
