8072.00991146408  76.55827
8072.0845433686  74.15514
8072.15917052746  90.95586
8072.23379294033  80.87108
8072.30841060685  102.3971
8072.38302352669  111.6442
8072.45763169949  71.11684
8072.53223512492  83.40934
8072.60683380263  95.20086
8072.68142773227  79.84725
8072.75601691351  105.1021
8072.830601346  104.9436
8072.90518102939  84.31958
8072.97975596335  95.08522
8073.05432614752  94.57737
8073.12889158156  93.95548
8073.20345226513  92.86149
8073.2780081979  83.97632
8073.3525593795  72.94091
8073.42710580961  79.18204
8073.50164748788  88.91906
8073.57618441396  84.02752
8073.6507165875  83.96723
8073.72524400818  88.52546
8073.79976667565  79.65606
8073.87428458956  105.5923
8073.94879774958  104.7143
8074.02330615535  83.85921
8074.09780980654  67.90584
8074.17230870279  92.95146
8074.24680284379  103.7949
8074.32129222917  74.24588
8074.3957768586  76.73777
8074.47025673173  94.44078
8074.54473184823  79.75964
8074.61920220775  83.16839
8074.69366780995  89.57493
8074.76812865449  88.25603
8074.84258474102  96.60881
8074.91703606921  73.60625
8074.99148263872  82.57396
8075.06592444919  89.83702
8075.1403615003  86.65071
8075.2147937917  102.2202
8075.28922132304  87.70343
8075.363644094  83.36676
8075.43806210422  89.70891
8075.51247535337  87.53773
8075.5868838411  99.20338
8075.66128756708  92.3586
8075.73568653096  94.64043
8075.81008073241  91.66278
8075.88447017108  104.0082
8075.95885484663  80.78945
8076.03323475873  87.25684
8076.10760990703  84.64929
8076.18198029119  81.24443
8076.25634591087  79.31415
8076.33070676573  90.41877
8076.40506285544  76.30771
8076.47941417966  72.60183
8076.55376073803  86.51217
8076.62810253023  80.06475
8076.70243955591  87.51772
8076.77677181474  57.34565
8076.85109930638  76.80995
8076.92542203048  70.65276
8076.99973998671  88.81203
8077.07405317472  81.54953
8077.14836159419  82.06845
8077.22266524477  89.69666
8077.29696412611  90.49527
8077.37125823789  73.95478
8077.44554757977  113.011
8077.5198321514  90.01386
8077.59411195244  86.1817
8077.66838698257  78.2776
8077.74265724143  97.2683
8077.8169227287  69.47002
8077.89118344403  88.3201
8077.96543938709  70.11229
8078.03969055754  87.45638
8078.11393695503  100.9705
8078.18817857924  77.8712
8078.26241542982  83.75192
8078.33664750644  63.25299
8078.41087480875  56.90036
8078.48509733643  75.11974
8078.55931508914  85.90116
8078.63352806653  87.01337
8078.70773626827  75.69451
8078.78193969402  76.81411
8078.85613834345  70.56736
8078.93033221621  81.39095
8079.00452131198  70.50615
8079.07870563041  79.19274
8079.15288517117  84.71276
8079.22705993392  92.10102
8079.30122991833  79.35687
8079.37539512406  96.22084
8079.44955555076  70.43708
8079.52371119812  79.89114
8079.59786206578  77.83893
8079.67200815341  83.7195
8079.74614946068  86.91365
8079.82028598726  77.08401
8079.89441773279  70.40219
8079.96854469696  74.87962
8080.04266687943  57.95782
8080.11678427984  90.22959
8080.19089689788  80.3588
8080.26500473321  78.44242
8080.33910778549  97.44928
8080.41320605439  79.03783
8080.48729953956  90.04694
8080.56138824069  85.47379
8080.63547215742  85.78769
8080.70955128943  62.19479
8080.78362563638  97.44891
8080.85769519794  60.60107
8080.93175997377  105.3395
8081.00581996353  77.28939
8081.0798751669  67.85033
8081.15392558353  76.11687
8081.2279712131  98.67609
8081.30201205526  78.23764
8081.37604810969  64.58696
8081.45007937606  85.33007
8081.52410585401  75.26593
8081.59812754323  88.90077
8081.67214444338  76.11945
8081.74615655413  97.61266
8081.82016387513  94.84004
8081.89416640606  83.47932
8081.96816414658  67.15176
8082.04215709637  76.25015
8082.11614525508  96.0379
8082.19012862239  83.24323
8082.26410719796  55.40679
8082.33808098145  92.20131
8082.41204997254  79.36272
8082.48601417089  63.38332
8082.55997357616  67.88763
8082.63392818803  75.68793
8082.70787800617  69.08148
8082.78182303024  94.69981
8082.8557632599  71.64291
8082.92969869482  77.12196
8083.00362933468  84.48349
8083.07755517915  76.78336
8083.15147622787  76.73502
8083.22539248054  95.83942
8083.2993039368  73.62801
8083.37321059634  115.4972
8083.44711245882  72.52389
8083.52100952391  88.54866
8083.59490179127  82.1003
8083.66878926058  86.14945
8083.74267193151  89.31319
8083.81654980371  73.87308
8083.89042287686  84.81526
8083.96429115063  98.56705
8084.0381546247  79.15678
8084.11201329871  73.37961
8084.18586717235  78.53223
8084.25971624529  70.75776
8084.33356051719  81.41009
8084.40739998772  85.14365
8084.48123465656  85.10407
8084.55506452337  77.36835
8084.62888958781  79.7233
8084.70270984957  66.98038
8084.77652530831  66.44392
8084.8503359637  95.35828
8084.9241418154  55.1903
8084.9979428631  84.96346
8085.07173910645  73.69569
8085.14553054514  73.14847
8085.21931717882  73.56494
8085.29309900718  74.77075
8085.36687602987  73.00951
8085.44064824657  75.8363
8085.51441565696  85.44867
8085.58817826069  89.21864
8085.66193605745  95.26601
8085.7356890469  90.02999
8085.80943722871  79.97753
8085.88318060256  85.54083
8085.95691916811  79.74807
8086.03065292504  70.05302
8086.10438187301  83.29817
8086.1781060117  79.97909
8086.25182534078  71.96374
8086.32553985992  67.97974
8086.3992495688  87.82882
8086.47295446708  78.74808
8086.54665455443  78.06121
8086.62034983054  78.80975
8086.69404029506  81.95814
8086.76772594767  82.64543
8086.84140678804  71.708
8086.91508281585  83.1351
8086.98875403077  77.22088
8087.06242043246  75.65011
8087.1360820206  73.80859
8087.20973879487  86.85487
8087.28339075494  84.36848
8087.35703790047  76.32876
8087.43068023115  81.59967
8087.50431774664  72.44909
8087.57795044661  86.57358
8087.65157833075  82.13089
8087.72520139871  70.5552
8087.79881965019  71.78592
8087.87243308484  87.68952
8087.94604170234  90.18913
8088.01964550237  74.80325
8088.0932444846  89.84493
8088.16683864869  71.88158
8088.24042799434  73.18809
8088.3140125212  90.55721
8088.38759222895  68.78938
8088.46116711728  79.18163
8088.53473718584  64.79636
8088.60830243431  85.07178
8088.68186286238  58.53116
8088.7554184697  89.97542
8088.82896925597  70.39656
8088.90251522084  66.71209
8088.976056364  78.38413
8089.04959268512  80.07309
8089.12312418387  69.9885
8089.19665085993  94.44888
8089.27017271298  108.5585
8089.34368974268  74.87428
8089.41720194872  82.02114
8089.49070933076  83.56745
8089.56421188849  79.58093
8089.63770962157  67.23089
8089.71120252969  89.54796
8089.78469061252  81.99862
8089.85817386973  72.49429
8089.931652301  83.53133
8090.005125906  66.52028
8090.07859468442  78.07763
8090.15205863592  69.27409
8090.22551776018  91.24348
8090.29897205688  86.06176
8090.3724215257  56.71742
8090.4458661663  84.73592
8090.51930597838  96.11218
8090.59274096159  78.69762
8090.66617111562  91.05748
8090.73959644014  75.0442
8090.81301693484  61.00974
8090.88643259939  75.68837
8090.95984343346  94.0168
8091.03324943673  81.45321
8091.10665060888  70.63887
8091.18004694958  59.98089
8091.25343845851  81.4905
8091.32682513535  81.05363
8091.40020697978  67.76542
8091.47358399147  99.25138
8091.5469561701  77.7334
8091.62032351535  74.56696
8091.6936860269  87.91106
8091.76704370441  90.9609
8091.84039654758  72.21807
8091.91374455607  92.0866
8091.98708772957  85.0229
8092.06042606776  74.28016
8092.1337595703  97.77364
8092.20708823688  77.08211
8092.28041206719  84.30534
8092.35373106088  65.53828
8092.42704521765  77.5498
8092.50035453718  82.23803
8092.57365901913  85.86932
8092.6469586632  89.18747
8092.72025346905  83.33913
8092.79354343637  74.73566
8092.86682856483  81.68592
8092.94010885412  88.34024
8093.01338430391  82.24126
8093.08665491388  95.8562
8093.15992068371  76.0583
8093.23318161309  80.86422
8093.30643770168  71.13512
8093.37968894918  93.05753
8093.45293535525  99.68096
8093.52617691958  89.81306
8093.59941364185  67.79301
8093.67264552174  86.3743
8093.74587255892  81.65497
8093.81909475308  73.20591
8093.89231210389  71.88788
8093.96552461105  72.15521
8094.03873227422  75.47079
8094.11193509309  74.54678
8094.18513306734  85.56931
8094.25832619664  68.39333
8094.33151448068  79.50687
8094.40469791914  66.86619
8094.47787651171  77.50303
8094.55105025805  94.37968
8094.62421915785  72.59385
8094.6973832108  86.45859
8094.77054241656  86.42943
8094.84369677483  84.76569
8094.91684628529  100.3631
8094.98999094761  84.5042
8095.06313076148  78.53896
8095.13626572658  71.08517
8095.20939584259  84.45739
8095.28252110919  81.72715
8095.35564152607  59.61141
8095.4287570929  74.84483
8095.50186780936  86.72496
8095.57497367515  81.09724
8095.64807468994  83.66419
8095.72117085341  87.11985
8095.79426216524  71.53837
8095.86734862512  76.12548
8095.94043023273  93.19661
8096.01350698775  80.43221
8096.08657888987  77.95897
8096.15964593876  64.48359
8096.23270813411  74.80302
8096.30576547561  82.1054
8096.37881796293  73.68453
8096.45186559576  94.72544
8096.52490837377  81.4052
8096.59794629666  81.37687
8096.67097936411  75.01329
8096.7440075758  84.6601
8096.81703093141  67.55795
8096.89004943063  81.93565
8096.96306307314  79.07766
8097.03607185862  89.9946
8097.10907578675  59.92681
8097.18207485723  67.47974
8097.25506906974  88.12093
8097.32805842395  76.94303
8097.40104291955  83.51144
8097.47402255624  78.35291
8097.54699733368  89.81701
8097.61996725157  79.41449
8097.69293230958  80.03783
8097.76589250741  86.61605
8097.83884784474  85.84602
8097.91179832125  78.55373
8097.98474393663  69.26646
8098.05768469056  82.53468
8098.13062058272  89.34844
8098.20355161281  93.02855
8098.2764777805  98.2748
8098.34939908549  77.87125
8098.42231552745  76.86763
8098.49522710607  85.36616
8098.56813382104  55.53146
8098.64103567204  83.44307
8098.71393265876  91.04081
8098.78682478089  92.46973
8098.8597120381  87.16048
8098.93259443009  78.91191
8099.00547195653  65.18147
8099.07834461713  88.59533
8099.15121241155  79.9171
8099.2240753395  80.29641
8099.29693340065  74.36845
8099.36978659469  75.37626
8099.44263492131  84.7032
8099.51547838019  74.58698
8099.58831697102  63.18708
8099.66115069348  73.46847
8099.73397954727  85.58149
8099.80680353207  93.5197
8099.87962264757  72.33216
8099.95243689345  93.22344
8100.0252462694  80.06017
8100.0980507751  82.88488
8100.17085041025  84.62411
8100.24364517453  91.24485
8100.31643506763  68.2902
8100.38922008924  103.4296
8100.46200023904  77.64512
8100.53477551672  80.09294
8100.60754592197  93.62114
8100.68031145448  90.9152
8100.75307211393  86.19454
8100.82582790002  87.67795
8100.89857881242  98.52337
8100.97132485083  92.77262
8101.04406601494  82.07484
8101.11680230443  102.5177
8101.189533719  76.07231
8101.26226025833  82.38561
8101.3349819221  64.12617
8101.40769871002  85.31236
8101.48041062176  73.68816
8101.55311765702  89.38708
8101.62581981548  102.4263
8101.69851709683  85.86842
8101.77120950077  79.60728
8101.84389702698  80.19497
8101.91657967514  107.1061
8101.98925744496  87.85
8102.06193033612  92.41448
8102.1345983483  83.32269
8102.2072614812  87.35184
8102.27991973451  87.27567
8102.35257310792  96.26275
8102.42522160111  91.42683
8102.49786521378  78.81526
8102.57050394561  71.82826
8102.6431377963  102.1162
8102.71576676554  106.7786
8102.78839085301  84.55583
8102.86101005841  72.79707
8102.93362438143  72.19844
8103.00623382175  75.96149
8103.07883837907  78.22756
8103.15143805308  84.38622
8103.22403284347  86.65455
8103.29662274993  78.93478
8103.36920777214  86.24513
8103.44178790981  80.54859
8103.51436316262  89.0018
8103.58693353026  84.10044
8103.65949901243  82.54932
8103.73205960881  87.8746
8103.8046153191  88.70998
8103.87716614299  78.43022
8103.94971208017  103.2503
8104.02225313032  87.47549
8104.09478929315  71.76785
8104.16732056835  90.29827
8104.2398469556  87.79948
8104.3123684546  94.54527
8104.38488506504  71.70785
8104.45739678661  74.92786
8104.52990361901  82.06165
8104.60240556192  64.9423
8104.67490261504  92.99099
8104.74739477806  82.17875
8104.81988205067  89.2626
8104.89236443258  85.51373
8104.96484192345  91.58169
8105.03731452301  82.64502
8105.10978223092  93.40179
8105.18224504689  68.8513
8105.25470297062  99.62448
8105.32715600178  75.23582
8105.39960414008  107.2243
8105.47204738521  74.16195
8105.54448573687  78.32322
8105.61691919474  107.622
8105.68934775852  72.06471
8105.7617714279  95.14754
8105.83419020258  92.28883
8105.90660408225  89.84166
8105.9790130666  95.82614
8106.05141715533  73.7148
8106.12381634813  120.8091
8106.1962106447  79.54095
8106.26860004473  92.99964
8106.34098454792  83.38845
8106.41336415395  86.23067
8106.48573886253  93.64285
8106.55810867334  79.1148
8106.63047358608  65.22115
8106.70283360046  95.62293
8106.77518871615  89.07462
8106.84753893286  69.35616
8106.91988425028  86.94755
8106.9922246681  75.99487
8107.06456018603  89.54964
8107.13689080376  68.39846
8107.20921652097  88.16101
8107.28153733738  58.25887
8107.35385325266  90.38759
8107.42616426652  70.7955
8107.49847037866  92.06503
8107.57077158876  96.06727
8107.64306789653  74.97512
8107.71535930165  68.64191
8107.78764580384  94.01509
8107.85992740277  83.74027
8107.93220409816  76.36427
8108.00447588969  91.05096
8108.07674277705  82.98513
8108.14900475996  84.42041
8108.2212618381  79.20384
8108.29351401117  84.51278
8108.36576127886  73.2886
8108.43800364088  72.59069
8108.51024109691  74.22466
8108.58247364667  81.35207
8108.65470128984  66.0718
8108.72692402611  86.49889
8108.79914185519  95.49089
8108.87135477678  74.04774
8108.94356279057  68.7589
8109.01576589626  79.83303
8109.08796409354  67.89407
8109.16015738212  97.77679
8109.23234576169  85.04292
8109.30452923194  87.40571
8109.37670779259  79.18484
8109.44888144332  84.19959
8109.52105018383  83.29313
8109.59321401382  110.3477
8109.66537293299  85.89225
8109.73752694103  76.09753
8109.80967603765  86.63586
8109.88182022254  67.31062
8109.95395949541  100.9352
8110.02609385594  66.17959
8110.09822330384  92.01939
8110.17034783881  83.1577
8110.24246746054  89.867
8110.31458216874  87.5908
8110.3866919631  96.03356
8110.45879684333  94.42403
8110.53089680911  75.0248
8110.60299186016  74.66434
8110.67508199616  75.90966
8110.74716721683  64.61955
8110.81924752185  84.46069
8110.89132291093  83.39961
8110.96339338376  82.38047
8111.03545894006  80.66505
8111.10751957951  92.66782
8111.17957530182  84.1151
8111.25162610668  79.76164
8111.3236719938  61.78906
8111.39571296287  83.43591
8111.46774901361  96.0274
8111.5397801457  78.42471
8111.61180635884  81.03844
8111.68382765275  82.34739
8111.75584402711  83.3454
8111.82785548163  94.23746
8111.89986201601  103.6764
8111.97186362994  90.27696
8112.04386032314  99.55725
8112.11585209531  103.6162
8112.18783894613  80.91715
8112.25982087531  81.62196
8112.33179788256  99.06046
8112.40376996758  98.31395
8112.47573713007  50.12679
8112.54769936972  82.65902
8112.61965668624  76.71368
8112.69160907933  82.36402
8112.7635565487  81.68988
8112.83549909404  68.87183
8112.90743671506  82.93246
8112.97936941146  81.18359
8113.05129718293  85.05348
8113.12322002919  100.7299
8113.19513794994  67.53362
8113.26705094487  80.44807
8113.33895901369  73.94914
8113.4108621561  77.42896
8113.4827603718  61.62426
8113.55465366051  78.4091
8113.62654202191  78.58148
8113.69842545571  76.00362
8113.77030396162  73.6246
8113.84217753933  63.85406
8113.91404618856  63.01753
8113.985909909  70.2539
8114.05776870036  96.67852
8114.12962256234  95.17279
8114.20147149464  84.18553
8114.27331549696  87.1433
8114.34515456902  83.26357
8114.41698871051  85.83828
8114.48881792114  100.6369
8114.56064220061  85.5927
8114.63246154862  103.3464
8114.70427596488  93.98515
8114.7760854491  74.12668
8114.84789000097  84.78856
8114.91968962021  69.98006
8114.9914843065  80.99103
8115.06327405957  76.72512
8115.13505887911  76.18612
8115.20683876483  84.02342
8115.27861371643  89.86411
8115.35038373362  83.15301
8115.42214881611  87.47805
8115.49390896359  78.83463
8115.56566417577  79.65051
8115.63741445235  76.44361
8115.70915979305  70.72945
8115.78090019757  77.6955
8115.85263566561  89.01987
8115.92436619688  80.95031
8115.99609179108  88.05869
8116.06781244791  103.0075
8116.1395281671  100.0032
8116.21123894833  89.95243
8116.28294479132  77.35684
8116.35464569576  74.42434
8116.42634166138  88.88465
8116.49803268787  78.86176
8116.56971877493  83.25822
8116.64139992229  77.19702
8116.71307612963  76.39166
8116.78474739667  75.83537
8116.85641372312  67.16647
8116.92807510867  84.06981
8116.99973155305  70.43794
8117.07138305594  63.34326
8117.14302961707  84.68602
8117.21467123614  85.58682
8117.28630791285  86.80611
8117.35793964691  80.01106
8117.42956643803  72.37241
8117.50118828591  97.09324
8117.57280519027  78.15119
8117.6444171508  75.92588
8117.71602416722  80.97588
8117.78762623924  72.28334
8117.85922336656  87.26886
8117.93081554889  88.38454
8118.00240278594  79.22054
8118.07398507742  68.58723
8118.14556242302  85.59575
8118.21713482247  74.83661
8118.28870227547  81.61681
8118.36026478172  79.9839
8118.43182234095  85.26968
8118.50337495284  55.20744
8118.57492261712  73.62623
8118.64646533349  66.0009
8118.71800310165  79.73038
8118.78953592133  83.99401
8118.86106379222  77.3503
8118.93258671404  83.70259
8119.00410468649  87.68714
8119.07561770929  80.37527
8119.14712578214  93.01662
8119.21862890475  70.04956
8119.29012707684  81.75543
8119.3616202981  86.8612
8119.43310856825  76.30922
8119.504591887  96.84847
8119.57607025406  85.71581
8119.64754366914  80.83234
8119.71901213194  74.59235
8119.79047564219  72.75993
8119.86193419958  95.821
8119.93338780383  88.58715
8120.00483645464  89.65134
8120.07628015174  83.37899
8120.14771889482  92.98664
8120.2191526836  80.39842
8120.29058151779  80.54916
8120.3620053971  69.38521
8120.43342432124  92.28256
8120.50483828992  84.06032
8120.57624730285  71.76237
8120.64765135975  84.03503
8120.71905046031  74.94923
8120.79044460426  72.70872
8120.86183379131  69.39063
8120.93321802116  71.53746
8121.00459729353  67.92442
8121.07597160813  109.0445
8121.14734096466  77.34265
8121.21870536285  77.97539
8121.29006480241  72.20137
8121.36141928303  79.91839
8121.43276880444  88.7597
8121.50411336636  73.66035
8121.57545296848  71.32574
8121.64678761052  84.71449
8121.7181172922  75.98689
8121.78944201323  84.5202
8121.86076177331  76.00707
8121.93207657216  93.42902
8122.0033864095  86.21866
8122.07469128503  72.51774
8122.14599119847  69.56019
8122.21728614954  86.82963
8122.28857613793  70.62006
8122.35986116338  79.09269
8122.43114122558  73.98891
8122.50241632425  72.22689
8122.57368645911  70.41322
8122.64495162987  67.34895
8122.71621183624  82.64919
8122.78746707793  80.30027
8122.85871735467  57.08683
8122.92996266615  96.14184
8123.00120301211  78.12054
8123.07243839224  88.22269
8123.14366880626  81.84407
8123.21489425389  57.33804
8123.28611473484  71.04164
8123.35733024883  86.18763
8123.42854079556  67.94347
8123.49974637476  90.58653
8123.57094698613  100.6615
8123.6421426294  79.96509
8123.71333330426  80.14311
8123.78451901046  89.54076
8123.85569974768  89.45207
8123.92687551566  82.74216
8123.9980463141  100.197
8124.06921214272  78.07581
8124.14037300123  72.6476
8124.21152888935  91.08849
8124.2826798068  84.29086
8124.35382575328  85.29792
8124.42496672852  77.0522
8124.49610273223  88.06428
8124.56723376413  93.45449
8124.63835982392  75.65205
8124.70948091133  84.98003
8124.78059702607  68.0001
8124.85170816786  82.96292
8124.92281433641  88.81087
8124.99391553144  71.58897
8125.06501175267  70.22935
8125.13610299981  87.59058
8125.20718927258  74.20432
8125.27827057069  82.54964
8125.34934689386  87.16297
8125.4204182418  63.33431
8125.49148461424  73.2235
8125.56254601089  81.66463
8125.63360243146  97.78831
8125.70465387568  93.67507
8125.77570034325  82.48387
8125.84674183391  92.66933
8125.91777834735  77.33758
8125.98880988331  81.34081
8126.05983644149  81.63722
8126.13085802162  89.32974
8126.20187462341  87.37159
8126.27288624658  81.51376
8126.34389289085  83.40883
8126.41489455593  93.13794
8126.48589124155  86.93511
8126.55688294741  89.38057
8126.62786967324  83.28941
8126.69885141876  76.95654
8126.76982818368  79.70818
8126.84079996773  72.52542
8126.91176677061  65.83254
8126.98272859205  66.05655
8127.05368543177  67.18581
8127.12463728949  69.46819
8127.19558416491  87.36465
8127.26652605777  80.21489
8127.33746296778  71.79147
8127.40839489466  79.04729
8127.47932183813  92.95144
8127.5502437979  73.25397
8127.6211607737  85.10506
8127.69207276524  86.25554
8127.76297977225  83.68203
8127.83388179445  80.32678
8127.90477883154  89.83808
8127.97567088326  90.43621
8128.04655794932  82.09794
8128.11744002944  86.38665
8128.18831712334  63.82857
8128.25918923074  68.67863
8128.33005635136  90.86205
8128.40091848493  83.99443
8128.47177563115  87.8589
8128.54262778976  85.4509
8128.61347496046  88.76785
8128.68431714299  82.78557
8128.75515433705  86.80111
8128.82598654238  90.03232
8128.89681375869  75.17783
8128.9676359857  72.83145
8129.03845322314  75.1973
8129.10926547072  88.58257
8129.18007272816  84.89581
8129.25087499519  87.56529
8129.32167227153  77.25632
8129.39246455689  86.05426
8129.46325185101  69.09153
8129.53403415359  95.7835
8129.60481146436  75.98835
8129.67558378305  85.21075
8129.74635110938  78.74486
8129.81711344305  52.67616
8129.88787078381  59.21996
8129.95862313136  77.16825
8130.02937048544  70.56978
8130.10011284576  70.53583
8130.17085021204  76.25692
8130.24158258401  76.67559
8130.3123099614  64.72194
8130.38303234391  67.01785
8130.45374973128  47.47981
8130.52446212322  62.62293
8130.59516951946  60.65031
8130.66587191972  79.53899
8130.73656932373  73.94413
8130.8072617312  74.22254
8130.87794914186  89.62551
8130.94863155543  78.49251
8131.01930897164  70.13
8131.08998139021  91.73721
8131.16064881086  75.03384
8131.23131123332  71.89185
8131.3019686573  54.13434
8131.37262108254  92.2383
8131.44326850874  60.8539
8131.51391093565  82.64901
8131.58454836298  77.69653
8131.65518079046  75.03625
8131.72580821781  95.55531
8131.79643064475  78.05526
8131.86704807101  87.1278
8131.9376604963  83.36813
8132.00826792037  85.53194
8132.07887034293  72.18394
8132.14946776369  71.70387
8132.22006018241  73.76526
8132.29064759878  78.64574
8132.36123001254  81.67301
8132.43180742341  81.57813
8132.50237983112  84.52654
8132.5729472354  71.32001
8132.64350963596  76.3912
8132.71406703253  76.08909
8132.78461942484  70.34147
8132.85516681261  87.53275
8132.92570919557  89.10111
8132.99624657344  76.77827
8133.06677894595  95.90793
8133.13730631283  77.50171
8133.20782867379  62.27893
8133.27834602857  60.52843
8133.34885837689  76.73163
8133.41936571848  77.86802
8133.48986805305  64.13825
8133.56036538035  81.41954
8133.63085770009  53.01199
8133.70134501201  58.88375
8133.77182731582  57.90835
8133.84230461125  39.80816
8133.91277689803  59.86156
8133.98324417589  67.92162
8134.05370644455  81.51836
8134.12416370374  84.19654
8134.19461595319  83.71936
8134.26506319262  68.80495
8134.33550542176  69.34689
8134.40594264034  94.79834
8134.47637484808  85.89752
8134.54680204471  81.04295
8134.61722422996  80.50146
8134.68764140356  96.88774
8134.75805356523  63.27382
8134.8284607147  69.62209
8134.8988628517  60.01584
8134.96925997595  64.25466
8135.03965208719  42.72421
8135.11003918514  67.96046
8135.18042126953  66.787
8135.25079834008  93.95126
8135.32117039653  86.81725
8135.39153743861  70.84448
8135.46189946603  84.82291
8135.53225647854  84.2776
8135.60260847586  75.8572
8135.67295545771  92.82894
8135.74329742383  75.62167
8135.81363437394  69.22916
8135.88396630778  72.32614
8135.95429322506  82.46661
8136.02461512553  81.22491
8136.09493200891  75.59351
8136.16524387492  74.20026
8136.23555072331  70.21844
8136.30585255379  90.04379
8136.3761493661  73.08684
8136.44644115996  70.40569
8136.51672793511  78.09315
8136.58700969128  79.31593
8136.65728642819  74.32023
8136.72755814557  74.34295
8136.79782484316  78.07929
8136.86808652068  86.15205
8136.93834317787  96.31425
8137.00859481445  98.74381
8137.07884143015  81.16559
8137.14908302471  82.30042
8137.21931959786  73.39487
8137.28955114932  78.7206
8137.35977767882  83.40813
8137.42999918611  65.22066
8137.5002156709  78.91112
8137.57042713293  65.29101
8137.64063357192  96.42194
8137.71083498762  97.83757
8137.78103137974  93.71793
8137.85122274803  76.48071
8137.92140909221  86.56548
8137.99159041202  86.00423
8138.06176670718  78.10374
8138.13193797743  93.11977
8138.20210422249  90.85052
8138.27226544211  84.91507
8138.34242163601  77.84748
8138.41257280392  94.35863
8138.48271894558  77.90235
8138.55286006071  86.3463
8138.62299614905  77.30431
8138.69312721033  85.43022
8138.76325324429  77.26367
8138.83337425066  71.13354
8138.90349022916  82.39737
8138.97360117953  89.36144
8139.0437071015  84.32481
8139.11380799481  79.55469
8139.18390385919  78.714
8139.25399469436  73.27523
8139.32408050008  86.37254
8139.39416127606  78.1908
8139.46423702203  70.8831
8139.53430773774  92.133
8139.60437342292  62.27978
8139.67443407729  55.33541
8139.7444897006  79.45133
8139.81454029258  67.63644
8139.88458585295  71.25944
8139.95462638146  68.83044
8140.02466187783  99.08765
8140.0946923418  70.56654
8140.16471777311  89.41273
8140.23473817148  93.4443
8140.30475353666  83.66358
8140.37476386837  79.48047
8140.44476916636  79.33485
8140.51476943034  92.26879
8140.58476466007  61.966
8140.65475485527  47.36106
8140.72474001568  49.69761
8140.79472014103  62.96665
8140.86469523106  55.61335
8140.9346652855  88.82814
8141.00463030408  64.45395
8141.07459028655  87.1865
8141.14454523263  111.7484
8141.21449514207  89.22186
8141.28444001459  88.52366
8141.35437984994  93.79873
8141.42431464784  84.94955
8141.49424440803  84.85278
8141.56416913026  83.51138
8141.63408881424  80.63697
8141.70400345973  81.70276
8141.77391306645  62.28266
8141.84381763415  64.8955
8141.91371716255  40.28904
8141.98361165139  55.06728
8142.05350110041  55.25135
8142.12338550935  69.67929
8142.19326487794  68.73721
8142.26313920591  81.18469
8142.33300849302  78.69479
8142.40287273898  91.4768
8142.47273194354  57.82836
8142.54258610643  77.75883
8142.6124352274  81.49662
8142.68227930617  82.14474
8142.75211834249  94.3446
8142.82195233609  81.11404
8142.8917812867  89.10515
8142.96160519408  68.95118
8143.03142405794  73.19674
8143.10123787804  78.93338
8143.1710466541  67.53786
8143.24085038587  77.85247
8143.31064907308  84.09335
8143.38044271548  82.81063
8143.45023131279  67.4855
8143.52001486476  80.41656
8143.58979337112  74.44659
8143.65956683161  78.0443
8143.72933524598  61.36713
8143.79909861395  78.89223
8143.86885693527  52.70616
8143.93861020967  84.92348
8144.0083584369  78.05721
8144.07810161669  88.90061
8144.14783974878  51.90797
8144.21757283291  77.6729
8144.28730086882  89.65125
8144.35702385624  75.28198
8144.42674179492  88.84136
8144.4964546846  86.50571
8144.566162525  80.38306
8144.63586531588  79.49236
8144.70556305698  77.37112
8144.77525574802  74.97525
8144.84494338876  53.50296
8144.91462597892  71.57082
8144.98430351826  64.24426
8145.05397600651  85.75896
8145.1236434434  98.04061
8145.19330582869  86.92509
8145.2629631621  87.25235
8145.33261544338  93.22913
8145.40226267227  91.14621
8145.47190484852  90.68238
8145.54154197185  71.67539
8145.61117404201  83.85819
8145.68080105874  81.01446
8145.75042302178  83.84188
8145.82003993088  93.75437
8145.88965178577  76.91176
8145.95925858619  97.40828
8146.02886033188  65.92748
8146.09845702259  70.2751
8146.16804865806  73.94285
8146.23763523802  63.68629
8146.30721676221  65.8385
8146.37679323039  72.5931
8146.4463646423  68.20589
8146.51593099766  88.13326
8146.58549229622  68.54559
8146.65504853773  90.40198
8146.72459972193  92.18189
8146.79414584855  84.23949
8146.86368691735  69.85597
8146.93322292806  79.25157
8147.00275388042  75.82091
8147.07227977418  65.41035
8147.14180060908  62.84357
8147.21131638486  59.0487
8147.28082710126  59.36628
8147.35033275803  84.32603
8147.41983335491  80.73636
8147.48932889163  67.27818
8147.55881936795  86.03095
8147.62830478361  87.95459
8147.69778513834  89.71938
8147.7672604319  106.0892
8147.83673066403  79.6303
8147.90619583446  82.90361
8147.97565594294  84.06749
8148.04511098921  65.56969
8148.11456097303  79.6681
8148.18400589412  85.80762
8148.25344575224  76.64631
8148.32288054713  65.51978
8148.39231027854  46.21894
8148.46173494619  62.58474
8148.53115454985  61.78761
8148.60056908925  71.99357
8148.66997856413  86.0589
8148.73938297425  87.32696
8148.80878231935  86.07914
8148.87817659916  83.74601
8148.94756581344  82.36356
8149.01694996193  93.9752
8149.08632904437  69.65788
8149.15570306051  77.67266
8149.22507201009  69.82079
8149.29443589286  71.81345
8149.36379470857  78.04733
8149.43314845694  72.51196
8149.50249713775  61.11145
8149.57184075071  48.8021
8149.6411792956  53.75823
8149.71051277214  51.79782
8149.77984118008  54.8173
8149.84916451917  64.62302
8149.91848278915  55.78979
8149.98779598978  64.2531
8150.05710412079  86.2257
8150.12640718193  81.20714
8150.19570517294  74.94215
8150.26499809358  77.24191
8150.33428594359  78.37629
8150.40356872272  75.63356
8150.4728464307  76.51582
8150.54211906729  101.2282
8150.61138663224  64.12963
8150.68064912529  81.90749
8150.74990654618  89.78474
8150.81915889466  81.30729
8150.88840617049  67.28519
8150.9576483734  87.69793
8151.02688550315  80.19153
8151.09611755948  84.94968
8151.16534454213  96.11555
8151.23456645086  83.9881
8151.30378328541  89.28581
8151.37299504553  79.35209
8151.44220173097  82.77988
8151.51140334146  91.65237
8151.58059987678  78.88947
8151.64979133665  79.39073
8151.71897772082  85.10056
8151.78815902905  79.19279
8151.85733526109  105.2681
8151.92650641667  95.00582
8151.99567249555  70.53473
8152.06483349748  82.40442
8152.1339894222  98.17065
8152.20314026946  78.96096
8152.27228603902  85.3765
8152.34142673062  64.76625
8152.410562344  56.31932
8152.47969287892  47.09093
8152.54881833512  24.3663
8152.61793871236  59.63277
8152.68705401038  62.0914
8152.75616422894  71.0327
8152.82526936777  64.83778
8152.89436942664  75.69051
8152.96346440528  78.17119
8153.03255430345  88.20779
8153.1016391209  79.52458
8153.17071885738  88.11695
8153.23979351263  86.27064
8153.30886308641  76.52045
8153.37792757846  98.48053
8153.44698698855  84.47264
8153.5160413164  70.50276
8153.58509056178  51.49681
8153.65413472444  68.60345
8153.72317380412  42.09852
8153.79220780058  55.88557
8153.86123671356  82.60444
8153.93026054283  75.96194
8153.99927928811  81.09689
8154.06829294918  80.41096
8154.13730152577  62.53996
8154.20630501764  85.67542
8154.27530342454  72.11866
8154.34429674622  83.2466
8154.41328498244  64.79139
8154.48226813293  52.99295
8154.55124619746  51.06833
8154.62021917577  29.845
8154.68918706762  24.68791
8154.75814987276  53.59933
8154.82710759093  59.69483
8154.89606022189  76.13325
8154.9650077654  82.84437
8155.0339502212  73.27743
8155.10288758904  65.86904
8155.17181986868  84.23991
8155.24074705987  65.58941
8155.30966916236  84.82872
8155.3785861759  73.61843
8155.44749810025  84.78286
8155.51640493516  87.01755
8155.58530668037  61.17037
8155.65420333565  82.37319
8155.72309490074  65.83581
8155.7919813754  73.52658
8155.86086275938  64.2215
8155.92973905243  102.8114
8155.99861025431  63.14677
8156.06747636477  87.94729
8156.13633738356  85.668
8156.20519331043  81.37177
8156.27404414514  86.46107
8156.34288988744  72.19685
8156.41173053709  80.06731
8156.48056609383  92.67763
8156.54939655743  75.96928
8156.61822192763  85.6372
8156.68704220419  75.6143
8156.75585738686  71.5337
8156.8246674754  73.9007
8156.89347246956  67.32026
8156.96227236909  69.14008
8157.03106717375  74.82775
8157.0998568833  74.89058
8157.16864149748  76.22076
8157.23742101605  69.0175
8157.30619543877  91.2299
8157.37496476539  94.57118
8157.44372899566  54.85727
8157.51248812934  89.57349
8157.58124216619  81.46299
8157.64999110595  82.28027
8157.71873494839  65.48827
8157.78747369326  85.11065
8157.85620734031  75.74696
8157.92493588931  45.65549
8157.99365933999  20.84121
8158.06237769213  29.47044
8158.13109094547  67.01704
8158.19979909977  59.96216
8158.26850215479  66.2615
8158.33720011029  92.82456
8158.40589296601  93.14675
8158.47458072171  87.14552
8158.54326337715  67.27596
8158.61194093209  79.69871
8158.68061338628  72.93869
8158.74928073948  87.77717
8158.81794299144  79.16444
8158.88660014193  75.06857
8158.95525219069  80.47658
8159.02389913749  85.54462
8159.09254098207  72.87351
8159.1611777242  76.88144
8159.22980936364  65.05711
8159.29843590014  76.34372
8159.36705733345  89.45802
8159.43567366334  68.18305
8159.50428488956  83.6594
8159.57289101187  82.67731
8159.64149203002  69.95415
8159.71008794378  86.25739
8159.7786787529  76.73872
8159.84726445714  62.21189
8159.91584505626  94.08894
8159.98442055  86.13743
8160.05299093814  67.21969
8160.12155622043  89.81596
8160.19011639663  86.22185
8160.25867146649  77.81343
8160.32722142978  81.28635
8160.39576628624  77.30456
8160.46430603565  79.47916
8160.53284067776  75.4694
8160.60137021231  67.2255
8160.66989463909  78.51408
8160.73841395784  91.96865
8160.80692816833  95.0454
8160.8754372703  63.31301
8160.94394126352  81.72486
8161.01244014776  65.67993
8161.08093392276  81.55107
8161.14942258829  93.10453
8161.2179061441  57.77696
8161.28638458997  57.39473
8161.35485792563  32.34563
8161.42332615086  17.03152
8161.49178926542  27.59569
8161.56024726906  25.83721
8161.62870016154  50.55629
8161.69714794262  63.03296
8161.76559061207  62.07402
8161.83402816964  55.26933
8161.90246061509  43.9157
8161.97088794819  35.60525
8162.03931016869  42.80173
8162.10772727635  47.63818
8162.17613927094  28.22735
8162.24454615221  55.15278
8162.31294791993  27.09334
8162.38134457385  19.87707
8162.44973611374  36.86981
8162.51812253935  58.77099
8162.58650385046  68.43382
8162.65488004681  71.9824
8162.72325112817  65.32216
8162.7916170943  80.38305
8162.85997794496  57.91374
8162.92833367992  89.92912
8162.99668429893  79.93803
8163.06502980176  77.79762
8163.13337018817  73.80615
8163.20170545791  75.43285
8163.27003561076  70.8005
8163.33836064647  60.35283
8163.4066805648  71.55233
8163.47499536552  65.3924
8163.54330504839  54.00702
8163.61160961317  100.293
8163.67990905962  55.82478
8163.7482033875  73.28493
8163.81649259659  78.85691
8163.88477668663  59.24424
8163.9530556574  96.69716
8164.02132950865  105.3705
8164.08959824015  75.0486
8164.15786185166  55.51156
8164.22612034294  79.17199
8164.29437371376  62.03329
8164.36262196388  28.64301
8164.43086509307  21.99195
8164.49910310107  20.79069
8164.56733598767  10.73549
8164.63556375262  21.51461
8164.70378639568  51.44987
8164.77200391663  45.67242
8164.84021631521  80.08047
8164.90842359121  60.59983
8164.97662574437  75.70371
8165.04482277447  77.05938
8165.11301468127  80.10461
8165.18120146452  51.85042
8165.24938312401  65.64787
8165.31755965949  63.25312
8165.38573107072  68.79515
8165.45389735746  70.83945
8165.5220585195  75.06116
8165.59021455658  76.0288
8165.65836546847  77.06322
8165.72651125495  70.15127
8165.79465191576  79.14153
8165.86278745068  65.66684
8165.93091785947  68.25647
8165.9990431419  75.55547
8166.06716329774  66.68798
8166.13527832674  84.08574
8166.20338822867  67.18201
8166.2714930033  84.7626
8166.33959265039  71.00433
8166.40768716971  78.93951
8166.47577656103  81.91756
8166.54386082411  91.39003
8166.61193995871  98.66541
8166.68001396461  68.14275
8166.74808284157  88.91751
8166.81614658934  82.28886
8166.88420520771  68.67497
8166.95225869644  69.84481
8167.02030705528  66.70771
8167.08835028402  78.50469
8167.15638838241  75.69671
8167.22442135022  81.05679
8167.29244918722  86.60073
8167.36047189318  82.41719
8167.42848946786  70.16308
8167.49650191103  72.93621
8167.56450922245  94.26211
8167.6325114019  83.8529
8167.70050844913  91.51662
8167.76850036393  73.16547
8167.83648714605  78.37933
8167.90446879526  80.8317
8167.97244531133  82.87818
8168.04041669402  72.84844
8168.10838294311  77.20657
8168.17634405836  70.77879
8168.24430003955  85.94137
8168.31225088643  70.03986
8168.38019659877  71.60293
8168.44813717635  85.99963
8168.51607261893  59.75349
8168.58400292628  74.98975
8168.65192809818  64.96294
8168.71984813437  57.59072
8168.78776303464  39.11654
8168.85567279876  34.14021
8168.92357742649  59.15525
8168.99147691759  66.04429
8169.05937127185  67.60072
8169.12726048903  81.35445
8169.19514456889  73.57598
8169.26302351122  50.21513
8169.33089731576  56.0393
8169.3987659823  46.00103
8169.46662951061  50.83925
8169.53448790045  69.72459
8169.6023411516  79.7128
8169.67018926381  86.95762
8169.73803223687  57.19587
8169.80587007054  66.58751
8169.87370276459  42.61487
8169.94153031879  35.15374
8170.00935273292  8.535873
8170.07717000674  25.63551
8170.14498214001  36.5499
8170.21278913252  78.67393
8170.28059098404  55.22318
8170.34838769432  71.95261
8170.41617926315  88.69836
8170.48396569029  81.63719
8170.55174697551  77.3098
8170.61952311859  96.28694
8170.6872941193  87.34021
8170.7550599774  79.62376
8170.82282069267  79.61793
8170.89057626488  86.42463
8170.9583266938  84.26133
8171.0260719792  82.47656
8171.09381212085  83.09199
8171.16154711852  73.8412
8171.22927697199  75.62804
8171.29700168103  71.96845
8171.3647212454  80.82553
8171.43243566489  80.7735
8171.50014493925  88.77593
8171.56784906827  92.84716
8171.63554805171  84.61587
8171.70324188935  85.52683
8171.77093058097  85.50051
8171.83861412632  81.14472
8171.90629252518  93.34312
8171.97396577734  73.60081
8172.04163388255  97.32647
8172.10929684059  70.35637
8172.17695465124  83.43546
8172.24460731427  68.03441
8172.31225482944  78.64433
8172.37989719654  89.00172
8172.44753441533  63.13469
8172.51516648559  87.03142
8172.58279340709  80.14911
8172.65041517961  84.93037
8172.71803180291  85.3128
8172.78564327678  85.54588
8172.85324960098  87.03122
8172.92085077529  100.1889
8172.98844679948  93.33376
8173.05603767333  98.76404
8173.1236233966  85.56914
8173.19120396908  88.61938
8173.25877939054  72.48334
8173.32634966075  107.019
8173.39391477948  79.88638
8173.46147474651  118.5973
8173.52902956162  92.84802
8173.59657922458  74.03758
8173.66412373515  92.24588
8173.73166309313  72.40936
8173.79919729828  70.0202
8173.86672635037  84.15928
8173.93425024919  96.09282
8174.0017689945  85.12151
8174.06928258609  77.53714
8174.13679102372  89.99482
8174.20429430717  92.48936
8174.27179243622  84.49953
8174.33928541064  97.10895
8174.40677323021  103.4716
8174.4742558947  95.53597
8174.54173340389  97.36226
8174.60920575755  81.86842
8174.67667295546  96.28923
8174.7441349974  79.18314
8174.81159188314  88.39434
8174.87904361246  90.14915
8174.94649018513  97.66545
8175.01393160092  62.78619
8175.08136785963  97.81326
8175.14879896102  72.61069
8175.21622490486  78.52881
8175.28364569094  61.64951
8175.35106131903  76.3917
8175.41847178891  90.27599
8175.48587710036  89.94328
8175.55327725314  75.66982
8175.62067224705  79.02773
8175.68806208185  79.23508
8175.75544675732  87.27442
8175.82282627324  68.77473
8175.89020062939  73.14081
8175.95756982554  77.36768
8176.02493386147  82.11679
8176.09229273696  81.19235
8176.15964645179  75.70599
8176.22699500573  97.93855
8176.29433839857  88.88757
8176.36167663007  83.85236
8176.42900970002  101.5831
8176.4963376082  92.60315
8176.56366035438  77.33715
8176.63097793834  80.84397
8176.69829035986  65.06267
8176.76559761872  61.38721
8176.83289971469  26.44552
8176.90019664756  14.54968
8176.96748841711  18.9969
8177.0347750231  12.04598
8177.10205646533  24.22885
8177.16933274356  44.36085
8177.23660385758  54.03228
8177.30386980718  68.35973
8177.37113059211  72.73954
8177.43838621218  89.0295
8177.50563666715  82.43583
8177.5728819568  87.29966
8177.64012208091  90.91788
8177.70735703927  86.50044
8177.77458683165  70.033
8177.84181145783  57.00295
8177.9090309176  49.58215
8177.97624521072  47.67934
8178.04345433699  64.16699
8178.11065829618  87.15552
8178.17785708807  85.55523
8178.24505071244  76.55284
8178.31223916907  73.76646
8178.37942245775  50.37615
8178.44660057824  58.26297
8178.51377353034  59.86877
8178.58094131383  75.69708
8178.64810392848  83.50639
8178.71526137407  72.20692
8178.78241365039  85.19865
8178.84956075721  75.44949
8178.91670269433  67.3951
8178.98383946151  52.91802
8179.05097105854  34.32936
8179.1180974852  40.57778
8179.18521874127  71.33163
8179.25233482654  105.1107
8179.31944574078  84.71155
8179.38655148378  103.4125
8179.45365205532  108.3262
8179.52074745517  85.00163
8179.58783768313  92.50098
8179.65492273897  76.27225
8179.72200262248  97.69374
8179.78907733344  70.56681
8179.85614687162  82.12978
8179.92321123682  104.5132
8179.99027042881  69.30659
8180.05732444737  95.93474
8180.1243732923  88.04436
8180.19141696336  76.60009
8180.25845546036  98.13789
8180.32548878306  77.66898
8180.39251693125  69.48349
8180.45953990471  102.1201
8180.52655770322  78.74494
8180.59357032658  85.65116
8180.66057777456  85.19935
8180.72758004694  86.63517
8180.79457714351  97.10891
8180.86156906405  89.66705
8180.92855580835  106.3133
8180.99553737618  116.0017
8181.06251376734  73.01228
8181.1294849816  80.54853
8181.19645101876  93.50426
8181.26341187858  80.33971
8181.33036756087  83.56981
8181.39731806539  78.07793
8181.46426339195  96.82947
8181.53120354031  92.50873
8181.59813851027  95.88572
8181.6650683016  55.73699
8181.7319929141  60.36455
8181.79891234755  37.42107
8181.86582660173  39.77919
8181.93273567642  30.83855
8181.99963957142  62.31157
8182.06653828651  57.61329
8182.13343182146  62.31048
8182.20032017608  72.11446
8182.26720335013  75.13432
8182.33408134341  72.25552
8182.40095415571  80.09378
8182.4678217868  92.47955
8182.53468423648  68.71095
8182.60154150452  80.51183
8182.66839359072  76.03967
8182.73524049486  101.6373
8182.80208221673  91.26909
8182.8689187561  84.17301
8182.93575011278  67.08167
8183.00257628654  59.40425
8183.06939727717  67.20177
8183.13621308445  67.3933
8183.20302370818  66.23032
8183.26982914814  73.65224
8183.33662940411  67.14175
8183.40342447589  84.40853
8183.47021436325  84.47549
8183.53699906599  73.98883
8183.60377858389  80.07543
8183.67055291674  88.19406
8183.73732206432  87.4239
8183.80408602643  75.32307
8183.87084480285  93.21444
8183.93759839337  89.58401
8184.00434679777  92.95582
8184.07109001584  99.29504
8184.13782804737  84.36391
8184.20456089215  106.7046
8184.27128854997  60.98087
8184.3380110206  90.75542
8184.40472830385  95.02652
8184.4714403995  77.78219
8184.53814730733  111.3242
8184.60484902714  93.40674
8184.6715455587  80.68593
8184.73823690182  68.39137
8184.80492305628  82.20284
8184.87160402186  85.85715
8184.93827979836  78.78812
8185.00495038557  91.40192
8185.07161578326  104.6228
8185.13827599124  94.86129
8185.20493100929  86.12225
8185.2715808372  78.41051
8185.33822547476  96.11365
8185.40486492175  88.8549
8185.47149917797  69.4052
8185.53812824321  89.94285
8185.60475211725  69.69793
8185.67137079988  83.6888
8185.73798429091  86.22924
8185.8045925901  93.94529
8185.87119569725  94.36423
8185.93779361216  69.71881
8186.00438633461  64.74467
8186.0709738644  83.73902
8186.1375562013  79.41949
8186.20413334512  82.00874
8186.27070529564  45.34602
8186.33727205266  66.50008
8186.40383361596  33.96204
8186.47038998533  59.58907
8186.53694116056  69.48396
8186.60348714145  74.48406
8186.67002792779  86.28303
8186.73656351936  90.87422
8186.80309391595  71.46973
8186.86961911737  79.67791
8186.93613912339  83.34833
8187.00265393381  75.00358
8187.06916354843  88.16384
8187.13566796702  72.43346
8187.20216718939  86.62783
8187.26866121533  93.97414
8187.33515004462  92.00568
8187.40163367706  91.60952
8187.46811211243  93.65063
8187.53458535054  78.02606
8187.60105339117  88.77936
8187.66751623412  81.82738
8187.73397387917  87.3168
8187.80042632612  88.29744
8187.86687357477  66.35339
8187.93331562489  84.36371
8187.99975247629  74.93204
8188.06618412876  70.4863
8188.13261058209  91.03057
8188.19903183607  96.69913
8188.2654478905  96.32236
8188.33185874517  73.9987
8188.39826439987  110.0252
8188.46466485439  76.39092
8188.53106010853  93.75611
8188.59745016207  82.19368
8188.66383501483  85.27933
8188.73021466657  71.31303
8188.79658911711  86.34992
8188.86295836623  77.63864
8188.92932241373  93.68775
8188.9956812594  82.60649
8189.06203490303  52.7626
8189.12838334442  40.26694
8189.19472658336  27.17061
8189.26106461965  7.758627
8189.32739745307  32.33101
8189.39372508343  21.97184
8189.46004751051  67.82504
8189.52636473412  76.0459
8189.59267675404  59.72806
8189.65898357008  76.98801
8189.72528518201  91.05615
8189.79158158965  72.78329
8189.85787279278  91.24537
8189.9241587912  84.06677
8189.99043958471  94.65297
8190.05671517309  87.41763
8190.12298555614  97.30696
8190.18925073367  67.40299
8190.25551070546  86.92991
8190.3217654713  85.77453
8190.388015031  102.5703
8190.45425938435  95.95579
8190.52049853115  72.5396
8190.58673247118  81.7481
8190.65296120425  108.7562
8190.71918473016  89.53868
8190.78540304869  95.56611
8190.85161615964  63.19319
8190.91782406282  92.45818
8190.98402675801  86.80585
8191.05022424501  87.5715
8191.11641652362  72.26357
8191.18260359364  74.02937
8191.24878545485  122.0475
8191.31496210706  83.82506
8191.38113355007  84.10198
8191.44729978367  98.03712
8191.51346080765  82.41423
8191.57961662182  67.26231
8191.64576722597  83.64779
8191.7119126199  78.13733
8191.7780528034  75.63111
8191.84418777627  77.47736
8191.91031753832  58.22802
8191.97644208932  82.85701
8192.0425614291  80.08031
8192.10867555744  63.29873
8192.17478447413  85.74954
8192.24088817898  73.97542
8192.30698667179  92.04712
8192.37307995235  73.40735
8192.43916802045  71.59729
8192.50525087591  80.36636
8192.57132851851  89.18361
8192.63740094806  85.81194
8192.70346816434  82.67774
8192.76953016718  63.22923
8192.83558695635  72.78631
8192.90163853166  59.46311
8192.9676848929  61.96839
8193.03372603988  31.08662
8193.09976197239  23.65952
8193.16579269023  9.935511
8193.23181819321  56.50747
8193.29783848112  43.8671
8193.36385355375  78.35464
8193.42986341092  74.62003
8193.49586805241  90.89036
8193.56186747803  77.99827
8193.62786168757  66.55443
8193.69385068085  84.72444
8193.75983445765  87.83855
8193.82581301777  94.98721
8193.89178636102  80.34067
8193.95775448719  86.40593
8194.02371739609  70.95502
8194.08967508751  95.93699
8194.15562756126  87.51821
8194.22157481713  83.81963
8194.28751685492  66.70517
8194.35345367445  97.09551
8194.41938527549  90.69636
8194.48531165787  80.57864
8194.55123282137  76.6134
8194.6171487658  92.4814
8194.68305949096  65.76971
8194.74896499664  74.41892
8194.81486528266  98.82291
8194.88076034881  75.84235
8194.94665019489  96.47757
8195.0125348207  68.41456
8195.07841422605  74.27276
8195.14428841073  70.16336
8195.21015737455  68.50121
8195.27602111731  70.99989
8195.34187963881  72.09198
8195.40773293884  53.98069
8195.47358101723  83.31467
8195.53942387376  78.76188
8195.60526150824  78.47882
8195.67109392046  94.32542
8195.73692111024  66.73205
8195.80274307737  80.48805
8195.86855982165  98.0547
8195.9343713429  84.60703
8196.00017764091  82.89596
8196.06597871547  84.77563
8196.13177456641  87.0843
8196.19756519351  63.48099
8196.26335059658  91.56272
8196.32913077543  103.0629
8196.39490572985  98.13371
8196.46067545965  93.35464
8196.52643996464  73.71298
8196.59219924461  84.02482
8196.65795329937  80.13567
8196.72370212872  69.31579
8196.78944573247  75.13194
8196.85518411041  81.8952
8196.92091726236  81.13094
8196.98664518812  75.54893
8197.05236788749  71.20976
8197.11808536027  93.81514
8197.18379760626  77.9486
8197.24950462529  85.05376
8197.31520641713  70.15086
8197.38090298161  65.01791
8197.44659431852  56.92704
8197.51228042767  63.58861
8197.57796130886  34.91266
8197.6436369619  21.89805
8197.70930738659  5.497474
8197.77497258275  19.85604
8197.84063255015  32.92708
8197.90628728863  57.30905
8197.97193679798  71.88322
8198.037581078  71.97665
8198.10322012851  89.8114
8198.1688539493  94.1954
8198.23448254019  69.78542
8198.30010590097  79.97054
8198.36572403145  111.9998
8198.43133693144  100.5169
8198.49694460075  90.09037
8198.56254703917  93.12962
8198.62814424652  57.09824
8198.6937362226  71.51606
8198.75932296722  66.85398
8198.82490448018  71.37404
8198.89048076129  87.18642
8198.95605181035  52.81082
8199.02161762717  79.96706
8199.08717821157  89.21207
8199.15273356333  99.37676
8199.21828368227  80.31677
8199.2838285682  91.97485
8199.34936822093  91.24678
8199.41490264026  67.78489
8199.48043182599  86.06654
8199.54595577794  77.31109
8199.61147449591  97.36331
8199.6769879797  84.15768
8199.74249622913  76.97945
8199.80799924401  71.06234
8199.87349702413  87.43863
8199.93898956931  66.47456
8200.00447687935  80.65515
8200.06995895407  71.74046
8200.13543579327  63.44732
8200.20090739675  81.56671
8200.26637376433  85.93703
8200.33183489581  86.69952
8200.39729079101  85.38916
8200.46274144972  90.69009
8200.52818687176  77.01717
8200.59362705694  60.63267
8200.65906200506  62.25301
8200.72449171594  38.85701
8200.78991618937  47.78856
8200.85533542518  56.00675
8200.92074942316  71.47211
8200.98615818313  71.96016
8201.0515617049  70.32207
8201.11695998827  104.5132
8201.18235303305  120.9914
8201.24774083906  84.04723
8201.3131234061  78.89144
8201.37850073398  105.6423
8201.44387282251  84.08933
8201.5092396715  61.61142
8201.57460128076  64.14824
8201.6399576501  103.5685
8201.70530877933  72.80333
8201.77065466826  85.96601
8201.83599531669  103.5324
8201.90133072444  67.95877
8201.96666089132  116.1926
8202.03198581715  95.80168
8202.09730550171  90.91389
8202.16261994484  88.49784
8202.22792914633  94.13065
8202.29323310601  108.9669
8202.35853182367  76.04475
8202.42382529914  69.48267
8202.48911353221  73.13808
8202.55439652271  70.60947
8202.61967427044  58.82455
8202.68494677521  93.44393
8202.75021403684  96.79017
8202.81547605513  72.13168
8202.88073282991  72.59185
8202.94598436096  80.93439
8203.01123064812  101.5026
8203.07647169119  77.72777
8203.14170748998  97.79079
8203.20693804431  85.31425
8203.27216335398  75.34599
8203.3373834188  97.19712
8203.4025982386  93.18899
8203.46780781318  80.78577
8203.53301214235  76.88416
8203.59821122592  67.87173
8203.66340506372  101.593
8203.72859365554  88.30997
8203.7937770012  82.26849
8203.85895510052  81.35443
8203.92412795331  82.83546
8203.98929555937  68.39951
8204.05445791853  72.12199
8204.11961503059  93.48479
8204.18476689536  84.05873
8204.24991351267  87.29329
8204.31505488232  93.5284
8204.38019100413  96.40182
8204.44532187791  94.80792
8204.51044750347  88.40224
8204.57556788063  67.59435
8204.6406830092  92.1683
8204.70579288899  69.15767
8204.77089751981  73.68111
8204.83599690149  84.43658
8204.90109103383  82.59806
8204.96617991665  59.19006
8205.03126354976  87.99968
8205.09634193298  67.68641
8205.16141506611  86.77444
8205.22648294899  89.26627
8205.2915455814  91.15006
8205.35660296319  95.15664
8205.42165509415  82.10677
8205.48670197409  102.5649
8205.55174360285  100.3715
8205.61677998023  63.90219
8205.68181110604  101.4259
8205.7468369801  89.84727
8205.81185760223  85.12424
8205.87687297224  108.4873
8205.94188308995  69.30608
8206.00688795516  65.53093
8206.0718875677  92.61786
8206.13688192738  47.76893
8206.20187103402  69.49834
8206.26685488743  97.52074
8206.33183348743  93.7135
8206.39680683383  89.15599
8206.46177492645  107.7231
8206.52673776511  108.8677
8206.59169534961  82.66109
8206.65664767978  82.90491
8206.72159475544  104.6357
8206.7865365764  89.46526
8206.85147314246  107.6242
8206.91640445347  108.404
8206.98133050922  67.73274
8207.04625130953  79.90924
8207.11116685422  105.8442
8207.17607714312  55.23793
8207.24098217602  111.1528
8207.30588195276  109.3083
8207.37077647315  85.18817
8207.435665737  104.4468
8207.50054974414  110.8948
8207.56542849437  110.7256
8207.63030198752  128.071
8207.69517022341  87.76139
8207.76003320184  77.76796
8207.82489092265  97.05404
8207.88974338564  91.48943
8207.95459059064  88.22339
8208.01943253745  78.75274
8208.08426922591  103.7399
8208.14910065583  74.81059
8208.21392682702  107.0946
8208.27874773931  105.6969
8208.3435633925  86.81337
8208.40837378643  100.2859
8208.47317892091  89.26461
8208.53797879575  76.63661
8208.60277341078  68.00022
8208.66756276581  66.86037
8208.73234686067  111.9426
8208.79712569517  91.353
8208.86189926912  66.74564
8208.92666758236  68.11974
8208.99143063469  88.38393
8209.05618842595  105.0278
8209.12094095593  104.9475
8209.18568822448  86.88255
8209.2504302314  92.59843
8209.31516697651  89.38409
8209.37989845964  88.39228
8209.44462468061  80.04391
8209.50934563922  96.06911
8209.57406133531  58.80663
8209.63877176869  84.00677
8209.70347693918  72.12025
8209.76817684661  90.75433
8209.83287149079  88.49323
8209.89756087154  86.85401
8209.96224498869  113.2148
8210.02692384205  88.71935
8210.09159743144  87.39915
8210.15626575669  69.19708
8210.22092881761  95.34021
8210.28558661403  82.62218
8210.35023914577  92.42594
8210.41488641264  78.49797
8210.47952841447  76.76688
8210.54416515108  91.99147
8210.60879662229  81.09144
8210.67342282793  82.76985
8210.7380437678  102.7264
8210.80265944174  93.74809
8210.86726984957  95.23145
8210.9318749911  91.40289
8210.99647486616  77.54506
8211.06106947457  95.5089
8211.12565881615  98.27554
8211.19024289073  94.53967
8211.25482169813  87.36427
8211.31939523815  87.31969
8211.38396351065  94.78992
8211.44852651542  74.94352
8211.5130842523  66.87109
8211.5776367211  75.66698
8211.64218392165  78.10448
8211.70672585378  74.76137
8211.7712625173  89.49089
8211.83579391203  77.60033
8211.90032003781  94.07841
8211.96484089445  79.99945
8212.02935648177  78.21648
8212.0938667996  62.07107
8212.15837184777  59.89244
8212.22287162608  61.04395
8212.28736613438  64.30854
8212.35185537248  85.11201
8212.4163393402  73.10041
8212.48081803737  77.68002
8212.54529146381  79.40164
8212.60975961935  68.13168
8212.67422250381  87.88705
8212.73868011701  81.40245
8212.80313245877  70.26786
8212.86757952893  96.64798
8212.9320213273  89.61588
8212.99645785371  108.1408
8213.06088910799  65.07083
8213.12531508996  89.8625
8213.18973579943  107.0165
8213.25415123625  98.5836
8213.31856140022  82.92489
8213.38296629118  78.9028
8213.44736590894  80.95074
8213.51176025335  90.69139
8213.57614932422  72.10099
8213.64053312137  89.80625
8213.70491164464  95.37981
8213.76928489383  66.6244
8213.83365286879  112.5344
8213.89801556934  76.64936
8213.9623729953  71.5791
8214.02672514649  91.74277
8214.09107202275  95.01952
8214.1554136239  96.64101
8214.21974994976  82.31049
8214.28408100016  81.01718
8214.34840677493  85.93221
8214.41272727389  75.7235
8214.47704249687  78.17016
8214.54135244369  72.89029
8214.60565711419  96.65512
8214.66995650817  99.03381
8214.73425062549  89.10594
8214.79853946595  75.37148
8214.86282302939  96.84151
8214.92710131564  82.08719
8214.99137432451  94.70927
8215.05564205584  90.55933
8215.11990450945  72.72581
8215.18416168518  87.50505
8215.24841358284  116.7184
8215.31266020227  86.59001
8215.37690154329  88.44478
8215.44113760573  100.9389
8215.50536838941  73.30854
8215.56959389417  93.72927
8215.63381411984  68.54476
8215.69802906623  51.107
8215.76223873318  92.064
8215.82644312052  99.77106
8215.89064222807  83.6314
8215.95483605566  81.73949
8216.01902460312  74.68794
8216.08320787028  109.3955
8216.14738585696  68.15607
8216.211558563  93.88912
8216.27572598822  87.94761
8216.33988813245  58.522
8216.40404499552  78.20103
8216.46819657726  69.31588
8216.53234287751  53.14832
8216.59648389607  95.74394
8216.66061963279  64.27977
8216.72475008749  83.52844
8216.78887526  84.77236
8216.85299515016  88.3016
8216.91710975779  75.77955
8216.98121908272  96.09112
8217.04532312478  74.61309
8217.1094218838  67.91827
8217.17351535961  90.71132
8217.23760355204  103.0556
8217.30168646092  82.17509
8217.36576408607  93.8775
8217.42983642734  107.2587
8217.49390348455  77.18929
8217.55796525752  79.82462
8217.62202174609  102.7787
8217.68607295009  89.36792
8217.75011886935  83.53414
8217.8141595037  90.97865
8217.87819485297  61.23576
8217.94222491699  62.04424
8218.0062496956  64.06613
8218.07026918861  39.11703
8218.13428339587  36.55485
8218.19829231721  28.78906
8218.26229595244  57.92261
8218.32629430142  88.80192
8218.39028736396  69.31445
8218.45427513991  85.29797
8218.51825762908  85.46847
8218.58223483131  64.38549
8218.64620674644  84.30788
8218.71017337429  84.43819
8218.77413471469  94.86478
8218.83809076749  90.0592
8218.90204153251  83.04522
8218.96598700958  80.06631
8219.02992719853  111.9187
8219.09386209919  97.39607
8219.15779171141  75.04438
8219.22171603501  94.22329
8219.28563506982  111.6067
8219.34954881567  79.91578
8219.4134572724  106.9167
8219.47736043984  119.4047
8219.54125831783  80.47122
8219.60515090619  114.2889
8219.66903820476  107.1957
8219.73292021338  97.28725
8219.79679693186  97.99643
8219.86066836006  65.33125
8219.92453449779  86.23032
8219.9883953449  120.9377
8220.05225090122  105.5677
8220.11610116658  111.2588
8220.17994614081  87.03729
8220.24378582375  66.91096
8220.30762021523  78.02365
8220.37144931509  90.56439
8220.43527312316  59.59585
8220.49909163927  95.9756
8220.56290486325  75.00816
8220.62671279496  87.90093
8220.6905154342  93.90301
8220.75431278083  87.84956
8220.81810483466  93.98969
8220.88189159555  61.00619
8220.94567306332  78.16741
8221.00944923781  57.50219
8221.07322011885  85.88519
8221.13698570628  114.2042
8221.20074599993  80.67137
8221.26450099963  84.8941
8221.32825070524  90.54182
8221.39199511657  65.35236
8221.45573423345  73.32385
8221.51946805574  61.24231
8221.58319658326  65.66455
8221.64691981585  67.39339
8221.71063775334  85.64349
8221.77435039557  64.62232
8221.83805774238  103.1288
8221.90175979359  93.21085
8221.96545654906  93.32483
8222.0291480086  107.8955
8222.09283417207  90.42025
8222.15651503928  90.05168
8222.2201906101  76.84659
8222.28386088434  88.36073
8222.34752586184  80.91978
8222.41118554244  69.85336
8222.47483992598  79.83212
8222.53848901229  104.3648
8222.60213280121  83.18185
8222.66577129258  92.88187
8222.72940448623  85.47619
8222.79303238201  82.33643
8222.85665497974  94.0741
8222.92027227926  98.37138
8222.98388428042  101.5506
8223.04749098304  43.16575
8223.11109238697  85.82525
8223.17468849205  77.02699
8223.23827929811  85.71161
8223.30186480498  96.08494
8223.36544501252  89.59616
8223.42901992054  67.71342
8223.4925895289  93.46958
8223.55615383743  72.96418
8223.61971284597  87.25325
8223.68326655435  95.42745
8223.74681496242  31.57101
8223.81035807001  57.88955
8223.87389587696  92.31229
8223.93742838311  42.34402
8224.0009555883  53.17427
8224.06447749237  73.28021
8224.12799409515  87.82851
8224.19150539649  48.08231
8224.25501139621  93.58344
8224.31851209417  66.77882
8224.38200749021  85.00258
8224.44549758415  89.3364
8224.50898237584  87.28814
8224.57246186512  83.31451
8224.63593605182  72.12679
8224.6994049358  59.765
8224.76286851688  95.75019
8224.82632679491  95.98192
8224.88977976972  82.57046
8224.95322744116  68.84979
8225.01666980906  75.16347
8225.08010687328  57.28861
8225.14353863363  90.00635
8225.20696508998  88.27526
8225.27038624215  76.54657
8225.33380208998  87.29563
8225.39721263332  70.81576
8225.46061787201  55.2402
8225.52401780589  96.71808
8225.58741243479  67.17269
8225.65080175856  50.3034
8225.71418577705  43.86949
8225.77756449008  57.91125
8225.84093789751  58.26766
8225.90430599916  57.97081
8225.96766879489  77.36717
8226.03102628454  95.3738
8226.09437846794  72.15086
8226.15772534494  86.3483
8226.22106691538  73.00788
8226.2844031791  71.49136
8226.34773413594  79.06475
8226.41105978574  97.12165
8226.47438012835  90.55743
8226.53769516361  88.70231
8226.60100489135  67.28905
8226.66430931143  95.7066
8226.72760842368  59.95266
8226.79090222795  55.87297
8226.85419072407  12.52842
8226.9174739119  1.906636
8226.98075179126  15.58557
8227.04402436201  12.57896
8227.10729162399  38.74157
8227.17055357704  50.25485
8227.23381022101  71.34682
8227.29706155573  75.31767
8227.36030758105  60.94948
8227.42354829681  75.18279
8227.48678370285  55.09761
8227.55001379902  79.33931
8227.61323858517  84.9596
8227.67645806113  74.44646
8227.73967222675  57.49785
8227.80288108187  35.43895
8227.86608462634  57.53664
8227.92928285999  25.40162
8227.99247578268  42.22617
8228.05566339425  55.10908
8228.11884569454  1.218353
8228.18202268339  40.55283
8228.24519436065  23.966
8228.30836072616  3.636227
8228.37152177977  0.07771818
8228.43467752133  25.26066
8228.49782795067  42.57967
8228.56097306764  24.43415
8228.62411287208  37.67821
8228.68724736385  44.23376
8228.75037654278  19.5481
8228.81350040872  48.88403
8228.87661896151  26.80289
8228.939732201  42.54349
8229.00284012705  72.85638
8229.06594273947  78.33606
8229.12904003814  53.07014
8229.19213202288  49.67044
8229.25521869355  59.11355
8229.31830004999  107.183
8229.38137609206  71.73489
8229.44444681958  95.22282
8229.50751223241  42.93385
8229.5705723304  63.31443
8229.63362711338  37.60335
8229.69667658122  12.75869
8229.75972073374  41.96474
8229.82275957081  36.5608
8229.88579309225  48.08214
8229.94882129794  35.43515
8230.0118441877  66.72745
8230.07486176138  71.21715
8230.13787401883  49.78368
8230.2008809599  65.89864
8230.26388258444  55.52125
8230.32687889229  40.75116
8230.3898698833  83.17014
