3939.8954342054  0.
3939.93189722437  0.
3939.96835799791  0.
3940.00481652573  0.
3940.04127280757  58.09162
3940.07772684317  156.3641
3940.11417863225  233.1165
3940.15062817454  26.56944
3940.18707546979  113.9415
3940.22352051771  115.8854
3940.25996331804  142.6148
3940.29640387052  87.34174
3940.33284217487  81.30071
3940.36927823083  141.8497
3940.40571203813  0.4981625
3940.44214359651  119.2726
3940.47857290569  67.96842
3940.5149999654  51.84056
3940.55142477539  174.5013
3940.58784733538  8.88008
3940.62426764511  162.7698
3940.66068570431  70.62484
3940.69710151272  117.6824
3940.73351507006  71.02777
3940.76992637606  32.84589
3940.80633543048  59.33025
3940.84274223303  104.1683
3940.87914678345  34.35342
3940.91554908148  44.69819
3940.95194912684  46.79273
3940.98834691928  124.4019
3941.02474245852  80.70341
3941.06113574431  110.3545
3941.09752677637  58.81517
3941.13391555444  29.02042
3941.17030207826  163.1168
3941.20668634755  49.06372
3941.24306836206  35.84689
3941.27944812152  9.723289
3941.31582562566  84.76601
3941.35220087422  96.45485
3941.38857386694  156.1206
3941.42494460354  144.8582
3941.46131308377  9.593844
3941.49767930736  102.2824
3941.53404327404  89.23963
3941.57040498356  62.50544
3941.60676443564  12.8653
3941.64312163003  68.82262
3941.67947656645  87.0519
3941.71582924465  91.16042
3941.75217966436  45.48465
3941.78852782532  58.89349
3941.82487372726  102.9816
3941.86121736992  81.70313
3941.89755875305  65.48605
3941.93389787636  30.3014
3941.9702347396  12.83552
3942.00656934251  37.95618
3942.04290168483  21.34095
3942.07923176629  147.7255
3942.11555958662  47.4005
3942.15188514557  14.74836
3942.18820844288  35.53993
3942.22452947827  55.01509
3942.2608482515  71.06528
3942.29716476229  103.5054
3942.33347901038  80.65547
3942.36979099552  34.72563
3942.40610071744  65.56528
3942.44240817587  58.34099
3942.47871337056  22.91043
3942.51501630125  17.46468
3942.55131696767  81.51192
3942.58761536956  47.75153
3942.62391150666  39.42162
3942.66020537871  91.85247
3942.69649698545  19.40356
3942.73278632661  74.90427
3942.76907340194  59.25616
3942.80535821118  5.715256
3942.84164075406  58.61246
3942.87792103032  56.73285
3942.9141990397  31.7988
3942.95047478195  31.1508
3942.9867482568  99.70397
3943.023019464  21.19762
3943.05928840327  38.58582
3943.09555507437  4.924455
3943.13181947702  76.46999
3943.16808161098  9.140436
3943.20434147599  4.702855
3943.24059907177  51.91441
3943.27685439808  29.9791
3943.31310745465  50.73006
3943.34935824123  46.21558
3943.38560675755  53.46323
3943.42185300335  2.815246
3943.45809697839  27.72955
3943.49433868239  71.62129
3943.5305781151  81.01255
3943.56681527626  30.90101
3943.60305016561  23.0018
3943.6392827829  32.07551
3943.67551312786  15.91328
3943.71174120024  59.0798
3943.74796699978  62.61538
3943.78419052622  8.81296
3943.82041177929  18.56475
3943.85663075876  40.25672
3943.89284746435  14.41808
3943.92906189581  26.7988
3943.96527405288  86.24294
3944.0014839353  10.64176
3944.03769154283  42.86179
3944.07389687519  34.11129
3944.11009993213  76.39422
3944.1463007134  49.61541
3944.18249921873  58.45393
3944.21869544788  11.04853
3944.25488940058  45.52567
3944.29108107658  89.16229
3944.32727047562  4.541157
3944.36345759744  79.53942
3944.39964244179  3.984529
3944.43582500842  17.12506
3944.47200529706  10.67702
3944.50818330746  57.95811
3944.54435903936  53.20153
3944.58053249251  31.03065
3944.61670366666  39.19465
3944.65287256154  44.85919
3944.6890391769  19.30259
3944.72520351248  1.522953
3944.76136556804  45.56767
3944.79752534331  60.97249
3944.83368283804  26.75813
3944.86983805198  7.697771
3944.90599098487  47.77931
3944.94214163645  82.60465
3944.97829000647  35.39028
3945.01443609467  11.83823
3945.05057990081  66.34948
3945.08672142463  35.33395
3945.12286066586  8.878493
3945.15899762427  34.44505
3945.19513229958  41.20313
3945.23126469156  40.30236
3945.26739479995  14.71794
3945.30352262448  46.3624
3945.33964816492  47.89042
3945.375771421  80.61565
3945.41189239247  21.13862
3945.44801107908  41.50335
3945.48412748057  42.15429
3945.5202415967  22.07669
3945.5563534272  53.44931
3945.59246297183  18.87346
3945.62857023033  19.83507
3945.66467520245  23.18713
3945.70077788793  38.07669
3945.73687828654  16.10828
3945.772976398  48.32648
3945.80907222207  44.0543
3945.8451657585  34.73637
3945.88125700704  28.2225
3945.91734596743  48.55713
3945.95343263941  22.96225
3945.98951702275  49.50083
3946.02559911719  78.88783
3946.06167892247  32.30155
3946.09775643834  45.0951
3946.13383166456  11.84183
3946.16990460087  72.8193
3946.20597524701  44.5584
3946.24204360275  42.68811
3946.27810966783  16.69826
3946.31417344199  47.42044
3946.35023492498  59.29346
3946.38629411657  21.33372
3946.42235101648  78.30457
3946.45840562448  101.9083
3946.49445794031  72.06489
3946.53050796373  49.23167
3946.56655569448  69.07559
3946.60260113231  97.20577
3946.63864427698  41.81792
3946.67468512822  53.71449
3946.7107236858  73.11383
3946.74675994947  58.95393
3946.78279391896  82.39323
3946.81882559404  122.4493
3946.85485497446  20.21776
3946.89088205996  90.85359
3946.9269068503  23.47076
3946.96292934522  10.77667
3946.99894954448  38.24127
3947.03496744783  23.71393
3947.07098305502  14.23763
3947.1069963658  31.06062
3947.14300737992  79.71892
3947.17901609714  20.4286
3947.21502251721  15.59533
3947.25102663987  48.93869
3947.28702846488  17.69311
3947.32302799199  34.79007
3947.35902522095  27.21685
3947.39502015153  84.3942
3947.43101278345  34.06282
3947.46700311649  62.67919
3947.50299115039  24.23999
3947.5389768849  48.99405
3947.57496031979  66.03971
3947.61094145479  29.95642
3947.64692028966  35.08908
3947.68289682416  37.69981
3947.71887105804  53.79311
3947.75484299105  56.02718
3947.79081262295  86.20444
3947.82677995348  42.51319
3947.86274498241  14.02342
3947.89870770948  27.32754
3947.93466813445  50.70253
3947.97062625708  15.51363
3948.00658207711  27.3403
3948.0425355943  67.65633
3948.0784868084  10.32454
3948.11443571918  17.69673
3948.15038232637  11.03855
3948.18632662975  30.96994
3948.22226862905  63.16933
3948.25820832404  8.332704
3948.29414571448  25.9432
3948.33008080011  30.89273
3948.36601358068  16.72987
3948.40194405597  28.1459
3948.43787222571  32.72863
3948.47379808967  38.3392
3948.50972164761  9.087927
3948.54564289927  34.71641
3948.5815618444  40.61227
3948.61747848278  20.83707
3948.65339281415  62.19794
3948.68930483827  34.29765
3948.72521455489  34.50929
3948.76112196378  20.88303
3948.79702706468  38.12027
3948.83292985735  28.35533
3948.86883034156  81.0777
3948.90472851705  42.89408
3948.94062438358  56.60572
3948.97651794091  49.76908
3949.01240918879  28.94291
3949.04829812699  38.13006
3949.08418475526  19.88022
3949.12006907335  12.61113
3949.15595108102  42.91558
3949.19183077804  89.43169
3949.22770816415  55.2913
3949.26358323912  45.76435
3949.2994560027  47.22165
3949.33532645465  28.86125
3949.37119459473  38.86263
3949.40706042269  19.61416
3949.4429239383  37.55463
3949.47878514131  44.43417
3949.51464403148  90.17666
3949.55050060857  9.720407
3949.58635487233  40.21215
3949.62220682253  40.33445
3949.65805645892  57.47146
3949.69390378127  37.32034
3949.72974878932  31.01374
3949.76559148284  12.45571
3949.80143186159  42.97813
3949.83726992533  50.25259
3949.87310567382  35.41338
3949.90893910681  24.34957
3949.94477022407  35.61405
3949.98059902535  42.70879
3950.01642551041  13.5632
3950.05224967902  42.42694
3950.08807153093  26.51355
3950.12389106591  61.81833
3950.15970828371  50.10098
3950.19552318409  20.70072
3950.23133576682  44.55923
3950.26714603164  35.58387
3950.30295397834  112.7887
3950.33875960666  54.21368
3950.37456291636  42.63425
3950.41036390721  34.65799
3950.44616257897  17.26885
3950.48195893139  50.39639
3950.51775296424  54.72211
3950.55354467728  74.42218
3950.58933407027  65.25524
3950.62512114298  61.13158
3950.66090589516  25.54274
3950.69668832657  30.38823
3950.73246843698  14.68253
3950.76824622615  54.17131
3950.80402169383  26.88315
3950.8397948398  2.419855
3950.87556566381  54.77431
3950.91133416563  35.80603
3950.94710034502  39.25533
3950.98286420174  27.76531
3951.01862573554  51.34724
3951.05438494621  74.72433
3951.09014183349  13.21697
3951.12589639716  53.29282
3951.16164863696  33.28515
3951.19739855268  59.81357
3951.23314614406  69.94476
3951.26889141088  60.3158
3951.30463435289  60.94665
3951.34037496986  41.17008
3951.37611326155  48.60102
3951.41184922773  62.03323
3951.44758286816  46.68026
3951.4833141826  39.03806
3951.51904317082  18.80341
3951.55476983258  23.33252
3951.59049416765  38.41313
3951.62621617578  42.92766
3951.66193585675  64.04755
3951.69765321032  37.55299
3951.73336823624  40.3195
3951.7690809343  42.8308
3951.80479130425  47.68552
3951.84049934585  55.90132
3951.87620505887  52.10231
3951.91190844308  44.97724
3951.94760949825  36.79365
3951.98330822412  18.78391
3952.01900462048  24.42372
3952.05469868709  35.45643
3952.09039042371  31.238
3952.1260798301  46.90229
3952.16176690604  18.26137
3952.19745165129  31.48024
3952.23313406562  12.57279
3952.26881414878  67.99506
3952.30449190056  26.78624
3952.34016732071  40.23961
3952.37584040899  55.35187
3952.41151116518  50.70638
3952.44717958905  56.07712
3952.48284568036  56.87067
3952.51850943887  61.19784
3952.55417086435  17.6382
3952.58982995657  73.27753
3952.6254867153  29.63425
3952.6611411403  36.82085
3952.69679323135  49.1143
3952.7324429882  41.27845
3952.76809041063  50.3434
3952.8037354984  73.13538
3952.83937825128  52.99711
3952.87501866904  24.47573
3952.91065675145  59.39153
3952.94629249827  46.04063
3952.98192590927  60.53731
3953.01755698422  76.217
3953.05318572289  46.92298
3953.08881212505  51.31583
3953.12443619047  62.84282
3953.1600579189  26.0549
3953.19567731013  19.69539
3953.23129436392  37.00865
3953.26690908004  12.73485
3953.30252145826  34.37641
3953.33813149835  12.66251
3953.37373920007  20.95523
3953.4093445632  83.79863
3953.44494758751  28.08645
3953.48054827276  14.72016
3953.51614661873  23.19725
3953.55174262518  32.49871
3953.58733629188  36.50473
3953.62292761861  7.282525
3953.65851660513  56.10379
3953.69410325122  52.84026
3953.72968755664  25.96773
3953.76526952116  42.10727
3953.80084914456  59.8227
3953.8364264266  11.68043
3953.87200136706  12.89429
3953.90757396571  41.49979
3953.94314422231  54.43955
3953.97871213664  7.883139
3954.01427770847  38.41712
3954.04984093757  33.56422
3954.08540182371  22.35301
3954.12096036667  81.14587
3954.15651656621  51.32443
3954.1920704221  36.94731
3954.22762193412  47.40321
3954.26317110204  53.71265
3954.29871792563  30.90193
3954.33426240466  42.29932
3954.3698045389  57.08322
3954.40534432813  37.46012
3954.44088177212  30.36552
3954.47641687065  48.50439
3954.51194962347  45.95363
3954.54748003037  73.77958
3954.58300809112  69.07211
3954.61853380549  20.0617
3954.65405717326  61.07282
3954.68957819419  70.40396
3954.72509686806  33.64725
3954.76061319464  64.4812
3954.79612717371  53.70899
3954.83163880504  30.20168
3954.8671480884  82.21043
3954.90265502357  78.44444
3954.93815961032  45.99615
3954.97366184842  46.34207
3955.00916173765  65.7927
3955.04465927778  46.35665
3955.08015446859  22.65912
3955.11564730985  50.33572
3955.15113780133  43.19559
3955.18662594281  31.19379
3955.22211173406  44.22483
3955.25759517486  8.440721
3955.29307626498  65.61729
3955.3285550042  72.76254
3955.36403139229  62.82313
3955.39950542903  42.5239
3955.43497711418  61.42406
3955.47044644754  45.70799
3955.50591342886  40.80186
3955.54137805794  8.332513
3955.57684033454  51.00736
3955.61230025843  60.02901
3955.6477578294  30.27688
3955.68321304722  37.55733
3955.71866591166  28.99062
3955.75411642251  55.86497
3955.78956457953  27.71751
3955.82501038251  49.34678
3955.86045383122  71.20721
3955.89589492543  63.50743
3955.93133366493  43.44013
3955.96677004949  58.44641
3956.00220407888  21.95624
3956.03763575289  35.95498
3956.07306507128  38.38265
3956.10849203385  32.00462
3956.14391664036  58.24459
3956.17933889058  5.049958
3956.21475878431  57.62705
3956.25017632132  63.75711
3956.28559150137  38.75303
3956.32100432426  48.87695
3956.35641478976  36.15058
3956.39182289764  77.36921
3956.42722864769  33.73134
3956.46263203968  39.68322
3956.49803307339  26.17989
3956.5334317486  38.95579
3956.56882806509  41.55956
3956.60422202263  48.25658
3956.63961362101  62.50853
3956.67500285999  40.31179
3956.71038973937  49.4924
3956.74577425893  23.86929
3956.78115641843  19.46217
3956.81653621766  47.77432
3956.85191365639  41.89179
3956.88728873441  45.39991
3956.9226614515  10.11948
3956.95803180744  33.02823
3956.993399802  4.502659
3957.02876543496  24.40856
3957.06412870611  41.40323
3957.09948961522  22.92403
3957.13484816208  27.49029
3957.17020434646  20.26458
3957.20555816814  29.33881
3957.24090962691  18.47504
3957.27625872255  40.53432
3957.31160545483  31.82197
3957.34694982353  21.70751
3957.38229182845  19.08677
3957.41763146935  32.64684
3957.45296874601  33.45165
3957.48830365823  30.7474
3957.52363620578  42.22843
3957.55896638844  38.82066
3957.59429420599  40.57335
3957.62961965822  60.45613
3957.6649427449  13.0819
3957.70026346582  32.72301
3957.73558182076  57.87067
3957.7708978095  57.86958
3957.80621143182  54.97383
3957.84152268751  18.44987
3957.87683157634  29.58017
3957.9121380981  53.18515
3957.94744225257  55.16851
3957.98274403954  34.49294
3958.01804345878  44.82014
3958.05334051009  36.65252
3958.08863519323  65.68374
3958.123927508  63.39093
3958.15921745417  66.68558
3958.19450503153  42.67764
3958.22979023987  61.34197
3958.26507307897  52.06841
3958.3003535486  47.96505
3958.33563164856  46.94431
3958.37090737862  56.73159
3958.40618073858  25.40095
3958.4414517282  71.38068
3958.47672034729  36.72659
3958.51198659562  40.11265
3958.54725047297  19.81046
3958.58251197914  32.3597
3958.6177711139  33.01373
3958.65302787703  40.80526
3958.68828226833  50.09234
3958.72353428758  28.66091
3958.75878393456  45.96947
3958.79403120906  22.796
3958.82927611085  27.79435
3958.86451863974  18.75894
3958.8997587955  15.53079
3958.93499657791  11.78353
3958.97023198677  34.32329
3959.00546502185  37.71676
3959.04069568295  38.88075
3959.07592396984  37.1139
3959.11114988232  6.839607
3959.14637342017  27.65842
3959.18159458318  51.58155
3959.21681337113  48.59803
3959.2520297838  22.85362
3959.28724382099  41.27803
3959.32245548248  24.33438
3959.35766476806  49.78699
3959.39287167751  53.07158
3959.42807621062  70.96555
3959.46327836717  62.10704
3959.49847814696  50.58055
3959.53367554977  51.22572
3959.56887057539  30.82587
3959.6040632236  50.42164
3959.63925349419  72.13064
3959.67444138696  35.5687
3959.70962690167  54.5626
3959.74481003814  36.41439
3959.77999079613  60.93377
3959.81516917544  42.49029
3959.85034517586  56.30879
3959.88551879717  58.37469
3959.92069003917  47.86604
3959.95585890164  58.01632
3959.99102538436  23.64078
3960.02618948713  69.53284
3960.06135120974  46.28187
3960.09651055198  59.70033
3960.13166751362  62.05977
3960.16682209447  67.98815
3960.20197429431  48.60653
3960.23712411293  66.80082
3960.27227155011  53.93685
3960.30741660566  62.41209
3960.34255927935  21.96143
3960.37769957097  30.26573
3960.41283748033  45.0736
3960.44797300719  30.00508
3960.48310615137  80.61718
3960.51823691263  36.64095
3960.55336529078  41.71444
3960.58849128561  60.5025
3960.6236148969  63.2332
3960.65873612444  52.49857
3960.69385496803  37.51111
3960.72897142746  50.36468
3960.76408550251  59.91418
3960.79919719297  64.64879
3960.83430649865  92.61265
3960.86941341932  27.39699
3960.90451795477  51.10475
3960.93962010481  51.13462
3960.97471986922  41.84464
3961.00981724779  19.57645
3961.04491224032  55.42416
3961.08000484658  42.40271
3961.11509506639  28.94812
3961.15018289952  41.19545
3961.18526834577  37.85202
3961.22035140493  45.63302
3961.25543207679  38.51422
3961.29051036115  29.24895
3961.3255862578  27.68868
3961.36065976652  46.99545
3961.39573088712  25.5347
3961.43079961938  22.23124
3961.46586596309  44.41546
3961.50092991806  34.84706
3961.53599148406  42.16311
3961.5710506609  55.73802
3961.60610744837  39.52263
3961.64116184626  52.91335
3961.67621385436  36.70493
3961.71126347246  35.3952
3961.74631070037  47.27682
3961.78135553787  20.04515
3961.81639798476  27.70438
3961.85143804083  37.41622
3961.88647570587  17.58537
3961.92151097968  21.03402
3961.95654386205  19.35114
3961.99157435278  12.23083
3962.02660245166  28.0407
3962.06162815848  18.38249
3962.09665147304  10.17111
3962.13167239514  26.59476
3962.16669092456  21.38295
3962.20170706111  20.7595
3962.23672080457  26.52048
3962.27173215474  12.09266
3962.30674111142  49.61958
3962.3417476744  6.568687
3962.37675184348  32.41765
3962.41175361845  35.94761
3962.44675299911  15.50624
3962.48174998525  30.39485
3962.51674457667  25.64082
3962.55173677317  18.5428
3962.58672657453  19.14706
3962.62171398056  40.19069
3962.65669899106  27.08654
3962.69168160581  37.46861
3962.72666182461  19.65117
3962.76163964727  8.1053
3962.79661507357  27.14334
3962.83158810332  15.15367
3962.8665587363  28.55762
3962.90152697233  24.5942
3962.93649281118  13.46112
3962.97145625267  26.75594
3963.00641729658  39.32593
3963.04137594272  18.56411
3963.07633219088  30.40423
3963.11128604085  38.41627
3963.14623749245  39.36203
3963.18118654546  45.41422
3963.21613319968  34.51055
3963.2510774549  55.94694
3963.28601931094  45.24286
3963.32095876758  32.7882
3963.35589582462  20.28986
3963.39083048186  35.71784
3963.42576273911  35.30109
3963.46069259615  36.47523
3963.49562005278  28.34229
3963.53054510881  44.33149
3963.56546776403  19.7843
3963.60038801825  25.52688
3963.63530587125  27.7
3963.67022132285  32.20699
3963.70513437283  49.09134
3963.740045021  37.1614
3963.77495326716  26.36299
3963.8098591111  21.75091
3963.84476255263  50.27586
3963.87966359154  40.60643
3963.91456222764  28.45476
3963.94945846073  27.14185
3963.98435229059  38.21543
3964.01924371704  22.32797
3964.05413273988  28.97854
3964.0890193589  22.4518
3964.12390357391  28.80754
3964.1587853847  25.99167
3964.19366479107  24.83726
3964.22854179284  28.13866
3964.26341638979  17.80272
3964.29828858172  26.36295
3964.33315836845  34.6712
3964.36802574976  30.25653
3964.40289072547  21.16518
3964.43775329536  36.05212
3964.47261345925  23.68156
3964.50747121694  28.5988
3964.54232656822  27.40463
3964.57717951289  40.56015
3964.61203005077  30.26157
3964.64687818165  27.83197
3964.68172390533  31.26473
3964.71656722161  48.89653
3964.7514081303  25.69481
3964.7862466312  26.40591
3964.82108272411  24.34297
3964.85591640884  33.80674
3964.89074768518  21.28054
3964.92557655294  30.78694
3964.96040301192  28.94766
3964.99522706193  30.54457
3965.03004870276  34.27079
3965.06486793422  24.85293
3965.09968475612  20.78601
3965.13449916825  29.00891
3965.16931117042  21.34893
3965.20412076244  26.46505
3965.2389279441  35.21368
3965.27373271521  8.431548
3965.30853507558  13.63547
3965.34333502501  29.54824
3965.37813256329  29.49475
3965.41292769025  22.21187
3965.44772040567  23.93359
3965.48251070937  16.616
3965.51729860114  26.75559
3965.5520840808  16.68158
3965.58686714815  25.92135
3965.62164780299  38.62428
3965.65642604512  30.44831
3965.69120187436  28.26627
3965.7259752905  17.12324
3965.76074629336  42.25599
3965.79551488273  30.04633
3965.83028105842  23.13796
3965.86504482025  24.19958
3965.899806168  9.972048
3965.9345651015  22.23729
3965.96932162053  34.46474
3966.00407572492  8.359266
3966.03882741447  9.021202
3966.07357668897  42.7716
3966.10832354825  40.02129
3966.14306799209  20.03928
3966.17781002032  36.9637
3966.21254963273  12.59542
3966.24728682914  27.03043
3966.28202160935  37.2492
3966.31675397316  28.26657
3966.35148392039  32.86248
3966.38621145084  33.68553
3966.42093656431  10.42309
3966.45565926062  28.25793
3966.49037953957  23.90067
3966.52509740097  27.03775
3966.55981284463  14.48174
3966.59452587034  32.83204
3966.62923647794  36.60283
3966.6639446672  22.92086
3966.69865043796  18.89123
3966.73335379001  25.77026
3966.76805472316  22.64092
3966.80275323722  38.80089
3966.83744933201  26.70651
3966.87214300732  18.02956
3966.90683426296  34.645
3966.94152309875  28.44169
3966.97620951449  20.09739
3967.01089350999  10.5753
3967.04557508507  26.45947
3967.08025423952  9.363582
3967.11493097316  33.68529
3967.1496052858  43.98376
3967.18427717724  22.08246
3967.21894664731  17.46806
3967.25361369579  40.76111
3967.28827832251  32.25216
3967.32294052728  31.9838
3967.3576003099  42.54555
3967.39225767019  51.97023
3967.42691260794  39.55296
3967.46156512299  23.9861
3967.49621521512  36.21101
3967.53086288417  21.032
3967.56550812992  15.16362
3967.6001509522  33.4412
3967.63479135082  42.50704
3967.66942932559  44.243
3967.70406487631  47.48289
3967.7386980028  36.39035
3967.77332870487  51.83088
3967.80795698233  37.07009
3967.84258283499  56.63325
3967.87720626266  49.03733
3967.91182726516  51.77591
3967.94644584229  42.81445
3967.98106199387  56.39644
3968.01567571971  69.45559
3968.05028701963  42.16605
3968.08489589342  49.29194
3968.1195023409  40.24373
3968.1541063619  43.46121
3968.18870795621  51.05877
3968.22330712365  42.91251
3968.25790386404  50.59097
3968.29249817718  66.79943
3968.32709006289  41.48763
3968.36167952099  54.10952
3968.39626655127  45.28645
3968.43085115357  52.64513
3968.46543332768  57.27972
3968.50001307343  58.3508
3968.53459039062  49.19687
3968.56916527907  56.59844
3968.6037377386  62.69251
3968.63830776901  65.158
3968.67287537012  62.50155
3968.70744054175  65.83619
3968.7420032837  56.16638
3968.77656359579  65.69306
3968.81112147785  101.1691
3968.84567692967  70.60531
3968.88022995107  92.14886
3968.91478054187  66.92213
3968.94932870189  92.1839
3968.98387443093  63.12577
3969.01841772882  87.12589
3969.05295859536  78.48306
3969.08749703037  78.72079
3969.12203303367  69.52264
3969.15656660507  67.59597
3969.19109774439  96.67989
3969.22562645144  105.0532
3969.26015272603  87.17132
3969.29467656799  97.05836
3969.32919797713  82.64266
3969.36371695326  94.93519
3969.39823349621  100.3671
3969.43274760577  109.2626
3969.46725928178  86.2067
3969.50176852405  84.52062
3969.53627533239  77.87144
3969.57077970662  92.18115
3969.60528164655  110.4092
3969.63978115201  65.00465
3969.67427822281  72.24789
3969.70877285876  68.54389
3969.74326505969  83.65971
3969.77775482541  67.77316
3969.81224215573  63.34241
3969.84672705048  81.70703
3969.88120950947  58.6247
3969.91568953252  84.86499
3969.95016711944  66.44734
3969.98464227006  70.2481
3970.01911498419  60.44776
3970.05358526164  62.09643
3970.08805310225  51.49054
3970.12251850581  58.66217
3970.15698147216  55.12357
3970.19144200111  45.92809
3970.22590009248  73.74237
3970.26035574608  65.12292
3970.29480896174  65.81895
3970.32925973928  46.59148
3970.3637080785  72.19615
3970.39815397924  60.12941
3970.43259744131  42.87282
3970.46703846452  35.9541
3970.50147704871  53.1151
3970.53591319368  45.47779
3970.57034689926  54.17781
3970.60477816526  57.94347
3970.63920699151  41.90928
3970.67363337782  54.12374
3970.70805732402  35.36607
3970.74247882992  55.58794
3970.77689789535  48.24951
3970.81131452011  45.05278
3970.84572870405  42.82515
3970.88014044696  31.31538
3970.91454974868  38.21947
3970.94895660903  34.99516
3970.98336102782  38.1837
3971.01776300488  32.49537
3971.05216254002  25.03951
3971.08655963307  22.15772
3971.12095428384  35.37207
3971.15534649217  36.19559
3971.18973625786  28.90395
3971.22412358075  34.39078
3971.25850846065  27.41919
3971.29289089738  31.68682
3971.32727089077  28.50739
3971.36164844064  35.24397
3971.3960235468  37.54346
3971.43039620908  15.83315
3971.46476642731  32.89723
3971.4991342013  34.64401
3971.53349953087  19.66932
3971.56786241586  32.06807
3971.60222285607  31.41293
3971.63658085134  37.00796
3971.67093640148  34.19428
3971.70528950632  32.48595
3971.73964016569  31.29082
3971.77398837939  27.22349
3971.80833414726  22.64882
3971.84267746913  33.60809
3971.8770183448  18.49251
3971.91135677411  52.2971
3971.94569275688  27.43609
3971.98002629293  36.16153
3972.01435738209  39.78151
3972.04868602418  29.36839
3972.08301221902  32.70953
3972.11733596644  32.86835
3972.15165726626  33.63822
3972.1859761183  33.33579
3972.2202925224  36.82374
3972.25460647836  29.81813
3972.28891798603  33.18324
3972.32322704522  21.88026
3972.35753365575  28.07434
3972.39183781746  36.67146
3972.42613953016  28.30723
3972.46043879369  54.13668
3972.49473560786  40.11604
3972.5290299725  32.45925
3972.56332188743  15.57774
3972.59761135249  42.41279
3972.6318983675  26.72686
3972.66618293227  39.4448
3972.70046504665  41.38275
3972.73474471045  33.13798
3972.7690219235  32.33313
3972.80329668562  27.04193
3972.83756899664  31.97902
3972.87183885639  21.83258
3972.9061062647  33.61919
3972.94037122138  27.87133
3972.97463372627  31.34779
3973.0088937792  44.53054
3973.04315137998  18.22606
3973.07740652844  32.52488
3973.11165922442  51.51508
3973.14590946774  44.64691
3973.18015725823  31.14684
3973.21440259571  40.25747
3973.24864548001  34.20306
3973.28288591095  38.14298
3973.31712388838  25.74522
3973.3513594121  36.98252
3973.38559248196  28.04593
3973.41982309777  30.11557
3973.45405125937  42.67319
3973.48827696658  35.85617
3973.52250021924  40.46103
3973.55672101716  35.12041
3973.59093936018  23.38349
3973.62515524813  26.91441
3973.65936868084  27.49784
3973.69357965813  26.70266
3973.72778817983  25.86202
3973.76199424577  32.5491
3973.79619785577  34.17757
3973.83039900968  26.67113
3973.86459770732  43.46254
3973.89879394851  29.42686
3973.93298773309  39.27222
3973.96717906088  37.38809
3974.00136793172  36.66576
3974.03555434543  24.50414
3974.06973830184  13.36364
3974.10391980079  28.97501
3974.1380988421  34.66598
3974.17227542561  35.02219
3974.20644955114  37.19633
3974.24062121852  26.09334
3974.27479042758  41.4576
3974.30895717816  29.48781
3974.34312147009  30.58542
3974.37728330319  19.33174
3974.41144267729  34.90265
3974.44559959223  19.0977
3974.47975404784  43.43236
3974.51390604395  32.67343
3974.54805558038  24.0407
3974.58220265698  20.37016
3974.61634727357  26.3358
3974.65048942998  38.53774
3974.68462912604  14.84368
3974.7187663616  32.56248
3974.75290113647  25.91401
3974.78703345049  15.2572
3974.82116330349  32.85484
3974.8552906953  30.9811
3974.88941562576  20.1728
3974.9235380947  32.33455
3974.95765810195  25.79398
3974.99177564734  29.86927
3975.0258907307  35.99087
3975.06000335188  39.91985
3975.09411351069  33.44199
3975.12822120698  21.31681
3975.16232644057  26.16364
3975.1964292113  33.28841
3975.230529519  25.73047
3975.26462736351  34.1795
3975.29872274466  45.87902
3975.33281566228  30.35293
3975.3669061162  30.49745
3975.40099410627  38.38831
3975.4350796323  41.02794
3975.46916269415  38.9598
3975.50324329163  35.84937
3975.53732142459  33.62485
3975.57139709285  40.22317
3975.60547029627  33.97261
3975.63954103465  32.42665
3975.67360930785  30.90208
3975.7076751157  34.81406
3975.74173845802  41.639
3975.77579933466  36.33107
3975.80985774546  38.6665
3975.84391369023  47.77453
3975.87796716883  29.9663
3975.91201818109  43.07032
3975.94606672683  47.81908
3975.9801128059  38.94805
3976.01415641813  45.81011
3976.04819756336  43.1753
3976.08223624142  44.16581
3976.11627245216  39.20607
3976.15030619539  48.16653
3976.18433747097  26.44314
3976.21836627872  50.72153
3976.25239261848  41.36399
3976.2864164901  49.42128
3976.3204378934  44.8299
3976.35445682822  48.80259
3976.3884732944  34.00945
3976.42248729177  31.63528
3976.45649882018  44.92908
3976.49050787945  33.55376
3976.52451446943  39.95191
3976.55851858996  34.55138
3976.59252024086  57.64837
3976.62651942198  36.19825
3976.66051613315  53.5638
3976.69451037422  42.58286
3976.72850214502  34.13485
3976.76249144538  39.87887
3976.79647827515  45.37693
3976.83046263416  48.85777
3976.86444452226  32.83078
3976.89842393927  42.58232
3976.93240088504  44.44296
3976.9663753594  48.43246
3977.0003473622  29.14231
3977.03431689328  28.59747
3977.06828395246  29.84999
3977.10224853959  37.6199
3977.13621065452  39.64297
3977.17017029707  34.3287
3977.20412746708  14.86823
3977.23808216441  28.72927
3977.27203438887  38.21881
3977.30598414033  28.98571
3977.3399314186  16.31453
3977.37387622354  35.09655
3977.40781855498  38.17262
3977.44175841277  36.28069
3977.47569579674  44.77617
3977.50963070673  47.73818
3977.54356314258  14.425
3977.57749310414  30.15501
3977.61142059123  35.06381
3977.64534560372  36.06424
3977.67926814142  29.08307
3977.71318820419  43.2166
3977.74710579187  45.07529
3977.78102090429  42.97846
3977.81493354129  48.85038
3977.84884370273  40.30195
3977.88275138843  49.11533
3977.91665659825  31.87844
3977.95055933201  43.46613
3977.98445958957  41.41478
3978.01835737076  47.55722
3978.05225267542  49.2422
3978.0861455034  52.02845
3978.12003585455  62.14114
3978.15392372869  39.77304
3978.18780912567  49.59308
3978.22169204535  66.55571
3978.25557248754  35.23298
3978.28945045211  31.16006
3978.32332593889  38.34379
3978.35719894772  55.39526
3978.39106947845  44.13354
3978.42493753092  61.90594
3978.45880310497  47.98592
3978.49266620045  44.47483
3978.52652681719  44.07938
3978.56038495504  61.63265
3978.59424061386  38.89873
3978.62809379346  46.17764
3978.66194449371  31.81789
3978.69579271445  55.88356
3978.72963845551  48.55198
3978.76348171674  48.35611
3978.79732249799  41.22068
3978.8311607991  45.97421
3978.86499661992  34.64835
3978.89882996028  33.73479
3978.93266082003  45.59225
3978.96648919902  40.77296
3979.00031509709  20.98485
3979.03413851409  59.41434
3979.06795944986  41.28954
3979.10177790424  43.05495
3979.13559387708  42.27427
3979.16940736823  38.19204
3979.20321837752  41.3413
3979.23702690481  44.95963
3979.27083294994  43.89401
3979.30463651276  36.03666
3979.33843759311  64.03111
3979.37223619083  65.97334
3979.40603230578  53.23379
3979.43982593779  39.62091
3979.47361708671  56.84282
3979.5074057524  52.24566
3979.54119193469  45.27407
3979.57497563344  49.81327
3979.60875684848  37.34145
3979.64253557966  47.23965
3979.67631182684  55.90137
3979.71008558986  56.21532
3979.74385686856  58.95591
3979.77762566278  69.29407
3979.81139197239  49.65231
3979.84515579722  33.14214
3979.87891713713  55.75401
3979.91267599195  50.17945
3979.94643236154  66.19424
3979.98018624575  48.9456
3980.01393764441  59.30561
3980.04768655739  70.22623
3980.08143298452  46.11933
3980.11517692565  45.56277
3980.14891838064  58.23809
3980.18265734932  53.15654
3980.21639383156  40.0218
3980.25012782719  37.65512
3980.28385933607  37.57398
3980.31758835804  44.97887
3980.35131489295  30.29785
3980.38503894065  52.28439
3980.418760501  55.05048
3980.45247957383  61.70198
3980.48619615899  44.46785
3980.51991025634  43.15042
3980.55362186573  59.5224
3980.587330987  38.59758
3980.62103762001  40.86383
3980.65474176459  43.23078
3980.68844342061  43.36665
3980.72214258792  50.95835
3980.75583926635  44.17083
3980.78953345577  55.55997
3980.82322515601  56.70887
3980.85691436694  64.3381
3980.8906010884  45.18597
3980.92428532025  59.74681
3980.95796706232  67.12936
3980.99164631448  66.69312
3981.02532307657  45.56003
3981.05899734845  54.3704
3981.09266912996  65.20433
3981.12633842096  52.009
3981.16000522129  42.11439
3981.19366953081  69.48685
3981.22733134937  43.15195
3981.26099067682  51.58552
3981.29464751301  71.13916
3981.3283018578  51.40271
3981.36195371102  77.78726
3981.39560307255  55.43086
3981.42924994222  63.44186
3981.46289431989  58.26829
3981.49653620542  63.74776
3981.53017559865  55.13113
3981.56381249943  60.84455
3981.59744690763  57.66882
3981.63107882308  59.68687
3981.66470824565  62.73425
3981.69833517518  43.53209
3981.73195961153  43.0279
3981.76558155455  50.5999
3981.7992010041  47.81806
3981.83281796003  55.45504
3981.86643242218  53.51993
3981.90004439042  48.57169
3981.93365386459  40.12622
3981.96726084456  55.30182
3982.00086533017  55.84592
3982.03446732128  44.14861
3982.06806681773  40.26289
3982.1016638194  50.54114
3982.13525832612  39.70174
3982.16885033775  48.771
3982.20243985415  51.94961
3982.23602687518  59.06789
3982.26961140067  52.37748
3982.3031934305  30.07989
3982.33677296452  42.32825
3982.37035000257  50.21618
3982.40392454451  44.15867
3982.43749659021  47.55069
3982.47106613951  34.97603
3982.50463319226  53.45683
3982.53819774833  42.89552
3982.57175980757  47.40411
3982.60531936984  37.43771
3982.63887643498  61.77696
3982.67243100286  59.49947
3982.70598307333  44.39495
3982.73953264625  34.88949
3982.77307972147  42.5642
3982.80662429884  44.21009
3982.84016637824  30.04852
3982.8737059595  42.0526
3982.90724304249  46.79218
3982.94077762707  48.67904
3982.97430971308  36.63774
3983.00783930039  31.72645
3983.04136638885  49.11538
3983.07489097833  32.4799
3983.10841306867  55.56145
3983.14193265973  50.59858
3983.17544975138  30.49789
3983.20896434346  42.25975
3983.24247643584  45.47825
3983.27598602838  59.24875
3983.30949312092  55.87753
3983.34299771333  43.53913
3983.37649980546  37.84827
3983.40999939718  50.23656
3983.44349648834  48.74846
3983.4769910788  43.88081
3983.51048316842  67.60857
3983.54397275705  41.89276
3983.57745984455  50.96703
3983.61094443079  48.24326
3983.64442651562  44.49039
3983.6779060989  38.29287
3983.71138318049  45.47859
3983.74485776024  61.61066
3983.77832983802  45.53962
3983.81179941368  40.22504
3983.84526648709  41.89416
3983.8787310581  51.90227
3983.91219312657  46.9887
3983.94565269237  55.54929
3983.97910975535  52.94065
3984.01256431536  40.62568
3984.04601637228  57.73048
3984.07946592596  46.54485
3984.11291297626  53.28953
3984.14635752304  52.66168
3984.17979956616  55.60432
3984.21323910548  37.85953
3984.24667614087  52.70852
3984.28011067217  36.67275
3984.31354269926  47.16868
3984.34697222199  46.17743
3984.38039924023  37.93779
3984.41382375382  56.6806
3984.44724576265  40.68764
3984.48066526656  39.68438
3984.51408226542  32.73388
3984.54749675909  35.30408
3984.58090874743  33.60963
3984.6143182303  33.18064
3984.64772520756  35.87404
3984.68112967908  41.68849
3984.71453164472  44.30042
3984.74793110433  40.94404
3984.78132805779  43.97129
3984.81472250494  37.64302
3984.84811444567  31.80202
3984.88150387982  45.79778
3984.91489080726  47.51645
3984.94827522785  56.76587
3984.98165714146  40.7625
3985.01503654794  44.71142
3985.04841344717  42.85303
3985.081787839  42.44613
3985.11515972329  41.29647
3985.14852909991  42.63538
3985.18189596873  28.27494
3985.2152603296  48.76712
3985.24862218239  51.91838
3985.28198152697  37.05865
3985.31533836319  56.64925
3985.34869269091  59.52472
3985.38204451002  44.1213
3985.41539382036  41.46689
3985.4487406218  23.1179
3985.48208491421  47.58648
3985.51542669745  45.94413
3985.54876597138  58.1955
3985.58210273588  49.97935
3985.61543699079  49.70199
3985.64876873599  40.8522
3985.68209797135  40.79146
3985.71542469672  57.06017
3985.74874891198  60.65358
3985.78207061698  42.63664
3985.8153898116  57.07639
3985.8487064957  65.23248
3985.88202066913  48.5107
3985.91533233178  57.04591
3985.9486414835  35.80142
3985.98194812416  50.46346
3986.01525225362  48.99153
3986.04855387176  47.74462
3986.08185297844  54.13461
3986.11514957352  54.0551
3986.14844365686  47.04322
3986.18173522835  55.02626
3986.21502428783  45.3131
3986.24831083519  57.57218
3986.28159487028  28.54289
3986.31487639297  46.4959
3986.34815540314  33.09185
3986.38143190063  49.53264
3986.41470588533  63.92842
3986.4479773571  42.44775
3986.48124631581  56.54645
3986.51451276132  49.66774
3986.5477766935  67.37435
3986.58103811222  55.60608
3986.61429701735  41.68347
3986.64755340875  48.2521
3986.6808072863  57.78123
3986.71405864985  40.01783
3986.74730749928  49.41873
3986.78055383446  59.41121
3986.81379765525  39.02635
3986.84703896153  47.05569
3986.88027775316  40.89767
3986.91351403  46.51176
3986.94674779194  49.96684
3986.97997903883  43.82473
3987.01320777054  45.69533
3987.04643398696  42.74516
3987.07965768793  47.68474
3987.11287887334  43.65371
3987.14609754305  51.9819
3987.17931369693  45.2886
3987.21252733485  33.12211
3987.24573845668  46.19382
3987.27894706229  43.88614
3987.31215315155  33.60316
3987.34535672433  42.75047
3987.3785577805  37.26686
3987.41175631993  34.09161
3987.44495234249  40.11777
3987.47814584805  56.18635
3987.51133683648  29.45137
3987.54452530765  35.05687
3987.57771126143  44.65807
3987.61089469769  46.36207
3987.64407561631  36.99558
3987.67725401714  32.86702
3987.71042990008  32.98659
3987.74360326497  33.96228
3987.77677411171  33.93918
3987.80994244015  25.64377
3987.84310825017  57.5473
3987.87627154164  51.55537
3987.90943231444  37.34031
3987.94259056843  42.6329
3987.97574630348  58.06812
3988.00889951947  41.55293
3988.04205021627  56.65494
3988.07519839375  46.74089
3988.10834405179  36.15969
3988.14148719025  58.46852
3988.17462780901  44.98033
3988.20776590794  63.48855
3988.24090148692  65.77885
3988.27403454581  47.32398
3988.30716508449  47.44466
3988.34029310283  54.19155
3988.37341860071  53.86
3988.40654157799  45.66869
3988.43966203456  35.6935
3988.47277997028  61.63533
3988.50589538502  51.90384
3988.53900827867  42.12352
3988.5721186511  48.61337
3988.60522650217  39.12077
3988.63833183177  47.45031
3988.67143463976  59.62962
3988.70453492602  64.39715
3988.73763269043  52.70173
3988.77072793285  53.98975
3988.80382065317  59.54208
3988.83691085126  43.62733
3988.86999852699  53.3904
3988.90308368023  47.64917
3988.93616631087  49.20105
3988.96924641877  41.61623
3989.00232400381  51.17194
3989.03539906587  35.13381
3989.06847160483  58.16055
3989.10154162054  55.59344
3989.1346091129  50.5445
3989.16767408178  54.32885
3989.20073652705  50.78541
3989.23379644859  53.45911
3989.26685384627  69.75242
3989.29990871998  47.93018
3989.33296106957  43.873
3989.36601089495  51.44909
3989.39905819597  45.0719
3989.43210297251  53.09738
3989.46514522446  32.51068
3989.49818495168  48.54808
3989.53122215405  62.99682
3989.56425683146  40.0685
3989.59728898378  37.38342
3989.63031861088  37.24781
3989.66334571264  58.30573
3989.69637028894  64.20599
3989.72939233965  52.61591
3989.76241186466  52.18481
3989.79542886384  44.34152
3989.82844333706  47.93682
3989.86145528421  47.03438
3989.89446470517  46.45837
3989.9274715998  47.10048
3989.96047596799  43.48077
3989.99347780962  60.17369
3990.02647712457  59.33164
3990.0594739127  43.61084
3990.09246817391  47.64493
3990.12545990807  45.68439
3990.15844911506  41.79794
3990.19143579475  38.89923
3990.22441994703  31.58697
3990.25740157177  59.79118
3990.29038066886  45.8421
3990.32335723817  44.35752
3990.35633127958  51.96524
3990.38930279297  47.66053
3990.42227177822  40.90712
3990.45523823521  50.95141
3990.48820216381  49.41665
3990.52116356392  48.81585
3990.5541224354  33.09187
3990.58707877815  41.55958
3990.62003259203  49.84536
3990.65298387693  38.64189
3990.68593263272  56.2433
3990.7188788593  45.36714
3990.75182255653  34.53489
3990.78476372431  54.47663
3990.8177023625  35.56736
3990.85063847099  31.73233
3990.88357204967  43.52247
3990.9165030984  48.42101
3990.94943161708  41.18693
3990.98235760558  42.32412
3991.01528106379  50.27272
3991.04820199159  39.54561
3991.08112038885  49.98266
3991.11403625546  43.10827
3991.1469495913  56.7373
3991.17986039626  75.51628
3991.21276867021  53.3053
3991.24567441303  41.66482
3991.27857762461  55.173
3991.31147830484  52.42923
3991.34437645358  42.02378
3991.37727207073  52.27406
3991.41016515617  54.42264
3991.44305570977  40.15171
3991.47594373143  47.13951
3991.50882922103  55.56667
3991.54171217844  54.11506
3991.57459260355  48.23868
3991.60747049624  47.59029
3991.6403458564  55.66754
3991.67321868391  47.46425
3991.70608897866  57.85565
3991.73895674052  60.91197
3991.77182196938  69.44495
3991.80468466512  53.32357
3991.83754482763  55.8721
3991.87040245679  58.94192
3991.90325755249  33.50375
3991.9361101146  58.49383
3991.96896014302  65.52506
3992.00180763763  34.07233
3992.03465259831  41.40833
3992.06749502494  46.41156
3992.10033491741  40.91328
3992.13317227561  59.43724
3992.16600709942  56.58573
3992.19883938873  40.92737
3992.23166914341  49.92474
3992.26449636336  35.50998
3992.29732104846  42.66334
3992.33014319859  48.30862
3992.36296281364  25.46534
3992.3957798935  44.34492
3992.42859443805  29.52186
3992.46140644718  36.42299
3992.49421592077  54.01006
3992.52702285871  42.75959
3992.55982726089  54.1491
3992.59262912718  45.89232
3992.62542845748  46.77752
3992.65822525168  51.52174
3992.69101950965  55.91323
3992.72381123129  49.04683
3992.75660041649  62.47702
3992.78938706512  28.63713
3992.82217117707  53.99572
3992.85495275224  45.48506
3992.88773179051  53.39998
3992.92050829177  43.89492
3992.9532822559  58.811
3992.9860536828  63.20454
3993.01882257234  45.63474
3993.05158892441  52.07717
3993.08435273891  41.55072
3993.11711401573  41.61609
3993.14987275474  38.83698
3993.18262895584  49.22832
3993.21538261891  50.61119
3993.24813374385  51.45408
3993.28088233054  45.66333
3993.31362837886  40.28376
3993.34637188872  44.03437
3993.37911285999  45.2458
3993.41185129257  70.21355
3993.44458718634  35.39551
3993.4773205412  41.29465
3993.51005135702  60.8074
3993.54277963371  27.58074
3993.57550537115  50.83889
3993.60822856922  27.22232
3993.64094922783  43.36905
3993.67366734685  46.784
3993.70638292618  63.96875
3993.7390959657  40.95522
3993.77180646532  63.9194
3993.80451442491  59.89377
3993.83721984436  63.34238
3993.86992272357  42.27054
3993.90262306243  63.7243
3993.93532086083  45.68201
3993.96801611865  41.7384
3994.00070883579  48.85181
3994.03339901214  52.85494
3994.06608664758  45.73303
3994.09877174202  50.75035
3994.13145429533  54.04514
3994.16413430742  60.61507
3994.19681177817  56.37495
3994.22948670748  52.11486
3994.26215909522  57.4491
3994.29482894131  31.12527
3994.32749624562  53.4381
3994.36016100805  41.69216
3994.39282322849  43.37132
3994.42548290684  41.19288
3994.45814004298  45.85762
3994.4907946368  57.77179
3994.52344668821  41.05173
3994.55609619708  47.4641
3994.58874316332  50.14773
3994.62138758681  53.37252
3994.65402946745  42.32899
3994.68666880513  39.04194
3994.71930559975  56.54977
3994.75193985119  46.64958
3994.78457155935  45.41604
3994.81720072412  58.03949
3994.84982734539  44.42535
3994.88245142307  52.32622
3994.91507295703  50.85581
3994.94769194718  49.99429
3994.98030839341  56.16705
3995.01292229561  34.93795
3995.04553365368  45.72768
3995.0781424675  34.81646
3995.11074873698  48.66169
3995.143352462  37.12591
3995.17595364247  47.15508
3995.20855227827  42.80632
3995.24114836931  46.7505
3995.27374191546  56.42172
3995.30633291664  56.11449
3995.33892137273  51.44549
3995.37150728362  63.47256
3995.40409064923  50.74463
3995.43667146942  53.07687
3995.46924974412  31.09089
3995.5018254732  56.34723
3995.53439865656  37.03413
3995.5669692941  47.21954
3995.59953738572  69.0976
3995.6321029313  45.06769
3995.66466593075  24.91475
3995.69722638397  51.27531
3995.72978429084  60.91694
3995.76233965126  46.56842
3995.79489246513  50.9442
3995.82744273235  59.8034
3995.8599904528  38.75046
3995.8925356264  51.30188
3995.92507825303  47.65429
3995.95761833259  56.76841
3995.99015586498  59.14098
3996.02269085009  37.08436
3996.05522328782  41.00909
3996.08775317808  58.1059
3996.12028052074  57.63248
3996.15280531572  45.24267
3996.18532756291  34.64111
3996.2178472622  62.30724
3996.2503644135  47.70967
3996.28287901671  31.42985
3996.31539107171  49.81359
3996.34790057841  49.98451
3996.3804075367  34.43093
3996.41291194649  44.50182
3996.44541380767  35.16
3996.47791312014  55.73897
3996.5104098838  67.26582
3996.54290409854  46.35082
3996.57539576427  23.02666
3996.60788488088  48.73964
3996.64037144827  51.32979
3996.67285546635  44.879
3996.705336935  46.2919
3996.73781585414  39.95587
3996.77029222365  42.11896
3996.80276604344  59.46574
3996.8352373134  35.99555
3996.86770603345  66.13425
3996.90017220346  49.47532
3996.93263582335  29.81157
3996.96509689302  37.64241
3996.99755541236  33.71666
3997.03001138128  39.83342
3997.06246479967  33.93281
3997.09491566744  47.08833
3997.12736398448  45.00769
3997.15980975069  36.04356
3997.19225296599  58.88531
3997.22469363025  44.956
3997.2571317434  42.76712
3997.28956730532  49.92295
3997.32200031592  48.09065
3997.35443077511  45.9102
3997.38685868277  31.69625
3997.41928403881  50.81076
3997.45170684314  43.44838
3997.48412709565  39.24263
3997.51654479624  30.78893
3997.54895994483  48.56994
3997.5813725413  39.62517
3997.61378258556  44.59553
3997.64619007752  57.92062
3997.67859501707  28.7501
3997.71099740412  39.2546
3997.74339723857  49.18987
3997.77579452032  25.78781
3997.80818924927  44.605
3997.84058142532  26.07306
3997.87297104839  22.83447
3997.90535811837  26.61395
3997.93774263516  32.34379
3997.97012459867  38.75541
3998.0025040088  52.20488
3998.03488086545  36.29316
3998.06725516852  34.05055
3998.09962691793  27.45679
3998.13199611357  21.32577
3998.16436275535  32.61284
3998.19672684317  44.24973
3998.22908837693  17.54978
3998.26144735653  45.15172
3998.29380378189  39.64005
3998.32615765291  51.77628
3998.35850896948  36.35718
3998.39085773152  29.65142
3998.42320393893  50.21302
3998.45554759161  13.71559
3998.48788868946  47.89924
3998.5202272324  34.24969
3998.55256322032  37.47755
3998.58489665314  17.83369
3998.61722753075  39.17037
3998.64955585306  42.73603
3998.68188161998  31.23783
3998.71420483141  41.24075
3998.74652548726  37.01813
3998.77884358743  54.83481
3998.81115913183  27.7463
3998.84347212036  38.05896
3998.87578255293  41.0621
3998.90809042945  48.88816
3998.94039574981  38.87925
3998.97269851394  30.53171
3999.00499872173  29.88054
3999.03729637308  14.54167
3999.06959146792  34.95989
3999.10188400613  49.11504
3999.13417398763  52.39048
3999.16646141233  43.02894
3999.19874628014  30.44624
3999.23102859095  58.25301
3999.26330834467  32.30472
3999.29558554123  38.12994
3999.32786018051  42.33054
3999.36013226242  49.36596
3999.39240178689  45.13469
3999.4246687538  33.13067
3999.45693316308  38.3585
3999.48919501463  46.36377
3999.52145430835  53.54841
3999.55371104415  45.29723
3999.58596522194  39.05019
3999.61821684164  35.25751
3999.65046590314  29.44924
3999.68271240636  33.04706
3999.7149563512  27.37268
3999.74719773758  36.54714
3999.7794365654  45.90282
3999.81167283456  44.48196
3999.84390654499  49.67304
3999.87613769658  54.22685
3999.90836628926  33.87116
3999.94059232291  23.46639
3999.97281579747  48.64682
4000.00503671282  56.11595
4000.0372550689  50.70238
4000.06947086559  38.65923
4000.10168410282  73.72074
4000.13389478049  48.25953
4000.16610289852  61.54187
4000.1983084568  46.18442
4000.23051145526  37.93084
4000.26271189381  33.97259
4000.29490977234  62.72718
4000.32710509078  59.57251
4000.35929784903  47.23079
4000.39148804701  37.3913
4000.42367568462  29.6842
4000.45586076178  53.06999
4000.4880432784  33.4207
4000.52022323438  41.33632
4000.55240062964  44.67455
4000.58457546409  47.42964
4000.61674773764  66.85593
4000.64891745021  49.87656
4000.6810846017  58.47793
4000.71324919202  39.68367
4000.74541122109  40.55967
4000.77757068882  49.28541
4000.80972759512  30.79126
4000.8418819399  45.88585
4000.87403372308  49.7141
4000.90618294456  48.42236
4000.93832960427  44.10619
4000.9704737021  29.6686
4001.00261523798  14.01449
4001.03475421182  50.31467
4001.06689062352  50.34768
4001.09902447301  34.4834
4001.13115576019  46.41443
4001.16328448498  45.3725
4001.1954106473  36.75072
4001.22753424704  50.65996
4001.25965528413  15.86288
4001.29177375849  39.63848
4001.32388967002  47.79362
4001.35600301863  34.98572
4001.38811380425  27.1672
4001.42022202679  38.86003
4001.45232768615  30.48249
4001.48443078226  60.7103
4001.51653131502  41.14633
4001.54862928436  32.92354
4001.58072469018  28.67542
4001.6128175324  52.05772
4001.64490781094  26.81312
4001.67699552571  35.4938
4001.70908067662  31.18286
4001.74116326359  31.16179
4001.77324328654  39.59476
4001.80532074537  35.27587
4001.83739564001  45.71016
4001.86946797037  40.61526
4001.90153773636  49.60737
4001.93360493791  37.80581
4001.96566957492  55.13492
4001.99773164731  30.16918
4002.029791155  31.92875
4002.0618480979  45.3871
4002.09390247593  30.65554
4002.12595428901  18.49982
4002.15800353704  46.97745
4002.19005021996  14.96613
4002.22209433767  24.28316
4002.25413589009  38.15856
4002.28617487713  29.42425
4002.31821129872  23.95365
4002.35024515477  10.96384
4002.38227644519  33.64386
4002.41430516992  48.92681
4002.44633132885  38.90657
4002.47835492191  39.93908
4002.51037594901  42.5886
4002.54239441008  43.66846
4002.57441030503  37.31306
4002.60642363378  35.56624
4002.63843439624  41.17991
4002.67044259234  47.33743
4002.70244822199  35.57733
4002.7344512851  47.29102
4002.76645178161  24.03813
4002.79844971142  32.16376
4002.83044507446  34.62758
4002.86243787063  34.50536
4002.89442809987  17.95368
4002.92641576209  29.77219
4002.95840085721  22.25577
4002.99038338514  27.53346
4003.02236334581  41.30107
4003.05434073913  39.05471
4003.08631556503  18.12026
4003.11828782342  49.21444
4003.15025751422  42.90139
4003.18222463736  49.57264
4003.21418919275  25.38348
4003.2461511803  22.41579
4003.27811059995  23.87333
4003.31006745161  47.68568
4003.3420217352  54.82729
4003.37397345064  15.91134
4003.40592259785  52.14893
4003.43786917676  44.08898
4003.46981318727  41.01855
4003.50175462932  15.28024
4003.53369350281  29.29735
4003.56562980768  36.70104
4003.59756354385  41.2274
4003.62949471123  59.01572
4003.66142330974  34.17686
4003.69334933931  57.55194
4003.72527279986  28.79134
4003.75719369131  50.85445
4003.78911201358  41.78174
4003.82102776659  23.50249
4003.85294095026  19.88478
4003.88485156452  40.99519
4003.91675960928  26.94301
4003.94866508447  3.331818
4003.98056799002  33.83164
4004.01246832583  35.15149
4004.04436609184  41.03632
4004.07626128797  48.87093
4004.10815391414  25.06834
4004.14004397027  51.48063
4004.17193145628  32.19972
4004.2038163721  33.44383
4004.23569871765  52.59398
4004.26757849286  26.17247
4004.29945569764  63.06369
4004.33133033191  17.32192
4004.36320239562  56.19942
4004.39507188866  48.24871
4004.42693881098  48.19987
4004.45880316248  42.87974
4004.49066494311  59.64503
4004.52252415277  40.19322
4004.55438079139  55.6259
4004.58623485891  34.96293
4004.61808635523  52.44025
4004.64993528029  38.5819
4004.68178163401  63.2373
4004.71362541632  47.00687
4004.74546662713  42.47369
4004.77730526637  28.77527
4004.80914133398  50.92252
4004.84097482986  62.53527
4004.87280575395  43.92458
4004.90463410618  52.48122
4004.93645988646  53.01311
4004.96828309472  33.89916
4005.00010373089  44.58072
4005.03192179489  43.02201
4005.06373728665  21.68296
4005.0955502061  56.6296
4005.12736055315  43.79541
4005.15916832774  48.99034
4005.19097352979  25.97733
4005.22277615922  29.86487
4005.25457621597  23.58043
4005.28637369996  20.18951
4005.31816861112  46.80701
4005.34996094936  53.08292
4005.38175071462  20.23248
4005.41353790683  30.53265
4005.44532252591  19.57494
4005.47710457179  35.71489
4005.50888404439  48.31579
4005.54066094365  22.5462
4005.57243526948  40.74415
4005.60420702182  40.58215
4005.63597620059  42.91964
4005.66774280573  23.96896
4005.69950683715  24.47119
4005.73126829479  39.08577
4005.76302717857  31.19783
4005.79478348842  16.87905
4005.82653722427  20.73347
4005.85828838605  34.05315
4005.89003697369  21.51303
4005.9217829871  18.8321
4005.95352642623  23.48037
4005.985267291  35.11749
4006.01700558134  15.19373
4006.04874129718  28.88121
4006.08047443844  7.481786
4006.11220500505  19.55053
4006.14393299695  22.35174
4006.17565841407  33.64139
4006.20738125632  30.24504
4006.23910152365  26.44516
4006.27081921597  23.88154
4006.30253433323  11.0074
4006.33424687534  20.45771
4006.36595684224  29.44959
4006.39766423387  27.56768
4006.42936905014  16.61755
4006.46107129098  27.30566
4006.49277095634  35.07855
4006.52446804614  41.41979
4006.5561625603  33.6189
4006.58785449877  32.92147
4006.61954386146  36.71331
4006.65123064831  41.39596
4006.68291485925  18.36999
4006.71459649422  42.58344
4006.74627555314  24.47295
4006.77795203593  16.6582
4006.80962594255  31.64356
4006.84129727291  55.74969
4006.87296602694  43.27262
4006.90463220459  24.38997
4006.93629580577  65.89235
4006.96795683043  10.73115
4006.99961527848  26.1051
4007.03127114988  43.23648
4007.06292444453  25.43
4007.09457516239  40.43947
4007.12622330338  23.82007
4007.15786886742  19.02867
4007.18951185447  33.0903
4007.22115226444  39.75787
4007.25279009727  37.05163
4007.28442535289  21.5549
4007.31605803124  21.74558
4007.34768813224  3.24711
4007.37931565584  34.57814
4007.41094060196  33.34738
4007.44256297053  35.31758
4007.4741827615  28.05322
4007.50579997479  37.16209
4007.53741461033  33.30523
4007.56902666807  42.0155
4007.60063614792  30.09648
4007.63224304984  23.63414
4007.66384737375  31.69166
4007.69544911958  32.48494
4007.72704828727  35.49272
4007.75864487675  24.25791
4007.79023888796  34.40418
4007.82183032083  21.37786
4007.8534191753  14.07449
4007.8850054513  22.13955
4007.91658914877  42.33594
4007.94817026763  29.14894
4007.97974880783  53.36281
4008.0113247693  28.27916
4008.04289815197  45.23639
4008.07446895578  40.35794
4008.10603718067  25.80442
4008.13760282657  47.77652
4008.16916589341  36.54533
4008.20072638114  30.44646
4008.23228428968  42.14681
4008.26383961897  34.89199
4008.29539236896  23.08886
4008.32694253956  34.24665
4008.35849013073  11.25944
4008.3900351424  56.35627
4008.42157757449  47.34736
4008.45311742696  49.49529
4008.48465469973  43.33337
4008.51618939275  26.08887
4008.54772150594  28.81693
4008.57925103925  72.35397
4008.61077799261  50.0121
4008.64230236596  52.16428
4008.67382415924  73.45056
4008.70534337238  34.65029
4008.73686000533  26.6942
4008.76837405801  52.09109
4008.79988553036  53.41388
4008.83139442233  44.87278
4008.86290073386  36.25819
4008.89440446487  21.49816
4008.9259056153  44.39272
4008.95740418511  58.76764
4008.98890017421  59.39418
4009.02039358256  52.69034
4009.05188441008  57.55503
4009.08337265673  43.67534
4009.11485832242  45.56934
4009.14634140712  45.32934
4009.17782191075  46.53153
4009.20929983325  27.37692
4009.24077517456  27.21439
4009.27224793462  30.89614
4009.30371811337  40.35143
4009.33518571075  27.64169
4009.36665072669  62.08769
4009.39811316115  54.15818
4009.42957301405  36.21706
4009.46103028534  57.00571
4009.49248497495  40.38055
4009.52393708283  44.39392
4009.55538660891  29.73648
4009.58683355315  32.90757
4009.61827791546  54.51556
4009.64971969581  50.5531
4009.68115889412  54.45854
4009.71259551033  28.08438
4009.7440295444  37.05881
4009.77546099625  12.889
4009.80688986583  49.87582
4009.83831615308  46.62899
4009.86973985795  29.07347
4009.90116098036  54.93156
4009.93257952027  32.13504
4009.96399547761  70.60016
4009.99540885232  22.89341
4010.02681964436  21.43511
4010.05822785365  41.26636
4010.08963348014  39.61773
4010.12103652378  38.03679
4010.15243698449  23.74158
4010.18383486223  23.73234
4010.21523015695  47.40018
4010.24662286857  12.82827
4010.27801299704  41.2467
4010.30940054231  38.04972
4010.34078550431  8.689884
4010.372167883  30.55628
4010.40354767831  37.26619
4010.43492489018  19.84067
4010.46629951856  5.102544
4010.49767156339  36.76848
4010.52904102462  60.21606
4010.56040790218  28.92561
4010.59177219602  44.82621
4010.62313390609  35.97702
4010.65449303232  28.35143
4010.68584957467  37.97365
4010.71720353307  24.24899
4010.74855490747  20.97406
4010.77990369781  27.2845
4010.81124990404  23.55572
4010.84259352609  12.67087
4010.87393456393  33.79586
4010.90527301748  28.0083
4010.9366088867  56.15523
4010.96794217152  34.5271
4010.99927287189  49.98365
4011.03060098777  31.07035
4011.06192651908  28.37485
4011.09324946579  35.20135
4011.12456982782  49.24154
4011.15588760513  31.82313
4011.18720279767  39.94446
4011.21851540537  56.50167
4011.24982542819  42.44939
4011.28113286606  32.16544
4011.31243771894  32.51416
4011.34373998677  45.15904
4011.37503966949  38.7368
4011.40633676706  39.4916
4011.43763127941  41.98781
4011.4689232065  51.06993
4011.50021254827  29.90028
4011.53149930466  18.4211
4011.56278347563  48.56107
4011.59406506112  29.6376
4011.62534406108  54.62795
4011.65662047544  53.42968
4011.68789430417  35.66604
4011.71916554721  75.01255
4011.75043420449  32.46875
4011.78170027599  54.70135
4011.81296376162  23.83417
4011.84422466136  37.06964
4011.87548297513  33.6064
4011.9067387029  52.45712
4011.93799184461  28.10675
4011.9692424002  47.3129
4012.00049036963  16.64841
4012.03173575284  51.77559
4012.06297854978  58.24417
4012.0942187604  37.21327
4012.12545638464  7.48519
4012.15669142246  41.30287
4012.18792387381  37.06784
4012.21915373862  55.86279
4012.25038101686  48.01044
4012.28160570847  23.72326
4012.31282781339  80.00728
4012.34404733158  36.93486
4012.37526426299  25.34882
4012.40647860757  44.5712
4012.43769036526  82.99834
4012.46889953601  19.27069
4012.50010611978  36.90342
4012.53131011652  25.37252
4012.56251152616  22.98742
4012.59371034867  34.59753
4012.624906584  56.79967
4012.65610023208  25.75715
4012.68729129288  33.92218
4012.71847976635  41.00663
4012.74966565242  25.26805
4012.78084895107  29.37466
4012.81202966222  18.07611
4012.84320778584  21.92583
4012.87438332188  31.0032
4012.90555627029  28.55682
4012.93672663101  26.78427
4012.967894404  38.44048
4012.99905958922  40.7993
4013.0302221866  20.27838
4013.06138219611  68.42547
4013.09253961769  21.26725
4013.1236944513  15.54988
4013.15484669688  16.80327
4013.1859963544  12.11105
4013.21714342379  40.34138
4013.24828790502  39.45356
4013.27942979803  29.36499
4013.31056910279  56.51798
4013.34170581923  15.78594
4013.37283994731  56.76726
4013.40397148698  21.60449
4013.43510043821  78.15208
4013.46622680093  33.6545
4013.49735057511  36.98233
4013.52847176069  36.7611
4013.55959035763  13.32569
4013.59070636588  24.57772
4013.62181978539  57.72991
4013.65293061613  80.79722
4013.68403885803  28.53035
4013.71514451106  35.44298
4013.74624757517  67.90042
4013.77734805031  36.93918
4013.80844593644  32.2705
4013.8395412335  42.5925
4013.87063394146  43.41277
4013.90172406027  52.5862
4013.93281158988  80.2163
4013.96389653024  49.4211
4013.99497888132  38.64223
4014.02605864306  51.03863
4014.05713581542  26.41628
4014.08821039836  24.35438
4014.11928239182  33.93817
4014.15035179577  37.35784
4014.18141861016  76.25833
4014.21248283495  41.28658
4014.24354447008  34.0351
4014.27460351552  24.05504
4014.30565997122  29.53088
4014.33671383713  23.2098
4014.36776511322  55.69817
4014.39881379943  16.6209
4014.42985989573  27.25116
4014.46090340207  19.19333
4014.4919443184  38.98958
4014.52298264468  27.46661
4014.55401838087  26.18306
4014.58505152692  24.0196
4014.6160820828  28.03154
4014.64711004845  28.29362
4014.67813542384  53.46458
4014.70915820891  5.790304
4014.74017840364  37.90419
4014.77119600796  12.30311
4014.80221102185  49.91471
4014.83322344526  37.62722
4014.86423327814  22.2178
4014.89524052046  7.251169
4014.92624517216  30.21056
4014.95724723322  41.05188
4014.98824670358  14.18226
4015.0192435832  43.28595
4015.05023787204  30.58939
4015.08122957007  24.17424
4015.11221867723  20.00692
4015.14320519349  45.93472
4015.1741891188  69.46006
4015.20517045312  48.98
4015.23614919642  11.5594
4015.26712534864  44.13119
4015.29809890975  21.66299
4015.32906987971  59.39048
4015.36003825848  24.11797
4015.39100404601  73.44058
4015.42196724226  43.45833
4015.4529278472  84.62758
4015.48388586078  54.86237
4015.51484128296  29.01645
4015.5457941137  1.656584
4015.57674435297  43.34895
4015.60769200071  56.87744
4015.6386370569  55.5051
4015.66957952148  35.56856
4015.70051939443  51.79834
4015.73145667569  11.12939
4015.76239136524  75.79671
4015.79332346303  58.34286
4015.82425296902  66.53341
4015.85517988317  41.40658
4015.88610420544  32.91056
4015.9170259358  45.12291
4015.9479450742  98.82763
4015.97886162061  51.53315
4016.00977557498  18.79316
4016.04068693729  47.30951
4016.07159570748  37.21472
4016.10250188552  7.57909
4016.13340547137  44.51651
4016.16430646499  32.81573
4016.19520486635  20.09538
4016.22610067541  7.046052
4016.25699389212  91.09177
4016.28788451645  19.82804
4016.31877254837  60.25633
4016.34965798783  65.70578
4016.3805408348  19.94884
4016.41142108924  54.16447
4016.4422987511  43.81746
4016.47317382037  59.66786
4016.50404629699  41.86686
4016.53491618093  40.28329
4016.56578347215  28.63936
4016.59664817061  49.55005
4016.62751027629  64.92723
4016.65836978914  78.54559
4016.68922670912  28.6268
4016.7200810362  42.68596
4016.75093277034  32.75316
4016.78178191151  51.06895
4016.81262845966  99.31963
4016.84347241477  12.2545
4016.8743137768  32.01441
4016.90515254571  15.40242
4016.93598872146  0.4749358
4016.96682230402  74.91306
4016.99765329336  46.06901
4017.02848168943  64.60498
4017.05930749221  34.71602
4017.09013070165  41.63179
4017.12095131773  34.74033
4017.1517693404  59.14717
4017.18258476963  51.96418
4017.21339760539  29.5532
4017.24420784764  31.85973
4017.27501549635  82.25488
4017.30582055147  85.38699
4017.33662301299  29.74129
4017.36742288086  70.36107
4017.39822015505  75.55564
4017.42901483552  58.56073
4017.45980692225  56.50424
4017.49059641519  13.80789
