3986.32135743454  0.
3986.35825330513  0.
3986.39514689379  0.
3986.4320382003  0.
3986.46892722437  15.7693
3986.50581396576  4.849437
3986.54269842421  69.27422
3986.57958059946  141.2159
3986.61646049126  58.18247
3986.65333809935  64.7942
3986.69021342346  104.6365
3986.72708646336  131.0808
3986.76395721878  38.1853
3986.80082568946  111.1841
3986.83769187515  72.81029
3986.87455577559  255.3281
3986.91141739053  0.3167045
3986.9482767197  92.04092
3986.98513376286  38.56476
3987.02198851975  50.55436
3987.05884099012  68.14785
3987.0956911737  39.01696
3987.13253907024  72.84004
3987.16938467949  45.89705
3987.20622800119  145.183
3987.24306903509  93.68681
3987.27990778093  69.92976
3987.31674423846  85.17676
3987.35357840742  160.7403
3987.39041028756  99.991
3987.42723987862  117.3534
3987.46406718035  110.708
3987.50089219249  62.36904
3987.53771491479  73.91695
3987.574535347  156.8418
3987.61135348885  94.93964
3987.64816934011  3.11587
3987.68498290051  132.2745
3987.72179416979  47.1161
3987.75860314772  49.91899
3987.79540983402  142.9731
3987.83221422845  26.13733
3987.86901633076  227.8813
3987.90581614069  132.8647
3987.94261365798  59.16547
3987.97940888239  58.42149
3988.01620181366  129.7528
3988.05299245154  123.0215
3988.08978079578  96.0229
3988.12656684612  82.37744
3988.16335060231  87.20477
3988.20013206409  28.27028
3988.23691123122  9.398528
3988.27368810344  67.12164
3988.3104626805  39.66954
3988.34723496215  186.8255
3988.38400494814  58.24891
3988.4207726382  97.00889
3988.4575380321  54.5472
3988.49430112958  51.21421
3988.53106193039  86.82863
3988.56782043427  90.24622
3988.60457664097  113.6494
3988.64133055025  118.7263
3988.67808216185  85.25243
3988.71483147551  41.34513
3988.751578491  286.5341
3988.78832320805  10.6861
3988.82506562642  76.7011
3988.86180574586  285.9026
3988.8985435661  44.13274
3988.93527908692  19.63884
3988.97201230804  40.32298
3989.00874322923  35.35134
3989.04547185022  73.1065
3989.08219817078  45.57233
3989.11892219065  78.0918
3989.15564390958  23.01443
3989.19236332732  118.7234
3989.22908044362  82.60424
3989.26579525823  87.27961
3989.3025077709  64.19016
3989.33921798138  33.26141
3989.37592588943  78.23842
3989.41263149478  120.6912
3989.4493347972  109.5988
3989.48603579642  130.8093
3989.52273449221  39.36034
3989.55943088432  23.51325
3989.59612497249  50.94526
3989.63281675647  61.38315
3989.66950623603  43.28677
3989.70619341089  95.75508
3989.74287828083  72.43977
3989.77956084559  26.26121
3989.81624110492  82.52549
3989.85291905858  46.32843
3989.88959470631  32.97795
3989.92626804786  85.28043
3989.962939083  54.98522
3989.99960781146  99.24966
3990.03627423301  83.60975
3990.07293834739  52.53499
3990.10960015436  61.68596
3990.14625965367  74.88376
3990.18291684506  38.06532
3990.21957172831  12.75376
3990.25622430314  22.96331
3990.29287456933  32.8106
3990.32952252662  81.29193
3990.36616817476  98.0988
3990.40281151351  66.2494
3990.43945254262  25.28236
3990.47609126185  88.21516
3990.51272767094  20.8633
3990.54936176965  31.57334
3990.58599355773  73.49026
3990.62262303494  100.7997
3990.65925020103  50.54979
3990.69587505575  1.489563
3990.73249759887  47.57655
3990.76911783012  72.14787
3990.80573574927  80.18877
3990.84235135607  59.04971
3990.87896465027  51.50498
3990.91557563163  61.29466
3990.9521842999  21.42908
3990.98879065484  30.43153
3991.0253946962  56.82834
3991.06199642374  24.4929
3991.0985958372  0.5554202
3991.13519293635  33.03324
3991.17178772094  138.4091
3991.20838019073  103.8726
3991.24497034546  41.9588
3991.2815581849  35.84321
3991.31814370881  88.481
3991.35472691692  6.56777
3991.39130780901  71.07634
3991.42788638482  83.04227
3991.46446264412  83.21709
3991.50103658665  117.3053
3991.53760821218  77.22186
3991.57417752046  75.18786
3991.61074451125  46.18548
3991.64730918429  38.60187
3991.68387153935  54.45632
3991.72043157619  59.55744
3991.75698929456  88.10014
3991.79354469421  18.68907
3991.83009777491  39.20007
3991.86664853641  48.03601
3991.90319697846  95.92558
3991.93974310083  51.66134
3991.97628690327  41.10838
3992.01282838554  38.34969
3992.04936754739  13.99789
3992.08590438858  46.22167
3992.12243890887  14.33014
3992.15897110802  52.23507
3992.19550098579  23.18788
3992.23202854192  103.2761
3992.26855377618  30.99376
3992.30507668834  61.54698
3992.34159727813  59.30516
3992.37811554533  46.06624
3992.41463148969  88.59222
3992.45114511096  52.44968
3992.48765640892  42.78617
3992.52416538331  36.81969
3992.56067203389  52.29645
3992.59717636043  146.6291
3992.63367836268  71.63927
3992.67017804039  80.02283
3992.70667539334  80.24266
3992.74317042127  51.15399
3992.77966312395  68.38506
3992.81615350114  35.82093
3992.85264155258  121.0084
3992.88912727806  7.777824
3992.92561067731  38.07733
3992.96209175011  59.80188
3992.99857049621  16.15226
3993.03504691537  53.55239
3993.07152100735  72.57389
3993.10799277191  94.38661
3993.14446220882  48.44633
3993.18092931782  58.8688
3993.21739409869  61.26886
3993.25385655117  65.91846
3993.29031667504  35.37471
3993.32677447005  42.09664
3993.36322993596  70.97929
3993.39968307254  60.6068
3993.43613387954  44.51576
3993.47258235672  41.38704
3993.50902850385  41.08401
3993.54547232068  55.18477
3993.58191380698  97.34776
3993.61835296251  76.82887
3993.65478978703  27.72031
3993.6912242803  67.61702
3993.72765644208  35.84162
3993.76408627213  20.64156
3993.80051377022  33.98899
3993.8369389361  87.33184
3993.87336176954  57.66526
3993.90978227031  82.59318
3993.94620043815  92.20805
3993.98261627284  17.17214
3994.01902977413  89.93089
3994.0554409418  71.80014
3994.09184977559  35.58462
3994.12825627528  59.0265
3994.16466044062  116.4436
3994.20106227138  116.493
3994.23746176732  77.34328
3994.27385892821  109.6897
3994.3102537538  70.07219
3994.34664624386  85.05328
3994.38303639816  51.66351
3994.41942421645  85.17154
3994.4558096985  43.23668
3994.49219284407  8.590577
3994.52857365292  42.03638
3994.56495212483  43.20415
3994.60132825955  53.98659
3994.63770205684  21.08806
3994.67407351648  80.2274
3994.71044263822  52.68426
3994.74680942183  25.20939
3994.78317386707  96.41
3994.8195359737  48.11357
3994.8558957415  93.95698
3994.89225317023  46.91332
3994.92860825964  28.0604
3994.9649610095  13.60059
3995.00131141959  9.441542
3995.03765948966  37.7788
3995.07400521947  40.06244
3995.1103486088  48.75012
3995.14668965741  14.64914
3995.18302836506  25.87372
3995.21936473152  51.54319
3995.25569875656  33.02763
3995.29203043993  4.980206
3995.32835978141  72.25901
3995.36468678075  62.60313
3995.40101143774  41.18924
3995.43733375212  96.18861
3995.47365372367  62.36166
3995.50997135216  27.71452
3995.54628663734  34.67545
3995.582599579  80.51388
3995.61891017688  29.4079
3995.65521843076  45.27222
3995.6915243404  76.38123
3995.72782790558  15.12784
3995.76412912605  49.91727
3995.80042800159  67.48406
3995.83672453196  49.2172
3995.87301871693  55.11669
3995.90931055626  78.58646
3995.94560004972  84.67342
3995.98188719708  66.14188
3996.01817199811  67.07575
3996.05445445257  25.91215
3996.09073456024  32.74273
3996.12701232087  56.43787
3996.16328773424  18.92048
3996.19956080011  37.04782
3996.23583151825  41.77331
3996.27209988843  66.25339
3996.30836591042  21.68526
3996.34462958399  40.24489
3996.3808909089  39.71139
3996.41714988492  40.17214
3996.45340651182  47.14465
3996.48966078937  39.47784
3996.52591271734  26.43511
3996.5621622955  71.09386
3996.59840952361  21.65049
3996.63465440144  41.18872
3996.67089692877  67.52788
3996.70713710535  40.15071
3996.74337493097  46.11774
3996.77961040539  35.47098
3996.81584352838  64.62099
3996.8520742997  28.81371
3996.88830271913  80.86925
3996.92452878645  54.75378
3996.9607525014  64.13432
3996.99697386378  42.10225
3997.03319287334  67.62131
3997.06940952986  82.12695
3997.1056238331  60.01481
3997.14183578284  74.47342
3997.17804537885  81.95451
3997.2142526209  44.07431
3997.25045750875  53.57074
3997.28666004219  28.05819
3997.32286022097  49.34413
3997.35905804487  76.98379
3997.39525351366  58.82014
3997.43144662711  29.84
3997.467637385  78.66049
3997.50382578709  18.25198
3997.54001183315  36.06394
3997.57619552296  23.02922
3997.61237685628  32.3069
3997.6485558329  81.34398
3997.68473245257  54.05479
3997.72090671508  29.89537
3997.75707862018  51.46886
3997.79324816767  61.17854
3997.82941535729  42.3222
3997.86558018885  102.8464
3997.90174266208  32.02636
3997.93790277679  40.99136
3997.97406053273  17.91911
3998.01021592967  69.50591
3998.0463689674  7.300006
3998.08251964568  49.6137
3998.11866796428  47.87471
3998.15481392299  35.4334
3998.19095752156  52.66087
3998.22709875978  60.71278
3998.26323763741  61.62909
3998.29937415424  27.01683
3998.33550831003  17.21557
3998.37164010455  17.68599
3998.40776953758  62.70778
3998.4438966089  3.047601
3998.48002131828  57.91595
3998.51614366548  37.8722
3998.55226365029  64.23209
3998.58838127248  48.31118
3998.62449653182  38.40851
3998.66060942808  26.22735
3998.69671996105  37.66254
3998.73282813049  33.5316
3998.76893393618  75.60451
3998.80503737789  6.256881
3998.8411384554  29.81282
3998.87723716848  42.71027
3998.91333351691  39.69112
3998.94942750047  29.69783
3998.98551911891  64.30283
3999.02160837203  80.21886
3999.0576952596  48.29912
3999.09377978139  27.61258
3999.12986193717  31.01033
3999.16594172673  34.77888
3999.20201914983  45.39632
3999.23809420626  29.35445
3999.27416689579  37.27515
3999.31023721819  83.39227
3999.34630517324  62.09095
3999.38237076072  95.97982
3999.4184339804  48.16809
3999.45449483206  54.35329
3999.49055331548  31.11675
3999.52660943042  29.39243
3999.56266317667  41.38731
3999.59871455401  80.93015
3999.6347635622  79.10602
3999.67081020103  43.3595
3999.70685447028  51.24132
3999.74289636972  17.41911
3999.77893589912  47.65606
3999.81497305827  61.70324
3999.85100784694  73.53339
3999.8870402649  88.76318
3999.92307031195  69.80502
3999.95909798785  86.29475
3999.99512329237  63.05573
4000.03114622531  107.2873
4000.06716678643  51.32439
4000.10318497552  50.93113
4000.13920079234  56.11831
4000.17521423669  79.59293
4000.21122530833  43.96521
4000.24723400705  49.43667
4000.28324033263  74.63235
4000.31924428483  99.87641
4000.35524586345  74.22162
4000.39124506826  87.74512
4000.42724189903  67.38932
4000.46323635555  42.67391
4000.49922843759  99.73875
4000.53521814494  72.5283
4000.57120547738  71.87903
4000.60719043467  44.73057
4000.6431730166  66.4587
4000.67915322296  54.97985
4000.71513105351  42.10012
4000.75110650805  37.21939
4000.78707958634  57.58442
4000.82305028817  53.10439
4000.85901861332  64.04314
4000.89498456157  66.83961
4000.9309481327  33.62242
4000.96690932648  46.86723
4001.0028681427  82.01498
4001.03882458114  38.81478
4001.07477864158  77.70598
4001.11073032379  61.79252
4001.14667962757  79.44378
4001.18262655268  54.69681
4001.21857109891  65.24236
4001.25451326605  51.07551
4001.29045305387  60.72287
4001.32639046215  31.62238
4001.36232549067  71.67738
4001.39825813922  76.7216
4001.43418840757  55.9716
4001.47011629551  52.53276
4001.50604180282  65.69507
4001.54196492928  72.01322
4001.57788567468  81.31779
4001.61380403878  42.12654
4001.64972002138  63.08883
4001.68563362226  87.87725
4001.7215448412  62.14171
4001.75745367798  63.95424
4001.79336013238  40.90834
4001.82926420418  43.24936
4001.86516589317  25.10255
4001.90106519914  94.33024
4001.93696212185  39.97129
4001.97285666111  52.83859
4002.00874881667  58.87376
4002.04463858834  88.29324
4002.0805259759  71.63033
4002.11641097912  79.65811
4002.15229359779  44.15698
4002.18817383169  74.99308
4002.22405168061  67.47945
4002.25992714432  83.57182
4002.29580022262  30.17925
4002.33167091529  58.54877
4002.3675392221  40.72517
4002.40340514285  61.74479
4002.43926867732  47.02413
4002.47512982528  40.96606
4002.51098858653  34.82551
4002.54684496086  50.05307
4002.58269894803  60.60511
4002.61855054784  70.7045
4002.65439976008  54.09013
4002.69024658452  67.12336
4002.72609102095  64.77317
4002.76193306916  69.50872
4002.79777272893  72.27301
4002.83361000004  72.1996
4002.86944488228  64.36372
4002.90527737544  75.44328
4002.9411074793  68.34263
4002.97693519365  79.34221
4003.01276051826  57.98862
4003.04858345293  49.93186
4003.08440399745  56.59327
4003.12022215159  43.87137
4003.15603791514  59.69833
4003.19185128789  63.99973
4003.22766226963  42.97031
4003.26347086014  49.93297
4003.2992770592  83.85195
4003.3350808666  102.1797
4003.37088228214  77.0028
4003.40668130559  57.08619
4003.44247793674  57.92549
4003.47827217537  57.18243
4003.51406402129  78.21701
4003.54985347426  56.46851
4003.58564053408  53.81937
4003.62142520054  92.84425
4003.65720747342  81.88574
4003.69298735251  47.7935
4003.7287648376  43.6004
4003.76453992846  70.40806
4003.8003126249  59.71526
4003.8360829267  43.01064
4003.87185083364  87.97594
4003.90761634551  85.61774
4003.94337946211  77.07609
4003.97914018322  74.80973
4004.01489850862  63.38446
4004.0506544381  54.18328
4004.08640797146  60.18434
4004.12215910848  84.1202
4004.15790784895  87.14747
4004.19365419266  80.93362
4004.22939813939  68.84812
4004.26513968894  28.25984
4004.30087884109  49.25571
4004.33661559563  66.3225
4004.37234995235  67.12426
4004.40808191104  79.16819
4004.44381147149  85.61353
4004.47953863349  41.91392
4004.51526339683  82.84537
4004.55098576129  60.25666
4004.58670572667  60.355
4004.62242329275  60.45026
4004.65813845933  62.2458
4004.69385122619  65.10055
4004.72956159312  73.22903
4004.76526955992  85.63546
4004.80097512638  29.34356
4004.83667829227  42.23955
4004.87237905741  113.654
4004.90807742156  60.83275
4004.94377338453  100.3905
4004.9794669461  70.90189
4005.01515810607  88.48073
4005.05084686423  67.8036
4005.08653322036  65.50772
4005.12221717426  65.9597
4005.15789872572  64.17697
4005.19357787453  67.24052
4005.22925462048  62.55716
4005.26492896336  36.37736
4005.30060090296  78.0055
4005.33627043908  60.7371
4005.37193757151  39.21449
4005.40760230002  67.64165
4005.44326462443  49.77485
4005.47892454452  85.63411
4005.51458206008  49.11988
4005.55023717091  19.96991
4005.58588987679  11.36013
4005.62154017752  23.57283
4005.65718807289  33.916
4005.69283356269  47.47191
4005.72847664672  48.22094
4005.76411732477  54.41267
4005.79975559662  29.87906
4005.83539146208  29.81687
4005.87102492093  12.62262
4005.90665597297  45.24223
4005.942284618  26.64067
4005.97791085579  35.59703
4006.01353468616  25.14993
4006.04915610888  47.28376
4006.08477512376  24.53978
4006.12039173059  30.41032
4006.15600592915  30.74874
4006.19161771925  32.43179
4006.22722710068  12.21247
4006.26283407323  51.8807
4006.29843863669  57.41371
4006.33404079087  25.6912
4006.36964053554  56.54575
4006.40523787052  49.00118
4006.44083279559  61.35692
4006.47642531054  68.85889
4006.51201541517  60.04346
4006.54760310928  49.65052
4006.58318839266  54.49256
4006.6187712651  49.42823
4006.6543517264  68.56977
4006.68992977636  57.3825
4006.72550541476  54.91489
4006.76107864141  42.66199
4006.79664945609  43.82541
4006.83221785861  69.15877
4006.86778384877  51.43608
4006.90334742634  57.957
4006.93890859114  75.38616
4006.97446734295  42.81225
4007.01002368158  50.12592
4007.04557760681  55.01337
4007.08112911844  54.51592
4007.11667821628  43.66748
4007.15222490011  49.70675
4007.18776916973  34.48896
4007.22331102495  40.27658
4007.25885046554  53.85748
4007.29438749132  42.45148
4007.32992210207  49.80874
4007.3654542976  64.96685
4007.4009840777  35.53016
4007.43651144217  48.51044
4007.4720363908  61.66967
4007.50755892339  57.75072
4007.54307903975  66.02068
4007.57859673965  28.46059
4007.61411202292  59.00126
4007.64962488933  50.45844
4007.68513533869  54.92778
4007.72064337079  62.9349
4007.75614898544  40.4767
4007.79165218243  48.9468
4007.82715296156  59.31583
4007.86265132263  66.42728
4007.89814726543  34.49347
4007.93364078976  67.45339
4007.96913189543  71.83834
4008.00462058222  57.6495
4008.04010684995  36.12952
4008.0755906984  50.77489
4008.11107212737  52.60768
4008.14655113667  75.6601
4008.18202772609  56.29711
4008.21750189543  62.75744
4008.25297364449  44.08793
4008.28844297308  69.30035
4008.32390988098  65.22291
4008.359374368  69.33728
4008.39483643393  73.74965
4008.43029607858  73.30464
4008.46575330175  56.07607
4008.50120810324  55.0466
4008.53666048284  74.50193
4008.57211044035  44.34329
4008.60755797558  67.72202
4008.64300308833  57.95292
4008.67844577839  37.81671
4008.71388604556  43.69835
4008.74932388966  40.64087
4008.78475931046  80.9407
4008.82019230779  57.55788
4008.85562288143  78.19962
4008.89105103119  81.66479
4008.92647675687  88.04411
4008.96190005826  68.34871
4008.99732093518  65.19424
4009.03273938742  63.17336
4009.06815541478  73.2674
4009.10356901706  59.59144
4009.13898019407  63.84363
4009.17438894561  55.18813
4009.20979527147  68.8759
4009.24519917146  69.26357
4009.28060064538  64.6898
4009.31599969304  57.30198
4009.35139631423  68.32056
4009.38679050875  55.48561
4009.42218227642  50.60206
4009.45757161703  57.34991
4009.49295853037  60.1128
4009.52834301627  55.90588
4009.56372507451  68.41808
4009.5991047049  60.77281
4009.63448190724  56.62257
4009.66985668134  48.99449
4009.705229027  56.29501
4009.74059894402  75.1526
4009.7759664322  61.34947
4009.81133149135  37.21264
4009.84669412127  51.15332
4009.88205432176  48.6001
4009.91741209263  48.83588
4009.95276743368  64.66815
4009.98812034471  73.65375
4010.02347082553  31.56449
4010.05881887594  43.33737
4010.09416449575  55.45152
4010.12950768476  46.66422
4010.16484844276  54.44489
4010.20018676958  47.32179
4010.235522665  11.09372
4010.27085612884  88.03305
4010.30618716091  66.78938
4010.34151576099  45.10356
4010.3768419289  57.32055
4010.41216566445  46.52986
4010.44748696743  42.02002
4010.48280583766  36.92807
4010.51812227494  50.64626
4010.55343627907  57.7005
4010.58874784985  47.02512
4010.6240569871  45.19297
4010.65936369062  67.59114
4010.69466796021  33.36084
4010.72996979568  47.41753
4010.76526919683  57.15328
4010.80056616348  65.06867
4010.83586069542  63.6798
4010.87115279247  52.65381
4010.90644245442  51.72113
4010.94172968108  55.70066
4010.97701447227  70.19875
4011.01229682778  48.08649
4011.04757674743  65.53156
4011.08285423101  59.94557
4011.11812927834  67.49581
4011.15340188922  55.99303
4011.18867206346  55.35405
4011.22393980087  68.77334
4011.25920510125  46.92378
4011.29446796441  45.76844
4011.32972839015  48.35201
4011.36498637829  67.2112
4011.40024192863  42.81733
4011.43549504098  31.96806
4011.47074571515  53.67701
4011.50599395094  46.02214
4011.54123974815  52.69918
4011.57648310661  53.82747
4011.61172402612  43.4848
4011.64696250647  62.32936
4011.68219854749  52.78593
4011.71743214898  43.25089
4011.75266331075  47.97206
4011.78789203261  40.70303
4011.82311831436  41.18833
4011.85834215582  53.26805
4011.89356355678  49.71648
4011.92878251707  64.43831
4011.96399903649  69.50328
4011.99921311485  59.39347
4012.03442475195  62.53299
4012.06963394761  68.97654
4012.10484070163  55.62738
4012.14004501384  68.70269
4012.17524688402  47.65894
4012.210446312  58.53083
4012.24564329758  69.65862
4012.28083784057  72.6367
4012.31602994078  62.55762
4012.35121959803  52.49382
4012.38640681212  51.73958
4012.42159158286  63.62693
4012.45677391006  67.33602
4012.49195379353  40.67371
4012.52713123309  40.64949
4012.56230622853  46.86351
4012.59747877969  49.47705
4012.63264888635  74.28718
4012.66781654834  50.8143
4012.70298176546  45.09914
4012.73814453752  57.95758
4012.77330486435  50.35016
4012.80846274574  38.47896
4012.84361818151  58.0499
4012.87877117147  46.59265
4012.91392171543  36.06309
4012.94906981319  37.29529
4012.98421546459  52.98959
4013.01935866942  57.93872
4013.05449942749  51.88176
4013.08963773863  55.96661
4013.12477360263  50.58605
4013.15990701932  48.6864
4013.1950379885  46.44096
4013.23016650998  53.80279
4013.26529258359  53.08384
4013.30041620912  47.91406
4013.3355373864  57.11956
4013.37065611523  63.7563
4013.40577239543  54.68398
4013.44088622681  80.09117
4013.47599760918  76.4134
4013.51110654237  57.87732
4013.54621302616  40.25869
4013.5813170604  70.39178
4013.61641864487  68.85094
4013.65151777941  61.18348
4013.68661446381  67.4045
4013.7217086979  68.52438
4013.75680048149  92.73869
4013.79188981439  72.88168
4013.82697669642  82.8614
4013.86206112739  84.86427
4013.89714310711  76.96879
4013.93222263539  73.41334
4013.96729971206  91.53111
4014.00237433693  75.39718
4014.0374465098  77.76266
4014.0725162305  72.1962
4014.10758349883  66.96622
4014.14264831462  58.47689
4014.17771067768  89.17772
4014.21277058782  82.08472
4014.24782804485  58.20525
4014.2828830486  66.87296
4014.31793559887  68.49407
4014.35298569549  62.89777
4014.38803333826  71.90925
4014.42307852701  80.86211
4014.45812126154  58.08188
4014.49316154167  53.80285
4014.52819936723  66.60942
4014.56323473802  79.24969
4014.59826765385  53.10203
4014.63329811456  71.91322
4014.66832611994  54.41322
4014.70335166983  55.43233
4014.73837476402  61.08002
4014.77339540235  55.24249
4014.80841358462  54.82435
4014.84342931066  47.03391
4014.87844258027  47.57464
4014.91345339328  48.54067
4014.9484617495  68.60464
4014.98346764875  44.92603
4015.01847109085  66.56055
4015.05347207561  68.96932
4015.08847060285  63.27745
4015.12346667238  41.59934
4015.15846028403  64.36617
4015.19345143761  58.14116
4015.22844013294  66.09459
4015.26342636984  82.00536
4015.29841014811  47.89608
4015.33339146759  51.45141
4015.36837032809  69.62286
4015.40334672943  79.34338
4015.43832067142  58.34505
4015.47329215388  62.71552
4015.50826117664  79.63374
4015.54322773951  66.31542
4015.5781918423  63.53281
4015.61315348483  76.60761
4015.64811266694  58.62951
4015.68306938842  61.3339
4015.71802364911  66.96128
4015.75297544882  91.13673
4015.78792478736  52.87361
4015.82287166457  86.61236
4015.85781608025  67.48175
4015.89275803423  82.16571
4015.92769752633  73.00454
4015.96263455636  75.26274
4015.99756912415  68.79939
4016.03250122951  85.09514
4016.06743087226  74.80721
4016.10235805223  50.32078
4016.13728276923  83.58004
4016.17220502309  67.83297
4016.20712481361  75.42461
4016.24204214063  70.91879
4016.27695700397  102.3618
4016.31186940344  69.80671
4016.34677933886  72.82301
4016.38168681006  56.29196
4016.41659181685  66.50298
4016.45149435906  52.45718
4016.4863944365  77.56234
4016.521292049  64.82795
4016.55618719638  67.32528
4016.59107987846  74.06104
4016.62597009506  61.55732
4016.660857846  84.12993
4016.6957431311  80.53043
4016.73062595019  72.85019
4016.76550630309  101.9615
4016.80038418961  70.04922
4016.83525960958  78.21579
4016.87013256282  68.10911
4016.90500304915  86.67231
4016.9398710684  81.51887
4016.97473662039  70.09948
4017.00959970493  80.57611
4017.04446032186  95.94913
4017.07931847099  81.57218
4017.11417415214  78.16326
4017.14902736514  78.44499
4017.18387810982  84.31075
4017.21872638598  77.7038
4017.25357219346  90.70878
4017.28841553209  79.43237
4017.32325640167  60.47055
4017.35809480204  57.01556
4017.39293073302  61.53881
4017.42776419443  68.199
4017.46259518609  50.53591
4017.49742370783  48.2621
4017.53224975948  74.27296
4017.56707334085  56.7366
4017.60189445177  58.63923
4017.63671309206  61.00899
4017.67152926155  66.766
4017.70634296006  71.86893
4017.74115418741  56.62925
4017.77596294344  68.66652
4017.81076922796  54.12952
4017.84557304079  59.22005
4017.88037438177  51.79237
4017.91517325071  69.77537
4017.94996964745  49.68925
4017.9847635718  52.01255
4018.01955502359  42.21647
4018.05434400265  49.4719
4018.0891305088  50.38779
4018.12391454187  55.03388
4018.15869610168  57.30096
4018.19347518805  69.78904
4018.22825180082  56.1312
4018.2630259398  80.60484
4018.29779760483  62.5817
4018.33256679573  56.90654
4018.36733351232  75.74973
4018.40209775443  57.32848
4018.43685952188  83.63593
4018.47161881451  58.67135
4018.50637563214  51.27885
4018.54112997459  72.75213
4018.5758818417  56.45712
4018.61063123328  62.70589
4018.64537814916  64.32498
4018.68012258918  62.33224
4018.71486455315  60.10421
4018.7496040409  64.04205
4018.78434105227  69.51098
4018.81907558708  53.50214
4018.85380764515  69.1477
4018.88853722631  47.91741
4018.92326433039  60.59973
4018.95798895722  61.21486
4018.99271110662  61.19475
4019.02743077842  57.36429
4019.06214797246  66.22987
4019.09686268855  63.94311
4019.13157492652  60.72696
4019.16628468621  72.74115
4019.20099196744  55.63125
4019.23569677003  65.05785
4019.27039909383  60.89552
4019.30509893865  69.45685
4019.33979630432  71.72317
4019.37449119067  72.8956
4019.40918359754  86.6876
4019.44387352474  58.17839
4019.47856097211  75.67255
4019.51324593948  100.0238
4019.54792842668  90.7265
4019.58260843353  87.11407
4019.61728595986  89.19997
4019.65196100551  80.9455
4019.68663357029  63.68356
4019.72130365405  62.90932
4019.75597125662  72.70718
4019.79063637781  91.97704
4019.82529901746  94.39449
4019.8599591754  71.67926
4019.89461685147  73.87926
4019.92927204548  71.62547
4019.96392475727  70.66234
4019.99857498667  96.81051
4020.03322273352  89.12675
4020.06786799763  80.07013
4020.10251077885  68.92248
4020.137151077  95.72688
4020.1717888919  89.27039
4020.20642422341  77.69557
4020.24105707133  90.33734
4020.27568743551  70.18277
4020.31031531578  91.38009
4020.34494071196  76.42773
4020.37956362389  75.99516
4020.4141840514  80.44919
4020.44880199432  79.49648
4020.48341745248  84.095
4020.51803042572  96.35992
4020.55264091386  78.57436
4020.58724891673  75.64179
4020.62185443418  81.38902
4020.65645746603  81.87181
4020.6910580121  81.4531
4020.72565607225  65.79368
4020.76025164629  45.7587
4020.79484473405  71.24267
4020.82943533538  59.94865
4020.86402345011  63.59399
4020.89860907806  56.25484
4020.93319221907  74.58195
4020.96777287297  59.25407
4021.00235103959  62.80262
4021.03692671877  63.26953
4021.07149991034  63.70707
4021.10607061414  52.63756
4021.14063882999  76.58288
4021.17520455774  32.85119
4021.2097677972  81.91743
4021.24432854823  57.63738
4021.27888681064  51.47564
4021.31344258428  60.6132
4021.34799586897  71.80138
4021.38254666456  71.09247
4021.41709497088  66.09916
4021.45164078775  58.75912
4021.48618411502  60.84929
4021.52072495251  89.4239
4021.55526330007  69.98175
4021.58979915753  64.10295
4021.62433252471  72.22698
4021.65886340146  71.61015
4021.69339178762  73.34246
4021.72791768301  76.74792
4021.76244108747  73.66129
4021.79696200083  68.91676
4021.83148042294  67.27973
4021.86599635362  70.01321
4021.90050979271  64.36352
4021.93502074004  47.83018
4021.96952919546  72.85633
4022.0040351588  72.86322
4022.03853862989  63.62455
4022.07303960856  67.0047
4022.10753809466  59.16455
4022.14203408803  63.8695
4022.17652758848  86.78721
4022.21101859587  70.57993
4022.24550711003  60.41625
4022.2799931308  72.63367
4022.314476658  76.47291
4022.34895769148  55.50158
4022.38343623108  71.24348
4022.41791227662  66.22655
4022.45238582796  54.79613
4022.48685688492  68.75272
4022.52132544733  60.58395
4022.55579151505  52.80981
4022.5902550879  55.85282
4022.62471616573  50.07022
4022.65917474837  69.99464
4022.69363083565  39.21455
4022.72808442742  38.00442
4022.76253552351  77.58046
4022.79698412376  58.02029
4022.831430228  54.49819
4022.86587383609  73.99873
4022.90031494784  63.51922
4022.93475356311  62.98854
4022.96918968173  74.81071
4023.00362330353  63.93817
4023.03805442837  43.583
4023.07248305606  90.23169
4023.10690918646  66.52419
4023.14133281941  82.39565
4023.17575395473  76.94263
4023.21017259227  68.69537
4023.24458873187  74.00634
4023.27900237336  72.92933
4023.3134135166  72.90816
4023.34782216141  71.06425
4023.38222830763  74.68658
4023.4166319551  80.90865
4023.45103310367  74.80056
4023.48543175318  80.99295
4023.51982790345  74.28439
4023.55422155434  82.75818
4023.58861270568  73.14479
4023.62300135731  66.2685
4023.65738750908  59.90783
4023.69177116081  74.53577
4023.72615231236  69.54557
4023.76053096356  67.01425
4023.79490711425  78.36236
4023.82928076428  66.03104
4023.86365191348  81.01281
4023.8980205617  68.22408
4023.93238670877  57.69049
4023.96675035453  80.25729
4024.00111149884  66.41348
4024.03547014152  65.7198
4024.06982628242  69.67982
4024.10417992138  67.31609
4024.13853105824  57.23503
4024.17287969285  75.06798
4024.20722582504  78.97356
4024.24156945466  58.42764
4024.27591058154  53.39304
4024.31024920553  73.12527
4024.34458532648  73.31804
4024.37891894422  67.68455
4024.41325005859  71.75384
4024.44757866944  70.3195
4024.48190477661  62.25146
4024.51622837994  79.44965
4024.55054947928  91.24973
4024.58486807447  61.31525
4024.61918416534  62.74786
4024.65349775175  75.82133
4024.68780883353  76.31718
4024.72211741053  71.45727
4024.75642348259  64.92908
4024.79072704955  86.86388
4024.82502811126  92.56584
4024.85932666757  57.20708
4024.8936227183  62.58895
4024.92791626332  62.3831
4024.96220730245  40.80533
4024.99649583555  57.54594
4025.03078186245  70.24119
4025.06506538301  63.25994
4025.09934639706  51.61646
4025.13362490446  65.99299
4025.16790090503  73.38516
4025.20217439864  42.67847
4025.23644538512  61.32305
4025.27071386431  55.6861
4025.30497983607  66.5988
4025.33924330023  63.67504
4025.37350425664  52.63169
4025.40776270515  55.81089
4025.44201864559  58.52422
4025.47627207782  68.80314
4025.51052300168  60.22413
4025.54477141702  57.81422
4025.57901732368  57.66278
4025.6132607215  48.89833
4025.64750161033  52.73425
4025.68173999002  56.07557
4025.71597586041  50.33029
4025.75020922135  58.02089
4025.78444007268  56.43674
4025.81866841425  31.87535
4025.85289424591  54.30346
4025.8871175675  56.65171
4025.92133837886  56.9642
4025.95555667985  72.73839
4025.98977247031  44.98222
4026.02398575008  68.43843
4026.05819651902  60.90948
4026.09240477697  69.8731
4026.12661052377  55.05883
4026.16081375928  74.76453
4026.19501448333  62.13157
4026.22921269578  75.78697
4026.26340839648  70.27429
4026.29760158527  72.89635
4026.33179226199  70.20001
4026.3659804265  62.54965
4026.40016607865  57.03758
4026.43434921827  71.0601
4026.46852984523  65.48875
4026.50270795935  64.66292
4026.53688356051  72.47054
4026.57105664853  81.59124
4026.60522722327  77.15683
4026.63939528458  68.96149
4026.67356083231  90.17561
4026.7077238663  81.52158
4026.74188438641  58.67314
4026.77604239247  80.16119
4026.81019788435  73.8634
4026.84435086188  73.99864
4026.87850132492  69.30786
4026.91264927332  73.62206
4026.94679470691  60.49876
4026.98093762557  69.11142
4027.01507802912  66.08017
4027.04921591743  85.8196
4027.08335129034  65.54794
4027.1174841477  74.96494
4027.15161448936  72.06361
4027.18574231517  76.48537
4027.21986762499  64.53853
4027.25399041865  69.85868
4027.288110696  84.19353
4027.32222845691  78.29196
4027.35634370122  80.94755
4027.39045642877  78.80639
4027.42456663943  88.4832
4027.45867433303  77.09113
4027.49277950944  82.00005
4027.52688216849  69.35822
4027.56098231005  79.41595
4027.59507993396  65.41722
4027.62917504007  75.90023
4027.66326762824  61.09443
4027.69735769831  71.18544
4027.73144525013  73.47266
4027.76553028356  66.34352
4027.79961279845  84.5667
4027.83369279465  77.03998
4027.86777027202  88.73435
4027.90184523039  77.87365
4027.93591766963  66.59142
4027.96998758958  78.93261
4028.0040549901  55.48124
4028.03811987104  83.67457
4028.07218223225  71.84017
4028.10624207359  75.39353
4028.1402993949  75.00676
4028.17435419604  72.35503
4028.20840647686  55.61404
4028.24245623721  79.89701
4028.27650347694  66.68275
4028.31054819592  65.07972
4028.34459039399  62.27051
4028.378630071  75.93542
4028.41266722681  81.97334
4028.44670186126  84.93462
4028.48073397422  90.96384
4028.51476356554  73.26826
4028.54879063506  79.06931
4028.58281518265  72.55689
4028.61683720815  78.12138
4028.65085671142  66.04687
4028.68487369232  78.50243
4028.71888815069  68.14907
4028.75290008639  78.91606
4028.78690949928  60.85196
4028.82091638921  83.12148
4028.85492075603  66.28962
4028.8889225996  75.05038
4028.92292191977  77.24474
4028.95691871639  80.24532
4028.99091298933  92.25687
4029.02490473843  78.49899
4029.05889396355  83.70504
4029.09288066455  57.91969
4029.12686484127  73.56183
4029.16084649358  74.81487
4029.19482562133  62.07496
4029.22880222438  72.8704
4029.26277630257  72.30382
4029.29674785577  71.76084
4029.33071688383  66.89344
4029.36468338661  61.35675
4029.39864736396  81.71429
4029.43260881573  58.76476
4029.46656774179  75.09137
4029.50052414199  73.79372
4029.53447801619  63.84985
4029.56842936423  66.84401
4029.60237818599  80.98009
4029.6363244813  77.68366
4029.67026825004  76.79536
4029.70420949206  96.31379
4029.7381482072  70.424
4029.77208439534  73.38047
4029.80601805633  80.87164
4029.83994919001  76.52973
4029.87387779626  79.72624
4029.90780387493  68.37547
4029.94172742587  79.31721
4029.97564844894  76.80173
4030.009566944  91.10805
4030.04348291091  59.99163
4030.07739634952  64.87672
4030.1113072597  79.53186
4030.14521564129  97.1938
4030.17912149416  55.42744
4030.21302481816  79.65264
4030.24692561316  70.15971
4030.28082387901  75.66376
4030.31471961557  51.63361
4030.34861282269  63.17394
4030.38250350024  69.08761
4030.41639164807  88.61249
4030.45027726605  63.39748
4030.48416035403  65.55527
4030.51804091186  73.51949
4030.55191893942  74.51376
4030.58579443655  60.81099
4030.61966740312  71.75372
4030.65353783899  62.24807
4030.68740574401  64.89026
4030.72127111804  64.46728
4030.75513396095  52.4976
4030.78899427259  72.56149
4030.82285205282  61.57766
4030.8567073015  41.79629
4030.8905600185  61.51692
4030.92441020367  67.22435
4030.95825785686  60.12181
4030.99210297795  71.66719
4031.02594556679  50.05801
4031.05978562324  66.45015
4031.09362314717  47.21696
4031.12745813842  58.43344
4031.16129059687  42.82932
4031.19512052237  45.75947
4031.22894791479  49.54172
4031.26277277398  46.4734
4031.29659509981  49.32649
4031.33041489213  40.79097
4031.36423215081  37.84923
4031.39804687571  32.74634
4031.43185906669  54.8368
4031.4656687236  46.98579
4031.49947584633  45.98466
4031.53328043471  32.90873
4031.56708248862  55.18723
4031.60088200792  40.90887
4031.63467899247  40.69758
4031.66847344212  46.89301
4031.70226535675  41.29857
4031.73605473622  46.71484
4031.76984158038  35.6057
4031.8036258891  51.11014
4031.83740766225  31.56547
4031.87118689967  48.66891
4031.90496360125  69.76823
4031.93873776683  59.67992
4031.97250939628  46.51114
4032.00627848947  48.83087
4032.04004504626  60.50543
4032.0738090665  62.70002
4032.10757055007  60.43952
4032.14132949683  64.79329
4032.17508590663  52.94254
4032.20883977935  68.0198
4032.24259111485  65.1227
4032.27633991298  73.11457
4032.31008617362  56.27808
4032.34382989663  65.6685
4032.37757108187  81.2136
4032.4113097292  66.21788
4032.44504583849  68.38512
4032.47877940961  38.03574
4032.51251044241  81.71301
4032.54623893677  56.36744
4032.57996489254  46.30405
4032.61368830959  62.22442
4032.64740918779  53.01881
4032.681127527  75.73222
4032.71484332708  65.02038
4032.7485565879  66.12665
4032.78226730933  50.99563
4032.81597549122  61.39326
4032.84968113345  59.41459
4032.88338423588  48.95875
4032.91708479837  56.31823
4032.9507828208  65.73035
4032.98447830302  46.99848
4033.0181712449  61.37491
4033.05186164631  48.64702
4033.08554950711  70.09443
4033.11923482717  45.83128
4033.15291760635  42.884
4033.18659784453  48.54833
4033.22027554156  58.61415
4033.25395069732  57.0157
4033.28762331166  43.77208
4033.32129338446  62.57112
4033.35496091559  46.14005
4033.3886259049  49.78413
4033.42228835227  48.99102
4033.45594825756  32.18029
4033.48960562064  51.04872
4033.52326044137  60.79376
4033.55691271963  20.90177
4033.59056245528  33.64107
4033.62420964819  40.73003
4033.65785429822  40.13185
4033.69149640525  51.76226
4033.72513596914  42.64327
4033.75877298975  39.45283
4033.79240746696  38.25164
4033.82603940063  42.50064
4033.85966879063  51.02156
4033.89329563683  42.06402
4033.9269199391  32.81694
4033.96054169731  52.24013
4033.99416091132  50.46121
4034.027777581  44.37543
4034.06139170622  52.58855
4034.09500328685  53.2201
4034.12861232276  52.20314
4034.16221881382  52.75668
4034.19582275989  43.55207
4034.22942416084  59.28845
4034.26302301655  51.40447
4034.29661932688  59.06982
4034.3302130917  68.1786
4034.36380431089  63.855
4034.3973929843  61.5929
4034.43097911181  65.35725
4034.46456269329  52.49313
4034.49814372862  62.90012
4034.53172221765  79.46777
4034.56529816026  49.27757
4034.59887155631  69.50156
4034.63244240569  64.11411
4034.66601070826  65.92059
4034.69957646388  71.54467
4034.73313967244  44.97495
4034.76670033379  54.25234
4034.80025844781  50.97197
4034.83381401438  58.44289
4034.86736703336  73.48788
4034.90091750462  53.35651
4034.93446542803  43.16498
4034.96801080347  59.92739
4035.0015536308  59.57992
4035.0350939099  48.30167
4035.06863164063  55.00667
4035.10216682288  46.5461
4035.13569945651  53.75035
4035.16922954138  63.59706
4035.20275707739  40.01835
4035.23628206438  42.74725
4035.26980450225  57.62413
4035.30332439085  52.66041
4035.33684173007  46.90701
4035.37035651977  62.26092
4035.40386875982  44.00745
4035.4373784501  63.80877
4035.47088559048  37.29776
4035.50439018084  55.51123
4035.53789222104  60.61567
4035.57139171096  65.72533
4035.60488865046  59.9862
4035.63838303944  48.42461
4035.67187487774  61.56067
4035.70536416526  48.41299
4035.73885090186  80.33014
4035.77233508741  49.73938
4035.8058167218  67.24407
4035.83929580488  49.85978
4035.87277233654  86.29148
4035.90624631666  87.16941
4035.93971774509  57.6348
4035.97318662172  60.46579
4036.00665294642  60.8832
4036.04011671907  50.56028
4036.07357793954  55.68628
4036.1070366077  56.33104
4036.14049272342  48.12676
4036.17394628659  57.30027
4036.20739729707  53.52867
4036.24084575475  55.51747
4036.27429165948  43.89103
4036.30773501116  56.02458
4036.34117580965  60.33218
4036.37461405483  63.77937
4036.40804974658  54.27512
4036.44148288476  60.90649
4036.47491346926  44.07842
4036.50834149995  49.98873
4036.54176697671  50.53259
4036.5751898994  57.12117
4036.60861026791  43.08866
4036.64202808212  59.07841
4036.67544334189  54.78331
4036.7088560471  57.69324
4036.74226619764  48.3093
4036.77567379336  77.95322
4036.80907883416  48.54133
4036.84248131991  65.61242
4036.87588125048  70.93284
4036.90927862575  71.46727
4036.9426734456  67.89202
4036.9760657099  69.88596
4037.00945541853  74.51013
4037.04284257137  77.27357
4037.07622716829  56.41624
4037.10960920917  61.74998
4037.14298869389  57.19889
4037.17636562232  65.87846
4037.20973999434  71.02711
4037.24311180984  89.30112
4037.27648106868  69.17314
4037.30984777074  86.98251
4037.34321191591  62.83791
4037.37657350405  49.18152
4037.40993253505  77.27353
4037.44328900879  70.03468
4037.47664292513  64.62183
4037.50999428397  77.34876
4037.54334308518  84.68433
4037.57668932864  54.18406
4037.61003301422  79.47386
4037.6433741418  75.58399
4037.67671271127  83.73131
4037.7100487225  76.66615
4037.74338217536  72.86292
4037.77671306975  63.14494
4037.81004140553  66.23875
4037.84336718259  69.9829
4037.87669040081  75.4824
4037.91001106006  73.68826
4037.94332916022  72.16811
4037.97664470118  76.11279
4038.00995768281  74.61283
4038.04326810499  74.72986
4038.0765759676  77.68034
4038.10988127052  74.76038
4038.14318401364  69.27593
4038.17648419683  67.79408
4038.20978181997  57.1263
4038.24307688294  68.58383
4038.27636938562  81.65753
4038.30965932789  69.21994
4038.34294670964  67.57515
4038.37623153074  82.02105
4038.40951379107  66.05215
4038.44279349051  61.74291
4038.47607062895  78.47739
4038.50934520627  78.37258
4038.54261722234  77.86436
4038.57588667705  73.37286
4038.60915357028  64.84019
4038.6424179019  92.74545
4038.67567967181  73.26129
4038.70893887988  76.75784
4038.74219552599  82.47345
4038.77544961003  53.2935
4038.80870113188  80.06249
4038.84195009142  75.42534
4038.87519648852  90.4141
4038.90844032308  62.6384
4038.94168159498  64.19239
4038.97492030409  69.78039
4039.0081564503  95.98045
4039.04139003349  69.37351
4039.07462105355  69.20299
4039.10784951035  68.86263
4039.14107540378  62.58619
4039.17429873373  81.29726
4039.20751950006  64.83053
4039.24073770268  57.69579
4039.27395334145  68.53873
4039.30716641627  70.55695
4039.34037692702  77.01713
4039.37358487357  74.3052
4039.40679025582  70.24613
4039.43999307365  78.5433
4039.47319332693  82.53117
4039.50639101556  55.84239
4039.53958613942  67.299
4039.57277869839  84.85219
4039.60596869235  75.49637
4039.6391561212  42.34585
4039.6723409848  80.6576
4039.70552328306  42.30823
4039.73870301584  86.30272
4039.77188018305  51.92352
4039.80505478455  74.39581
4039.83822682024  76.89368
4039.87139628999  62.26066
4039.90456319371  65.62406
4039.93772753126  66.09995
4039.97088930254  61.26736
4040.00404850742  67.33273
4040.0372051458  68.80035
4040.07035921756  69.28579
4040.10351072259  87.07875
4040.13665966077  48.18544
4040.16980603198  78.00172
4040.20294983611  76.37178
4040.23609107305  49.19024
4040.26922974269  61.82714
4040.3023658449  78.43062
4040.33549937958  74.63548
4040.36863034661  79.88857
4040.40175874587  70.71154
4040.43488457726  69.50348
4040.46800784066  59.54522
4040.50112853595  57.2729
4040.53424666303  51.21008
4040.56736222178  92.26626
4040.60047521208  33.47834
4040.63358563383  55.53767
4040.6666934869  68.25027
4040.69979877119  59.80206
4040.73290148658  78.32341
4040.76600163297  55.87967
4040.79909921023  47.28761
4040.83219421826  56.84303
4040.86528665694  51.59817
4040.89837652616  76.27867
4040.93146382581  70.78767
4040.96454855578  64.21805
4040.99763071594  53.78658
4041.0307103062  55.85172
4041.06378732644  60.66354
4041.09686177655  55.58046
4041.12993365641  70.08032
4041.16300296592  45.48356
4041.19606970496  61.79089
4041.22913387342  55.51642
4041.26219547119  55.56928
4041.29525449815  49.15585
4041.32831095421  60.43853
4041.36136483924  69.61465
4041.39441615313  55.08826
4041.42746489578  51.2706
4041.46051106707  56.16749
4041.49355466689  49.41869
4041.52659569513  67.636
4041.55963415169  63.64904
4041.59267003644  48.90434
4041.62570334928  63.50744
4041.65873409011  49.85795
4041.6917622588  41.67619
4041.72478785525  58.6902
4041.75781087935  71.05931
4041.79083133099  62.27707
4041.82384921006  80.99595
4041.85686451645  50.70449
4041.88987725004  62.96018
4041.92288741074  57.96793
4041.95589499843  61.16978
4041.988900013  72.94744
4042.02190245434  59.56206
4042.05490232234  43.39473
4042.0878996169  54.87453
4042.1208943379  62.42733
4042.15388648524  55.40908
4042.1868760588  59.18877
4042.21986305848  62.78838
4042.25284748418  51.2009
4042.28582933577  49.35659
4042.31880861315  67.24905
4042.35178531622  74.55117
4042.38475944487  64.54282
4042.41773099898  60.57489
4042.45069997845  58.49132
4042.48366638318  66.49239
4042.51663021305  66.61928
4042.54959146795  46.72217
4042.58255014778  72.31789
4042.61550625243  52.71783
4042.6484597818  66.64632
4042.68141073577  81.27528
4042.71435911424  67.06511
4042.74730491709  69.1157
4042.78024814424  70.24149
4042.81318879556  79.13773
4042.84612687095  50.22894
4042.8790623703  81.5053
4042.91199529351  97.43496
4042.94492564046  56.77457
4042.97785341106  86.33435
4043.0107786052  69.43097
4043.04370122277  77.00881
4043.07662126366  66.69749
4043.10953872776  73.42753
4043.14245361498  63.97548
4043.1753659252  67.3878
4043.20827565833  54.71378
4043.24118281424  74.82335
4043.27408739284  60.95354
4043.30698939403  68.27787
4043.33988881769  70.45275
4043.37278566372  70.79792
4043.40567993202  82.28678
4043.43857162248  72.39373
4043.47146073499  60.59386
4043.50434726945  59.05275
4043.53723122576  83.27593
4043.5701126038  73.73996
4043.60299140348  112.0565
4043.6358676247  64.15605
4043.66874126733  56.80785
4043.70161233129  67.34739
4043.73448081647  87.5675
4043.76734672275  71.5542
4043.80021005005  61.207
4043.83307079825  57.71247
4043.86592896725  88.32261
4043.89878455694  75.55196
4043.93163756722  65.922
4043.964487998  50.93145
4043.99733584916  48.08229
4044.0301811206  76.97103
4044.06302381221  78.18381
4044.0958639239  70.23049
4044.12870145556  81.30718
4044.16153640709  63.61584
4044.19436877838  79.18237
4044.22719856933  58.75539
4044.26002577984  31.62011
4044.2928504098  67.36586
4044.32567245912  47.58206
4044.35849192768  60.26682
4044.39130881539  56.33387
4044.42412312215  53.51158
4044.45693484785  53.04072
4044.48974399239  54.92439
4044.52255055567  45.50534
4044.55535453758  52.66757
4044.58815593802  39.64564
4044.6209547569  13.20265
4044.6537509941  47.45089
4044.68654464953  36.37446
4044.71933572309  66.90887
4044.75212421468  40.73055
4044.78491012418  46.66784
4044.81769345151  56.95695
4044.85047419656  40.0694
4044.88325235922  50.19558
4044.91602793941  53.43819
4044.94880093701  54.35337
4044.98157135193  60.18068
4045.01433918406  43.12609
4045.04710443331  39.94925
4045.07986709957  47.05412
4045.11262718274  43.93012
4045.14538468273  58.58974
4045.17813959943  37.14612
4045.21089193274  29.82714
4045.24364168256  48.43076
4045.2763888488  73.2135
4045.30913343134  36.41697
4045.3418754301  45.46197
4045.37461484497  59.11674
4045.40735167586  55.25114
4045.44008592265  49.41064
4045.47281758526  44.1997
4045.50554666359  46.22356
4045.53827315752  46.42085
4045.57099706698  32.27396
4045.60371839184  26.42638
4045.63643713203  45.86874
4045.66915328743  56.0671
4045.70186685796  40.67977
4045.7345778435  39.12893
4045.76728624397  62.75481
4045.79999205925  48.34673
4045.83269528927  58.72642
4045.8653959339  31.139
4045.89809399307  58.27694
4045.93078946667  43.20194
4045.96348235459  25.66377
4045.99617265675  37.80242
4046.02886037305  35.25386
4046.06154550338  28.24507
4046.09422804766  30.29185
4046.12690800578  31.75036
4046.15958537764  32.26393
4046.19226016314  24.91409
4046.2249323622  33.45226
4046.25760197471  30.48613
4046.29026900057  33.73842
4046.3229334397  26.04504
4046.35559529198  34.35077
4046.38825455733  36.33402
4046.42091123564  11.37596
4046.45356532683  26.81957
4046.48621683079  16.49984
4046.51886574743  29.0099
4046.55151207665  20.92888
4046.58415581835  22.41463
4046.61679697244  14.18838
4046.64943553883  27.17745
4046.6820715174  36.71207
4046.71470490808  15.19236
4046.74733571077  17.52313
4046.77996392536  45.78062
4046.81258955176  20.24347
4046.84521258988  21.25517
4046.87783303963  36.53485
4046.9104509009  17.28797
4046.94306617359  26.20231
4046.97567885763  34.90767
4047.00828895291  28.16732
4047.04089645933  30.99955
4047.0735013768  44.33937
4047.10610370522  43.2979
4047.13870344451  46.0301
4047.17130059456  44.94769
4047.20389515528  35.56843
4047.23648712658  67.14458
4047.26907650837  61.6761
4047.30166330054  56.09529
4047.334247503  50.58574
4047.36682911567  43.26609
4047.39940813844  58.17763
4047.43198457122  58.42358
4047.46455841392  58.79221
4047.49712966644  67.9052
4047.52969832869  50.06076
4047.56226440058  63.86237
4047.59482788202  50.51692
4047.6273887729  57.90675
4047.65994707314  47.35313
4047.69250278264  45.66693
4047.72505590132  56.75845
4047.75760642907  50.63641
4047.7901543658  41.25864
4047.82269971143  54.81573
4047.85524246586  51.54262
4047.88778262899  62.54851
4047.92032020073  69.12111
4047.952855181  53.82946
4047.9853875697  50.07141
4048.01791736673  68.01412
4048.05044457201  54.3144
4048.08296918543  49.10959
4048.11549120692  61.2492
4048.14801063638  40.69825
4048.18052747371  52.07528
4048.21304171883  59.6499
4048.24555337164  54.6342
4048.27806243206  37.26303
4048.31056889998  66.3409
4048.34307277532  24.00666
4048.37557405799  71.35416
4048.4080727479  41.09761
4048.44056884495  53.74497
4048.47306234906  60.10515
4048.50555326013  47.11559
4048.53804157807  55.06477
4048.57052730279  51.0019
4048.60301043421  35.64366
4048.63549097223  60.28195
4048.66796891676  55.73758
4048.7004442677  54.4398
4048.73291702498  65.19306
4048.7653871885  65.10123
4048.79785475817  65.10962
4048.8303197339  32.22354
4048.86278211559  70.8026
4048.89524190317  40.29224
4048.92769909654  61.33734
4048.96015369561  32.18789
4048.99260570029  55.6077
4049.02505511049  73.56121
4049.05750192613  63.10001
4049.08994614711  67.5745
4049.12238777334  43.73673
4049.15482680474  30.162
4049.18726324122  22.36888
4049.21969708268  29.36657
4049.25212832905  64.46717
4049.28455698022  72.4132
4049.31698303612  38.28319
4049.34940649664  35.61427
4049.38182736172  38.06769
4049.41424563125  41.12393
4049.44666130515  62.9203
4049.47907438333  39.49998
4049.5114848657  33.93752
4049.54389275218  49.31108
4049.57629804267  28.11676
4049.60870073709  33.8106
4049.64110083536  60.47374
4049.67349833737  46.34512
4049.70589324306  47.11116
4049.73828555232  29.64194
4049.77067526508  23.96112
4049.80306238124  54.72521
4049.83544690071  38.39563
4049.86782882342  39.37811
4049.90020814928  52.90113
4049.93258487819  35.4691
4049.96495901006  31.38227
4049.99733054483  31.95004
4050.02969948239  46.74674
4050.06206582266  50.42976
4050.09442956555  53.78744
4050.12679071099  35.84871
4050.15914925887  45.78318
4050.19150520913  49.09443
4050.22385856166  45.45419
4050.25620931639  60.53371
4050.28855747322  55.09701
4050.32090303208  42.00498
4050.35324599288  60.14008
4050.38558635552  36.98151
4050.41792411994  54.95595
4050.45025928603  51.68898
4050.48259185372  29.34697
4050.51492182292  69.0435
4050.54724919355  34.7697
4050.57957396552  41.51142
4050.61189613874  80.91566
4050.64421571314  63.81531
4050.67653268862  60.78499
4050.7088470651  57.47212
4050.7411588425  65.82386
4050.77346802074  39.56953
4050.80577459972  78.90881
4050.83807857937  78.8866
4050.8703799596  47.35957
4050.90267874033  42.9563
4050.93497492147  59.32048
4050.96726850294  60.79781
4050.99955948465  59.83353
4051.03184786652  38.07185
4051.06413364848  55.7848
4051.09641683043  73.29562
4051.12869741229  45.30241
4051.16097539397  55.55277
4051.19325077541  56.51728
4051.2255235565  33.8507
4051.25779373718  48.70424
4051.29006131734  18.61545
4051.32232629693  67.39188
4051.35458867584  50.72116
4051.386848454  55.57763
4051.41910563133  42.94646
4051.45136020774  54.33373
4051.48361218315  76.69877
4051.51586155748  67.09012
4051.54810833065  62.57594
4051.58035250257  50.25751
4051.61259407316  66.62338
4051.64483304234  68.592
4051.67706941003  51.75007
4051.70930317616  61.1458
4051.74153434062  46.43718
4051.77376290335  62.12872
4051.80598886426  69.23311
4051.83821222327  70.80962
4051.87043298031  46.21734
4051.90265113528  88.9483
4051.93486668811  39.53563
4051.96707963872  49.49448
4051.99928998702  60.37811
4052.03149773294  89.86633
4052.06370287639  60.11747
4052.0959054173  33.89006
4052.12810535559  37.07619
4052.16030269116  62.00244
4052.19249742395  54.20239
4052.22468955387  63.23338
4052.25687908085  30.99871
4052.2890660048  40.93904
4052.32125032564  60.86374
4052.35343204329  64.45737
4052.38561115768  34.69548
4052.41778766873  46.67077
4052.44996157635  52.5156
4052.48213288046  60.56705
4052.51430158099  62.40363
4052.54646767785  64.89416
4052.57863117097  84.71556
4052.61079206027  52.72671
4052.64295034567  72.10529
4052.67510602709  55.66238
4052.70725910445  63.48831
4052.73940957768  52.17101
4052.77155744668  40.05368
4052.8037027114  30.40773
4052.83584537174  57.43695
4052.86798542763  31.07788
4052.90012287899  38.32383
4052.93225772575  48.45941
4052.96438996782  30.21925
4052.99651960512  30.62247
4053.02864663758  50.34838
4053.06077106513  61.78666
4053.09289288768  66.06145
4053.12501210516  50.95069
4053.15712871748  35.66972
4053.18924272457  26.99211
4053.22135412636  44.70932
4053.25346292277  37.68557
4053.28556911371  53.23351
4053.31767269912  54.14978
4053.34977367891  44.45314
4053.38187205301  14.3006
4053.41396782134  33.27918
4053.44606098383  54.47123
4053.47815154039  63.89279
4053.51023949096  30.96086
4053.54232483546  69.21368
4053.5744075738  63.29835
4053.60648770592  44.65282
4053.63856523173  30.80018
4053.67064015117  27.3063
4053.70271246415  70.03865
4053.7347821706  42.36623
4053.76684927045  64.24634
4053.79891376361  43.22612
4053.83097565002  51.78348
4053.86303492959  45.52847
4053.89509160226  57.91814
4053.92714566794  45.46561
4053.95919712657  58.45811
4053.99124597806  30.89345
4054.02329222234  46.99211
4054.05533585934  61.63111
4054.08737688898  47.77244
4054.11941531119  53.27021
4054.15145112589  84.52465
4054.18348433301  35.2109
4054.21551493247  68.52122
4054.2475429242  42.40897
4054.27956830813  35.11758
4054.31159108418  52.65022
4054.34361125227  42.26524
4054.37562881234  67.00167
4054.40764376431  36.92678
4054.4396561081  62.0979
4054.47166584364  30.43005
4054.50367297087  46.35906
4054.5356774897  52.14491
4054.56767940005  41.61235
4054.59967870187  49.66073
4054.63167539507  61.79578
4054.66366947959  63.64873
4054.69566095534  74.50491
4054.72764982226  33.88135
4054.75963608027  40.39635
4054.7916197293  50.20442
4054.82360076928  50.56756
4054.85557920013  38.6579
4054.88755502179  25.99163
4054.91952823418  33.44569
4054.95149883722  57.37425
4054.98346683085  37.48595
4055.015432215  75.96695
4055.04739498958  72.81474
4055.07935515454  45.30487
4055.11131270979  46.81624
4055.14326765527  40.28659
4055.17521999091  36.74113
4055.20716971662  42.85269
4055.23911683236  41.82088
4055.27106133802  61.79315
4055.30300323356  46.18237
4055.3349425189  19.28944
4055.36687919396  53.35172
4055.39881325868  59.76757
4055.43074471299  49.11077
4055.46267355681  31.11787
4055.49459979007  37.30322
4055.52652341271  27.88458
4055.55844442464  18.77359
4055.59036282581  50.95911
4055.62227861615  42.12958
4055.65419179557  21.32468
4055.68610236401  50.75144
4055.71801032141  23.34903
4055.74991566769  42.56387
4055.78181840278  23.49017
4055.81371852661  36.39149
4055.84561603911  33.9094
4055.87751094022  52.91682
4055.90940322986  29.46478
4055.94129290796  50.40823
4055.97317997446  23.71688
4056.00506442928  62.36771
4056.03694627236  47.79043
4056.06882550362  33.48672
4056.10070212301  33.33273
4056.13257613044  52.00101
4056.16444752585  94.43089
4056.19631630918  65.36404
4056.22818248035  33.2668
4056.26004603929  32.78241
4056.29190698594  29.84546
4056.32376532023  52.98281
4056.35562104209  55.42591
4056.38747415145  50.65739
4056.41932464824  46.95836
4056.45117253241  51.06015
4056.48301780387  23.38632
4056.51486046256  55.8119
4056.54670050841  43.91316
4056.57853794136  68.58221
4056.61037276133  51.04162
4056.64220496827  54.02709
4056.6740345621  30.02205
4056.70586154276  51.05737
4056.73768591018  66.55619
4056.76950766429  45.48745
4056.80132680502  68.00916
4056.83314333231  52.15472
4056.8649572461  48.81578
4056.89676854631  41.44255
4056.92857723288  51.00446
4056.96038330574  55.86336
4056.99218676483  84.00948
4057.02398761007  56.29205
4057.05578584142  50.09058
4057.08758145879  21.82846
4057.11937446212  66.69451
4057.15116485134  15.18825
4057.1829526264  48.69003
4057.21473778722  44.70134
4057.24652033374  77.98343
4057.2783002659  38.78891
4057.31007758362  52.61006
4057.34185228684  64.77113
4057.37362437551  53.26875
4057.40539384954  71.46816
4057.43716070888  55.40358
4057.46892495347  23.89043
4057.50068658323  48.21582
4057.53244559811  43.56847
4057.56420199803  45.03338
4057.59595578294  49.06371
4057.62770695277  45.20187
4057.65945550745  53.04901
4057.69120144692  49.41843
4057.72294477112  52.82907
4057.75468547998  29.19726
4057.78642357344  39.38034
4057.81815905144  64.90225
4057.84989191391  49.17479
4057.88162216078  30.64925
4057.91334979199  63.21653
4057.94507480749  17.47081
4057.9767972072  17.0666
4058.00851699107  57.05497
4058.04023415902  19.54638
4058.07194871101  50.40354
4058.10366064695  32.04251
4058.1353699668  37.80369
4058.16707667048  17.34838
4058.19878075794  36.78116
4058.23048222911  31.13015
4058.26218108394  42.3854
4058.29387732234  56.35104
4058.32557094428  13.28751
4058.35726194968  44.76987
4058.38895033847  20.24176
4058.42063611061  63.46691
4058.45231926602  63.43502
4058.48399980464  16.55653
4058.51567772642  31.83576
4058.54735303129  47.15498
4058.57902571919  14.25088
4058.61069579005  30.98154
4058.64236324382  66.2706
4058.67402808043  44.33425
4058.70569029983  70.3662
4058.73734990195  29.24173
4058.76900688673  38.42635
4058.80066125411  56.0112
4058.83231300403  38.08575
4058.86396213643  28.99836
4058.89560865125  46.60131
4058.92725254842  45.60698
4058.95889382789  47.99436
4058.99053248959  51.50658
4059.02216853347  47.27937
4059.05380195947  53.45394
4059.08543276752  31.15853
4059.11706095756  12.60306
4059.14868652954  53.25198
4059.18030948339  43.38836
4059.21192981906  55.94238
4059.24354753649  39.67557
4059.27516263561  5.743271
4059.30677511637  28.18566
4059.3383849787  13.85744
4059.36999222255  29.26037
4059.40159684786  45.47806
4059.43319885457  65.37031
4059.46479824262  52.8783
4059.49639501195  31.07976
4059.5279891625  31.04839
4059.55958069422  45.76161
4059.59116960704  65.90768
4059.6227559009  5.706551
4059.65433957576  25.40322
4059.68592063154  16.62098
4059.7174990682  24.48881
4059.74907488566  82.87392
4059.78064808389  48.9804
4059.81221866281  24.299
4059.84378662236  36.52448
4059.8753519625  44.6124
4059.90691468316  45.26138
4059.93847478429  57.6316
4059.97003226582  51.07651
4060.00158712771  9.831451
4060.03313936989  76.91233
4060.0646889923  45.12309
4060.09623599489  70.89841
4060.1277803776  58.40193
4060.15932214038  22.90678
4060.19086128317  58.33332
4060.2223978059  31.10446
4060.25393170853  77.41377
4060.285462991  43.87626
4060.31699165324  41.45832
4060.34851769522  67.17241
4060.38004111685  61.08324
4060.41156191811  42.85614
4060.44308009891  57.71332
4060.47459565922  64.69991
4060.50610859896  72.24095
4060.5376189181  28.16224
4060.56912661657  54.81153
4060.60063169431  12.23569
4060.63213415128  62.97161
4060.66363398741  93.02821
4060.69513120264  35.14974
4060.72662579694  67.93653
4060.75811777023  71.33007
4060.78960712246  108.3083
4060.82109385358  41.35122
4060.85257796354  45.02004
4060.88405945228  78.15047
4060.91553831973  89.75502
4060.94701456586  32.39146
4060.97848819061  76.36029
4061.00995919391  30.67751
4061.04142757572  92.22404
4061.07289333598  36.94248
4061.10435647464  66.31036
4061.13581699164  51.06898
4061.16727488693  37.83348
4061.19873016045  88.28663
4061.23018281216  100.8803
4061.26163284199  67.74671
4061.2930802499  59.56437
4061.32452503582  41.59982
4061.35596719972  89.46954
4061.38740674153  87.88263
4061.41884366119  39.03202
4061.45027795867  50.20231
4061.4817096339  82.55172
4061.51313868683  29.41748
4061.5445651174  62.07844
4061.57598892558  60.30659
4061.60741011129  49.57211
4061.63882867449  77.03182
4061.67024461514  34.38735
4061.70165793316  82.81865
4061.73306862852  43.64406
4061.76447670116  88.63096
4061.79588215102  53.73674
4061.82728497806  53.74793
4061.85868518223  62.42372
4061.89008276347  66.84617
4061.92147772172  86.77296
4061.95287005695  32.8855
4061.98425976909  94.25496
4062.0156468581  89.38977
4062.04703132392  74.41685
4062.07841316651  66.06118
4062.1097923858  92.11584
4062.14116898176  84.67325
4062.17254295432  48.99557
4062.20391430345  67.25076
4062.23528302908  70.70889
4062.26664913116  64.87587
4062.29801260965  89.4883
4062.3293734645  88.19054
4062.36073169565  65.10101
4062.39208730306  44.61971
4062.42344028667  73.84303
4062.45479064643  60.22366
4062.4861383823  95.40929
4062.51748349422  90.86982
4062.54882598214  68.50579
4062.58016584602  60.47015
4062.61150308581  98.7428
4062.64283770144  52.32632
4062.67416969288  24.01224
4062.70549906008  89.58179
4062.73682580298  82.04885
4062.76814992154  70.21609
4062.7994714157  29.02001
4062.83079028543  69.16461
4062.86210653066  39.69546
4062.89342015136  3.088156
4062.92473114746  25.29265
4062.95603951893  32.88805
4062.98734526571  7.072243
4063.01864838776  66.3653
4063.04994888503  31.7371
4063.08124675746  59.82263
4063.11254200501  61.11024
4063.14383462764  16.32766
4063.17512462529  26.98434
4063.20641199792  45.28165
4063.23769674547  74.18291
4063.26897886791  59.07426
4063.30025836518  40.84061
4063.33153523723  98.87447
4063.36280948403  34.31383
4063.39408110551  34.54187
4063.42535010163  15.3953
4063.45661647235  62.4026
4063.48788021763  31.68262
4063.5191413374  60.42601
4063.55039983162  13.96868
4063.58165570026  44.58384
4063.61290894325  76.29229
4063.64415956056  49.74193
4063.67540755214  52.08366
4063.70665291793  49.84664
4063.7378956579  91.52573
4063.76913577201  0.7851171
4063.80037326019  63.70713
4063.83160812241  75.39037
4063.86284035862  36.90424
4063.89406996877  31.06898
4063.92529695282  25.61412
4063.95652131072  34.47558
4063.98774304243  12.11913
4064.0189621479  32.79591
4064.05017862709  17.21189
4064.08139247995  81.73876
4064.11260370643  43.09507
4064.1438123065  39.45176
4064.17501828009  38.68465
4064.20622162718  21.34631
4064.23742234771  4.348431
4064.26862044165  17.51032
4064.29981590893  43.97556
4064.33100874953  77.76305
4064.3621989634  31.89759
4064.39338655048  13.87526
4064.42457151075  66.99937
4064.45575384414  13.15171
4064.48693355063  78.70145
4064.51811063016  85.37744
4064.54928508269  88.40308
4064.58045690818  22.01455
4064.61162610658  46.61442
4064.64279267785  57.6162
4064.67395662194  96.98484
4064.70511793882  46.1874
4064.73627662844  59.55971
4064.76743269075  58.68532
4064.79858612572  74.22665
4064.82973693329  37.57202
