4082.52430804758  0.
4082.5620995213  0.
4082.59988864051  0.
4082.63767540498  0.
4082.67545981447  204.1094
4082.71324186874  73.03535
4082.75102156754  14.2443
4082.78879891066  55.7271
4082.82657389784  22.75793
4082.86434652885  43.57922
4082.90211680345  177.894
4082.93988472141  54.97026
4082.97765028248  165.417
4083.01541348644  25.16591
4083.05317433305  179.4647
4083.09093282206  211.3817
4083.12868895324  134.9151
4083.16644272636  32.41851
4083.20419414118  109.56
4083.24194319745  82.57339
4083.27968989495  156.9265
4083.31743423345  143.1981
4083.35517621269  88.09394
4083.39291583245  120.7737
4083.43065309249  131.9329
4083.46838799257  92.41343
4083.50612053247  131.8979
4083.54385071193  9.409516
4083.58157853073  27.19222
4083.61930398863  114.3721
4083.6570270854  143.2068
4083.6947478208  86.94524
4083.73246619459  37.24606
4083.77018220654  115.2863
4083.80789585641  49.89616
4083.84560714397  147.9217
4083.88331606898  118.7148
4083.92102263122  156.8044
4083.95872683043  132.4277
4083.99642866639  76.91066
4084.03412813887  154.7017
4084.07182524762  42.68674
4084.10951999242  162.4776
4084.14721237302  63.4208
4084.1849023892  104.1344
4084.22259004072  60.95789
4084.26027532734  119.6639
4084.29795824884  35.77801
4084.33563880497  16.43684
4084.37331699551  51.00114
4084.41099282021  31.32435
4084.44866627885  41.60025
4084.48633737119  133.8653
4084.52400609699  85.91782
4084.56167245603  95.29518
4084.59933644807  35.34776
4084.63699807287  85.00581
4084.67465733021  135.5346
4084.71231421984  47.95627
4084.74996874154  109.2412
4084.78762089507  101.656
4084.8252706802  161.9926
4084.86291809669  109.0975
4084.90056314432  143.2824
4084.93820582284  41.83112
4084.97584613204  145.6069
4085.01348407166  106.5187
4085.05111964149  77.12794
4085.08875284129  14.11107
4085.12638367082  47.5564
4085.16401212985  95.82051
4085.20163821816  23.51262
4085.2392619355  133.7735
4085.27688328165  34.25816
4085.31450225637  78.63005
4085.35211885944  83.29579
4085.38973309061  113.7869
4085.42734494966  47.5562
4085.46495443636  54.36758
4085.50256155047  102.0255
4085.54016629176  60.94741
4085.57776866001  49.49515
4085.61536865497  47.57144
4085.65296627642  16.95584
4085.69056152412  110.4804
4085.72815439785  93.44378
4085.76574489737  97.13054
4085.80333302245  113.3386
4085.84091877287  111.7884
4085.87850214838  84.20811
4085.91608314877  44.00307
4085.95366177379  34.79984
4085.99123802321  64.15664
4086.02881189682  55.393
4086.06638339437  31.16851
4086.10395251563  48.02737
4086.14151926038  58.98084
4086.17908362838  32.84574
4086.21664561941  51.89547
4086.25420523323  19.04469
4086.29176246962  102.7158
4086.32931732833  31.8394
4086.36686980915  58.09137
4086.40441991184  96.08866
4086.44196763618  42.75911
4086.47951298193  93.08665
4086.51705594886  168.1873
4086.55459653675  40.85793
4086.59213474536  62.79997
4086.62967057447  94.8349
4086.66720402384  108.5437
4086.70473509325  49.51213
4086.74226378246  73.63171
4086.77979009125  80.48034
4086.8173140194  89.17243
4086.85483556666  40.12531
4086.89235473281  70.22206
4086.92987151762  83.83917
4086.96738592087  45.69863
4087.00489794232  85.01656
4087.04240758174  41.58851
4087.07991483892  127.8495
4087.11741971361  102.8058
4087.15492220559  53.33358
4087.19242231464  153.2738
4087.22992004051  10.56346
4087.267415383  142.6958
4087.30490834186  103.6096
4087.34239891687  98.10858
4087.3798871078  19.14474
4087.41737291442  76.97984
4087.45485633651  106.6428
4087.49233737384  20.13415
4087.52981602617  61.44902
4087.5672922933  71.20753
4087.60476617497  113.0019
4087.64223767098  66.48201
4087.67970678108  101.5978
4087.71717350506  67.73466
4087.75463784269  52.18937
4087.79209979373  28.21139
4087.82955935797  106.6181
4087.86701653517  99.74397
4087.90447132511  61.84488
4087.94192372756  101.4746
4087.97937374229  66.14296
4088.01682136909  62.46873
4088.05426660771  39.77755
4088.09170945794  52.11403
4088.12914991955  88.30687
4088.16658799231  61.14761
4088.204023676  81.00593
4088.24145697039  97.23285
4088.27888787526  105.9852
4088.31631639037  84.49232
4088.3537425155  84.49909
4088.39116625043  108.4362
4088.42858759493  91.25645
4088.46600654878  158.4257
4088.50342311174  67.91877
4088.5408372836  92.26019
4088.57824906413  110.5038
4088.6156584531  114.7483
4088.65306545028  74.22209
4088.69047005546  72.57046
4088.72787226841  80.56285
4088.7652720889  59.37175
4088.80266951671  123.6619
4088.84006455161  91.81794
4088.87745719338  78.019
4088.91484744178  60.39476
4088.95223529661  63.07186
4088.98962075763  72.7523
4089.02700382462  70.41347
4089.06438449736  66.28817
4089.10176277561  44.19231
4089.13913865917  42.88452
4089.17651214779  63.2684
4089.21388324126  110.6192
4089.25125193935  54.95916
4089.28861824185  129.8692
4089.32598214852  80.83978
4089.36334365914  112.5745
4089.40070277349  108.845
4089.43805949134  118.9467
4089.47541381248  102.8954
4089.51276573667  126.6502
4089.55011526369  74.81469
4089.58746239333  90.34151
4089.62480712536  65.64393
4089.66214945955  97.81194
4089.69948939568  85.82572
4089.73682693352  112.6335
4089.77416207287  62.2696
4089.81149481348  126.5832
4089.84882515515  54.36829
4089.88615309764  76.7142
4089.92347864073  67.74925
4089.96080178421  80.44608
4089.99812252785  80.50296
4090.03544087142  74.33001
4090.0727568147  39.94101
4090.11007035748  52.22049
4090.14738149953  129.4919
4090.18469024063  79.96906
4090.22199658055  111.8073
4090.25930051907  67.7487
4090.29660205598  100.1852
4090.33390119105  113.9383
4090.37119792405  42.48225
4090.40849225477  123.8165
4090.44578418299  114.9603
4090.48307370848  102.9575
4090.52036083103  123.4198
4090.5576455504  142.3804
4090.59492786639  49.9318
4090.63220777876  118.8469
4090.6694852873  129.9776
4090.70676039178  40.5951
4090.744033092  69.98093
4090.78130338771  178.5028
4090.81857127871  90.14367
4090.85583676478  61.601
4090.89309984568  104.0525
4090.93036052121  114.5228
4090.96761879114  60.31779
4091.00487465525  65.47017
4091.04212811332  66.10574
4091.07937916514  100.6221
4091.11662781047  124.7207
4091.1538740491  96.07059
4091.19111788082  77.14054
4091.22835930539  97.35319
4091.2655983226  92.77937
4091.30283493224  100.5029
4091.34006913408  91.21967
4091.37730092789  74.17394
4091.41453031347  88.5973
4091.4517572906  59.15594
4091.48898185904  53.11567
4091.52620401859  73.12872
4091.56342376903  60.07684
4091.60064111013  80.34888
4091.63785604167  116.2867
4091.67506856345  77.15694
4091.71227867523  55.12837
4091.7494863768  22.63218
4091.78669166794  74.6067
4091.82389454844  87.42072
4091.86109501807  102.6112
4091.89829307661  62.42708
4091.93548872385  59.68782
4091.97268195957  62.24623
4092.00987278355  70.29349
4092.04706119557  79.09261
4092.08424719542  71.22208
4092.12143078287  44.41903
4092.15861195771  97.73979
4092.19579071972  114.6173
4092.23296706868  101.4187
4092.27014100437  81.33783
4092.30731252658  83.23856
4092.34448163509  65.24508
4092.38164832968  92.28809
4092.41881261014  44.94792
4092.45597447624  116.8775
4092.49313392778  109.1249
4092.53029096452  71.03662
4092.56744558626  79.41615
4092.60459779278  86.18555
4092.64174758386  82.46843
4092.67889495928  58.16698
4092.71603991883  65.24359
4092.75318246229  82.42371
4092.79032258944  95.11698
4092.82746030008  89.99677
4092.86459559397  105.239
4092.90172847091  44.9151
4092.93885893067  55.9685
4092.97598697305  96.31606
4093.01311259783  59.95463
4093.05023580478  88.66347
4093.0873565937  59.89292
4093.12447496436  74.0599
4093.16159091656  59.33427
4093.19870445007  22.25602
4093.23581556468  59.65179
4093.27292426018  72.52048
4093.31003053635  75.45748
4093.34713439297  53.87286
4093.38423582983  64.01817
4093.42133484671  60.3012
4093.4584314434  71.41615
4093.49552561968  80.97913
4093.53261737534  77.80633
4093.56970671016  49.11912
4093.60679362393  54.52597
4093.64387811643  83.98798
4093.68096018745  94.47858
4093.71803983677  56.01004
4093.75511706418  71.00473
4093.79219186947  126.0701
4093.82926425241  98.04333
4093.8663342128  99.6156
4093.90340175042  65.1031
4093.94046686505  117.7265
4093.97752955649  61.24489
4094.01458982452  80.31409
4094.05164766892  104.9018
4094.08870308948  120.782
4094.12575608599  73.80508
4094.16280665823  51.34169
4094.19985480599  127.7432
4094.23690052905  115.5057
4094.27394382721  85.29677
4094.31098470024  106.7786
4094.34802314794  88.51478
4094.38505917009  92.78414
4094.42209276648  58.89416
4094.4591239369  87.91638
4094.49615268113  105.9151
4094.53317899895  69.81812
4094.57020289017  114.0501
4094.60722435455  52.88022
4094.6442433919  67.73017
4094.68126000199  126.1921
4094.71827418462  93.45448
4094.75528593958  77.72819
4094.79229526664  76.69646
4094.8293021656  121.5456
4094.86630663625  122.435
4094.90330867837  41.1702
4094.94030829176  89.13701
4094.97730547619  85.15738
4095.01430023146  90.07875
4095.05129255735  112.9032
4095.08828245366  44.9034
4095.12526992017  83.39371
4095.16225495667  91.43916
4095.19923756295  90.96585
4095.2362177388  114.0285
4095.273195484  99.04393
4095.31017079835  72.60477
4095.34714368163  62.74617
4095.38411413363  72.3628
4095.42108215415  86.43201
4095.45804774296  83.20645
4095.49501089986  102.0073
4095.53197162464  48.82499
4095.56892991708  82.12947
4095.60588577699  131.42
4095.64283920413  67.38066
4095.67979019832  111.4933
4095.71673875933  73.43505
4095.75368488695  59.85143
4095.79062858097  58.23441
4095.82756984119  66.11171
4095.86450866739  48.01842
4095.90144505937  94.64904
4095.93837901691  87.8777
4095.9753105398  62.38025
4096.01223962784  81.31605
4096.04916628081  66.78449
4096.0860904985  57.45271
4096.12301228071  63.30973
4096.15993162722  59.69031
4096.19684853783  103.9517
4096.23376301232  81.83444
4096.27067505049  93.35214
4096.30758465213  103.7322
4096.34449181702  74.33253
4096.38139654496  52.08396
4096.41829883575  44.79794
4096.45519868916  87.83423
4096.492096105  25.94421
4096.52899108305  82.27686
4096.5658836231  76.47462
4096.60277372495  77.10406
4096.63966138839  120.3662
4096.6765466132  91.01257
4096.71342939919  62.56939
4096.75030974614  83.13423
4096.78718765384  47.37118
4096.82406312209  82.30113
4096.86093615068  64.23804
4096.89780673939  50.76722
4096.93467488803  31.66804
4096.97154059638  66.686
4097.00840386424  80.85093
4097.04526469139  70.07014
4097.08212307764  86.60997
4097.11897902277  70.78466
4097.15583252657  63.5307
4097.19268358885  70.48694
4097.22953220938  83.53831
4097.26637838797  48.73255
4097.30322212441  58.58178
4097.34006341848  87.95804
4097.37690226999  94.3118
4097.41373867872  55.44062
4097.45057264447  55.02148
4097.48740416704  73.31686
4097.52423324621  88.98203
4097.56105988178  48.67358
4097.59788407354  66.10117
4097.63470582128  87.58575
4097.67152512481  86.76553
4097.70834198391  72.43097
4097.74515639837  85.88551
4097.781968368  81.27129
4097.81877789258  96.48747
4097.85558497191  104.6325
4097.89238960578  75.52426
4097.92919179399  77.7106
4097.96599153634  114.7701
4098.0027888326  63.60619
4098.03958368259  85.35672
4098.07637608609  65.50282
4098.1131660429  62.73813
4098.14995355281  79.82444
4098.18673861562  51.66288
4098.22352123113  90.24165
4098.26030139912  112.6797
4098.2970791194  61.60719
4098.33385439175  97.95065
4098.37062721598  75.11153
4098.40739759188  108.8626
4098.44416551923  50.3512
4098.48093099785  83.22128
4098.51769402752  84.9271
4098.55445460804  60.72099
4098.59121273921  93.06322
4098.62796842082  47.6977
4098.66472165266  62.10429
4098.70147243454  54.02273
4098.73822076625  59.75566
4098.77496664758  43.28667
4098.81171007833  89.05408
4098.8484510583  46.31485
4098.88518958728  109.8827
4098.92192566506  62.46999
4098.95865929146  75.55495
4098.99539046625  71.92468
4099.03211918925  80.22353
4099.06884546024  51.82763
4099.10556927902  62.71067
4099.14229064539  75.21457
4099.17900955914  113.7547
4099.21572602008  65.6787
4099.25244002799  78.81976
4099.28915158268  82.94283
4099.32586068395  76.35851
4099.36256733158  48.52794
4099.39927152538  70.37425
4099.43597326515  90.91331
4099.47267255068  88.01212
4099.50936938177  99.60042
4099.54606375822  81.48415
4099.58275567982  113.1727
4099.61944514637  118.733
4099.65613215768  61.81974
4099.69281671353  82.70167
4099.72949881373  72.45103
4099.76617845808  63.44596
4099.80285564637  74.93541
4099.8395303784  82.6
4099.87620265397  83.60971
4099.91287247287  98.03158
4099.94953983492  108.3115
4099.98620473989  109.632
4100.02286718761  104.9786
4100.05952717785  106.9432
4100.09618471042  68.17886
4100.13283978513  66.13756
4100.16949240176  62.59086
4100.20614256012  57.90982
4100.24279026001  82.32598
4100.27943550122  87.5911
4100.31607828356  107.6715
4100.35271860682  92.5251
4100.3893564708  83.31102
4100.42599187531  87.91869
4100.46262482014  82.65025
4100.49925530509  73.20107
4100.53588332997  76.61645
4100.57250889457  80.54564
4100.60913199869  79.37227
4100.64575264213  72.11458
4100.68237082469  62.8191
4100.71898654617  70.19094
4100.75559980638  81.33211
4100.79221060511  103.988
4100.82881894216  83.7235
4100.86542481733  77.30954
4100.90202823043  36.01486
4100.93862918125  51.57534
4100.97522766959  91.58815
4101.01182369526  82.87092
4101.04841725806  85.13754
4101.08500835778  73.26598
4101.12159699423  60.68575
4101.15818316721  59.21204
4101.19476687652  70.01205
4101.23134812196  74.80566
4101.26792690333  59.09693
4101.30450322044  77.46954
4101.34107707308  63.04508
4101.37764846106  64.29315
4101.41421738418  91.83247
4101.45078384223  90.19042
4101.48734783503  46.55678
4101.52390936237  60.45023
4101.56046842405  61.57272
4101.59702501989  54.42562
4101.63357914967  81.16003
4101.6701308132  77.24866
4101.70668001029  46.06939
4101.74322674073  70.98972
4101.77977100433  34.4294
4101.81631280089  41.32384
4101.85285213022  62.5049
4101.88938899211  52.11754
4101.92592338637  30.71597
4101.96245531279  71.08175
4101.9989847712  47.74456
4102.03551176138  69.15895
4102.07203628314  40.55872
4102.10855833628  57.16849
4102.14507792061  62.89037
4102.18159503592  48.85674
4102.21810968203  39.1918
4102.25462185873  56.63182
4102.29113156584  59.63544
4102.32763880315  68.01753
4102.36414357046  53.99657
4102.40064586758  61.03473
4102.43714569431  49.66609
4102.47364305047  75.52073
4102.51013793584  74.26683
4102.54663035024  49.3535
4102.58312029347  60.28812
4102.61960776533  40.69424
4102.65609276564  62.20344
4102.69257529418  48.54125
4102.72905535077  62.17885
4102.7655329352  34.9187
4102.8020080473  59.02622
4102.83848068686  71.56902
4102.87495085367  42.88603
4102.91141854756  75.20947
4102.94788376832  50.86395
4102.98434651577  54.03003
4103.02080678969  52.15547
4103.05726458991  64.97019
4103.09371991622  80.76959
4103.13017276843  54.76831
4103.16662314634  65.01065
4103.20307104977  53.04541
4103.23951647851  50.04317
4103.27595943237  40.34061
4103.31239991116  39.83704
4103.34883791468  66.13366
4103.38527344273  69.66234
4103.42170649514  89.24655
4103.45813707169  77.29208
4103.4945651722  83.41883
4103.53099079647  71.62991
4103.56741394431  62.39069
4103.60383461553  82.47308
4103.64025280992  79.76253
4103.6766685273  82.20583
4103.71308176748  86.53668
4103.74949253026  81.24318
4103.78590081544  72.27895
4103.82230662284  98.15234
4103.85870995225  70.99244
4103.8951108035  86.42647
4103.93150917638  74.7822
4103.9679050707  87.19133
4104.00429848627  72.41196
4104.04068942289  110.1738
4104.07707788038  89.94989
4104.11346385853  99.05846
4104.14984735717  84.07408
4104.18622837609  103.7
4104.2226069151  91.29367
4104.25898297401  107.1939
4104.29535655263  91.65763
4104.33172765077  79.69261
4104.36809626823  104.8399
4104.40446240482  94.59454
4104.44082606035  86.90446
4104.47718723462  78.56346
4104.51354592746  117.422
4104.54990213865  93.59679
4104.58625586802  73.14821
4104.62260711538  115.3594
4104.65895588051  95.8567
4104.69530216325  75.32424
4104.7316459634  93.53374
4104.76798728076  78.45644
4104.80432611514  81.50243
4104.84066246636  80.28596
4104.87699633421  91.29489
4104.91332771853  78.01427
4104.94965661909  74.04748
4104.98598303573  82.19617
4105.02230696825  66.82403
4105.05862841646  93.32778
4105.09494738016  91.39389
4105.13126385917  72.37609
4105.1675778533  101.3576
4105.20388936235  78.63955
4105.24019838613  83.82123
4105.27650492447  84.01706
4105.31280897716  81.78789
4105.34911054401  70.76965
4105.38540962484  70.26831
4105.42170621946  81.45834
4105.45800032767  86.78206
4105.49429194929  56.65303
4105.53058108412  103.4273
4105.56686773198  70.84544
4105.60315189268  75.20351
4105.63943356603  85.63766
4105.67571275183  79.18417
4105.71198944991  87.57741
4105.74826366007  52.1102
4105.78453538211  87.07622
4105.82080461586  88.85999
4105.85707136112  79.98646
4105.89333561771  83.21224
4105.92959738543  68.2579
4105.9658566641  85.78941
4106.00211345353  69.71832
4106.03836775353  88.73534
4106.07461956391  89.32654
4106.11086888448  87.27499
4106.14711571506  84.63877
4106.18336005545  75.57939
4106.21960190547  77.06343
4106.25584126493  96.45483
4106.29207813365  96.71925
4106.32831251143  86.84832
4106.36454439808  107.5771
4106.40077379342  108.8036
4106.43700069727  92.38239
4106.47322510943  110.0281
4106.50944702971  113.8064
4106.54566645793  113.433
4106.5818833939  118.2967
4106.61809783744  93.10461
4106.65430978835  88.90705
4106.69051924645  92.67642
4106.72672621156  113.3788
4106.76293068348  78.75039
4106.79913266203  99.24287
4106.83533214701  85.34339
4106.87152913826  98.25481
4106.90772363557  100.4437
4106.94391563876  89.15815
4106.98010514765  111.6385
4107.01629216205  48.83646
4107.05247668177  85.24187
4107.08865870662  84.80278
4107.12483823643  85.38219
4107.16101527099  78.72824
4107.19718981014  85.42903
4107.23336185368  81.14417
4107.26953140142  91.35773
4107.30569845318  91.41577
4107.34186300878  101.5646
4107.37802506802  73.21824
4107.41418463073  82.23167
4107.45034169671  63.66837
4107.48649626579  81.95425
4107.52264833777  83.71928
4107.55879791247  73.83934
4107.59494498971  94.23322
4107.6310895693  93.75591
4107.66723165106  80.55654
4107.7033712348  91.42151
4107.73950832033  105.8292
4107.77564290748  98.41405
4107.81177499605  64.75347
4107.84790458586  96.75736
4107.88403167673  72.86177
4107.92015626847  92.30455
4107.9562783609  100.0079
4107.99239795383  80.34563
4108.02851504709  84.23757
4108.06462964048  61.2267
4108.10074173382  50.53214
4108.13685132693  86.62309
4108.17295841962  85.43922
4108.20906301171  100.0983
4108.24516510302  91.4972
4108.28126469335  87.98441
4108.31736178254  105.0515
4108.35345637039  102.1045
4108.38954845673  86.70965
4108.42563804136  93.45741
4108.4617251241  98.52727
4108.49780970478  97.89854
4108.53389178321  99.61269
4108.5699713592  97.46653
4108.60604843257  77.34001
4108.64212300314  99.61831
4108.67819507073  89.28026
4108.71426463515  90.54028
4108.75033169622  95.13213
4108.78639625376  83.88731
4108.82245830758  93.48937
4108.85851785751  80.49869
4108.89457490336  94.28423
4108.93062944494  91.79312
4108.96668148209  105.2147
4109.00273101461  103.0862
4109.03877804231  91.31552
4109.07482256503  87.4369
4109.11086458258  95.2816
4109.14690409477  99.82854
4109.18294110143  89.08781
4109.21897560237  91.90772
4109.25500759741  115.2071
4109.29103708637  92.05962
4109.32706406907  89.22192
4109.36308854532  80.74351
4109.39911051495  92.2452
4109.43512997778  93.47051
4109.47114693361  94.83156
4109.50716138228  78.71198
4109.5431733236  99.97176
4109.57918275739  78.57919
4109.61518968347  102.5537
4109.65119410166  102.3241
4109.68719601177  92.341
4109.72319541363  91.79168
4109.75919230706  105.2638
4109.79518669187  93.09656
4109.83117856789  101.321
4109.86716793494  74.74974
4109.90315479283  76.99722
4109.93913914138  89.46104
4109.97512098042  96.88876
4110.01110030977  74.80189
4110.04707712924  88.11457
4110.08305143866  110.9167
4110.11902323784  72.94093
4110.1549925266  75.7058
4110.19095930478  84.45466
4110.22692357218  78.21464
4110.26288532862  87.58341
4110.29884457394  81.78369
4110.33480130794  66.44863
4110.37075553046  71.4366
4110.4067072413  69.13842
4110.4426564403  78.26215
4110.47860312726  82.28323
4110.51454730202  93.48946
4110.5504889644  94.52991
4110.58642811421  98.744
4110.62236475128  80.80753
4110.65829887543  87.75693
4110.69423048647  84.6952
4110.73015958424  71.15127
4110.76608616855  99.02348
4110.80201023923  86.59771
4110.83793179609  91.97571
4110.87385083897  89.30151
4110.90976736767  85.43445
4110.94568138203  64.58212
4110.98159288186  67.59046
4111.01750186698  87.25021
4111.05340833723  74.01395
4111.08931229242  82.26292
4111.12521373237  90.79202
4111.16111265691  80.00533
4111.19700906587  83.69985
4111.23290295905  85.76871
4111.26879433628  98.91309
4111.30468319739  100.3911
4111.34056954221  95.34248
4111.37645337055  106.0738
4111.41233468223  100.6931
4111.44821347708  85.766
4111.48408975493  75.71265
4111.51996351559  77.08332
4111.55583475889  76.51134
4111.59170348465  93.9276
4111.62756969271  86.02009
4111.66343338287  116.1807
4111.69929455496  93.48459
4111.73515320881  95.75513
4111.77100934424  74.52013
4111.80686296108  92.84434
4111.84271405915  76.21861
4111.87856263827  98.69435
4111.91440869826  92.82833
4111.95025223896  98.69162
4111.98609326019  104.2825
4112.02193176176  94.79694
4112.05776774351  90.91753
4112.09360120526  96.73876
4112.12943214683  72.98447
4112.16526056805  89.87682
4112.20108646875  79.35633
4112.23690984874  86.48698
4112.27273070786  106.9433
4112.30854904592  90.45229
4112.34436486276  83.65018
4112.38017815819  78.9294
4112.41598893205  83.51562
4112.45179718416  82.89413
4112.48760291434  112.0306
4112.52340612242  88.9707
4112.55920680823  82.5032
4112.59500497158  86.82898
4112.63080061232  83.64677
4112.66659373025  100.7792
4112.70238432522  95.18304
4112.73817239703  80.09779
4112.77395794553  65.31935
4112.80974097054  88.38712
4112.84552147187  99.30251
4112.88129944937  89.29804
4112.91707490285  83.11877
4112.95284783214  95.07416
4112.98861823707  99.40507
4113.02438611747  83.05716
4113.06015147315  87.14256
4113.09591430396  84.83771
4113.1316746097  99.22506
4113.16743239022  84.19598
4113.20318764534  89.18137
4113.23894037488  75.22647
4113.27469057868  91.98976
4113.31043825655  102.595
4113.34618340833  84.08899
4113.38192603385  87.99483
4113.41766613293  92.51311
4113.45340370539  113.439
4113.48913875108  89.67661
4113.5248712698  81.32353
4113.5606012614  102.5842
4113.5963287257  92.94028
4113.63205366253  102.0709
4113.66777607171  94.45705
4113.70349595308  95.35822
4113.73921330646  91.44108
4113.77492813168  95.98141
4113.81064042857  83.42525
4113.84635019695  106.9291
4113.88205743666  92.5732
4113.91776214752  100.5593
4113.95346432937  106.0364
4113.98916398202  94.25861
4114.02486110532  89.07994
4114.06055569908  92.8559
4114.09624776314  111.9524
4114.13193729733  80.13668
4114.16762430147  94.16806
4114.2033087754  118.0784
4114.23899071894  112.4037
4114.27467013192  108.5857
4114.31034701418  78.89266
4114.34602136553  100.1566
4114.38169318583  123.2881
4114.41736247487  93.39686
4114.45302923252  118.6194
4114.48869345858  101.3352
4114.52435515289  114.3544
4114.56001431528  124.4647
4114.59567094558  94.66126
4114.63132504362  114.3152
4114.66697660923  127.8391
4114.70262564224  108.8168
4114.73827214248  105.194
4114.77391610979  98.83067
4114.80955754398  77.72446
4114.8451964449  110.4
4114.88083281237  101.4024
4114.91646664622  96.67804
4114.95209794628  92.89288
4114.98772671239  97.82751
4115.02335294438  97.82356
4115.05897664208  99.15302
4115.09459780531  106.0512
4115.13021643391  107.4044
4115.16583252771  106.729
4115.20144608654  101.1228
4115.23705711024  100.8938
4115.27266559863  109.037
4115.30827155155  143.1003
4115.34387496882  86.97153
4115.37947585028  104.6506
4115.41507419577  103.274
4115.45067000511  83.10295
4115.48626327813  108.7375
4115.52185401467  73.49506
4115.55744221455  92.49445
4115.59302787762  99.77711
4115.6286110037  85.75563
4115.66419159263  107.9301
4115.69976964424  90.70889
4115.73534515835  83.14835
4115.77091813481  86.00057
4115.80648857345  96.25836
4115.84205647409  100.9466
4115.87762183658  109.3064
4115.91318466074  80.72941
4115.9487449464  106.8954
4115.98430269341  111.3419
4116.01985790159  82.8415
4116.05541057077  96.783
4116.0909607008  100.1847
4116.1265082915  99.00975
4116.1620533427  81.15069
4116.19759585424  100.0233
4116.23313582596  94.52462
4116.26867325769  124.9417
4116.30420814925  102.7829
4116.33974050049  111.1535
4116.37527031124  98.65956
4116.41079758133  98.08163
4116.4463223106  117.0391
4116.48184449887  112.5815
4116.51736414599  108.7786
4116.55288125179  126.335
4116.58839581611  93.9649
4116.62390783877  114.5602
4116.65941731961  107.8216
4116.69492425847  97.07313
4116.73042865518  97.90203
4116.76593050958  120.8355
4116.8014298215  109.5505
4116.83692659078  122.3312
4116.87242081724  112.2837
4116.90791250073  99.18502
4116.94340164109  116.4575
4116.97888823813  116.9075
4117.01437229171  101.4972
4117.04985380166  105.5598
4117.08533276781  90.73828
4117.12080918999  106.5539
4117.15628306805  110.2288
4117.19175440182  100.0679
4117.22722319114  96.17673
4117.26268943583  105.8977
4117.29815313574  113.4436
4117.33361429071  91.31931
4117.36907290056  85.94591
4117.40452896513  92.04671
4117.43998248427  90.14355
4117.4754334578  104.8369
4117.51088188557  103.1586
4117.54632776741  122.9132
4117.58177110315  87.64113
4117.61721189264  86.23693
4117.65265013571  70.6377
4117.68808583219  112.0304
4117.72351898193  96.95761
4117.75894958475  108.5787
4117.79437764051  106.1368
4117.82980314903  111.1003
4117.86522611015  110.4639
4117.90064652371  113.7414
4117.93606438954  111.4559
4117.97147970749  108.3678
4118.00689247739  108.5688
4118.04230269907  110.295
4118.07771037239  129.869
4118.11311549716  102.6605
4118.14851807324  115.9187
4118.18391810046  117.3159
4118.21931557865  112.2893
4118.25471050766  105.6415
4118.29010288732  113.9031
4118.32549271748  98.47472
4118.36087999796  115.0517
4118.39626472861  108.7504
4118.43164690927  118.6091
4118.46702653977  97.59096
4118.50240361996  74.31167
4118.53777814967  89.26071
4118.57315012874  99.11234
4118.60851955701  86.97909
4118.64388643431  106.0104
4118.6792507605  111.2521
4118.7146125354  101.3415
4118.74997175885  100.4534
4118.7853284307  108.3094
4118.82068255079  80.82114
4118.85603411894  87.19712
4118.89138313501  93.60814
4118.92672959884  90.45712
4118.96207351025  71.09354
4118.99741486909  102.9396
4119.03275367521  80.22383
4119.06808992843  93.98234
4119.10342362861  71.66792
4119.13875477558  88.85681
4119.17408336917  66.50401
4119.20940940924  82.60363
4119.24473289562  70.03716
4119.28005382815  74.49253
4119.31537220667  71.01609
4119.35068803103  51.20055
4119.38600130105  78.08305
4119.42131201659  62.72006
4119.45662017748  87.3534
4119.49192578357  73.98156
4119.52722883469  72.0737
4119.56252933069  85.8399
4119.5978272714  83.48614
4119.63312265667  55.07836
4119.66841548635  65.7207
4119.70370576026  77.9187
4119.73899347825  74.96483
4119.77427864017  81.06892
4119.80956124585  82.80654
4119.84484129513  98.18628
4119.88011878787  67.08559
4119.91539372389  86.20843
4119.95066610304  84.7685
4119.98593592517  95.14902
4120.02120319011  79.0696
4120.05646789771  94.92294
4120.0917300478  88.55431
4120.12698964024  99.6788
4120.16224667486  103.7738
4120.1975011515  80.30465
4120.23275307002  103.671
4120.26800243024  95.20475
4120.30324923201  112.3776
4120.33849347518  94.99128
4120.37373515959  64.24193
4120.40897428508  78.59249
4120.44421085149  89.87457
4120.47944485866  84.55257
4120.51467630645  94.00423
4120.54990519469  88.50266
4120.58513152322  93.80022
4120.62035529189  81.12557
4120.65557650055  51.91157
4120.69079514903  92.58667
4120.72601123718  81.59991
4120.76122476484  99.73351
4120.79643573186  102.2246
4120.83164413807  95.02171
4120.86684998333  92.12091
4120.90205326748  99.7711
4120.93725399035  96.00598
4120.97245215181  101.212
4121.00764775168  76.73616
4121.04284078982  93.89367
4121.07803126606  90.14159
4121.11321918025  86.87064
4121.14840453224  88.3063
4121.18358732188  90.73778
4121.21876754899  92.77361
4121.25394521344  103.6617
4121.28912031506  89.07263
4121.3242928537  101.4089
4121.35946282921  98.54639
4121.39463024142  107.3758
4121.42979509019  116.7927
4121.46495737535  124.9164
4121.50011709677  105.3927
4121.53527425427  108.2252
4121.57042884771  105.9053
4121.60558087692  95.59151
4121.64073034177  91.28452
4121.67587724208  96.39777
4121.71102157771  108.8255
4121.7461633485  98.57072
4121.78130255431  107.6588
4121.81643919496  99.46281
4121.85157327032  100.4312
4121.88670478022  90.2279
4121.92183372452  88.65092
4121.95696010305  106.7702
4121.99208391567  98.5455
4122.02720516222  98.45014
4122.06232384255  90.11004
4122.0974399565  100.9584
4122.13255350392  87.21049
4122.16766448466  86.34147
4122.20277289856  87.64996
4122.23787874548  86.86011
4122.27298202525  84.59001
4122.30808273773  87.15011
4122.34318088276  95.86572
4122.37827646018  83.49408
4122.41336946986  98.04772
4122.44845991162  96.63454
4122.48354778533  97.02124
4122.51863309082  94.33164
4122.55371582796  93.98476
4122.58879599657  80.6758
4122.62387359651  106.771
4122.65894862764  91.07955
4122.69402108978  93.4275
4122.72909098281  91.58763
4122.76415830655  97.12897
4122.79922306087  99.13691
4122.8342852456  72.11728
4122.8693448606  92.00679
4122.90440190572  92.33408
4122.9394563808  100.274
4122.97450828569  86.09957
4123.00955762023  86.39307
4123.04460438429  100.0191
4123.07964857771  77.08562
4123.11469020033  94.72552
4123.14972925201  115.212
4123.18476573259  91.15398
4123.21979964192  73.5067
4123.25483097986  94.48634
4123.28985974624  84.48071
4123.32488594093  99.27299
4123.35990956377  95.2028
4123.3949306146  91.43763
4123.42994909328  101.1592
4123.46496499966  104.4676
4123.49997833359  90.9193
4123.53498909492  99.15833
4123.56999728349  74.43613
4123.60500289916  88.95949
4123.64000594178  91.12636
4123.67500641119  77.90656
4123.71000430725  88.73125
4123.7449996298  83.15282
4123.7799923787  78.87882
4123.81498255381  71.41241
4123.84997015495  85.1599
4123.884955182  90.51541
4123.91993763479  83.50016
4123.95491751319  103.8601
4123.98989481703  68.25827
4124.02486954618  69.69968
4124.05984170047  72.1229
4124.09481127977  86.72486
4124.12977828392  82.6642
4124.16474271278  77.95966
4124.19970456619  84.6513
4124.23466384401  67.22304
4124.26962054609  66.65032
4124.30457467228  77.55683
4124.33952622243  66.94688
4124.37447519639  81.60867
4124.40942159402  76.15619
4124.44436541516  80.18445
4124.47930665967  69.19366
4124.5142453274  83.28294
4124.5491814182  72.86822
4124.58411493193  71.07504
4124.61904586843  103.0064
4124.65397422756  95.42979
4124.68890000917  99.64268
4124.72382321311  73.04608
4124.75874383924  80.98814
4124.7936618874  79.75977
4124.82857735746  94.94886
4124.86349024925  109.3569
4124.89840056265  86.71477
4124.93330829749  92.13343
4124.96821345363  101.6322
4125.00311603092  82.21312
4125.03801602922  100.7952
4125.07291344839  111.6539
4125.10780828826  108.061
4125.14270054871  91.78329
4125.17759022957  98.38138
4125.2124773307  106.0224
4125.24736185197  101.0691
4125.28224379321  95.63878
4125.31712315428  100.1691
4125.35199993505  114.7247
4125.38687413535  104.3036
4125.42174575506  97.59071
4125.45661479401  95.75557
4125.49148125206  118.6303
4125.52634512907  116.3694
4125.5612064249  82.34577
4125.59606513938  111.7801
4125.63092127239  97.12097
4125.66577482378  91.97372
4125.70062579339  99.98473
4125.73547418109  103.7752
4125.77031998672  105.1595
4125.80516321015  109.5393
4125.84000385123  106.7358
4125.87484190981  109.2798
4125.90967738575  94.74847
4125.9445102789  118.2147
4125.97934058912  107.2481
4126.01416831626  91.79929
4126.04899346019  98.32869
4126.08381602074  91.48386
4126.11863599779  89.7849
4126.15345339118  95.79552
4126.18826820077  92.99718
4126.22308042641  105.6435
4126.25789006797  93.6711
4126.2926971253  93.12971
4126.32750159825  83.16418
4126.36230348668  107.5787
4126.39710279044  95.86691
4126.4318995094  88.18118
4126.46669364341  82.04192
4126.50148519232  88.26391
4126.53627415599  98.04803
4126.57106053428  84.59628
4126.60584432704  75.22799
4126.64062553413  99.28788
4126.67540415541  85.98657
4126.71018019073  92.81989
4126.74495363995  68.16957
4126.77972450294  76.37537
4126.81449277953  76.50955
4126.8492584696  75.98697
4126.884021573  85.43997
4126.91878208958  58.79839
4126.95354001921  99.523
4126.98829536173  88.20767
4127.02304811702  83.46758
4127.05779828492  73.70113
4127.09254586529  80.15504
4127.127290858  91.32712
4127.16203326289  116.8841
4127.19677307983  80.7021
4127.23151030868  98.32722
4127.26624494929  99.19225
4127.30097700151  87.71258
4127.33570646522  109.677
4127.37043334027  104.5191
4127.40515762651  108.5912
4127.4398793238  101.1544
4127.47459843201  106.6881
4127.50931495099  98.2567
4127.54402888059  96.34579
4127.57874022069  100.0292
4127.61344897113  121.9928
4127.64815513178  110.1136
4127.68285870249  96.76968
4127.71755968313  93.08591
4127.75225807355  90.84157
4127.78695387361  88.16911
4127.82164708317  94.77979
4127.8563377021  113.8272
4127.89102573024  87.2271
4127.92571116747  91.87452
4127.96039401363  73.68977
4127.99507426859  88.09392
4128.02975193222  95.59618
4128.06442700435  82.09446
4128.09909948487  79.85397
4128.13376937363  76.15066
4128.16843667048  75.89389
4128.20310137529  72.0402
4128.23776348792  77.61455
4128.27242300823  80.64841
4128.30707993608  88.97881
4128.34173427133  80.09573
4128.37638601384  94.5764
4128.41103516347  77.61211
4128.44568172008  75.9347
4128.48032568353  72.85754
4128.51496705369  84.65308
4128.54960583041  76.32175
4128.58424201355  81.00529
4128.61887560298  64.26764
4128.65350659856  74.61633
4128.68813500014  72.49598
4128.72276080759  54.3669
4128.75738402078  61.93339
4128.79200463955  61.1821
4128.82662266378  68.58461
4128.86123809333  79.57996
4128.89585092805  81.89108
4128.93046116781  82.1236
4128.96506881247  65.45437
4128.9996738619  94.85306
4129.03427631595  87.93789
4129.06887617448  95.32819
4129.10347343737  89.09977
4129.13806810446  86.12621
4129.17266017563  86.82085
4129.20724965073  69.46683
4129.24183652964  96.66476
4129.2764208122  99.68414
4129.31100249828  77.98522
4129.34558158775  82.95927
4129.38015808047  84.64067
4129.4147319763  93.97291
4129.4493032751  94.01923
4129.48387197675  109.9384
4129.51843808109  103.1922
4129.55300158799  100.8157
4129.58756249732  111.9278
4129.62212080895  79.54719
4129.65667652272  84.03438
4129.69122963851  100.456
4129.72578015619  93.71548
4129.7603280756  90.10163
4129.79487339663  82.88113
4129.82941611912  107.9252
4129.86395624295  88.23891
4129.89849376799  85.68554
4129.93302869408  107.0342
4129.9675610211  92.74288
4130.00209074891  78.46203
4130.03661787738  89.10372
4130.07114240637  78.10857
4130.10566433574  81.847
4130.14018366536  86.31116
4130.1747003951  75.86342
4130.20921452481  93.0063
4130.24372605436  89.36489
4130.27823498363  79.85365
4130.31274131246  86.71655
4130.34724504073  95.04501
4130.38174616831  95.34591
4130.41624469505  64.14956
4130.45074062083  76.6116
4130.4852339455  87.15501
4130.51972466894  81.15685
4130.554212791  81.35964
4130.58869831156  86.64623
4130.62318123048  74.30179
4130.65766154762  82.95115
4130.69213926286  83.19188
4130.72661437605  76.62933
4130.76108688706  73.46255
4130.79555679577  84.91759
4130.83002410203  88.68682
4130.8644888057  102.2371
4130.89895090667  93.48016
4130.93341040479  103.0309
4130.96786729993  70.84238
4131.00232159195  108.4309
4131.03677328073  99.39236
4131.07122236612  80.78761
4131.10566884801  82.73224
4131.14011272624  76.07598
4131.17455400069  94.14046
4131.20899267123  104.6395
4131.24342873772  115.0219
4131.27786220004  87.70506
4131.31229305804  103.972
4131.34672131159  91.24387
4131.38114696057  88.28237
4131.41557000483  94.49902
4131.44999044425  107.9195
4131.4844082787  84.8375
4131.51882350804  100.9934
4131.55323613213  94.58808
4131.58764615086  108.0967
4131.62205356408  91.40377
4131.65645837166  92.90063
4131.69086057347  78.06447
4131.72526016938  106.2094
4131.75965715925  117.7226
4131.79405154297  86.11752
4131.82844332038  88.34325
4131.86283249137  102.2753
4131.8972190558  102.2406
4131.93160301354  97.69456
4131.96598436445  111.0912
4132.00036310841  88.43341
4132.03473924528  110.0331
4132.06911277494  101.2997
4132.10348369725  89.86622
4132.13785201208  89.59454
4132.17221771931  86.34671
4132.20658081879  80.03822
4132.2409413104  91.05984
4132.27529919401  76.52539
4132.30965446948  106.8003
4132.3440071367  89.40757
4132.37835719552  66.61875
4132.41270464581  92.75322
4132.44704948746  86.83177
4132.48139172032  83.72141
4132.51573134426  72.21498
4132.55006835916  92.45952
4132.58440276488  79.23663
4132.6187345613  72.53024
4132.65306374829  68.49498
4132.68739032571  88.90289
4132.72171429343  76.40688
4132.75603565134  101.8806
4132.79035439929  49.51552
4132.82467053716  81.86164
4132.85898406481  65.31499
4132.89329498213  65.15088
4132.92760328897  63.76458
4132.96190898522  50.27327
4132.99621207074  40.64622
4133.0305125454  83.12894
4133.06481040907  69.4457
4133.09910566163  63.31955
4133.13339830294  71.6441
4133.16768833288  59.29294
4133.20197575132  63.49606
4133.23626055813  90.67693
4133.27054275318  64.97797
4133.30482233635  76.50458
4133.3390993075  63.37283
4133.3733736665  68.50566
4133.40764541324  79.8429
4133.44191454757  58.63277
4133.47618106938  90.10897
4133.51044497854  69.78762
4133.54470627491  60.24571
4133.57896495837  74.4769
4133.61322102879  79.05784
4133.64747448604  88.94987
4133.68172533001  73.37756
4133.71597356055  67.54581
4133.75021917754  77.80515
4133.78446218086  88.27978
4133.81870257037  81.078
4133.85294034596  81.93091
4133.88717550748  91.12548
4133.92140805482  97.42931
4133.95563798786  88.9899
4133.98986530645  107.8225
4134.02409001048  98.44781
4134.05831209982  87.37784
4134.09253157435  91.91821
4134.12674843392  83.04497
4134.16096267843  104.3271
4134.19517430774  93.77949
4134.22938332173  87.5915
4134.26358972027  86.42544
4134.29779350323  88.97159
4134.33199467049  84.41628
4134.36619322193  118.3348
4134.40038915741  76.15258
4134.43458247681  71.97828
4134.46877318001  104.5845
4134.50296126687  79.91672
4134.53714673728  93.29842
4134.57132959111  90.22362
4134.60550982824  94.02891
4134.63968744852  94.18797
4134.67386245186  80.15725
4134.70803483811  76.68295
4134.74220460715  81.0651
4134.77637175886  77.64904
4134.81053629311  76.20377
4134.84469820978  77.81073
4134.87885750874  72.39032
4134.91301418987  73.61163
4134.94716825305  88.9995
4134.98131969814  56.73698
4135.01546852503  79.72737
4135.04961473358  79.82291
4135.08375832369  74.78024
4135.11789929521  52.26524
4135.15203764803  84.57207
4135.18617338202  78.38439
4135.22030649707  81.07624
4135.25443699304  70.52629
4135.28856486981  50.26234
4135.32269012725  67.86958
4135.35681276525  83.82681
4135.39093278369  83.0943
4135.42505018242  62.17561
4135.45916496134  75.90681
4135.49327712033  82.85077
4135.52738665924  75.80885
4135.56149357798  69.18727
4135.5955978764  85.89253
4135.62969955439  79.28042
4135.66379861182  81.0545
4135.69789504857  83.57351
4135.73198886452  101.9415
4135.76608005955  65.79088
4135.80016863353  100.9214
4135.83425458634  100.3034
4135.86833791787  96.88361
4135.90241862797  73.81587
4135.93649671654  79.10586
4135.97057218344  104.3854
4136.00464502857  106.1937
4136.03871525179  93.08839
4136.07278285299  131.6617
4136.10684783204  97.583
4136.14091018882  114.7209
4136.17496992321  102.9671
4136.20902703508  98.36581
4136.24308152433  114.6729
4136.27713339081  106.3657
4136.31118263441  107.6419
4136.34522925502  82.16374
4136.37927325251  106.6694
4136.41331462675  94.74045
4136.44735337763  91.78851
4136.48138950503  94.01078
4136.51542300882  96.22492
4136.54945388889  103.5581
4136.5834821451  118.2094
4136.61750777735  87.12182
4136.65153078551  106.7594
4136.68555116946  106.52
4136.71956892908  121.8533
4136.75358406425  121.8341
4136.78759657485  109.3826
4136.82160646076  122.2566
4136.85561372186  110.5493
4136.88961835802  101.6969
4136.92362036914  99.54921
4136.95761975508  109.9627
4136.99161651573  115.0672
4137.02561065096  112.5364
4137.05960216067  96.05747
4137.09359104472  110.5081
4137.12757730301  109.4233
4137.1615609354  117.8722
4137.19554194178  108.9158
4137.22952032204  84.53827
4137.26349607604  127.7312
4137.29746920368  90.74953
4137.33143970483  89.46818
4137.36540757937  114.5249
4137.39937282719  111.553
4137.43333544816  93.80452
4137.46729544217  74.251
4137.5012528091  85.27802
4137.53520754883  113.0744
4137.56915966124  74.89194
4137.60310914621  85.5881
4137.63705600362  95.41401
4137.67100023336  66.32133
4137.70494183531  83.78843
4137.73888080934  82.34756
4137.77281715535  87.32542
4137.80675087321  98.55826
4137.8406819628  117.1342
4137.87461042401  94.31558
4137.90853625672  87.69472
4137.94245946081  72.90374
4137.97638003616  82.60007
4138.01029798266  84.59318
4138.04421330019  71.88348
4138.07812598863  76.92186
4138.11203604785  90.98421
4138.14594347776  76.80952
4138.17984827823  76.46909
4138.21375044913  77.45717
4138.24764999036  71.36758
4138.2815469018  96.35632
4138.31544118333  77.94942
4138.34933283483  86.00439
4138.38322185619  101.8664
4138.41710824729  88.7427
4138.45099200801  84.76663
4138.48487313824  84.60596
4138.51875163786  78.23876
4138.55262750676  89.99929
4138.58650074481  77.71911
4138.6203713519  90.40368
4138.65423932792  84.50519
4138.68810467275  105.0858
4138.72196738627  92.10651
4138.75582746837  85.83147
4138.78968491894  91.36967
4138.82353973784  94.27766
4138.85739192498  112.4812
4138.89124148024  92.40503
4138.92508840349  106.6202
4138.95893269463  115.2761
4138.99277435353  89.96006
4139.02661338009  93.80808
4139.06044977418  92.13957
4139.0942835357  126.1252
4139.12811466453  80.50358
4139.16194316055  78.86633
4139.19576902365  124.3909
4139.2295922537  94.23035
4139.26341285061  107.4091
4139.29723081426  81.91057
4139.33104614452  91.16692
4139.36485884128  111.7376
4139.39866890444  105.6526
4139.43247633387  103.3738
4139.46628112946  110.8913
4139.5000832911  124.3644
4139.53388281868  137.4681
4139.56767971207  94.55285
4139.60147397117  117.4756
4139.63526559585  104.733
4139.66905458602  94.74799
4139.70284094155  112.7864
4139.73662466233  103.5485
4139.77040574825  89.54826
4139.80418419919  127.0039
4139.83796001504  97.36711
4139.87173319569  129.8511
4139.90550374102  106.36
4139.93927165091  113.8066
4139.97303692527  114.8263
4140.00679956397  113.9738
4140.0405595669  116.1985
4140.07431693394  108.6175
4140.108071665  89.12791
4140.14182375994  101.2581
4140.17557321867  110.1395
4140.20932004106  97.3292
4140.24306422701  105.9242
4140.2768057764  83.77584
4140.31054468912  136.2736
4140.34428096505  93.97643
4140.3780146041  106.0417
4140.41174560613  107.9
4140.44547397105  94.57537
4140.47919969874  129.4714
4140.51292278908  109.2516
4140.54664324197  93.13568
4140.58036105729  107.0248
4140.61407623494  95.53121
4140.6477887748  102.8167
4140.68149867676  103.2416
4140.7152059407  108.4262
4140.74891056652  94.39224
4140.78261255411  73.70551
4140.81631190335  90.85168
4140.85000861414  102.9558
4140.88370268636  89.27251
4140.9173941199  90.3824
4140.95108291465  92.82497
4140.98476907049  97.42193
4141.01845258733  77.60445
4141.05213346505  88.7681
4141.08581170353  98.42957
4141.11948730267  109.3253
4141.15316026237  89.02732
4141.18683058249  96.40906
4141.22049826294  75.76784
4141.25416330361  81.81562
4141.28782570439  101.2824
4141.32148546516  88.83783
4141.35514258582  103.7594
4141.38879706625  111.5907
4141.42244890635  102.3931
4141.45609810601  87.48083
4141.48974466512  97.96146
4141.52338858356  112.8487
4141.55702986123  109.2878
4141.59066849802  108.9426
4141.62430449382  91.42739
4141.65793784852  136.4935
4141.69156856202  109.4003
4141.7251966342  122.5482
4141.75882206495  103.3698
4141.79244485416  113.2303
4141.82606500173  104.9998
4141.85968250755  101.0624
4141.8932973715  104.2566
4141.92690959349  105.5682
4141.96051917339  111.6997
4141.99412611111  113.5966
4142.02773040654  114.0846
4142.06133205956  74.78764
4142.09493107006  108.4859
4142.12852743795  82.76899
4142.16212116311  104.9101
4142.19571224544  93.0569
4142.22930068482  109.834
4142.26288648114  101.9585
4142.29646963431  89.31922
4142.33005014421  83.59904
4142.36362801074  84.41866
4142.39720323378  93.63047
4142.43077581323  92.82887
4142.46434574899  106.4554
4142.49791304094  76.99186
4142.53147768898  92.86053
4142.56503969301  96.13053
4142.5985990529  95.59168
4142.63215576857  65.87036
4142.66570983989  85.58469
4142.69926126677  88.30717
4142.73281004909  69.58511
4142.76635618676  79.94503
4142.79989967966  92.40392
4142.83344052768  92.47913
4142.86697873073  91.28212
4142.90051428869  64.36565
4142.93404720146  83.62301
4142.96757746894  70.02237
4143.001105091  78.27413
4143.03463006756  70.78321
4143.0681523985  93.3979
4143.10167208372  90.96124
4143.13518912311  86.03001
4143.16870351657  73.21901
4143.20221526399  90.45963
4143.23572436527  77.00424
4143.26923082029  46.68937
4143.30273462896  72.0629
4143.33623579117  95.8425
4143.36973430682  90.5047
4143.40323017579  94.42853
4143.43672339798  80.3156
4143.4702139733  77.70065
4143.50370190163  95.24281
4143.53718718287  97.26683
4143.57066981691  99.93163
4143.60414980365  64.82334
4143.63762714298  85.17545
4143.67110183481  82.60883
4143.70457387902  73.8
4143.73804327551  77.6329
4143.77151002419  87.3811
4143.80497412493  48.77578
4143.83843557764  85.94556
4143.87189438222  58.16216
4143.90535053856  76.01794
4143.93880404655  65.80974
4143.9722549061  90.98106
4144.0057031171  71.41599
4144.03914867944  68.47837
4144.07259159303  79.03786
4144.10603185775  57.61443
4144.1394694735  60.06716
4144.1729044402  64.1251
4144.20633675771  70.14291
4144.23976642595  73.08965
4144.27319344482  51.40668
4144.3066178142  42.51094
4144.340039534  43.79865
4144.37345860411  51.67239
4144.40687502443  41.30922
4144.44028879486  30.0459
4144.4736999153  46.74652
4144.50710838563  60.38289
4144.54051420577  43.7479
4144.5739173756  38.04446
4144.60731789503  49.62928
4144.64071576395  49.17406
4144.67411098226  59.95276
4144.70750354986  44.68068
4144.74089346664  41.34342
4144.77428073251  65.96333
4144.80766534736  52.47182
4144.84104731109  43.61547
4144.8744266236  64.71504
4144.90780328479  82.81934
4144.94117729455  58.62761
4144.97454865279  51.00212
4145.0079173594  51.61475
4145.04128341428  59.2668
4145.07464681733  66.36559
4145.10800756844  58.8545
4145.14136566753  86.62942
4145.17472111448  113.5216
4145.2080739092  70.87201
4145.24142405158  82.97009
4145.27477154153  99.39958
4145.30811637894  87.45144
4145.34145856371  78.87106
4145.37479809575  89.57446
4145.40813497494  76.5457
4145.4414692012  82.17718
4145.47480077441  68.20127
4145.50812969449  89.32159
4145.54145596133  104.3813
4145.57477957483  83.27188
4145.60810053488  82.15391
4145.6414188414  75.33768
4145.67473449428  96.54192
4145.70804749342  113.2742
4145.74135783872  93.68799
4145.77466553008  92.36217
4145.8079705674  58.8988
4145.84127295059  99.83443
4145.87457267953  105.2128
4145.90786975414  82.79221
4145.94116417432  62.24078
4145.97445593995  86.48317
4146.00774505096  100.9903
4146.04103150723  76.79623
4146.07431530867  84.13863
4146.10759645518  79.3989
4146.14087494666  80.53892
4146.17415078301  73.60732
4146.20742396413  104.645
4146.24069448993  68.64473
4146.27396236031  77.16087
4146.30722757516  78.77538
4146.34049013439  48.83506
4146.3737500379  103.2743
4146.40700728559  76.7142
4146.44026187737  67.37002
4146.47351381314  50.03783
4146.50676309279  83.49014
4146.54000971624  88.90704
4146.57325368338  68.74843
4146.60649499411  77.06476
4146.63973364834  92.01823
4146.67296964597  67.01522
4146.70620298691  75.87601
4146.73943367105  55.98444
4146.7726616983  71.18664
4146.80588706856  76.66412
4146.83910978173  81.55177
4146.87232983772  73.69959
4146.90554723643  70.91962
4146.93876197776  106.1572
4146.97197406162  81.5915
4147.00518348791  77.28275
4147.03839025653  76.92322
4147.07159436739  86.91704
4147.10479582038  90.48137
4147.13799461542  50.48895
4147.17119075241  79.68425
4147.20438423124  102.1424
4147.23757505183  64.76814
4147.27076321408  76.46725
4147.30394871789  85.4651
4147.33713156317  81.20717
4147.37031174981  91.97243
4147.40348927773  77.30382
4147.43666414683  87.93102
4147.46983635702  100.9953
4147.50300590818  64.79538
4147.53617280025  77.12844
4147.5693370331  91.63199
4147.60249860666  76.47491
4147.63565752082  69.1566
4147.6688137755  100.5782
4147.70196737059  106.4539
4147.735118306  80.24599
4147.76826658163  74.09867
4147.8014121974  79.52785
4147.8345551532  91.53966
4147.86769544894  82.92569
4147.90083308453  74.90217
4147.93396805987  77.65865
4147.96710037486  56.22614
4148.00023002942  69.54135
4148.03335702345  67.16596
4148.06648135686  96.29246
4148.09960302954  29.8098
4148.13272204141  58.35409
4148.16583839237  71.74653
4148.19895208232  83.92726
4148.23206311119  57.85562
4148.26517147886  74.78619
4148.29827718525  81.63203
4148.33138023026  104.6131
4148.3644806138  99.29561
4148.39757833577  71.96218
4148.43067339609  53.43414
4148.46376579466  64.03922
4148.49685553138  56.43924
4148.52994260617  48.1259
4148.56302701893  95.21983
4148.59610876956  72.40105
4148.62918785797  69.45545
4148.66226428408  70.72703
4148.69533804778  85.55381
4148.72840914899  108.0462
4148.76147758761  57.79671
4148.79454336356  77.68623
4148.82760647672  62.64856
4148.86066692703  80.46969
4148.89372471438  97.14237
4148.92677983867  106.5564
4148.95983229983  52.0066
4148.99288209775  99.12736
4149.02592923235  104.0977
4149.05897370353  96.84686
4149.0920155112  82.56218
4149.12505465527  109.8239
4149.15809113564  87.8433
4149.19112495223  100.8003
4149.22415610495  112.765
4149.25718459369  106.9633
4149.29021041838  87.51808
4149.32323357892  92.67564
4149.35625407522  87.92895
4149.38927190718  98.90017
4149.42228707472  53.20699
4149.45529957775  57.14064
4149.48830941617  66.18728
4149.52131658989  99.12961
4149.55432109882  92.92959
4149.58732294288  116.1063
4149.62032212197  92.6797
4149.653318636  58.92943
4149.68631248488  90.30019
4149.71930366852  73.27504
4149.75229218683  100.8103
4149.78527803973  99.22073
4149.81826122711  97.59282
4149.85124174888  41.49582
4149.88421960497  63.38569
4149.91719479528  46.79354
4149.95016731972  96.33705
4149.9831371782  88.24059
4150.01610437063  76.57679
4150.04906889692  77.95605
4150.08203075698  79.43944
4150.11498995072  53.91451
4150.14794647805  83.7287
4150.18090033889  70.42398
4150.21385153314  40.64914
4150.24680006071  59.83764
4150.27974592152  65.76067
4150.31268911548  66.29096
4150.3456296425  61.21939
4150.37856750248  39.91792
4150.41150269535  80.31391
4150.444435221  62.82579
4150.47736507936  50.35636
4150.51029227034  81.11428
4150.54321679384  81.22832
4150.57613864978  38.58116
4150.60905783806  58.48751
4150.64197435861  70.49403
4150.67488821134  50.09031
4150.70779939614  80.64775
4150.74070791295  35.13297
4150.77361376166  78.51035
4150.8065169422  85.90857
4150.83941745446  57.43578
4150.87231529838  97.9505
4150.90521047385  53.95538
4150.9381029808  54.05764
4150.97099281913  84.12653
4151.00387998875  62.49012
4151.03676448958  52.37512
4151.06964632154  70.61514
4151.10252548453  56.38037
4151.13540197847  92.93614
4151.16827580327  76.16818
4151.20114695884  51.63015
4151.2340154451  85.16118
4151.26688126196  91.22006
4151.29974440933  50.55974
4151.33260488713  94.96823
4151.36546269527  63.99359
4151.39831783367  54.32022
4151.43117030223  75.76927
4151.46402010088  86.90135
4151.49686722952  91.61287
4151.52971168807  91.90457
4151.56255347645  72.30129
4151.59539259456  90.22044
4151.62822904232  81.7432
4151.66106281965  76.85236
4151.69389392646  80.45641
4151.72672236267  92.61239
4151.75954812818  94.30634
4151.79237122292  57.32738
4151.82519164679  95.76051
4151.85800939972  89.2
4151.89082448161  93.31609
4151.92363689239  104.9645
4151.95644663197  44.11522
4151.98925370026  65.98537
4152.02205809717  82.89675
4152.05485982263  110.498
4152.08765887655  91.81677
4152.12045525883  87.22618
4152.15324896941  124.5274
4152.18604000819  102.584
4152.21882837509  86.09875
4152.25161407003  73.59231
4152.28439709291  94.97588
4152.31717744367  70.9846
4152.34995512221  62.85469
4152.38273012844  81.72491
4152.41550246229  65.62754
4152.44827212367  95.25058
4152.4810391125  75.46918
4152.51380342869  108.0487
4152.54656507215  46.63219
4152.57932404282  67.85789
4152.6120803406  80.66208
4152.6448339654  78.55811
4152.67758491715  85.44148
4152.71033319576  72.12347
4152.74307880116  57.01297
4152.77582173324  97.15347
4152.80856199194  68.76121
4152.84129957717  97.73187
4152.87403448885  61.53969
4152.90676672689  75.92715
4152.93949629121  50.57488
4152.97222318173  87.04338
4153.00494739837  57.86662
4153.03766894104  84.06554
4153.07038780966  98.32691
4153.10310400415  86.49561
4153.13581752442  77.84155
4153.1685283704  63.19788
4153.201236542  78.31099
4153.23394203915  94.24799
4153.26664486175  120.5016
4153.29934500972  59.96812
4153.33204248299  79.34674
4153.36473728148  87.62318
4153.39742940509  100.3755
4153.43011885375  94.21925
4153.46280562739  85.01032
4153.4954897259  76.24598
4153.52817114923  80.0405
4153.56084989728  122.2432
4153.59352596997  86.495
4153.62619936722  119.3289
4153.65887008895  92.73727
4153.69153813508  88.14247
4153.72420350553  109.9242
4153.75686620022  86.02248
4153.78952621907  44.07229
4153.82218356199  115.8103
4153.85483822891  63.71335
4153.88749021974  100.1952
4153.92013953441  131.1183
4153.95278617283  90.11174
4153.98543013493  74.08332
4154.01807142062  96.79117
4154.05071002983  54.67942
4154.08334596247  86.45238
4154.11597921847  35.59199
4154.14860979774  89.14547
4154.1812377002  95.82867
4154.21386292578  103.2134
4154.2464854744  47.62967
4154.27910534597  92.9433
4154.31172254041  80.61416
4154.34433705766  78.68249
4154.37694889762  85.02649
4154.40955806022  69.22135
4154.44216454538  58.65812
4154.47476835302  44.59934
4154.50736948306  85.40489
4154.53996793542  62.46089
4154.57256371003  50.41873
4154.6051568068  70.78161
4154.63774722565  58.38516
4154.67033496652  74.86679
4154.70292002931  68.45474
4154.73550241395  86.37264
4154.76808212036  106.1425
4154.80065914847  27.31963
4154.8332334982  61.55295
4154.86580516945  56.8951
4154.89837416217  45.54459
4154.93094047627  78.24564
4154.96350411168  53.56003
4154.99606506831  45.00295
4155.02862334608  47.58881
4155.06117894493  83.17221
4155.09373186477  54.71793
4155.12628210552  43.70612
4155.15882966711  75.27252
4155.19137454946  79.50643
4155.2239167525  12.86781
4155.25645627614  80.28152
4155.2889931203  67.82253
4155.32152728492  52.7284
4155.35405876991  81.62747
4155.3865875752  60.22776
4155.41911370072  57.34665
4155.45163714637  66.05206
4155.48415791209  38.91774
4155.5166759978  30.5375
4155.54919140343  55.11997
4155.58170412889  115.1925
4155.61421417412  45.613
4155.64672153903  57.06017
4155.67922622354  48.40223
4155.7117282276  69.82925
4155.74422755111  47.08089
4155.77672419399  56.84737
4155.80921815618  83.08749
4155.84170943761  100.7318
4155.87419803818  33.28039
4155.90668395783  87.51293
4155.93916719649  91.84877
4155.97164775407  61.67603
4156.0041256305  93.47215
4156.03660082571  91.22077
4156.06907333961  105.3191
4156.10154317215  79.97246
4156.13401032323  80.56689
4156.16647479279  118.1609
4156.19893658075  145.0351
4156.23139568703  126.7199
4156.26385211156  115.5955
4156.29630585427  58.14791
4156.32875691508  74.81412
4156.36120529392  118.1472
4156.3936509907  81.65627
4156.42609400537  91.96411
4156.45853433784  108.6545
4156.49097198804  87.25779
4156.52340695589  100.1338
4156.55583924132  100.8653
4156.58826884427  100.2901
4156.62069576464  122.1395
4156.65312000237  87.20873
4156.68554155739  60.66924
4156.71796042961  73.77772
4156.75037661898  80.22234
4156.78279012541  23.57672
4156.81520094883  22.54536
4156.84760908917  107.7647
4156.88001454635  27.13951
4156.9124173203  58.04375
4156.94481741095  69.48856
4156.97721481822  102.3869
4157.00960954205  95.70543
4157.04200158235  31.64308
4157.07439093906  49.03997
4157.1067776121  60.84035
4157.13916160141  53.84718
4157.1715429069  85.31973
4157.2039215285  96.3698
4157.23629746615  50.24598
4157.26867071977  55.69452
4157.30104128928  63.67865
4157.33340917462  58.63381
4157.36577437572  13.62912
4157.39813689249  42.74495
4157.43049672488  70.18634
4157.4628538728  83.00533
4157.49520833619  78.06087
4157.52756011497  61.51073
4157.55990920907  79.31667
4157.59225561843  60.57397
4157.62459934296  42.42893
4157.6569403826  28.42225
4157.68927873728  63.50174
4157.72161440692  56.89964
4157.75394739146  26.80877
4157.78627769082  57.87956
4157.81860530493  83.66184
4157.85093023372  89.2905
4157.88325247712  78.75582
4157.91557203505  51.30587
4157.94788890746  71.2462
4157.98020309426  52.82203
4158.01251459539  83.9677
4158.04482341078  63.5307
4158.07712954035  104.6098
4158.10943298404  101.025
4158.14173374177  101.965
4158.17403181348  88.83119
4158.20632719909  73.63391
4158.23861989853  66.54978
4158.27090991174  74.30334
4158.30319723865  85.26892
4158.33548187918  85.21375
4158.36776383327  60.87321
4158.40004310084  98.51431
4158.43231968183  42.71733
4158.46459357616  69.40603
4158.49686478377  71.3863
4158.52913330459  123.4399
4158.56139913855  88.71895
4158.59366228557  61.65108
4158.6259227456  81.48197
4158.65818051856  93.43338
4158.69043560438  34.80757
4158.72268800299  94.50433
4158.75493771433  128.2891
4158.78718473832  98.81966
4158.8194290749  77.86426
4158.851670724  67.15974
4158.88390968554  96.04323
4158.91614595948  9.878189
4158.94837954572  78.74098
4158.98061044421  86.84219
4159.01283865487  36.83806
4159.04506417764  59.3607
4159.07728701245  97.35678
4159.10950715924  40.97533
4159.14172461793  89.99809
4159.17393938846  63.53822
4159.20615147076  48.67017
4159.23836086476  115.7197
4159.27056757039  153.6871
4159.30277158759  88.3796
4159.33497291629  65.02958
4159.36717155642  78.40021
4159.39936750792  86.69774
4159.43156077071  99.95264
4159.46375134473  58.55223
4159.49593922992  75.01488
4159.5281244262  86.19978
4159.56030693351  122.5283
4159.59248675179  71.83225
4159.62466388096  97.22501
4159.65683832096  98.20274
4159.68901007172  77.18467
4159.72117913318  130.2608
4159.75334550527  59.29138
4159.78550918792  38.82555
4159.81767018107  132.8753
4159.84982848465  104.6388
4159.8819840986  56.68158
4159.91413702285  69.52441
4159.94628725733  51.15091
4159.97843480197  104.3531
4160.01057965672  64.95789
4160.0427218215  86.01105
4160.07486129626  62.3194
4160.10699808092  115.4198
4160.13913217542  82.48918
4160.17126357969  89.3524
4160.20339229367  123.0452
4160.23551831729  85.27097
4160.2676416505  88.2696
4160.29976229321  39.31087
4160.33188024538  122.7294
4160.36399550692  49.62907
4160.39610807779  63.5698
4160.42821795791  112.8548
4160.46032514722  71.43818
4160.49242964565  109.5594
4160.52453145314  83.78973
4160.55663056963  111.0227
4160.58872699505  113.6236
4160.62082072934  41.58744
4160.65291177243  146.2363
4160.68500012425  121.2247
4160.71708578475  102.3881
4160.74916875387  70.32594
4160.78124903152  69.48174
4160.81332661766  50.51815
4160.84540151222  50.7777
4160.87747371514  148.0434
4160.90954322634  85.89637
4160.94161004578  128.4442
4160.97367417338  89.04769
4161.00573560908  72.76115
4161.03779435282  94.33837
4161.06985040453  73.24924
4161.10190376416  96.53481
4161.13395443163  86.78775
4161.16600240689  103.6959
4161.19804768987  68.51915
4161.23009028051  101.991
4161.26213017875  153.5213
4161.29416738453  116.552
4161.32620189778  60.44041
4161.35823371843  119.4898
4161.39026284643  80.03662
4161.42228928172  78.75832
4161.45431302423  168.7905
4161.4863340739  107.358
4161.51835243067  72.81146
4161.55036809448  85.78469
4161.58238106525  101.58
4161.61439134295  26.82281
4161.64639892749  85.91319
4161.67840381882  57.61833
4161.71040601688  47.97874
4161.7424055216  142.7367
4161.77440233293  126.7692
4161.8063964508  57.05263
4161.83838787515  104.2138
4161.87037660592  147.7641
4161.90236264305  60.76635
4161.93434598648  98.21783
4161.96632663614  109.7631
4161.99830459199  59.29445
4162.03027985394  151.9493
4162.06225242195  38.2705
4162.09422229595  51.6992
4162.12618947589  94.97579
4162.1581539617  96.15101
4162.19011575332  35.94713
4162.22207485069  38.17791
4162.25403125376  80.90146
4162.28598496245  33.036
4162.31793597671  6.167552
4162.34988429649  79.96538
4162.38182992172  124.8667
4162.41377285233  87.02609
4162.44571308828  29.97847
4162.4776506295  65.572
4162.50958547593  83.31078
4162.54151762751  53.41447
4162.57344708418  119.903
4162.60537384589  41.16581
4162.63729791257  68.87093
4162.66921928416  85.03407
4162.70113796061  90.34818
4162.73305394186  57.76544
4162.76496722784  84.98687
4162.79687781849  123.9598
4162.82878571377  30.70956
4162.86069091361  70.08873
4162.89259341794  143.047
4162.92449322672  120.6551
