4235.83524991473  0.
4235.87446558942  0.
4235.91367880067  0.
4235.95288954823  0.
4235.9920978319  122.2152
4236.03130365146  64.68269
4236.0705070067  37.621
4236.10970789739  118.3168
4236.14890632333  73.22843
4236.18810228428  71.22809
4236.22729578004  12.17734
4236.26648681039  24.14932
4236.30567537511  168.4674
4236.34486147399  250.4059
4236.38404510681  133.8557
4236.42322627335  217.4301
4236.4624049734  102.5208
4236.50158120674  68.54803
4236.54075497316  89.58974
4236.57992627243  84.33262
4236.61909510435  132.8224
4236.65826146869  63.07485
4236.69742536524  189.5263
4236.73658679378  55.14832
4236.7757457541  57.18238
4236.81490224599  29.68541
4236.85405626922  105.9304
4236.89320782359  126.8705
4236.93235690887  142.3623
4236.97150352485  128.2695
4237.01064767131  136.5898
4237.04978934804  113.4732
4237.08892855483  85.29189
4237.12806529145  91.40038
4237.1671995577  212.6389
4237.20633135336  135.348
4237.2454606782  108.724
4237.28458753203  135.7358
4237.32371191462  187.0734
4237.36283382575  111.9051
4237.40195326522  131.6281
4237.44107023281  183.9565
4237.4801847283  127.5198
4237.51929675148  294.7631
4237.55840630213  128.5823
4237.59751338004  94.47414
4237.636617985  97.82076
4237.67572011678  159.7283
4237.71481977519  75.93518
4237.75391695999  72.69441
4237.79301167098  99.50248
4237.83210390795  97.5022
4237.87119367067  140.793
4237.91028095894  92.60881
4237.94936577254  79.8379
4237.98844811125  56.75276
4238.02752797487  110.8054
4238.06660536318  168.1508
4238.10568027596  84.53222
4238.14475271301  93.44038
4238.1838226741  68.50661
4238.22289015903  85.65209
4238.26195516757  123.5223
4238.30101769953  114.5402
4238.34007775468  169.1555
4238.3791353328  158.8055
4238.4181904337  167.8364
4238.45724305715  88.3532
4238.49629320294  89.99921
4238.53534087086  51.66132
4238.5743860607  114.1524
4238.61342877223  150.21
4238.65246900526  175.7564
4238.69150675956  136.252
4238.73054203492  206.7405
4238.76957483113  131.2824
4238.80860514798  128.7129
4238.84763298526  26.41541
4238.88665834275  100.785
4238.92568122024  172.0367
4238.96470161751  156.2214
4239.00371953436  89.49648
4239.04273497058  130.32
4239.08174792594  107.0181
4239.12075840024  64.40583
4239.15976639327  77.30583
4239.19877190481  99.66427
4239.23777493466  170.5654
4239.2767754826  69.65846
4239.31577354841  72.73273
4239.35476913189  32.86923
4239.39376223283  99.6458
4239.432752851  49.50199
4239.47174098621  73.63311
4239.51072663824  90.01767
4239.54970980688  121.4833
4239.58869049192  127.4948
4239.62766869314  141.7228
4239.66664441033  98.82056
4239.70561764329  103.657
4239.7445883918  121.4779
4239.78355665565  76.42516
4239.82252243462  145.0329
4239.86148572852  120.4978
4239.90044653712  118.8047
4239.93940486023  69.48654
4239.97836069761  64.58269
4240.01731404907  141.1398
4240.0562649144  92.15537
4240.09521329337  132.8959
4240.1341591858  111.8219
4240.17310259145  154.8396
4240.21204351013  76.30642
4240.25098194162  123.3337
4240.2899178857  86.34401
4240.32885134218  90.87946
4240.36778231084  83.96512
4240.40671079147  99.3003
4240.44563678386  145.0662
4240.4845602878  169.1397
4240.52348130308  168.364
4240.56239982949  110.1812
4240.60131586683  127.0446
4240.64022941487  105.0434
4240.67914047341  129.6711
4240.71804904225  87.86568
4240.75695512116  91.47264
4240.79585870995  70.78156
4240.8347598084  119.2164
4240.8736584163  67.39798
4240.91255453345  72.94174
4240.95144815963  94.88152
4240.99033929464  124.9928
4241.02922793826  79.63298
4241.06811409029  151.1446
4241.10699775052  106.3944
4241.14587891874  55.30826
4241.18475759473  113.9039
4241.2236337783  109.0031
4241.26250746923  126.877
4241.30137866731  147.6594
4241.34024737234  150.3174
4241.3791135841  97.29845
4241.41797730239  161.0654
4241.456838527  150.2375
4241.49569725772  129.9334
4241.53455349434  142.8191
4241.57340723666  74.17913
4241.61225848446  183.8375
4241.65110723754  53.62633
4241.68995349568  122.9085
4241.72879725869  113.4752
4241.76763852635  154.0219
4241.80647729846  116.7059
4241.8453135748  195.5366
4241.88414735517  147.699
4241.92297863937  180.9843
4241.96180742718  86.15274
4242.00063371839  182.3886
4242.0394575128  241.0177
4242.0782788102  115.0764
4242.11709761039  174.5445
4242.15591391315  124.8822
4242.19472771828  85.99438
4242.23353902558  134.749
4242.27234783482  142.889
4242.31115414582  146.2642
4242.34995795835  63.50481
4242.38875927222  174.776
4242.42755808721  178.4236
4242.46635440312  156.3504
4242.50514821974  153.4426
4242.54393953687  145.2027
4242.5827283543  121.8782
4242.62151467182  181.9568
4242.66029848922  108.391
4242.69907980631  149.1631
4242.73785862286  121.8289
4242.77663493868  157.7682
4242.81540875356  150.5531
4242.85418006729  132.4526
4242.89294887967  127.4162
4242.93171519049  113.4595
4242.97047899955  183.3726
4243.00924030663  115.5972
4243.04799911154  156.9886
4243.08675541406  116.4132
4243.12550921399  85.22348
4243.16426051113  123.2898
4243.20300930526  95.05196
4243.24175559619  92.93127
4243.28049938371  97.80751
4243.31924066761  158.8701
4243.35797944768  131.9392
4243.39671572373  118.5981
4243.43544949554  109.7638
4243.47418076292  162.5817
4243.51290952564  115.2024
4243.55163578352  97.54965
4243.59035953634  134.5314
4243.6290807839  79.66283
4243.667799526  116.9189
4243.70651576243  90.40308
4243.74522949298  80.11691
4243.78394071745  79.08398
4243.82264943563  110.0122
4243.86135564733  125.0661
4243.90005935233  164.1201
4243.93876055043  113.2392
4243.97745924143  128.1862
4244.01615542512  130.8878
4244.0548491013  128.8246
4244.09354026976  106.8372
4244.1322289303  95.23799
4244.17091508272  207.1652
4244.20959872681  145.7479
4244.24827986236  99.39368
4244.28695848918  103.2547
4244.32563460705  93.15318
4244.36430821578  90.47699
4244.40297931516  158.6813
4244.44164790499  144.9976
4244.48031398506  159.7877
4244.51897755517  163.2019
4244.55763861511  95.65818
4244.59629716469  158.8951
4244.63495320369  176.3783
4244.67360673192  136.8888
4244.71225774918  172.3729
4244.75090625525  163.0286
4244.78955224994  119.2481
4244.82819573304  140.0221
4244.86683670435  160.0448
4244.90547516366  154.0986
4244.94411111078  208.8194
4244.98274454549  192.1008
4245.02137546761  154.3665
4245.06000387692  149.1199
4245.09862977322  157.6786
4245.13725315631  178.66
4245.17587402599  158.1375
4245.21449238205  198.3457
4245.25310822429  146.431
4245.29172155251  178.2793
4245.3303323665  138.7156
4245.36894066607  183.2899
4245.40754645102  129.6838
4245.44614972113  167.513
4245.4847504762  200.8923
4245.52334871605  229.5027
4245.56194444046  155.0897
4245.60053764922  192.7466
4245.63912834215  179.1179
4245.67771651904  153.1764
4245.71630217968  161.1533
4245.75488532387  149.5122
4245.79346595142  138.5249
4245.83204406212  110.9581
4245.87061965577  142.1554
4245.90919273216  159.8183
4245.9477632911  176.3633
4245.98633133239  96.12048
4246.02489685582  87.04956
4246.06345986119  134.4276
4246.1020203483  97.10468
4246.14057831696  157.827
4246.17913376695  178.2561
4246.21768669808  129.9133
4246.25623711015  172.6076
4246.29478500296  122.4162
4246.3333303763  146.9156
4246.37187322997  148.6616
4246.41041356378  113.8318
4246.44895137752  177.9229
4246.487486671  74.8083
4246.52601944401  111.7281
4246.56454969635  113.2863
4246.60307742782  137.8742
4246.64160263823  122.2622
4246.68012532736  123.0899
4246.71864549503  159.642
4246.75716314102  185.1912
4246.79567826515  153.9235
4246.83419086721  166.2748
4246.872700947  176.0301
4246.91120850431  178.9617
4246.94971353897  151.1068
4246.98821605075  161.2972
4247.02671603946  94.49026
4247.06521350491  133.4418
4247.10370844688  160.4843
4247.14220086519  158.2184
4247.18069075964  168.9593
4247.21917813002  92.27637
4247.25766297613  104.9654
4247.29614529778  135.4516
4247.33462509476  133.4216
4247.37310236688  155.5524
4247.41157711394  191.2918
4247.45004933574  124.2342
4247.48851903208  156.5869
4247.52698620276  126.268
4247.56545084758  99.6935
4247.60391296634  151.7868
4247.64237255885  139.2349
4247.68082962491  97.90794
4247.71928416431  128.4489
4247.75773617686  148.4515
4247.79618566237  125.7177
4247.83463262062  138.9342
4247.87307705143  70.33208
4247.91151895459  121.0328
4247.94995832991  106.8338
4247.98839517719  128.4893
4248.02682949623  100.3117
4248.06526128684  149.1173
4248.1036905488  96.98636
4248.14211728194  123.6842
4248.18054148605  93.76343
4248.21896316092  146.0267
4248.25738230637  144.3297
4248.2957989222  131.8848
4248.3342130082  160.7187
4248.37262456418  117.4015
4248.41103358995  155.8678
4248.4494400853  114.7102
4248.48784405004  121.21
4248.52624548398  134.0005
4248.5646443869  86.68342
4248.60304075863  108.4804
4248.64143459895  113.222
4248.67982590767  102.2085
4248.7182146846  130.0054
4248.75660092954  156.775
4248.79498464229  145.6929
4248.83336582266  155.2195
4248.87174447044  120.2285
4248.91012058544  135.7168
4248.94849416747  109.8389
4248.98686521633  73.19015
4249.02523373182  172.0931
4249.06359971374  154.4887
4249.1019631619  131.3979
4249.14032407611  139.7317
4249.17868245616  135.8816
4249.21703830186  133.161
4249.25539161302  142.3135
4249.29374238943  154.3985
4249.3320906309  125.9708
4249.37043633724  98.53514
4249.40877950825  105.9362
4249.44712014374  155.0178
4249.4854582435  149.3853
4249.52379380734  157.4724
4249.56212683507  124.1017
4249.60045732649  109.4801
4249.63878528141  119.4002
4249.67711069963  141.9695
4249.71543358095  142.3751
4249.75375392519  121.4305
4249.79207173213  140.009
4249.8303870016  116.5883
4249.86869973339  156.9467
4249.9070099273  130.5975
4249.94531758316  140.7889
4249.98362270074  126.1686
4250.02192527988  141.4766
4250.06022532036  108.7251
4250.098522822  121.4207
4250.13681778459  116.9871
4250.17511020795  158.1428
4250.21340009188  151.6335
4250.25168743619  176.3615
4250.28997224068  121.8454
4250.32825450515  114.7857
4250.36653422941  111.1447
4250.40481141328  125.784
4250.44308605654  129.4232
4250.48135815902  112.2365
4250.51962772051  101.1418
4250.55789474082  112.5671
4250.59615921976  111.7143
4250.63442115713  115.7621
4250.67268055275  80.76941
4250.7109374064  85.40483
4250.74919171792  119.9711
4250.78744348708  79.92852
4250.82569271371  143.8498
4250.86393939762  107.8884
4250.9021835386  106.769
4250.94042513646  118.0581
4250.97866419102  81.84078
4251.01690070207  76.40318
4251.05513466942  67.12654
4251.09336609289  81.75149
4251.13159497227  111.5881
4251.16982130738  113.1292
4251.20804509802  105.3268
4251.246266344  89.00617
4251.28448504512  88.12283
4251.3227012012  74.29581
4251.36091481204  93.77068
4251.39912587744  101.6648
4251.43733439722  90.78983
4251.47554037118  116.969
4251.51374379913  71.11108
4251.55194468087  131.898
4251.59014301622  130.1776
4251.62833880499  161.1252
4251.66653204697  154.0606
4251.70472274198  92.33308
4251.74291088983  91.61139
4251.78109649032  97.09834
4251.81927954326  131.8531
4251.85746004846  129.1283
4251.89563800573  124.8297
4251.93381341487  120.8945
4251.9719862757  127.268
4252.01015658802  156.11
4252.04832435164  128.1534
4252.08648956637  161.4607
4252.12465223201  176.0314
4252.16281234838  181.4061
4252.20096991529  140.5737
4252.23912493254  146.1477
4252.27727739994  167.9909
4252.3154273173  187.201
4252.35357468443  125.5746
4252.39171950113  163.2466
4252.42986176723  127.6939
4252.46800148252  137.4402
4252.50613864682  201.582
4252.54427325992  165.2075
4252.58240532166  151.1729
4252.62053483182  147.9942
4252.65866179023  154.7177
4252.69678619669  193.4499
4252.73490805101  169.9692
4252.773027353  138.8505
4252.81114410247  150.7177
4252.84925829923  161.9422
4252.88736994309  135.7963
4252.92547903385  134.5721
4252.96358557134  158.5028
4253.00168955535  144.138
4253.0397909857  168.9047
4253.0778898622  165.9124
4253.11598618466  152.1824
4253.15407995288  139.8523
4253.19217116669  165.285
4253.23025982588  145.6968
4253.26834593027  125.0159
4253.30642947967  144.3732
4253.3445104739  153.898
4253.38258891275  136.3535
4253.42066479604  161.6343
4253.45873812358  165.774
4253.49680889519  130.1839
4253.53487711067  130.1926
4253.57294276983  150.127
4253.61100587249  128.7446
4253.64906641845  131.681
4253.68712440753  156.1913
4253.72517983953  133.7354
4253.76323271427  152.5301
4253.80128303157  138.7915
4253.83933079122  134.8812
4253.87737599304  146.5384
4253.91541863685  146.3677
4253.95345872246  164.6399
4253.99149624967  178.2893
4254.02953121829  158.9724
4254.06756362815  169.8022
4254.10559347904  129.8097
4254.14362077079  149.5105
4254.1816455032  169.6721
4254.21966767609  142.3166
4254.25768728927  134.7965
4254.29570434255  129.3382
4254.33371883573  152.4901
4254.37173076864  142.636
4254.40974014109  148.0403
4254.44774695289  158.5239
4254.48575120385  167.4846
4254.52375289377  154.4995
4254.56175202249  141.9273
4254.5997485898  133.2776
4254.63774259552  145.2849
4254.67573403946  106.0223
4254.71372292144  115.949
4254.75170924127  138.5537
4254.78969299876  104.3709
4254.82767419372  117.7178
4254.86565282597  114.269
4254.90362889531  95.05611
4254.94160240157  110.1086
4254.97957334455  96.4123
4255.01754172408  113.488
4255.05550753995  103.453
4255.09347079198  107.8725
4255.13143148  129.0888
4255.16938960381  96.49107
4255.20734516322  132.7943
4255.24529815805  119.6456
4255.28324858811  128.8918
4255.32119645321  125.5922
4255.35914175318  90.13305
4255.39708448782  112.6665
4255.43502465694  105.4112
4255.47296226036  121.6738
4255.5108972979  120.3093
4255.54882976937  121.4377
4255.58675967457  93.10705
4255.62468701334  110.3101
4255.66261178547  125.6151
4255.70053399079  108.4459
4255.73845362911  115.3533
4255.77637070024  119.5648
4255.81428520399  126.3783
4255.8521971402  133.4943
4255.89010650865  97.44873
4255.92801330918  149.7583
4255.96591754159  100.224
4256.0038192057  135.8478
4256.04171830133  141.5138
4256.07961482829  131.1485
4256.11750878639  119.2201
4256.15540017545  134.0712
4256.19328899529  114.0993
4256.23117524571  101.2263
4256.26905892655  120.7362
4256.3069400376  141.9803
4256.34481857868  95.26296
4256.38269454962  114.5782
4256.42056795022  117.3508
4256.45843878031  152.2512
4256.49630703969  142.1047
4256.53417272818  141.7756
4256.5720358456  147.6846
4256.60989639177  79.4861
4256.64775436649  137.6702
4256.68560976959  149.2411
4256.72346260088  124.7925
4256.76131286018  148.8019
4256.7991605473  127.548
4256.83700566206  136.61
4256.87484820427  114.0012
4256.91268817376  132.1378
4256.95052557033  108.7642
4256.98836039381  125.8395
4257.026192644  138.5354
4257.06402232074  142.4322
4257.10184942382  154.5068
4257.13967395308  145.4509
4257.17749590832  123.105
4257.21531528936  160.5816
4257.25313209603  161.4061
4257.29094632813  146.3266
4257.32875798548  152.1833
4257.3665670679  125.7182
4257.40437357521  156.0051
4257.44217750723  184.6006
4257.47997886376  165.1387
4257.51777764463  143.1143
4257.55557384966  181.0634
4257.59336747866  153.8479
4257.63115853145  148.2296
4257.66894700785  149.1534
4257.70673290767  156.2102
4257.74451623074  183.2293
4257.78229697686  178.2212
4257.82007514586  140.3985
4257.85785073756  183.097
4257.89562375177  175.4224
4257.93339418831  141.0496
4257.971162047  190.6957
4258.00892732766  187.7704
4258.0466900301  184.1776
4258.08445015414  183.4796
4258.12220769961  156.5123
4258.15996266631  172.5147
4258.19771505407  159.7724
4258.2354648627  160.0407
4258.27321209203  152.0208
4258.31095674188  142.2243
4258.34869881205  197.752
4258.38643830237  163.2945
4258.42417521266  148.1484
4258.46190954273  131.7828
4258.49964129241  128.6616
4258.53737046152  128.1366
4258.57509704987  164.0222
4258.61282105728  146.4701
4258.65054248357  138.2956
4258.68826132856  147.9294
4258.72597759207  137.772
4258.76369127391  126.4146
4258.80140237392  105.5412
4258.8391108919  91.22572
4258.87681682768  106.47
4258.91452018107  124.6679
4258.9522209519  105.7452
4258.98991913998  128.3163
4259.02761474514  103.5256
4259.06530776719  111.7246
4259.10299820595  112.3487
4259.14068606124  81.55931
4259.17837133289  89.56441
4259.21605402071  91.32821
4259.25373412453  89.17545
4259.29141164416  122.8009
4259.32908657942  101.5126
4259.36675893013  109.1148
4259.40442869612  113.9687
4259.4420958772  75.49435
4259.47976047319  97.15067
4259.51742248392  105.529
4259.5550819092  107.8227
4259.59273874886  111.4049
4259.63039300271  120.3975
4259.66804467058  123.4808
4259.70569375229  141.1114
4259.74334024766  102.8572
4259.7809841565  120.4952
4259.81862547864  133.7877
4259.8562642139  142.894
4259.89390036211  113.1331
4259.93153392308  111.2877
4259.96916489663  138.4003
4260.00679328259  133.2846
4260.04441908077  136.7594
4260.08204229099  151.1127
4260.11966291309  137.7685
4260.15728094688  127.5874
4260.19489639218  113.3377
4260.23250924881  144.6601
4260.2701195166  145.4863
4260.30772719537  139.7898
4260.34533228493  140.0044
4260.38293478511  136.1905
4260.42053469574  121.6454
4260.45813201662  121.3716
4260.4957267476  113.006
4260.53331888848  128.019
4260.57090843909  130.2782
4260.60849539925  112.2088
4260.64607976879  127.9257
4260.68366154752  129.8558
4260.72124073528  106.3772
4260.75881733187  125.0814
4260.79639133713  106.7096
4260.83396275087  96.1207
4260.87153157293  119.1356
4260.90909780311  94.1328
4260.94666144125  88.16479
4260.98422248717  87.73553
4261.02178094069  103.1771
4261.05933680162  90.54366
4261.09689006981  74.26232
4261.13444074506  86.87673
4261.17198882721  76.366
4261.20953431607  78.71011
4261.24707721147  77.13427
4261.28461751322  65.12044
4261.32215522117  63.6669
4261.35969033513  104.5084
4261.39722285491  118.2044
4261.43475278035  99.89516
4261.47228011127  109.0232
4261.50980484749  103.6095
4261.54732698883  89.88958
4261.58484653513  91.58477
4261.6223634862  90.05706
4261.65987784187  90.31577
4261.69738960195  80.19485
4261.73489876629  103.0328
4261.77240533469  115.7389
4261.80990930699  129.0463
4261.847410683  107.9961
4261.88490946256  142.572
4261.92240564548  117.8619
4261.9598992316  134.9136
4261.99739022073  147.986
4262.0348786127  124.3392
4262.07236440733  123.2877
4262.10984760445  139.2481
4262.14732820389  143.8029
4262.18480620546  136.7522
4262.22228160899  116.8104
4262.25975441432  139.6617
4262.29722462126  119.8742
4262.33469222963  105.1174
4262.37215723927  136.7323
4262.40961964999  115.9489
4262.44707946163  123.712
4262.48453667401  122.6797
4262.52199128695  109.7268
4262.55944330027  106.6965
4262.59689271382  124.9532
4262.6343395274  116.7578
4262.67178374085  123.5384
4262.70922535399  146.0688
4262.74666436664  124.4956
4262.78410077864  126.4293
4262.82153458981  167.1989
4262.85896579997  158.7654
4262.89639440894  132.0657
4262.93382041657  132.5344
4262.97124382266  151.553
4263.00866462706  140.7176
4263.04608282958  135.4806
4263.08349843005  125.3933
4263.12091142829  163.8772
4263.15832182414  158.8374
4263.19572961742  150.8712
4263.23313480795  156.4326
4263.27053739556  155.567
4263.30793738009  164.0614
4263.34533476134  166.3609
4263.38272953917  153.0215
4263.42012171338  176.6384
4263.4575112838  165.1661
4263.49489825027  182.9107
4263.5322826126  146.7431
4263.56966437064  170.2784
4263.60704352419  143.0354
4263.6444200731  178.329
4263.68179401718  169.1755
4263.71916535627  162.7022
4263.7565340902  152.2984
4263.79390021878  161.1766
4263.83126374185  188.6957
4263.86862465923  156.5214
4263.90598297076  167.9768
4263.94333867625  184.4699
4263.98069177554  174.0743
4264.01804226846  172.2424
4264.05539015483  121.0887
4264.09273543448  151.2457
4264.13007810725  165.3338
4264.16741817294  171.8974
4264.2047556314  165.8839
4264.24209048246  177.1862
4264.27942272593  138.8295
4264.31675236166  153.8422
4264.35407938946  160.7865
4264.39140380917  142.9115
4264.42872562061  146.809
4264.46604482362  152.2783
4264.50336141802  151.6841
4264.54067540363  134.4754
4264.5779867803  176.4151
4264.61529554784  162.6292
4264.65260170609  121.7938
4264.68990525487  140.1563
4264.72720619402  168.6781
4264.76450452336  177.125
4264.80180024272  144.4054
4264.83909335193  145.1198
4264.87638385082  139.4958
4264.91367173922  173.3927
4264.95095701696  150.2629
4264.98823968387  137.3359
4265.02551973978  134.1196
4265.06279718451  133.1805
4265.10007201789  155.6308
4265.13734423977  123.4668
4265.17461384996  144.003
4265.21188084829  142.056
4265.2491452346  135.4285
4265.28640700871  146.5589
4265.32366617046  161.52
4265.36092271967  152.2647
4265.39817665618  155.2087
4265.43542797981  150.9678
4265.47267669039  158.4202
4265.50992278776  132.8615
4265.54716627175  141.0726
4265.58440714218  141.7012
4265.62164539888  151.4594
4265.6588810417  153.6587
4265.69611407045  151.8105
4265.73334448496  140.5335
4265.77057228507  156.5737
4265.80779747061  141.1408
4265.84502004142  152.6449
4265.88223999731  158.8634
4265.91945733812  165.5775
4265.95667206368  142.0699
4265.99388417383  155.271
4266.03109366839  144.0319
4266.0683005472  137.4517
4266.10550481008  162.9727
4266.14270645687  154.1687
4266.17990548739  177.4322
4266.21710190149  150.7213
4266.25429569899  164.5082
4266.29148687972  121.9924
4266.32867544352  147.3402
4266.36586139021  149.9061
4266.40304471963  166.3268
4266.4402254316  153.4056
4266.47740352597  170.7199
4266.51457900257  168.341
4266.55175186121  162.1678
4266.58892210175  126.7531
4266.626089724  176.7745
4266.6632547278  167.316
4266.70041711299  167.0514
4266.73757687939  183.3355
4266.77473402684  146.6323
4266.81188855517  177.1131
4266.84904046421  178.8691
4266.8861897538  165.3646
4266.92333642376  158.6612
4266.96048047393  149.1703
4266.99762190415  171.2056
4267.03476071424  151.2936
4267.07189690404  174.9406
4267.10903047337  188.5881
4267.14616142209  180.8088
4267.18328975001  157.5469
4267.22041545696  163.8317
4267.2575385428  163.6713
4267.29465900733  164.7272
4267.33177685041  158.1295
4267.36889207185  165.7508
4267.40600467151  175.2249
4267.4431146492  156.2412
4267.48022200476  157.7696
4267.51732673803  147.9265
4267.55442884884  151.4212
4267.59152833702  165.3735
4267.62862520241  162.5411
4267.66571944484  157.0121
4267.70281106414  139.0195
4267.73990006015  154.5432
4267.7769864327  161.2056
4267.81407018163  135.9238
4267.85115130677  115.555
4267.88822980794  124.524
4267.925305685  134.3367
4267.96237893778  130.4752
4267.9994495661  130.552
4268.0365175698  135.5562
4268.07358294871  134.5324
4268.11064570267  156.5634
4268.14770583152  124.3532
4268.18476333509  121.4929
4268.22181821321  140.6512
4268.25887046572  126.7032
4268.29592009246  119.3962
4268.33296709325  141.4279
4268.37001146793  135.3969
4268.40705321634  129.9544
4268.44409233832  139.285
4268.48112883369  128.3506
4268.5181627023  125.9486
4268.55519394397  123.2491
4268.59222255855  125.0819
4268.62924854587  127.4552
4268.66627190576  156.2115
4268.70329263806  103.7997
4268.7403107426  120.5074
4268.77732621923  133.9776
4268.81433906777  161.3689
4268.85134928807  135.7475
4268.88835687995  131.397
4268.92536184326  148.0665
4268.96236417783  114.8737
4268.99936388349  118.2955
4269.03636096008  139.6891
4269.07335540744  130.8887
4269.11034722541  136.6924
4269.14733641381  152.0082
4269.18432297249  131.5891
4269.22130690129  135.1112
4269.25828820003  138.6728
4269.29526686856  133.1937
4269.33224290671  144.9272
4269.36921631431  143.6706
4269.40618709122  133.5705
4269.44315523725  179.2153
4269.48012075225  150.2815
4269.51708363606  144.3027
4269.55404388851  146.2683
4269.59100150944  135.3776
4269.62795649869  148.8004
4269.66490885608  146.4102
4269.70185858147  146.5232
4269.73880567469  124.9101
4269.77575013557  139.884
4269.81269196395  128.284
4269.84963115967  109.5565
4269.88656772256  141.5217
4269.92350165247  148.2329
4269.96043294924  148.9021
4269.99736161269  146.8219
4270.03428764266  144.2878
4270.071211039  123.5046
4270.10813180155  147.273
4270.14504993014  131.3352
4270.1819654246  152.6023
4270.21887828478  132.9536
4270.25578851051  125.3027
4270.29269610164  156.7369
4270.32960105799  125.4128
4270.36650337942  114.9123
4270.40340306574  123.7348
4270.44030011682  110.659
4270.47719453248  125.9636
4270.51408631256  119.7054
4270.5509754569  122.4034
4270.58786196534  130.974
4270.62474583772  139.0992
4270.66162707387  125.7357
4270.69850567364  138.6886
4270.73538163686  129.9457
4270.77225496337  143.847
4270.80912565302  140.9823
4270.84599370564  135.0492
4270.88285912106  131.3522
4270.91972189914  148.5012
4270.95658203971  150.1784
4270.9934395426  133.384
4271.03029440766  138.3858
4271.06714663472  142.9986
4271.10399622363  124.6054
4271.14084317422  122.1442
4271.17768748634  150.5915
4271.21452915982  152.9386
4271.25136819451  148.0653
4271.28820459024  133.1835
4271.32503834685  132.9272
4271.36186946419  141.0367
4271.39869794209  134.4647
4271.43552378039  142.6466
4271.47234697894  148.3346
4271.50916753757  126.7532
4271.54598545612  152.8696
4271.58280073443  117.6381
4271.61961337235  142.0929
4271.65642336972  131.6182
4271.69323072637  118.8168
4271.73003544214  108.1596
4271.76683751688  88.86008
4271.80363695042  121.6666
4271.84043374262  92.1354
4271.8772278933  109.4549
4271.9140194023  113.3066
4271.95080826948  108.2909
4271.98759449467  85.72171
4272.02437807771  104.215
4272.06115901844  68.1615
4272.0979373167  85.16107
4272.13471297234  76.75369
4272.1714859852  81.28416
4272.20825635511  61.1459
4272.24502408192  85.64269
4272.28178916547  81.11514
4272.31855160559  72.41664
4272.35531140215  70.828
4272.39206855496  78.82579
4272.42882306388  83.66799
4272.46557492875  90.52362
4272.50232414941  92.62614
4272.5390707257  74.77859
4272.57581465746  79.15503
4272.61255594454  76.91654
4272.64929458677  88.84058
4272.68603058401  89.72031
4272.72276393608  86.11012
4272.75949464284  90.62002
4272.79622270412  93.73906
4272.83294811977  92.30469
4272.86967088963  95.39928
4272.90639101354  85.31168
4272.94310849135  105.3169
4272.9798233229  117.1852
4273.01653550802  115.281
4273.05324504657  110.8992
4273.08995193839  142.0757
4273.12665618331  131.4127
4273.16335778118  118.7897
4273.20005673185  138.412
4273.23675303516  110.0148
4273.27344669094  131.2435
4273.31013769905  132.3342
4273.34682605933  131.0909
4273.38351177161  134.7096
4273.42019483575  162.7394
4273.45687525159  127.8608
4273.49355301896  156.4957
4273.53022813772  179.1002
4273.56690060771  136.5104
4273.60357042876  151.4661
4273.64023760073  146.2721
4273.67690212346  152.3413
4273.71356399679  165.8129
4273.75022322056  133.2264
4273.78687979462  143.2757
4273.82353371882  136.8302
4273.86018499299  121.2731
4273.89683361699  149.4909
4273.93347959065  154.2248
4273.97012291382  143.8821
4274.00676358635  123.8681
4274.04340160807  133.8103
4274.08003697883  129.4422
4274.11666969849  140.9958
4274.15329976687  134.5674
4274.18992718383  129.4746
4274.22655194922  99.85394
4274.26317406286  125.8539
4274.29979352462  129.1264
4274.33641033433  133.2233
4274.37302449185  107.0054
4274.40963599701  122.844
4274.44624484965  123.5819
4274.48285104964  144.5876
4274.5194545968  122.2491
4274.55605549099  131.2264
4274.59265373205  142.5668
4274.62924931982  103.8753
4274.66584225416  116.1612
4274.7024325349  137.8203
4274.7390201619  110.5728
4274.77560513499  129.5235
4274.81218745403  150.2342
4274.84876711885  133.9612
4274.88534412931  134.8446
4274.92191848526  131.8952
4274.95849018653  122.015
4274.99505923296  122.0157
4275.03162562442  128.7695
4275.06818936075  133.116
4275.10475044178  131.8921
4275.14130886737  132.8382
4275.17786463737  119.9654
4275.21441775161  114.0521
4275.25096820995  104.0124
4275.28751601223  126.1651
4275.3240611583  115.3517
4275.360603648  115.0946
4275.39714348118  103.9973
4275.4336806577  113.4567
4275.47021517739  113.8947
4275.5067470401  118.5329
4275.54327624568  104.9997
4275.57980279397  134.942
4275.61632668483  121.9783
4275.6528479181  96.69491
4275.68936649362  97.16249
4275.72588241125  125.8874
4275.76239567082  106.059
4275.7989062722  93.00919
4275.83541421522  106.744
4275.87191949974  113.302
4275.90842212559  106.7543
4275.94492209264  101.3127
4275.98141940071  104.6083
4276.01791404968  130.8379
4276.05440603937  102.9947
4276.09089536964  114.9383
4276.12738204034  127.1179
4276.16386605131  118.8245
4276.2003474024  122.9629
4276.23682609347  125.3926
4276.27330212435  138.1104
4276.3097754949  147.3005
4276.34624620496  132.0296
4276.38271425439  125.5505
4276.41917964303  141.4727
4276.45564237072  141.1252
4276.49210243733  126.3878
4276.52855984269  132.0615
4276.56501458666  144.7271
4276.60146666908  129.5721
4276.6379160898  137.6772
4276.67436284868  133.2421
4276.71080694555  135.9147
4276.74724838027  151.9256
4276.78368715269  154.0676
4276.82012326266  145.2583
4276.85655671002  124.4289
4276.89298749463  182.9341
4276.92941561633  169.6846
4276.96584107497  147.6014
4277.00226387041  171.6257
4277.03868400249  136.1559
4277.07510147106  173.0592
4277.11151627597  145.2359
4277.14792841707  164.4492
4277.18433789421  165.6378
4277.22074470724  142.592
4277.25714885601  165.5598
4277.29355034037  146.4837
4277.32994916017  126.5807
4277.36634531525  169.9575
4277.40273880548  141.5364
4277.43912963069  122.8984
4277.47551779075  157.2655
4277.51190328549  160.9478
4277.54828611477  134.4488
4277.58466627844  165.4704
4277.62104377635  156.5619
4277.65741860835  154.7249
4277.69379077429  160.135
4277.73016027402  144.3531
4277.7665271074  124.4062
4277.80289127426  164.6425
4277.83925277447  140.4647
4277.87561160787  157.6385
4277.91196777432  147.4417
4277.94832127366  141.3804
4277.98467210575  160.2604
4278.02102027044  147.6649
4278.05736576758  148.6673
4278.09370859701  153.1905
4278.1300487586  165.3405
4278.16638625219  128.4908
4278.20272107763  156.4658
4278.23905323478  154.8093
4278.27538272348  162.1886
4278.31170954359  168.0011
4278.34803369496  152.0528
4278.38435517744  155.8632
4278.42067399088  155.8352
4278.45699013515  154.43
4278.49330361007  139.1843
4278.52961441551  151.1462
4278.56592255132  158.8121
4278.60222801735  158.3218
4278.63853081347  143.1003
4278.6748309395  144.0168
4278.71112839531  165.8531
4278.74742318075  167.6253
4278.78371529568  141.4679
4278.82000473994  132.5477
4278.85629151339  148.7043
4278.89257561587  176.3283
4278.92885704726  165.9717
4278.96513580738  153.6963
4279.00141189611  179.0686
4279.03768531328  175.2691
4279.07395605876  153.2396
4279.11022413239  157.9858
4279.14648953403  165.6177
4279.18275226354  146.7935
4279.21901232076  160.8801
4279.25526970555  148.5502
4279.29152441776  163.0191
4279.32777645724  135.7561
4279.36402582385  168.3511
4279.40027251744  164.641
4279.43651653787  152.3567
4279.47275788498  165.7381
4279.50899655864  153.0243
4279.54523255869  169.3367
4279.58146588499  188.7721
4279.61769653739  172.1513
4279.65392451575  137.6363
4279.69014981992  142.543
4279.72637244975  165.8042
4279.7625924051  156.7269
4279.79880968582  153.0317
4279.83502429177  155.7948
4279.8712362228  157.6635
4279.90744547876  152.6857
4279.94365205951  138.0276
4279.9798559649  162.4883
4280.0160571948  148.2943
4280.05225574904  147.3085
4280.08845162749  156.5162
4280.12464482999  137.162
4280.16083535642  160.1531
4280.19702320661  137.6067
4280.23320838043  152.9104
4280.26939087773  129.6513
4280.30557069836  129.3815
4280.34174784218  146.9539
4280.37792230904  140.3118
4280.41409409881  116.991
4280.45026321133  141.2916
4280.48642964646  117.8944
4280.52259340405  127.9015
4280.55875448396  103.9529
4280.59491288605  117.811
4280.63106861017  114.7471
4280.66722165618  118.7184
4280.70337202392  116.2167
4280.73951971327  94.56125
4280.77566472407  100.1465
4280.81180705617  103.4441
4280.84794670945  120.4284
4280.88408368374  117.1717
4280.92021797891  114.3613
4280.95634959481  109.4474
4280.9924785313  119.3281
4281.02860478823  103.2358
4281.06472836546  108.8553
4281.10084926285  116.5653
4281.13696748026  107.6874
4281.17308301753  98.79758
4281.20919587453  114.2155
4281.24530605111  111.6732
4281.28141354713  109.7254
4281.31751836245  106.1942
4281.35362049692  116.333
4281.38971995039  107.8445
4281.42581672274  109.645
4281.4619108138  117.801
4281.49800222344  132.4636
4281.53409095152  118.4043
4281.57017699789  107.191
4281.60626036242  126.0474
4281.64234104495  123.2366
4281.67841904534  124.7299
4281.71449436346  116.4387
4281.75056699915  135.5182
4281.78663695229  136.9275
4281.82270422271  112.4392
4281.85876881029  130.3045
4281.89483071487  145.4772
4281.93088993632  145.9613
4281.9669464745  122.5946
4282.00300032926  132.0357
4282.03905150046  132.4238
4282.07509998795  119.8555
4282.11114579161  131.0867
4282.14718891127  162.6922
4282.18322934681  137.9357
4282.21926709807  131.5143
4282.25530216493  150.3997
4282.29133454723  165.2165
4282.32736424483  182.9235
4282.3633912576  150.2324
4282.39941558539  136.3242
4282.43543722806  150.8753
4282.47145618547  164.0522
4282.50747245747  153.0493
4282.54348604393  159.1144
4282.5794969447  161.8168
4282.61550515965  162.3848
4282.65151068863  166.0862
4282.68751353149  160.6401
4282.72351368811  144.1952
4282.75951115834  134.1491
4282.79550594203  146.8229
4282.83149803906  149.0274
4282.86748744926  127.9919
4282.90347417252  124.4172
4282.93945820867  140.8599
4282.9754395576  117.7728
4283.01141821914  112.7827
4283.04739419317  126.2643
4283.08336747954  123.6652
4283.11933807811  120.8399
4283.15530598875  126.5241
4283.19127121131  117.0752
4283.22723374565  122.2433
4283.26319359163  134.329
4283.29915074911  138.0571
4283.33510521795  122.5428
4283.37105699802  98.54445
4283.40700608917  122.6747
4283.44295249126  100.7892
4283.47889620415  109.6853
4283.5148372277  110.5712
4283.55077556178  143.3828
4283.58671120624  104.3656
4283.62264416094  112.3108
4283.65857442575  107.0419
4283.69450200052  121.3285
4283.73042688512  110.9533
4283.7663490794  146.5174
4283.80226858323  108.3368
4283.83818539647  122.6741
4283.87409951898  149.3529
4283.91001095062  145.7142
4283.94591969125  137.8683
4283.98182574073  150.0244
4284.01772909893  148.4914
4284.05362976569  146.2507
4284.0895277409  160.2923
4284.1254230244  142.0531
4284.16131561606  143.474
4284.19720551574  153.2778
4284.2330927233  151.7234
4284.26897723861  161.0023
4284.30485906152  175.2979
4284.3407381919  168.3188
4284.3766146296  178.8235
4284.4124883745  180.7888
4284.44835942644  169.3846
4284.48422778531  166.8323
4284.52009345094  148.1035
4284.55595642322  165.2717
4284.59181670199  184.0865
4284.62767428713  181.9761
4284.6635291785  176.7688
4284.69938137595  173.3264
4284.73523087935  150.2126
4284.77107768856  124.0107
4284.80692180344  158.3257
4284.84276322387  173.1922
4284.87860194969  119.9685
4284.91443798078  126.267
4284.95027131699  147.388
4284.98610195819  155.214
4285.02192990424  150.2548
4285.057755155  127.8153
4285.09357771034  136.9411
4285.12939757012  128.4408
4285.1652147342  116.2441
4285.20102920246  111.6672
4285.23684097473  121.2823
4285.27265005091  108.4232
4285.30845643084  126.1077
4285.34426011438  127.5368
4285.38006110142  139.9997
4285.41585939179  120.1183
4285.45165498538  121.9185
4285.48744788204  141.3077
4285.52323808164  149.0082
4285.55902558404  125.4772
4285.59481038911  121.7047
4285.63059249671  141.3037
4285.6663719067  117.2442
4285.70214861894  137.5554
4285.73792263331  116.6499
4285.77369394967  142.9728
4285.80946256787  144.8264
4285.84522848779  114.5066
4285.88099170928  114.3262
4285.91675223222  134.615
4285.95251005647  138.1481
4285.98826518189  111.2868
4286.02401760835  109.8144
4286.0597673357  124.6953
4286.09551436383  132.1921
4286.13125869258  133.2666
4286.16700032183  133.2675
4286.20273925144  127.4926
4286.23847548127  109.4683
4286.2742090112  133.7681
4286.30993984108  118.1266
4286.34566797078  121.8222
4286.38139340017  124.0736
4286.41711612911  107.6113
4286.45283615746  105.8079
4286.4885534851  90.33922
4286.52426811189  114.8348
4286.55998003768  114.3429
4286.59568926236  111.5008
4286.63139578578  111.3708
4286.66709960781  128.4492
4286.70280072832  103.627
4286.73849914717  125.4586
4286.77419486422  120.2251
4286.80988787935  114.9512
4286.84557819241  112.3024
4286.88126580329  110.8118
4286.91695071183  109.5045
4286.95263291791  110.9936
4286.9883124214  106.5146
4287.02398922215  109.1323
4287.05966332005  105.8641
4287.09533471494  135.9788
4287.13100340671  112.2766
4287.16666939521  118.2693
4287.20233268032  94.43223
4287.23799326189  148.3124
4287.2736511398  131.269
4287.30930631391  133.0709
4287.34495878409  139.084
4287.38060855021  117.6427
4287.41625561214  116.885
4287.45189996973  117.0416
4287.48754162286  134.0003
4287.5231805714  123.7767
4287.55881681521  135.5881
4287.59445035416  115.5254
4287.63008118812  118.1049
4287.66570931695  130.5383
4287.70133474052  130.1655
4287.7369574587  131.5339
4287.77257747136  143.6843
4287.80819477836  145.4313
4287.84380937958  157.7641
4287.87942127487  145.302
4287.91503046412  126.9541
4287.95063694718  124.936
4287.98624072392  125.1621
4288.02184179422  119.2701
4288.05744015793  136.6672
4288.09303581494  130.238
4288.1286287651  140.3999
4288.16421900828  136.3908
4288.19980654436  127.1756
4288.2353913732  128.5288
4288.27097349467  142.8927
4288.30655290864  115.3453
4288.34212961497  142.1885
4288.37770361354  145.0066
4288.41327490422  115.9757
4288.44884348687  138.008
4288.48440936136  117.8913
4288.51997252755  131.768
4288.55553298534  114.762
4288.59109073456  128.4444
4288.62664577511  128.8466
4288.66219810684  120.6646
4288.69774772964  125.2243
4288.73329464335  110.196
4288.76883884786  135.2597
4288.80438034303  121.415
4288.83991912874  132.0161
4288.87545520485  150.4973
4288.91098857124  138.3805
4288.94651922776  139.6417
4288.9820471743  120.312
4289.01757241072  132.6773
4289.05309493689  119.7911
4289.08861475268  126.7792
4289.12413185796  134.2528
4289.15964625261  114.2804
4289.19515793648  139.0692
4289.23066690946  149.1017
4289.26617317141  134.3815
4289.3016767222  136.2459
4289.3371775617  123.0471
4289.37267568979  144.215
4289.40817110632  133.0466
4289.44366381118  156.0517
4289.47915380424  144.5121
4289.51464108536  138.3752
4289.55012565441  152.4819
4289.58560751127  140.0118
4289.62108665581  122.4771
4289.6565630879  133.0575
4289.6920368074  129.1633
4289.72750781419  129.8341
4289.76297610814  115.5863
4289.79844168913  145.2005
4289.83390455702  110.9278
4289.86936471168  94.24684
4289.90482215298  121.256
4289.94027688081  105.5257
4289.97572889502  102.1237
4290.01117819549  74.74091
4290.04662478209  94.68381
4290.08206865469  111.065
4290.11750981317  106.7387
4290.15294825739  92.07079
4290.18838398723  85.9551
4290.22381700256  100.3088
4290.25924730325  81.23293
4290.29467488918  102.4267
4290.33009976021  83.78706
4290.36552191621  99.84695
4290.40094135707  79.20079
4290.43635808265  95.25044
4290.47177209282  90.09821
4290.50718338746  83.19348
4290.54259196644  106.6469
4290.57799782962  100.9547
4290.6134009769  97.88591
4290.64880140812  101.1645
4290.68419912318  98.41632
4290.71959412194  75.2065
4290.75498640427  104.2159
4290.79037597005  107.7016
4290.82576281915  90.0468
4290.86114695144  80.9717
4290.8965283668  84.90736
4290.93190706509  95.73434
4290.9672830462  95.31128
4291.00265630999  114.6272
4291.03802685634  102.9215
4291.07339468513  126.6378
4291.10875979622  113.8445
4291.14412218948  129.5553
4291.1794818648  114.5202
4291.21483882204  117.8842
4291.25019306109  108.1812
4291.2855445818  124.1938
4291.32089338406  119.8432
4291.35623946774  128.8527
4291.39158283272  129.2641
4291.42692347886  110.1592
4291.46226140605  104.4472
4291.49759661415  100.1822
4291.53292910304  136.325
4291.5682588726  118.7233
4291.60358592269  127.6397
4291.6389102532  120.3162
4291.67423186399  118.1128
4291.70955075495  121.9416
4291.74486692594  117.3933
4291.78018037684  119.9713
4291.81549110753  129.736
4291.85079911787  111.2548
4291.88610440775  129.3659
4291.92140697704  111.7871
4291.95670682562  126.2493
4291.99200395335  111.8601
4292.02729836011  117.1989
4292.06259004579  106.4296
4292.09787901025  111.0026
4292.13316525336  130.7269
4292.16844877502  124.6959
4292.20372957508  93.7583
4292.23900765342  127.9879
4292.27428300993  111.4792
4292.30955564447  124.9301
4292.34482555693  136.9681
4292.38009274716  119.5434
4292.41535721507  145.5503
4292.45061896051  116.4491
4292.48587798336  133.2999
4292.5211342835  115.8734
4292.55638786081  101.2742
4292.59163871516  130.4688
4292.62688684642  132.6422
4292.66213225448  106.6743
4292.69737493921  112.6406
4292.73261490049  132.9725
4292.76785213819  124.6499
4292.80308665218  145.3956
4292.83831844235  105.9146
4292.87354750857  128.3362
4292.90877385072  148.8857
4292.94399746867  129.222
4292.9792183623  139.7106
4293.01443653149  123.1475
4293.04965197612  132.1205
4293.08486469605  126.5807
4293.12007469117  150.9151
4293.15528196136  150.6003
4293.19048650649  139.9213
4293.22568832643  128.9698
4293.26088742107  150.512
4293.29608379029  115.1742
4293.33127743395  152.3637
4293.36646835194  159.309
4293.40165654414  142.8665
4293.43684201042  148.655
4293.47202475066  173.3275
4293.50720476473  166.2731
4293.54238205252  171.135
4293.5775566139  152.0393
4293.61272844875  150.8323
4293.64789755695  172.4729
4293.68306393838  172.8785
4293.7182275929  144.0212
4293.75338852041  164.8404
4293.78854672078  181.4241
4293.82370219389  160.5987
4293.85885493961  196.9024
4293.89400495782  172.033
4293.92915224841  168.4974
4293.96429681125  150.5838
4293.99943864622  152.5296
4294.03457775319  156.9622
4294.06971413205  159.8493
4294.10484778267  133.8771
4294.13997870493  147.3267
4294.17510689872  157.4263
4294.21023236391  120.374
4294.24535510038  154.1828
4294.280475108  148.2698
4294.31559238666  146.6993
4294.35070693624  135.6771
4294.38581875661  149.5028
4294.42092784766  138.1877
4294.45603420926  129.2632
4294.49113784129  145.572
4294.52623874363  138.0467
4294.56133691617  131.886
4294.59643235878  144.9987
4294.63152507133  124.4646
4294.66661505371  129.4334
4294.70170230581  137.4167
4294.73678682749  105.2596
4294.77186861864  121.4685
4294.80694767914  121.7737
4294.84202400887  126.0831
4294.8770976077  116.0909
4294.91216847553  133.6847
4294.94723661222  124.4403
4294.98230201766  126.4064
4295.01736469173  101.0168
4295.05242463431  112.1099
4295.08748184527  95.50014
4295.1225363245  91.8521
4295.15758807189  125.7094
4295.1926370873  120.906
4295.22768337063  95.7087
4295.26272692174  99.25235
4295.29776774053  122.2254
4295.33280582687  121.398
4295.36784118065  134.2364
4295.40287380173  133.2631
4295.43790369001  128.1187
4295.47293084537  120.9721
4295.50795526769  123.3589
4295.54297695684  109.4167
4295.57799591272  139.3132
4295.61301213519  112.3
4295.64802562414  103.0591
4295.68303637946  112.9788
4295.71804440102  113.3371
4295.75304968871  109.1837
4295.7880522424  116.1629
4295.82305206199  118.8662
4295.85804914734  145.7231
4295.89304349835  135.2044
4295.92803511489  120.0072
4295.96302399684  155.5495
4295.99801014409  140.9612
4296.03299355653  136.7271
4296.06797423402  160.6156
4296.10295217646  131.2532
4296.13792738372  147.9415
4296.17289985569  139.5191
4296.20786959225  122.0037
4296.24283659328  126.8694
4296.27780085867  132.2098
4296.3127623883  141.5546
4296.34772118204  146.5655
4296.38267723979  130.1854
4296.41763056142  141.4171
4296.45258114682  96.64029
4296.48752899587  183.0241
4296.52247410845  161.3125
4296.55741648445  156.0318
4296.59235612374  163.5986
4296.62729302622  156.4948
4296.66222719176  139.9828
4296.69715862026  153.3544
4296.73208731158  128.9435
4296.76701326561  139.1516
4296.80193648224  140.0087
4296.83685696136  132.5771
4296.87177470284  120.3027
4296.90668970656  131.3372
4296.94160197242  111.3464
4296.97651150029  118.0816
4297.01141829006  131.7799
4297.04632234161  127.7569
4297.08122365483  129.7786
4297.1161222296  137.7438
4297.1510180658  113.5672
4297.18591116332  123.3884
4297.22080152204  94.59906
4297.25568914184  93.27173
4297.29057402262  130.4956
4297.32545616425  136.4571
4297.36033556662  100.6593
4297.39521222961  101.5312
4297.4300861531  115.5756
4297.46495733699  114.0035
4297.49982578116  124.0393
4297.53469148548  118.5547
4297.56955444985  124.3227
4297.60441467415  124.0882
4297.63927215827  79.64597
4297.67412690208  99.47646
4297.70897890548  120.5899
4297.74382816834  127.452
4297.77867469057  114.1999
4297.81351847202  102.1438
4297.84835951261  117.5062
4297.8831978122  125.3502
4297.91803337069  134.0295
4297.95286618796  98.02908
4297.98769626389  99.52268
4298.02252359838  106.2203
4298.0573481913  118.8158
4298.09217004254  105.3165
4298.12698915199  103.0695
4298.16180551953  100.6357
4298.19661914505  109.126
4298.23143002844  104.1159
4298.26623816958  112.4031
4298.30104356835  118.3865
4298.33584622465  115.3247
4298.37064613835  118.0474
4298.40544330935  127.9145
4298.44023773753  119.224
4298.47502942277  119.7235
4298.50981836497  109.7936
4298.54460456401  117.5892
4298.57938801977  105.6096
4298.61416873215  110.8716
4298.64894670102  139.6065
4298.68372192628  100.538
4298.71849440782  102.6489
4298.75326414551  128.2425
4298.78803113925  133.5744
4298.82279538891  112.6882
4298.8575568944  110.6377
4298.8923156556  123.9524
4298.92707167239  136.0485
4298.96182494465  109.5882
4298.99657547229  118.9254
4299.03132325518  109.0954
4299.06606829321  133.8615
4299.10081058627  124.3555
4299.13555013425  124.5464
4299.17028693703  91.47947
4299.20502099451  121.8301
4299.23975230656  111.3966
4299.27448087308  113.4235
4299.30920669395  124.2011
4299.34392976907  116.1208
4299.37865009831  117.6028
4299.41336768157  106.1939
4299.44808251874  130.1426
4299.48279460971  112.2058
4299.51750395435  106.5772
4299.55221055257  70.36271
4299.58691440424  91.49321
4299.62161550926  96.75046
4299.65631386751  99.08475
4299.69100947889  98.5667
4299.72570234328  97.21435
4299.76039246057  91.19
4299.79507983064  74.30797
4299.8297644534  74.4059
4299.86444632872  73.85877
4299.89912545649  53.35357
4299.93380183661  80.02758
4299.96847546896  59.21102
4300.00314635343  86.68188
4300.03781448991  95.72192
4300.07247987829  59.34863
4300.10714251846  76.76791
4300.1418024103  75.31875
4300.17645955371  52.53673
4300.21111394858  97.79713
4300.24576559479  87.68894
4300.28041449224  85.38872
4300.31506064081  78.71343
4300.34970404039  95.57187
4300.38434469088  85.53792
4300.41898259216  83.99644
4300.45361774412  63.67982
4300.48825014666  63.22952
4300.52287979966  80.41492
4300.557506703  87.66786
4300.5921308566  97.18821
4300.62675226032  85.98935
4300.66137091406  71.91279
4300.69598681772  103.5455
4300.73059997118  76.77088
4300.76521037433  98.14421
4300.79981802706  96.04887
4300.83442292927  83.47065
4300.86902508084  98.22541
4300.90362448167  71.31864
4300.93822113164  104.6007
4300.97281503064  57.05412
4301.00740617858  72.7897
4301.04199457533  114.2166
4301.07658022078  84.3974
4301.11116311484  91.21246
4301.14574325738  92.47373
4301.18032064831  80.18824
4301.2148952875  82.17046
4301.24946717486  94.52366
4301.28403631028  62.396
4301.31860269363  84.48018
4301.35316632483  51.89241
4301.38772720375  94.8456
4301.42228533029  82.41277
4301.45684070435  85.49616
4301.4913933258  105.2147
4301.52594319455  100.2838
4301.56049031048  77.48655
4301.59503467349  119.7168
4301.62957628347  75.32909
4301.66411514031  94.80801
4301.6986512439  99.55893
4301.73318459414  101.4173
4301.76771519091  105.9466
4301.80224303412  72.97205
4301.83676812364  94.87065
4301.87129045938  109.7818
4301.90581004123  95.52205
4301.94032686907  118.6245
4301.9748409428  145.7111
4302.00935226231  123.4274
4302.0438608275  113.9703
4302.07836663826  123.8455
4302.11286969448  126.388
4302.14736999605  70.93565
4302.18186754286  110.7859
4302.21636233482  110.1743
4302.2508543718  133.4345
4302.28534365372  119.8635
4302.31983018045  116.4767
4302.35431395189  97.09251
4302.38879496793  143.6086
4302.42327322847  132.6963
4302.4577487334  130.0486
4302.49222148262  125.4757
4302.52669147601  113.6093
4302.56115871347  108.2576
4302.5956231949  110.145
4302.63008492018  102.8928
4302.66454388922  106.5294
4302.6990001019  115.4509
4302.73345355811  79.1796
4302.76790425777  79.82752
4302.80235220074  73.36427
4302.83679738694  93.11572
4302.87123981625  73.75703
4302.90567948857  83.77917
4302.94011640379  98.63065
4302.97455056181  78.87134
4303.00898196252  35.96576
4303.04341060582  80.8932
4303.07783649159  61.88645
4303.11225961974  60.19358
4303.14667999016  69.64221
4303.18109760273  87.59482
4303.21551245737  79.8407
4303.24992455396  82.81116
4303.2843338924  86.839
4303.31874047258  58.94236
4303.35314429439  84.4623
4303.38754535774  81.70417
4303.42194366251  50.73275
4303.4563392086  69.58475
4303.49073199591  91.23232
4303.52512202433  115.4994
4303.55950929376  63.77005
4303.59389380409  84.72488
4303.62827555522  63.70754
4303.66265454705  53.63847
4303.69703077946  79.16943
4303.73140425235  103.404
4303.76577496562  75.86524
4303.80014291917  64.31969
4303.83450811289  77.61734
4303.86887054668  82.18163
4303.90323022043  91.84081
4303.93758713404  98.14771
4303.9719412874  94.83538
4304.00629268041  123.2076
4304.04064131297  99.57719
4304.07498718497  83.35728
4304.10933029632  91.33655
4304.14367064689  57.0255
4304.1780082366  90.69551
4304.21234306533  110.3434
4304.24667513299  92.55856
4304.28100443947  101.7367
4304.31533098467  82.37545
4304.34965476848  88.92429
4304.3839757908  100.7298
4304.41829405153  92.36646
4304.45260955056  90.94107
4304.4869222878  87.84042
4304.52123226313  62.77646
4304.55553947646  117.5849
4304.58984392767  109.8456
4304.62414561668  101.9779
4304.65844454338  104.3725
4304.69274070766  109.7405
4304.72703410942  69.19048
4304.76132474855  122.796
4304.79561262497  93.43018
4304.82989773855  70.2668
4304.86418008921  76.81339
4304.89845967683  77.23632
4304.93273650132  90.43167
4304.96701056258  133.8699
4305.0012818605  110.5887
4305.03555039497  97.42165
4305.06981616591  77.35126
4305.1040791732  103.4876
4305.13833941674  123.6777
4305.17259689643  122.3453
4305.20685161217  106.5972
4305.24110356386  71.59701
4305.2753527514  104.7864
4305.30959917468  104.3404
4305.3438428336  107.6516
4305.37808372807  112.3958
4305.41232185797  132.3585
4305.44655722322  87.13995
4305.4807898237  90.33083
4305.51501965931  108.6728
4305.54924672996  129.1971
4305.58347103555  94.05263
4305.61769257596  106.3829
4305.65191135111  104.4171
4305.68612736088  93.82979
4305.72034060519  97.80264
4305.75455108393  112.041
4305.78875879699  120.5582
4305.82296374428  117.8232
4305.85716592569  110.797
4305.89136534114  110.063
4305.9255619905  72.72941
4305.95975587369  122.5396
4305.99394699061  83.22028
4306.02813534115  96.30708
4306.06232092521  122.2487
4306.09650374269  55.72925
4306.1306837935  103.6117
4306.16486107753  63.96965
4306.19903559469  91.73431
4306.23320734486  89.28906
4306.26737632796  71.52704
4306.30154254389  86.2589
4306.33570599253  81.10355
4306.3698666738  76.08016
4306.40402458759  67.6119
4306.43817973381  88.18748
4306.47233211235  87.04111
4306.50648172312  76.02348
4306.54062856601  92.79271
4306.57477264092  88.43
4306.60891394777  63.18272
4306.64305248644  98.53299
4306.67718825684  66.29041
4306.71132125887  108.1134
4306.74545149243  97.9313
4306.77957895742  107.8636
4306.81370365375  94.53467
4306.8478255813  119.9607
4306.88194473999  91.7413
4306.91606112972  109.1814
4306.95017475038  104.2947
4306.98428560188  111.2957
4307.01839368412  114.3792
4307.052498997  105.9518
4307.08660154043  51.40975
4307.1207013143  88.3391
4307.15479831851  119.7087
4307.18889255297  89.66001
4307.22298401759  121.3978
4307.25707271225  146.9515
4307.29115863686  104.5386
4307.32524179133  112.1134
4307.35932217556  89.95121
4307.39339978945  95.11358
4307.4274746329  82.96733
4307.46154670581  105.2381
4307.49561600808  106.0634
4307.52968253963  142.6165
4307.56374630034  134.8437
4307.59780729013  138.7442
4307.6318655089  99.26133
4307.66592095654  69.79817
4307.69997363296  140.0565
4307.73402353807  84.57825
4307.76807067176  90.05351
4307.80211503394  140.4057
4307.83615662451  96.82348
4307.87019544338  30.61662
4307.90423149044  108.182
4307.93826476561  143.8645
4307.97229526878  89.3746
4308.00632299985  114.9697
4308.04034795874  79.96852
4308.07437014534  97.2779
4308.10838955956  123.8516
4308.14240620129  107.3325
4308.17642007045  110.653
4308.21043116694  109.0264
4308.24443949066  84.18665
4308.27844504151  89.50607
4308.31244781941  90.50692
4308.34644782424  80.52187
4308.38044505592  67.84799
4308.41443951435  61.51619
4308.44843119943  68.16485
4308.48242011108  69.04118
4308.51640624918  79.38953
4308.55038961365  58.72317
4308.58437020439  65.94541
4308.61834802131  93.87606
4308.6523230643  66.23943
4308.68629533328  52.18238
4308.72026482815  114.76
4308.75423154881  92.27902
4308.78819549516  57.76014
4308.82215666712  81.81963
4308.85611506458  81.46286
4308.89007068746  51.46416
4308.92402353565  88.94808
4308.95797360906  70.92705
4308.9919209076  73.51418
4309.02586543117  57.36325
4309.05980717967  81.38818
4309.09374615302  45.99535
4309.12768235111  76.36694
4309.16161577385  51.69752
4309.19554642115  94.17765
4309.22947429292  61.02594
4309.26339938905  62.88163
4309.29732170945  54.03249
4309.33124125403  111.7943
4309.3651580227  103.579
4309.39907201535  90.99677
4309.43298323191  67.67906
4309.46689167226  81.61908
4309.50079733633  92.00602
4309.534700224  120.1697
4309.5686003352  99.28909
4309.60249766982  80.41518
4309.63639222777  96.1339
4309.67028400896  72.76238
4309.7041730133  103.721
4309.73805924068  95.44233
4309.77194269102  88.83273
4309.80582336423  116.6043
4309.8397012602  65.56957
4309.87357637885  70.9566
4309.90744872009  89.44994
4309.94131828381  72.2438
4309.97518506993  70.60352
4310.00904907835  90.73305
4310.04291030899  88.94675
4310.07676876173  101.0529
4310.11062443651  108.6948
4310.14447733321  99.29001
4310.17832745175  70.47877
4310.21217479204  77.2191
4310.24601935398  96.45473
4310.27986113748  85.69189
4310.31370014245  100.5517
4310.34753636878  88.46011
4310.38136981641  83.56847
4310.41520048522  104.1096
4310.44902837513  100.3459
4310.48285348604  88.34321
4310.51667581786  90.2829
4310.55049537051  71.60689
4310.58431214388  78.92709
4310.61812613789  94.61455
4310.65193735245  84.1993
4310.68574578745  122.7674
4310.71955144282  70.13893
4310.75335431845  65.12164
4310.78715441426  57.28471
4310.82095173015  73.96316
4310.85474626604  118.2916
4310.88853802182  66.52682
4310.92232699742  57.01971
4310.95611319274  97.16843
4310.98989660768  84.7413
4311.02367724215  94.16828
4311.05745509608  103.8393
4311.09123016935  74.73238
4311.12500246188  95.81916
4311.15877197359  53.4489
4311.19253870438  92.76688
4311.22630265415  81.78111
4311.26006382282  89.9184
4311.2938222103  99.24805
4311.32757781649  45.5973
4311.36133064131  96.242
4311.39508068467  71.90142
4311.42882794646  112.4925
4311.46257242661  100.2915
4311.49631412502  104.1154
4311.53005304161  69.33165
4311.56378917628  56.87229
4311.59752252893  55.49979
4311.63125309949  89.50809
4311.66498088786  114.6156
4311.69870589395  102.6641
4311.73242811768  93.92656
4311.76614755894  142.416
4311.79986421765  112.8771
4311.83357809373  74.92512
4311.86728918707  124.463
4311.9009974976  87.38088
4311.93470302521  148.0452
4311.96840576984  100.9327
4312.00210573137  115.1858
4312.03580290972  88.26281
4312.06949730481  80.44287
4312.10318891654  63.97206
4312.13687774483  106.2332
4312.17056378958  80.9425
4312.20424705071  71.14189
4312.23792752812  53.76483
4312.27160522173  122.9365
4312.30528013146  100.8372
4312.3389522572  91.32848
4312.37262159887  107.8317
4312.40628815638  109.2753
4312.43995192965  122.2862
4312.47361291858  101.3277
4312.50727112309  69.11155
4312.54092654308  95.28991
4312.57457917847  30.56555
4312.60822902917  130.7286
4312.6418760951  97.07043
4312.67552037616  66.12982
4312.70916187226  120.5643
4312.74280058332  75.37736
4312.77643650925  96.71062
4312.81006964995  121.6616
4312.84370000535  74.3755
4312.87732757536  143.3725
4312.91095235988  103.7356
4312.94457435883  69.06147
4312.97819357212  159.12
4313.01180999966  92.63258
4313.04542364137  44.65529
4313.07903449716  133.6382
4313.11264256694  105.7114
4313.14624785062  86.91864
4313.17985034811  92.20333
4313.21345005933  123.0391
4313.2470469842  62.14429
4313.28064112261  121.7021
4313.31423247449  86.96367
4313.34782103975  97.72461
4313.3814068183  86.87787
4313.41498981006  92.04031
4313.44857001493  121.7123
4313.48214743284  94.60884
4313.51572206369  107.3183
4313.5492939074  93.6367
4313.58286296387  94.51498
4313.61642923303  96.4746
4313.64999271479  75.50838
4313.68355340906  132.927
4313.71711131575  103.4738
4313.75066643478  105.4137
4313.78421876606  57.99068
4313.81776830951  109.1375
4313.85131506504  113.6218
4313.88485903256  107.5821
4313.91840021198  110.307
4313.95193860323  139.8017
4313.98547420621  111.1196
4314.01900702084  142.7449
4314.05253704703  17.14369
4314.0860642847  142.5038
4314.11958873377  119.8989
4314.15311039413  138.0899
4314.18662926572  108.5131
4314.22014534844  131.0536
4314.25365864221  63.07198
4314.28716914695  144.4432
4314.32067686256  113.9232
4314.35418178897  137.3742
4314.38768392608  169.7201
4314.42118327382  124.0084
4314.45467983209  137.6258
4314.48817360081  150.5391
4314.52166457991  54.66745
4314.55515276928  116.0952
4314.58863816885  131.0665
4314.62212077854  73.74017
4314.65560059825  114.9167
4314.68907762791  147.6297
4314.72255186743  109.9594
4314.75602331672  113.5356
4314.7894919757  78.33175
4314.82295784428  104.3422
4314.85642092238  138.171
4314.88988120993  124.6011
4314.92333870682  120.3183
4314.95679341298  109.4427
4314.99024532832  93.95417
4315.02369445277  108.484
4315.05714078623  118.5827
4315.09058432862  91.04543
4315.12402507986  87.25191
4315.15746303987  65.85172
4315.19089820855  121.8752
4315.22433058583  147.7422
4315.25776017162  76.14123
4315.29118696585  106.4436
4315.32461096841  91.21793
4315.35803217924  87.6506
4315.39145059825  45.80985
4315.42486622536  149.4814
4315.45827906048  96.25581
4315.49168910352  88.10789
4315.52509635441  74.48856
4315.55850081307  165.2693
4315.5919024794  83.31491
4315.62530135333  161.5284
4315.65869743478  100.0536
4315.69209072365  40.63332
4315.72548121988  83.05435
4315.75886892337  98.35028
4315.79225383404  79.06124
4315.82563595181  112.1721
4315.8590152766  125.6402
4315.89239180832  131.1505
4315.9257655469  126.8431
4315.95913649225  114.2242
4315.99250464428  78.10893
4316.02587000292  119.3723
4316.05923256809  111.2181
4316.09259233969  103.8673
4316.12594931766  130.3995
4316.1593035019  93.10328
4316.19265489234  118.1213
4316.22600348889  160.8875
4316.25934929147  132.2327
4316.29269230001  147.1651
4316.32603251441  157.7711
4316.3593699346  144.8859
4316.39270456049  232.2412
4316.42603639201  152.6643
4316.45936542907  119.4794
4316.49269167159  109.9934
4316.52601511949  205.5845
4316.55933577268  215.3677
4316.5926536311  186.7841
4316.62596869465  228.911
4316.65928096325  129.4376
4316.69259043683  207.5703
4316.7258971153  174.4569
4316.75920099858  109.1448
4316.7925020866  193.4243
4316.82580037926  158.1931
4316.8590958765  180.8699
4316.89238857822  209.0975
4316.92567848435  153.0176
4316.95896559481  125.2955
4316.99224990951  193.1136
4317.02553142839  144.162
4317.05881015134  206.4473
4317.09208607831  137.2675
4317.1253592092  119.3021
4317.15862954394  180.9682
4317.19189708244  130.583
4317.22516182463  177.5732
4317.25842377042  83.88316
4317.29168291974  189.7452
4317.32493927251  138.9073
4317.35819282864  128.6497
4317.39144358806  183.8261
4317.42469155069  164.1671
4317.45793671644  88.57192
4317.49117908524  125.2416
4317.52441865701  156.0503
4317.55765543166  135.5648
4317.59088940913  107.2813
4317.62412058933  218.4106
4317.65734897217  119.5025
4317.69057455759  174.8813
4317.7237973455  136.9543
4317.75701733583  160.8403
4317.79023452849  141.7243
4317.8234489234  146.1521
4317.85666052049  78.53682
4317.88986931968  194.1738
4317.92307532089  88.25393
4317.95627852403  162.3486
4317.98947892904  157.3171
4318.02267653584  54.51167
4318.05587134433  168.8275
4318.08906335446  122.4448
4318.12225256613  176.4677
4318.15543897927  98.23354
4318.1886225938  161.0532
4318.22180340964  145.615
4318.25498142672  192.9832
4318.28815664496  176.4809
4318.32132906428  127.4677
4318.35449868459  110.7887
4318.38766550583  174.4075
4318.42082952791  203.7509
4318.45399075077  147.7797
4318.48714917431  219.754
4318.52030479846  182.2895
4318.55345762315  158.0082
4318.58660764829  116.6473
4318.61975487381  196.5076
4318.65289929964  199.2619
4318.68604092569  166.1775
4318.71917975189  228.3545
4318.75231577815  154.5851
4318.78544900441  75.31455
4318.81857943059  147.2185
4318.8517070566  83.43803
4318.88483188238  196.7232
4318.91795390784  186.3561
4318.95107313291  110.8773
4318.98418955751  268.2636
4319.01730318156  129.5485
4319.050414005  69.98914
4319.08352202773  170.4428
4319.11662724969  118.4676
4319.14972967079  174.3036
4319.18282929097  94.13077
4319.21592611015  169.795
4319.24902012824  91.78609
