5135.35476998618  0.
5135.40230571732  0.
5135.44983842504  0.
5135.49736810914  0.
5135.54489476941  540.3074
5135.59241840564  629.2264
5135.63993901761  581.5994
5135.68745660512  503.9069
5135.73497116794  587.8175
5135.78248270587  525.1406
5135.82999121871  673.5189
5135.87749670622  612.2484
5135.92499916821  631.878
5135.97249860447  569.8714
5136.01999501477  642.2094
5136.06748839892  588.3857
5136.11497875669  584.7715
5136.16246608787  616.8715
5136.20995039227  589.9201
5136.25743166966  627.6068
5136.30490991983  524.6274
5136.35238514257  584.8404
5136.39985733767  563.3646
5136.44732650492  599.7245
5136.49479264411  608.9585
5136.54225575503  613.7538
5136.58971583747  534.3406
5136.6371728912  692.7727
5136.68462691604  574.3322
5136.73207791175  541.8774
5136.77952587814  627.0997
5136.82697081499  569.5383
5136.8744127221  578.752
5136.92185159924  654.0583
5136.96928744621  469.5316
5137.01672026281  548.0546
5137.06415004881  553.3742
5137.11157680401  581.1331
5137.1590005282  560.6562
5137.20642122116  559.8076
5137.25383888269  563.5093
5137.30125351258  534.2169
5137.34866511062  506.5303
5137.39607367659  568.638
5137.44347921029  561.1734
5137.4908817115  582.042
5137.53828118003  521.4182
5137.58567761564  583.2083
5137.63307101814  528.4951
5137.68046138732  506.2431
5137.72784872297  478.9406
5137.77523302487  513.7786
5137.82261429282  478.588
5137.8699925266  489.7052
5137.91736772601  466.8147
5137.96473989084  491.9808
5138.01210902087  426.7456
5138.05947511591  442.742
5138.10683817573  513.849
5138.15419820013  490.711
5138.2015551889  501.0403
5138.24890914182  571.4045
5138.2962600587  581.9044
5138.34360793933  559.8996
5138.39095278348  503.1113
5138.43829459095  507.2412
5138.48563336154  489.8515
5138.53296909504  428.7368
5138.58030179123  540.0315
5138.6276314499  480.754
5138.67495807085  541.3824
5138.72228165387  544.5768
5138.76960219875  558.7892
5138.81691970528  512.628
5138.86423417325  608.8297
5138.91154560245  553.0446
5138.95885399268  489.7523
5139.00615934372  573.1268
5139.05346165537  523.3832
5139.10076092741  620.8356
5139.14805715965  663.6766
5139.19535035186  626.2203
5139.24264050385  667.7109
5139.2899276154  624.7297
5139.33721168631  617.3289
5139.38449271637  604.318
5139.43177070536  622.1082
5139.47904565308  611.188
5139.52631755933  529.666
5139.57358642389  585.2729
5139.62085224655  516.1402
5139.66811502712  473.5009
5139.71537476537  536.6432
5139.7626314611  467.9051
5139.80988511411  514.1151
5139.85713572419  521.4652
5139.90438329112  473.8582
5139.9516278147  471.3361
5139.99886929472  467.2143
5140.04610773098  484.9043
5140.09334312327  447.5429
5140.14057547137  437.3409
5140.18780477509  502.4783
5140.23503103421  398.7421
5140.28225424853  433.2512
5140.32947441783  453.4663
5140.37669154192  398.0549
5140.42390562058  452.2757
5140.47111665361  396.4896
5140.5183246408  484.7925
5140.56552958194  434.2603
5140.61273147683  447.4315
5140.65993032525  478.9765
5140.70712612701  442.5896
5140.75431888188  427.3573
5140.80150858968  459.2837
5140.84869525019  460.3725
5140.89587886319  493.9481
5140.9430594285  485.5522
5140.99023694589  589.1603
5141.03741141517  548.4442
5141.08458283612  557.6264
5141.13175120854  567.6919
5141.17891653222  578.4225
5141.22607880696  705.6917
5141.27323803254  591.465
5141.32039420877  564.2
5141.36754733544  626.9496
5141.41469741233  610.2325
5141.46184443925  593.6801
5141.50898841598  696.3926
5141.55612934232  633.1465
5141.60326721807  540.6581
5141.65040204302  600.8637
5141.69753381695  560.4684
5141.74466253968  614.6504
5141.79178821098  629.0226
5141.83891083065  630.4739
5141.8860303985  576.4377
5141.9331469143  618.4813
5141.98026037786  568.813
5142.02737078897  570.7442
5142.07447814742  683.197
5142.12158245301  571.3088
5142.16868370554  628.0535
5142.21578190479  577.5073
5142.26287705055  585.2385
5142.30996914264  579.436
5142.35705818084  509.9549
5142.40414416493  505.8218
5142.45122709473  516.4447
5142.49830697002  590.0738
5142.5453837906  630.8503
5142.59245755626  513.353
5142.6395282668  549.7723
5142.68659592201  551.4536
5142.73366052169  542.2603
5142.78072206563  534.7272
5142.82778055362  520.3082
5142.87483598547  539.3401
5142.92188836096  499.4973
5142.9689376799  539.0776
5143.01598394207  564.1638
5143.06302714727  533.694
5143.1100672953  421.8769
5143.15710438595  556.5893
5143.20413841902  455.6452
5143.25116939429  471.7345
5143.29819731158  476.7014
5143.34522217068  449.7097
5143.39224397136  460.4857
5143.43926271345  494.436
5143.48627839672  449.8544
5143.53329102097  492.5732
5143.58030058601  397.4129
5143.62730709163  475.851
5143.67431053761  460.754
5143.72131092376  428.4159
5143.76830824988  463.3479
5143.81530251576  467.1726
5143.86229372119  403.5424
5143.90928186597  443.0789
5143.9562669499  447.4448
5144.00324897277  502.9661
5144.05022793438  490.7659
5144.09720383452  509.0757
5144.144176673  469.5402
5144.1911464496  548.2105
5144.23811316413  539.5156
5144.28507681637  517.8083
5144.33203740613  529.8388
5144.37899493321  530.421
5144.42594939739  575.9688
5144.47290079848  514.2026
5144.51984913627  583.8676
5144.56679441056  550.9318
5144.61373662114  612.9655
5144.66067576781  578.443
5144.70761185037  574.7458
5144.75454486862  634.1228
5144.80147482235  582.6856
5144.84840171135  618.3977
5144.89532553543  600.0242
5144.94224629439  624.4197
5144.98916398801  642.3483
5145.03607861609  608.392
5145.08299017844  581.0859
5145.12989867485  554.653
5145.17680410512  628.2435
5145.22370646904  628.9831
5145.27060576641  625.1473
5145.31750199703  584.2513
5145.3643951607  580.5684
5145.41128525721  638.8221
5145.45817228636  586.3605
5145.50505624794  553.6928
5145.55193714176  552.105
5145.59881496762  556.2029
5145.6456897253  566.4326
5145.69256141462  554.6632
5145.73943003536  567.1782
5145.78629558732  549.1735
5145.8331580703  551.8502
5145.88001748411  588.4696
5145.92687382852  576.7853
5145.97372710335  578.5817
5146.0205773084  542.4785
5146.06742444346  514.722
5146.11426850832  546.9512
5146.16110950279  515.0616
5146.20794742666  560.7222
5146.25478227973  559.6166
5146.30161406181  542.2528
5146.34844277269  556.6246
5146.39526841216  493.1545
5146.44209098002  527.1439
5146.48891047608  524.0212
5146.53572690014  552.8018
5146.58254025198  547.955
5146.62935053141  597.1835
5146.67615773823  585.6451
5146.72296187224  575.8095
5146.76976293323  546.156
5146.816560921  552.548
5146.86335583536  595.053
5146.91014767609  572.318
5146.95693644301  563.1424
5147.0037221359  629.0475
5147.05050475457  577.6129
5147.09728429882  503.4224
5147.14406076844  530.0928
5147.19083416323  478.1519
5147.237604483  566.4991
5147.28437172754  507.4583
5147.33113589666  545.3527
5147.37789699014  575.1247
5147.42465500779  542.3048
5147.47140994941  480.5026
5147.5181618148  524.1556
5147.56491060376  574.0377
5147.61165631608  588.1065
5147.65839895157  532.7363
5147.70513851003  538.6646
5147.75187499125  488.0194
5147.79860839504  522.0932
5147.84533872119  533.2834
5147.89206596951  560.7427
5147.93879013979  575.1086
5147.98551123183  532.899
5148.03222924544  567.1347
5148.07894418041  545.3809
5148.12565603655  573.0217
5148.17236481365  539.9415
5148.21907051151  521.3165
5148.26577312993  582.5365
5148.31247266872  543.5777
5148.35916912767  556.9412
5148.40586250659  552.4498
5148.45255280527  521.6511
5148.49924002351  549.1005
5148.54592416112  536.9985
5148.5926052179  503.2495
5148.63928319363  548.3804
5148.68595808814  511.4795
5148.73262990121  511.8684
5148.77929863264  508.0573
5148.82596428225  484.7136
5148.87262684982  496.0621
5148.91928633516  434.2218
5148.96594273807  468.1767
5149.01259605835  540.804
5149.0592462958  536.2638
5149.10589345022  551.7242
5149.15253752141  511.4536
5149.19917850918  475.4817
5149.24581641332  513.7422
5149.29245123363  465.9184
5149.33908296992  436.2215
5149.38571162199  533.5748
5149.43233718964  484.5598
5149.47895967267  542.8436
5149.52557907087  530.7823
5149.57219538406  501.4244
5149.61880861204  542.3797
5149.6654187546  513.2643
5149.71202581154  576.3765
5149.75862978267  581.4953
5149.80523066779  628.4075
5149.8518284667  542.393
5149.89842317921  601.28
5149.9450148051  602.2655
5149.9916033442  624.9534
5150.03818879629  618.4649
5150.08477116118  693.9813
5150.13135043867  615.8339
5150.17792662856  581.0267
5150.22449973066  631.1599
5150.27106974476  579.7855
5150.31763667067  569.6335
5150.36420050819  621.5878
5150.41076125713  583.5078
5150.45731891728  639.5754
5150.50387348844  579.7403
5150.55042497043  598.2492
5150.59697336303  582.7359
5150.64351866606  631.4472
5150.69006087932  565.8289
5150.7366000026  655.309
5150.78313603572  566.8801
5150.82966897846  599.2316
5150.87619883065  650.1017
5150.92272559207  572.3096
5150.96924926253  607.1744
5151.01576984184  627.0008
5151.06228732978  657.1006
5151.10880172619  586.5692
5151.15531303084  610.2538
5151.20182124354  573.6946
5151.24832636411  637.1113
5151.29482839233  537.8672
5151.34132732802  497.3689
5151.38782317097  483.9416
5151.43431592099  528.7751
5151.48080557789  558.4802
5151.52729214146  541.7005
5151.5737756115  570.4038
5151.62025598783  501.4991
5151.66673327025  521.6859
5151.71320745855  515.9079
5151.75967855255  570.1378
5151.80614655204  530.907
5151.85261145683  515.2874
5151.89907326672  512.3928
5151.94553198151  553.3799
5151.99198760102  540.9541
5152.03844012504  554.9963
5152.08488955337  551.7277
5152.13133588583  498.5268
5152.17777912221  565.6442
5152.22421926231  550.4711
5152.27065630595  551.6749
5152.31709025292  553.5347
5152.36352110304  552.0061
5152.40994885609  487.9169
5152.45637351189  484.2424
5152.50279507025  530.3229
5152.54921353096  546.2462
5152.59562889383  555.2797
5152.64204115866  549.2097
5152.68845032526  561.9612
5152.73485639344  557.2772
5152.78125936299  580.46
5152.82765923372  504.141
5152.87405600544  531.6456
5152.92044967794  459.659
5152.96684025105  542.2386
5153.01322772455  546.939
5153.05961209825  558.6124
5153.10599337197  581.5917
5153.15237154549  538.7225
5153.19874661864  543.2744
5153.2451185912  545.3183
5153.29148746299  582.3214
5153.33785323382  569.6729
5153.38421590348  560.0574
5153.43057547179  570.5298
5153.47693193854  583.5938
5153.52328530354  608.5612
5153.5696355666  589.4028
5153.61598272752  530.2141
5153.66232678611  604.8133
5153.70866774218  586.41
5153.75500559552  595.949
5153.80134034594  593.4687
5153.84767199325  612.7334
5153.89400053726  591.5497
5153.94032597776  579.5723
5153.98664831457  588.96
5154.03296754749  593.8447
5154.07928367633  567.8099
5154.12559670089  580.2288
5154.17190662098  550.1394
5154.21821343639  538.7241
5154.26451714695  537.5864
5154.31081775245  516.9426
5154.3571152527  554.366
5154.40340964751  559.145
5154.44970093668  516.6353
5154.49598912002  536.8635
5154.54227419733  462.4338
5154.58855616842  569.8848
5154.6348350331  498.0294
5154.68111079117  492.8741
5154.72738344244  598.2631
5154.77365298672  516.476
5154.8199194238  509.3113
5154.86618275351  493.927
5154.91244297563  501.5338
5154.95870008999  535.1087
5155.00495409639  537.3825
5155.05120499462  532.778
5155.09745278451  544.8455
5155.14369746585  525.4568
5155.18993903846  498.8598
5155.23617750213  510.6798
5155.28241285669  489.7052
5155.32864510192  525.566
5155.37487423765  530.674
5155.42110026367  524.2353
5155.4673231798  517.6869
5155.51354298583  538.6168
5155.55975968159  573.2048
5155.60597326687  602.1093
5155.65218374148  545.8951
5155.69839110523  539.6887
5155.74459535792  569.5196
5155.79079649937  545.8625
5155.83699452938  562.3862
5155.88318944776  574.2083
5155.92938125431  583.8428
5155.97556994885  546.0969
5156.02175553117  624.5714
5156.0679380011  599.1883
5156.11411735842  589.1425
5156.16029360296  541.576
5156.20646673453  561.8486
5156.25263675291  574.7183
5156.29880365794  565.5111
5156.34496744941  575.1161
5156.39112812712  519.7308
5156.4372856909  547.225
5156.48344014055  540.1662
5156.52959147587  545.4351
5156.57573969667  592.4897
5156.62188480276  530.6267
5156.66802679395  599.212
5156.71416567005  546.7924
5156.76030143086  563.8906
5156.8064340762  558.462
5156.85256360587  567.4738
5156.89869001968  573.4853
5156.94481331743  522.1205
5156.99093349894  559.9916
5157.03705056402  556.4467
5157.08316451247  569.324
5157.12927534411  580.4616
5157.17538305873  624.1246
5157.22148765615  493.0996
5157.26758913618  525.5043
5157.31368749862  609.7997
5157.35978274329  600.2199
5157.40587487  628.3452
5157.45196387855  596.3211
5157.49804976874  596.626
5157.5441325404  597.5735
5157.59021219333  601.4675
5157.63628872733  585.0651
5157.68236214223  592.3091
5157.72843243782  577.0248
5157.77449961391  635.7177
5157.82056367032  597.6955
5157.86662460686  611.3754
5157.91268242332  591.3969
5157.95873711953  567.5396
5158.00478869529  545.7323
5158.05083715041  638.7981
5158.0968824847  591.8205
5158.14292469798  596.3661
5158.18896379004  637.1724
5158.2349997607  574.0834
5158.28103260977  626.3657
5158.32706233706  618.36
5158.37308894237  625.7871
5158.41911242553  579.9651
5158.46513278633  594.6224
5158.51115002459  628.3984
5158.55716414012  584.4924
5158.60317513272  610.725
5158.64918300221  621.8055
5158.6951877484  602.1912
5158.74118937109  615.5997
5158.78718787011  659.7283
5158.83318324525  604.1608
5158.87917549633  652.4097
5158.92516462315  618.011
5158.97115062554  590.4834
5159.01713350329  650.8776
5159.06311325622  643.4841
5159.10908988414  595.8895
5159.15506338686  582.5842
5159.20103376419  638.6776
5159.24700101594  613.6575
5159.29296514193  602.9235
5159.33892614195  624.5958
5159.38488401583  607.4062
5159.43083876337  597.0062
5159.47679038439  632.1508
5159.52273887869  577.5176
5159.56868424608  624.4319
5159.61462648639  556.4048
5159.66056559941  558.8867
5159.70650158496  596.7695
5159.75243444285  581.636
5159.79836417288  604.0383
5159.84429077489  571.6752
5159.89021424866  522.8865
5159.93613459402  588.5854
5159.98205181077  582.1517
5160.02796589874  557.2499
5160.07387685771  572.5854
5160.11978468752  539.1539
5160.16568938797  558.34
5160.21159095887  553.5657
5160.25748940004  624.0805
5160.30338471128  579.1714
5160.34927689241  561.7944
5160.39516594324  638.4163
5160.44105186358  532.722
5160.48693465324  593.6518
5160.53281431203  583.8652
5160.57869083977  527.8197
5160.62456423627  585.125
5160.67043450134  619.2032
5160.71630163478  578.5795
5160.76216563643  587.5677
5160.80802650607  614.5854
5160.85388424354  587.03
5160.89973884863  587.6411
5160.94559032117  605.1333
5160.99143866096  606.071
5161.03728386782  638.2652
5161.08312594156  589.6713
5161.12896488199  607.9849
5161.17480068892  604.8688
5161.22063336217  616.4532
5161.26646290154  650.782
5161.31228930686  580.7631
5161.35811257793  597.222
5161.40393271457  660.4669
5161.44974971659  635.4197
5161.4955635838  605.3763
5161.54137431601  635.4979
5161.58718191304  605.7997
5161.6329863747  612.2098
5161.6787877008  641.9903
5161.72458589116  622.4131
5161.77038094559  670.8757
5161.8161728639  614.5597
5161.8619616459  608.0224
5161.90774729142  609.2856
5161.95352980025  627.5851
5161.99930917222  625.7286
5162.04508540714  615.478
5162.09085850482  585.8312
5162.13662846507  572.8973
5162.18239528771  633.4066
5162.22815897255  575.8271
5162.27391951941  582.365
5162.31967692809  577.3965
5162.36543119842  643.0172
5162.4111823302  612.5215
5162.45693032325  592.9473
5162.50267517738  616.551
5162.54841689241  581.0825
5162.59415546815  606.2429
5162.63989090441  549.7789
5162.68562320101  597.9343
5162.73135235777  560.0765
5162.77707837448  580.4901
5162.82280125098  542.3892
5162.86852098707  565.3234
5162.91423758258  576.7076
5162.9599510373  506.8352
5163.00566135106  530.4786
5163.05136852366  455.3254
5163.09707255494  552.8094
5163.14277344469  548.2459
5163.18847119274  541.7912
5163.23416579889  537.4186
5163.27985726297  497.5291
5163.32554558478  514.4617
5163.37123076414  533.5593
5163.41691280087  464.2105
5163.46259169479  489.7499
5163.50826744569  536.9077
5163.55394005341  513.2156
5163.59960951775  522.4103
5163.64527583853  564.9596
5163.69093901556  489.6658
5163.73659904866  534.0546
5163.78225593765  525.7515
5163.82790968234  593.585
5163.87356028254  541.9763
5163.91920773807  569.4562
5163.96485204874  621.5977
5164.01049321437  613.7117
5164.05613123478  561.9667
5164.10176610978  624.6172
5164.14739783918  593.5822
5164.1930264228  615.3904
5164.23865186046  586.1862
5164.28427415197  598.5953
5164.32989329715  605.2489
5164.37550929581  571.7902
5164.42112214777  611.4106
5164.46673185284  615.2748
5164.51233841084  611.041
5164.55794182158  597.425
5164.60354208489  580.3274
5164.64913920057  599.4826
5164.69473316844  639.8691
5164.74032398832  589.1563
5164.78591166003  617.8452
5164.83149618337  595.1172
5164.87707755817  651.3097
5164.92265578424  619.8799
5164.9682308614  600.3346
5165.01380278947  594.8734
5165.05937156825  609.3798
5165.10493719757  612.1058
5165.15049967725  598.8375
5165.19605900709  565.9723
5165.24161518692  582.5101
5165.28716821655  567.122
5165.3327180958  578.2905
5165.37826482449  541.8547
5165.42380840242  551.0646
5165.46934882942  574.6024
5165.51488610531  562.9226
5165.5604202299  555.5097
5165.605951203  524.8034
5165.65147902444  586.1523
5165.69700369404  493.0281
5165.7425252116  536.7186
5165.78804357694  498.4159
5165.83355878989  577.7339
5165.87907085026  546.4535
5165.92457975786  534.2631
5165.97008551252  542.0911
5166.01558811404  575.2155
5166.06108756226  516.9846
5166.10658385697  528.0455
5166.15207699801  553.4506
5166.19756698519  552.9045
5166.24305381833  523.442
5166.28853749724  551.7628
5166.33401802174  546.0165
5166.37949539165  545.9608
5166.42496960678  563.9725
5166.47044066696  552.1846
5166.515908572  521.4786
5166.56137332172  545.0244
5166.60683491594  542.7915
5166.65229335447  512.8107
5166.69774863713  512.8454
5166.74320076375  546.3694
5166.78864973413  515.5808
5166.83409554809  545.6249
5166.87953820547  533.3068
5166.92497770606  527.2552
5166.97041404969  528.9152
5167.01584723618  524.3043
5167.06127726535  532.2777
5167.10670413701  518.5226
5167.15212785098  544.0536
5167.19754840708  536.3672
5167.24296580513  483.0085
5167.28838004495  546.123
5167.33379112636  543.7708
5167.37919904917  506.1769
5167.4246038132  512.4354
5167.47000541827  495.2119
5167.51540386421  514.8042
5167.56079915082  492.9452
5167.60619127793  507.9371
5167.65158024535  479.284
5167.69696605291  484.8338
5167.74234870042  501.164
5167.7877281877  461.8912
5167.83310451458  459.2515
5167.87847768086  463.2248
5167.92384768638  459.8332
5167.96921453094  503.5968
5168.01457821437  417.7641
5168.05993873648  457.9263
5168.1052960971  413.3061
5168.15065029604  437.8491
5168.19600133313  420.1753
5168.24134920818  411.537
5168.28669392102  438.7311
5168.33203547145  432.6126
5168.37737385931  421.3047
5168.42270908441  425.7622
5168.46804114656  407.3037
5168.5133700456  391.1436
5168.55869578133  446.5465
5168.60401835359  452.0286
5168.64933776218  417.6969
5168.69465400693  469.1464
5168.73996708766  466.7746
5168.78527700418  493.0351
5168.83058375633  454.5292
5168.87588734391  517.9032
5168.92118776675  504.4254
5168.96648502467  550.7717
5169.01177911748  526.3542
5169.05707004501  558.9539
5169.10235780708  552.4301
5169.14764240351  562.603
5169.19292383412  613.1511
5169.23820209872  545.1782
5169.28347719715  552.9557
5169.32874912921  547.0873
5169.37401789473  575.1667
5169.41928349353  553.3888
5169.46454592543  560.0526
5169.50980519025  557.4481
5169.55506128782  511.4205
5169.60031421795  526.8513
5169.64556398045  500.2119
5169.69081057517  513.3317
5169.7360540019  506.5179
5169.78129426049  491.7884
5169.82653135073  490.9878
5169.87176527247  480.0302
5169.91699602551  520.6118
5169.96222360968  539.5637
5170.0074480248  540.9343
5170.05266927069  491.3456
5170.09788734717  524.266
5170.14310225407  547.2473
5170.1883139912  520.327
5170.23352255838  518.5117
5170.27872795544  529.4647
5170.32393018221  562.2129
5170.36912923848  545.7073
5170.4143251241  571.3412
5170.45951783888  580.5537
5170.50470738265  564.051
5170.54989375522  604.3602
5170.59507695642  629.2641
5170.64025698607  656.5297
5170.68543384398  610.9127
5170.73060752999  643.2571
5170.77577804391  668.6245
5170.82094538557  650.9146
5170.86610955478  677.9036
5170.91127055138  645.8791
5170.95642837517  717.9387
5171.00158302599  704.1307
5171.04673450365  681.0525
5171.09188280798  701.5448
5171.1370279388  668.7384
5171.18216989594  670.9146
5171.2273086792  691.1814
5171.27244428842  704.9744
5171.31757672342  713.4026
5171.36270598402  676.0541
5171.40783207004  693.0297
5171.45295498131  673.3214
5171.49807471765  661.8314
5171.54319127888  689.1365
5171.58830466482  669.3666
5171.63341487529  685.504
5171.67852191013  678.2915
5171.72362576915  618.5245
5171.76872645216  674.8863
5171.81382395901  665.8481
5171.85891828951  653.4564
5171.90400944347  664.6749
5171.94909742073  590.4498
5171.99418222111  635.2365
5172.03926384444  610.8295
5172.08434229052  621.9809
5172.1294175592  597.787
5172.17448965028  545.9919
5172.2195585636  547.6575
5172.26462429898  573.111
5172.30968685623  565.8996
5172.35474623519  570.8278
5172.39980243567  515.8847
5172.44485545751  581.8599
5172.48990530052  571.7352
5172.53495196452  530.4076
5172.57999544935  505.8658
5172.62503575482  524.5606
5172.67007288076  484.9774
5172.71510682699  503.9908
5172.76013759334  479.6927
5172.80516517962  455.0179
5172.85018958567  462.8983
5172.89521081131  484.0653
5172.94022885636  480.9513
5172.98524372064  444.2482
5173.03025540398  441.4883
5173.0752639062  425.1776
5173.12026922713  428.1238
5173.16527136659  418.0438
5173.2102703244  423.2701
5173.2552661004  407.3674
5173.30025869439  410.339
5173.34524810622  439.795
5173.3902343357  404.7347
5173.43521738265  380.5722
5173.4801972469  402.3791
5173.52517392829  397.1851
5173.57014742662  373.4514
5173.61511774172  401.1897
5173.66008487343  385.7842
5173.70504882155  387.1141
5173.75000958593  383.8519
5173.79496716638  378.4184
5173.83992156273  391.4147
5173.8848727748  415.3211
5173.92982080242  397.2802
5173.97476564541  380.7531
5174.0197073036  435.912
5174.0646457768  413.1447
5174.10958106486  446.4497
5174.15451316759  436.422
5174.19944208482  451.4258
5174.24436781638  457.6402
5174.28929036208  469.0725
5174.33420972175  491.5349
5174.37912589522  503.2378
5174.42403888232  480.9233
5174.46894868287  501.5483
5174.51385529669  512.4567
5174.55875872361  561.3776
5174.60365896346  485.4623
5174.64855601606  532.5797
5174.69344988124  547.2863
5174.73834055882  540.29
5174.78322804863  581.3883
5174.82811235049  586.4752
5174.87299346424  566.9199
5174.91787138969  545.7767
5174.96274612667  587.6608
5175.00761767501  614.0105
5175.05248603454  578.8053
5175.09735120507  593.0353
5175.14221318644  592.6104
5175.18707197848  571.2435
5175.231927581  612.7762
5175.27677999383  607.3546
5175.32162921681  634.543
5175.36647524975  623.5355
5175.41131809249  628.286
5175.45615774485  586.0187
5175.50099420665  625.6326
5175.54582747773  595.0192
5175.5906575579  589.1427
5175.63548444701  610.5346
5175.68030814486  630.7168
5175.72512865129  630.17
5175.76994596613  629.1054
5175.8147600892  668.8599
5175.85957102033  614.3804
5175.90437875935  634.4407
5175.94918330608  638.7075
5175.99398466035  643.3653
5176.03878282198  623.5015
5176.08357779081  636.9011
5176.12836956667  649.455
5176.17315814936  646.0453
5176.21794353874  616.5714
5176.26272573462  609.2815
5176.30750473682  641.1712
5176.35228054519  663.8085
5176.39705315953  599.3068
5176.44182257969  648.0462
5176.48658880549  592.9493
5176.53135183675  632.9618
5176.57611167331  605.7977
5176.62086831499  600.6669
5176.66562176162  597.5093
5176.71037201302  627.4479
5176.75511906903  615.9371
5176.79986292947  621.3214
5176.84460359417  619.6574
5176.88934106296  586.8873
5176.93407533566  583.8831
5176.97880641211  566.1475
5177.02353429213  601.8088
5177.06825897555  601.8072
5177.11298046219  570.0032
5177.15769875189  632.4346
5177.20241384447  613.2
5177.24712573977  601.6794
5177.2918344376  568.7284
5177.33653993781  622.9323
5177.38124224021  560.8322
5177.42594134463  598.6605
5177.47063725091  598.1655
5177.51532995886  605.4304
5177.56001946833  578.2739
5177.60470577914  594.8074
5177.64938889111  618.2889
5177.69406880408  617.8925
5177.73874551788  597.4051
5177.78341903232  583.025
5177.82808934725  561.2084
5177.87275646249  596.603
5177.91742037787  614.2158
5177.96208109321  592.4354
5178.00673860835  580.888
5178.05139292312  592.6348
5178.09604403734  621.8569
5178.14069195085  579.6232
5178.18533666347  590.1061
5178.22997817504  577.7324
5178.27461648537  588.7883
5178.31925159431  583.1699
5178.36388350167  602.162
5178.4085122073  613.2355
5178.45313771101  645.1857
5178.49776001264  571.3069
5178.54237911202  595.077
5178.58699500898  575.1921
5178.63160770334  620.9107
5178.67621719493  607.1786
5178.7208234836  615.5077
5178.76542656916  642.2651
5178.81002645144  595.7795
5178.85462313028  634.5006
5178.8992166055  572.8338
5178.94380687694  623.0983
5178.98839394442  620.061
5179.03297780778  601.3172
5179.07755846684  612.4677
5179.12213592144  658.5904
5179.1667101714  643.7838
5179.21128121655  639.6353
5179.25584905673  646.8798
5179.30041369176  637.7249
5179.34497512148  649.0966
5179.38953334572  644.0185
5179.4340883643  682.5607
5179.47864017705  613.7789
5179.52318878381  629.7663
5179.56773418441  583.5202
5179.61227637868  600.0332
5179.65681536644  618.2279
5179.70135114754  622.0861
5179.74588372179  611.8069
5179.79041308903  612.3472
5179.8349392491  607.0352
5179.87946220181  592.8802
5179.92398194701  578.0078
5179.96849848452  628.4707
5180.01301181417  608.3007
5180.0575219358  588.7452
5180.10202884924  636.4165
5180.14653255431  622.0427
5180.19103305085  603.9221
5180.23553033868  611.5549
5180.28002441765  588.9767
5180.32451528759  608.8215
5180.36900294831  599.434
5180.41348739966  645.2792
5180.45796864146  559.4797
5180.50244667355  612.2594
5180.54692149577  616.3124
5180.59139310792  623.2383
5180.63586150987  618.6832
5180.68032670142  607.6056
5180.72478868242  582.8195
5180.76924745269  613.1876
5180.81370301208  600.9072
5180.8581553604  599.2195
5180.90260449749  636.8781
5180.94705042319  561.0522
5180.99149313732  600.0605
5181.03593263972  580.7169
5181.08036893022  586.2851
5181.12480200865  616.9583
5181.16923187485  581.9012
5181.21365852863  624.2073
5181.25808196985  616.7023
5181.30250219833  606.0782
5181.3469192139  565.9807
5181.39133301639  594.3817
5181.43574360564  632.7975
5181.48015098148  583.8799
5181.52455514373  619.6446
5181.56895609225  606.0055
5181.61335382685  572.0063
5181.65774834737  630.1436
5181.70213965364  631.6511
5181.74652774549  609.4604
5181.79091262276  637.3617
5181.83529428528  604.733
5181.87967273288  612.3199
5181.9240479654  588.9075
5181.96841998267  577.7548
5182.01278878451  601.2885
5182.05715437078  598.3814
5182.10151674129  601.0963
5182.14587589587  582.558
5182.19023183437  602.959
5182.23458455662  600.1378
5182.27893406244  597.4342
5182.32328035168  587.5384
5182.36762342417  619.2562
5182.41196327973  576.812
5182.4562999182  602.1416
5182.50063333942  628.5759
5182.54496354322  583.8261
5182.58929052944  581.9054
5182.6336142979  627.9766
5182.67793484844  570.1306
5182.72225218089  587.8969
5182.76656629509  606.8463
5182.81087719087  620.043
5182.85518486807  556.0546
5182.89948932651  598.4255
5182.94379056603  574.6413
5182.98808858648  564.3329
5183.03238338767  578.277
5183.07667496944  568.0341
5183.12096333164  594.2075
5183.16524847408  595.2722
5183.20953039661  564.9154
5183.25380909907  585.7372
5183.29808458127  570.6669
5183.34235684307  551.7778
5183.38662588428  553.9833
5183.43089170476  557.3831
5183.47515430433  543.9043
5183.51941368282  555.8304
5183.56366984008  499.9084
5183.60792277593  521.0757
5183.6521724902  526.5186
5183.69641898275  499.7923
5183.74066225339  528.6712
5183.78490230197  494.8074
5183.82913912831  484.2496
5183.87337273225  493.7472
5183.91760311364  483.5887
5183.9618302723  452.8536
5184.00605420806  435.471
5184.05027492077  453.5681
5184.09449241025  419.1306
5184.13870667635  410.8777
5184.18291771889  396.0353
5184.22712553772  403.6121
5184.27133013267  366.1097
5184.31553150357  375.8221
5184.35972965026  345.6585
5184.40392457257  375.2842
5184.44811627034  370.9063
5184.4923047434  371.1809
5184.5364899916  349.7381
5184.58067201476  301.7909
5184.62485081272  317.9671
5184.66902638532  328.2358
5184.71319873239  325.0368
5184.75736785376  357.4905
5184.80153374928  354.3021
5184.84569641879  320.089
5184.8898558621  366.1365
5184.93401207907  350.73
5184.97816506952  388.2827
5185.02231483329  377.0844
5185.06646137023  378.4181
5185.11060468016  390.5048
5185.15474476291  398.5743
5185.19888161834  446.4331
5185.24301524627  417.187
5185.28714564654  456.9667
5185.33127281898  448.2213
5185.37539676344  500.5002
5185.41951747974  491.3165
5185.46363496772  474.1684
5185.50774922723  497.7504
5185.5518602581  509.2582
5185.59596806016  497.4148
5185.64007263325  554.772
5185.6841739772  528.5909
5185.72827209186  513.1269
5185.77236697706  564.2418
5185.81645863264  545.6328
5185.86054705843  597.8932
5185.90463225427  586.0833
5185.94871421999  625.8781
5185.99279295545  573.3419
5186.03686846046  617.5499
5186.08094073487  595.7092
5186.12500977852  607.7031
5186.16907559123  601.8115
5186.21313817286  620.8727
5186.25719752323  625.8894
5186.30125364219  610.5233
5186.34530652957  588.4398
5186.38935618521  588.5998
5186.43340260894  629.9431
5186.47744580061  589.7704
5186.52148576004  590.9323
5186.56552248709  617.0273
5186.60955598158  609.7571
5186.65358624335  612.3163
5186.69761327224  611.8011
5186.7416370681  623.9706
5186.78565763074  604.0339
5186.82967496003  609.1245
5186.87368905578  595.4017
5186.91769991784  563.6286
5186.96170754605  608.5352
5187.00571194024  582.2736
5187.04971310026  541.6131
5187.09371102594  580.899
5187.13770571712  555.3807
5187.18169717363  584.6468
5187.22568539532  543.25
5187.26967038202  564.9331
5187.31365213358  550.1251
5187.35763064983  581.6124
5187.4016059306  591.3209
5187.44557797574  567.3945
5187.48954678509  613.0668
5187.53351235848  593.5001
5187.57747469575  649.3213
5187.62143379674  611.8777
5187.6653896613  585.5961
5187.70934228924  673.991
5187.75329168043  634.6817
5187.79723783469  621.42
5187.84118075187  648.512
5187.8851204318  636.0007
5187.92905687432  644.1976
5187.97299007927  604.7889
5188.01692004649  666.4823
5188.06084677582  638.0234
5188.10477026709  661.9659
5188.14869052016  637.0769
5188.19260753485  644.6826
5188.236521311  677.7194
5188.28043184846  655.2653
5188.32433914706  634.3346
5188.36824320664  629.2308
5188.41214402705  638.7816
5188.45604160812  643.034
5188.49993594969  575.4786
5188.5438270516  642.4632
5188.58771491368  616.7386
5188.63159953579  564.6938
5188.67548091776  603.0159
5188.71935905942  621.9164
5188.76323396063  605.7446
5188.80710562121  602.158
5188.85097404101  600.4316
5188.89483921987  617.2756
5188.93870115762  565.2696
5188.98255985411  545.8884
5189.02641530918  598.7623
5189.07026752267  584.298
5189.11411649442  521.3423
5189.15796222426  563.0926
5189.20180471204  546.3342
5189.2456439576  502.1208
5189.28947996077  503.3126
5189.33331272141  508.998
5189.37714223934  566.6877
5189.42096851441  513.0068
5189.46479154647  512.2207
5189.50861133534  504.307
5189.55242788087  551.2844
5189.59624118291  519.4518
5189.64005124128  563.0545
5189.68385805584  504.4299
5189.72766162642  503.4067
5189.77146195286  513.0988
5189.81525903501  528.1417
5189.8590528727  530.3843
5189.90284346578  539.9619
5189.94663081409  568.2033
5189.99041491746  514.4482
5190.03419577575  483.5915
5190.07797338878  511.6751
5190.1217477564  556.1102
5190.16551887846  558.1638
5190.20928675479  577.315
5190.25305138523  608.5894
5190.29681276963  579.1099
5190.34057090783  542.8156
5190.38432579966  640.0267
5190.42807744497  619.8753
5190.47182584361  614.4889
5190.5155709954  641.1185
5190.55931290021  657.113
5190.60305155785  648.621
5190.64678696819  639.8795
5190.69051913105  645.0852
5190.73424804629  638.6484
5190.77797371373  645.8729
5190.82169613323  649.6428
5190.86541530462  627.2677
5190.90913122776  658.6175
5190.95284390247  655.483
5190.99655332861  658.4377
5191.04025950601  639.8192
5191.08396243451  660.3346
5191.12766211397  676.4053
5191.17135854421  651.5427
5191.21505172508  641.3752
5191.25874165643  676.2957
5191.3024283381  684.2934
5191.34611176992  679.9747
5191.38979195174  649.5956
5191.43346888341  684.1359
5191.47714256477  681.0532
5191.52081299565  611.7712
5191.56448017591  674.0281
5191.60814410538  645.2906
5191.6518047839  621.1478
5191.69546221133  599.7018
5191.73911638749  601.5213
5191.78276731224  630.8632
5191.82641498542  609.004
5191.87005940687  624.5554
5191.91370057643  574.3771
5191.95733849395  591.3751
5192.00097315926  581.4493
5192.04460457222  580.3431
5192.08823273266  511.8454
5192.13185764044  552.66
5192.17547929538  502.6321
5192.21909769734  529.4688
5192.26271284615  547.7697
5192.30632474167  516.8201
5192.34993338372  522.24
5192.39353877217  526.3217
5192.43714090685  513.6098
5192.48073978761  522.2565
5192.52433541428  524.9838
5192.56792778671  543.4421
5192.61151690475  485.2529
5192.65510276824  536.9393
5192.69868537702  474.9007
5192.74226473094  481.8878
5192.78584082983  480.055
5192.82941367355  454.5844
5192.87298326194  446.6144
5192.91654959484  485.4338
5192.9601126721  472.1052
5193.00367249356  428.1302
5193.04722905906  513.2335
5193.09078236845  524.8368
5193.13433242157  468.3743
5193.17787921826  517.3153
5193.22142275838  474.6047
5193.26496304176  476.6811
5193.30850006825  461.2581
5193.35203383769  505.0245
5193.39556434993  514.8351
5193.43909160482  486.899
5193.48261560219  485.4641
5193.52613634189  458.4894
5193.56965382376  444.9747
5193.61316804766  440.1134
5193.65667901342  488.5281
5193.70018672089  491.4987
5193.74369116992  477.5364
5193.78719236035  484.8914
5193.83069029202  508.9378
5193.87418496478  509.7886
5193.91767637847  546.4185
5193.96116453294  546.5789
5194.00464942804  563.3306
5194.0481310636  551.7452
5194.09160943948  580.3589
5194.13508455552  553.7028
5194.17855641156  576.3363
5194.22202500746  594.7441
5194.26549034304  581.9485
5194.30895241817  629.649
5194.35241123269  590.0018
5194.39586678643  580.8933
5194.43931907925  593.4641
5194.482768111  603.3117
5194.52621388151  667.308
5194.56965639063  669.7378
5194.61309563821  683.1963
5194.6565316241  607.9747
5194.69996434814  608.813
5194.74339381018  652.6659
5194.78682001005  681.4155
5194.83024294762  609.5771
5194.87366262272  676.473
5194.91707903519  629.8181
5194.96049218489  601.8374
5195.00390207167  590.5771
5195.04730869536  613.5045
5195.09071205582  662.5403
5195.13411215289  659.9592
5195.17750898641  648.5167
5195.22090255624  598.0135
5195.26429286221  646.8901
5195.30767990418  631.5255
5195.35106368199  620.9336
5195.39444419549  628.2925
5195.43782144453  570.0386
5195.48119542894  601.1287
5195.52456614858  562.9573
5195.5679336033  599.6938
5195.61129779294  582.1816
5195.65465871734  582.5825
5195.69801637636  561.2219
5195.74137076984  606.7964
5195.78472189763  604.8544
5195.82806975958  548.5656
5195.87141435552  519.984
5195.91475568532  515.4084
5195.95809374881  587.4921
5196.00142854584  544.5169
5196.04476007626  481.6858
5196.08808833992  490.9964
5196.13141333667  526.5798
5196.17473506634  494.1424
5196.2180535288  518.2816
5196.26136872388  493.137
5196.30468065144  515.4341
5196.34798931131  544.4913
5196.39129470336  515.4957
5196.43459682741  500.5685
5196.47789568334  554.7051
5196.52119127097  512.6156
5196.56448359017  537.1675
5196.60777264077  539.2612
5196.65105842262  521.2665
5196.69434093558  528.3372
5196.73762017948  527.0305
5196.78089615419  498.4416
5196.82416885953  573.6514
5196.86743829538  563.3668
5196.91070446156  551.2296
5196.95396735793  565.3384
5196.99722698434  555.9728
5197.04048334064  571.827
5197.08373642667  573.1705
5197.12698624228  565.4183
5197.17023278732  586.2531
5197.21347606165  527.2899
5197.25671606509  606.842
5197.29995279752  576.8774
5197.34318625877  526.4549
5197.38641644868  580.9525
5197.42964336712  607.3622
5197.47286701393  578.4
5197.51608738896  586.4755
5197.55930449206  581.053
5197.60251832306  576.5245
5197.64572888184  613.899
5197.68893616823  592.4156
5197.73214018207  561.1803
5197.77534092323  592.793
5197.81853839155  644.4056
5197.86173258688  612.3271
5197.90492350906  599.9942
5197.94811115795  635.5862
5197.9912955334  588.3456
5198.03447663525  593.7781
5198.07765446336  587.278
5198.12082901757  636.5493
5198.16400029773  585.6681
5198.20716830369  564.4866
5198.25033303531  599.3397
5198.29349449242  551.6025
5198.33665267489  555.7897
5198.37980758255  600.534
5198.42295921527  570.7748
5198.46610757288  604.6588
5198.50925265524  541.063
5198.5523944622  571.2543
5198.59553299361  547.0691
5198.63866824931  581.4799
5198.68180022917  582.4932
5198.72492893302  574.3574
5198.76805436071  558.2103
5198.81117651211  598.2043
5198.85429538705  601.2126
5198.89741098538  590.8785
5198.94052330697  599.2055
5198.98363235165  583.0651
5199.02673811928  595.4608
5199.06984060971  586.202
5199.11293982278  562.9612
5199.15603575836  609.5729
5199.19912841628  584.8101
5199.2422177964  609.7724
5199.28530389857  579.6124
5199.32838672264  607.5162
5199.37146626846  581.7403
5199.41454253588  577.1575
5199.45761552476  616.592
5199.50068523493  632.5753
5199.54375166626  618.7325
5199.58681481859  645.6141
5199.62987469178  616.0511
5199.67293128567  611.7089
5199.71598460012  599.3895
5199.75903463498  638.4147
5199.80208139009  593.1877
5199.84512486531  601.4605
5199.8881650605  600.4219
5199.93120197549  595.1154
5199.97423561015  602.6199
5200.01726596431  584.2076
5200.06029303785  600.5754
5200.1033168306  599.671
5200.14633734242  631.8185
5200.18935457316  640.5085
5200.23236852266  585.9932
5200.27537919079  677.2992
5200.31838657739  670.4837
5200.36139068232  678.8161
5200.40439150542  605.5023
5200.44738904655  678.2673
5200.49038330556  655.6323
5200.53337428231  675.6675
5200.57636197663  632.8433
5200.61934638839  668.1285
5200.66232751744  683.196
5200.70530536362  632.3332
5200.7482799268  644.1
5200.79125120682  640.0774
5200.83421920353  626.9749
5200.87718391679  584.7684
5200.92014534645  604.1979
5200.96310349236  649.4341
5201.00605835437  623.6475
5201.04900993234  627.6478
5201.09195822611  623.7647
5201.13490323555  601.8299
5201.17784496049  602.0112
5201.22078340081  586.5322
5201.26371855634  621.9446
5201.30665042694  648.9594
5201.34957901246  621.7227
5201.39250431276  591.7877
5201.43542632768  573.451
5201.47834505709  588.9527
5201.52126050083  619.8965
5201.56417265875  637.1307
5201.60708153071  607.282
5201.64998711657  589.7295
5201.69288941617  633.8784
5201.73578842937  601.467
5201.77868415601  651.6846
5201.82157659596  628.6096
5201.86446574907  616.3467
5201.90735161519  635.5039
5201.95023419417  676.6786
5201.99311348587  594.6891
5202.03598949014  656.4326
5202.07886220682  670.1666
5202.12173163579  631.9473
5202.16459777688  626.6754
5202.20746062996  618.7443
5202.25032019487  697.8679
5202.29317647148  590.5441
5202.33602945963  641.9214
5202.37887915917  620.2742
5202.42172556997  632.5214
5202.46456869187  647.8679
5202.50740852473  691.8611
5202.5502450684  598.2465
5202.59307832274  626.8622
5202.6359082876  644.8788
5202.67873496283  596.6346
5202.72155834829  611.9794
5202.76437844383  602.3565
5202.80719524931  563.9636
5202.85000876458  573.752
5202.89281898949  548.3064
5202.9356259239  554.5197
5202.97842956766  586.4675
5203.02122992063  556.6295
5203.06402698266  606.4432
5203.10682075361  541.736
5203.14961123333  595.6803
5203.19239842167  578.3765
5203.23518231849  551.1396
5203.27796292365  569.8217
5203.32074023699  577.2121
5203.36351425838  578.9793
5203.40628498766  572.6935
5203.4490524247  564.5046
5203.49181656935  572.0345
5203.53457742145  546.8115
5203.57733498087  564.1363
5203.62008924747  561.9378
5203.66284022109  563.6935
5203.70558790159  590.9164
5203.74833228883  586.6194
5203.79107338267  617.5809
5203.83381118294  638.8287
5203.87654568953  624.7828
5203.91927690226  628.5078
5203.96200482102  687.8663
5204.00472944564  634.7119
5204.04745077598  665.576
5204.0901688119  674.9205
5204.13288355326  661.8106
5204.1755949999  640.582
5204.2183031517  680.4382
5204.26100800849  648.363
5204.30370957014  658.7122
5204.3464078365  614.4824
5204.38910280743  651.7039
5204.43179448278  655.4825
5204.47448286241  644.7702
5204.51716794618  694.2575
5204.55984973393  686.5264
5204.60252822554  641.9946
5204.64520342085  659.304
5204.68787531972  642.7845
5204.730543922  625.368
5204.77320922756  628.822
5204.81587123624  643.6018
5204.8585299479  612.6692
5204.90118536241  641.3729
5204.94383747961  603.5605
5204.98648629937  638.6398
5205.02913182153  604.5415
5205.07177404596  576.6331
5205.11441297251  553.0255
5205.15704860104  545.8739
5205.1996809314  503.1373
5205.24230996346  530.7248
5205.28493569706  523.3744
5205.32755813207  554.0544
5205.37017726834  526.2948
5205.41279310573  520.4226
5205.45540564409  568.4554
5205.49801488329  525.4816
5205.54062082317  504.3631
5205.5832234636  545.8392
5205.62582280443  561.328
5205.66841884553  532.0764
5205.71101158674  548.2292
5205.75360102792  515.0526
5205.79618716894  523.0009
5205.83877000964  523.4864
5205.8813495499  537.8536
5205.92392578955  536.7028
5205.96649872846  563.8555
5206.0090683665  508.6845
5206.0516347035  561.6353
5206.09419773934  601.9511
5206.13675747387  587.9833
5206.17931390695  576.5138
5206.22186703844  631.5729
5206.26441686819  573.5913
5206.30696339606  578.6806
5206.3495066219  545.1213
5206.39204654559  568.9529
5206.43458316697  575.6489
5206.4771164859  529.574
5206.51964650224  489.552
5206.56217321585  517.8342
5206.60469662658  486.9351
5206.6472167343  474.1387
5206.68973353886  505.9986
5206.73224704013  465.8816
5206.77475723795  443.8079
5206.81726413219  484.3773
5206.8597677227  464.2947
5206.90226800935  504.4601
5206.94476499198  519.7166
5206.98725867048  472.9909
5207.02974904467  486.0399
5207.07223611444  535.884
5207.11471987963  524.8919
5207.15720034011  494.7996
5207.19967749573  446.547
5207.24215134635  485.5071
5207.28462189183  488.1084
5207.32708913203  532.2444
5207.36955306681  503.0448
5207.41201369603  550.5484
5207.45447101954  523.41
5207.49692503721  514.3188
5207.53937574889  557.3761
5207.58182315444  591.0583
5207.62426725373  571.1017
5207.66670804661  583.8998
5207.70914553294  611.3695
5207.75157971257  596.0093
5207.79401058538  661.2805
5207.83643815122  645.2596
5207.87886240994  652.8766
5207.92128336141  649.0776
5207.96370100548  655.1534
5208.00611534202  659.4509
5208.04852637089  671.3704
5208.09093409194  655.3491
5208.13333850504  661.5444
5208.17573961004  690.1331
5208.2181374068  626.0027
5208.26053189519  656.3542
5208.30292307506  657.7171
5208.34531094628  635.6702
5208.38769550869  628.0748
5208.43007676218  605.0223
5208.47245470658  616.3933
5208.51482934177  632.5779
5208.5572006676  627.5532
5208.59956868393  618.2086
5208.64193339063  591.9725
5208.68429478755  601.1991
5208.72665287456  606.7712
5208.7690076515  541.5746
5208.81135911826  575.4186
5208.85370727468  599.5757
5208.89605212062  528.2303
5208.93839365595  542.0645
5208.98073188053  524.3097
5209.02306679421  489.1573
5209.06539839686  512.0957
5209.10772668834  487.4688
5209.15005166851  442.9124
5209.19237333722  436.6574
5209.23469169435  457.033
5209.27700673975  459.2088
5209.31931847328  470.6196
5209.3616268948  443.9863
5209.40393200417  440.2446
5209.44623380127  439.9413
5209.48853228593  503.4603
5209.53082745804  426.3748
5209.57311931744  404.9146
5209.615407864  490.1451
5209.65769309758  509.3152
5209.69997501805  459.6767
5209.74225362525  505.0762
5209.78452891906  516.907
5209.82680089934  481.1771
5209.86906956594  495.4301
5209.91133491873  538.0972
5209.95359695758  517.7679
5209.99585568233  536.1277
5210.03811109286  561.9031
5210.08036318902  598.4362
5210.12261197068  580.4012
5210.1648574377  662.6547
5210.20709958993  614.6771
5210.24933842725  604.329
5210.29157394952  625.692
5210.33380615659  617.22
5210.37603504833  663.3974
5210.41826062459  657.369
5210.46048288525  645.4176
5210.50270183017  660.2503
5210.5449174592  655.074
5210.58712977221  614.3403
5210.62933876906  640.4248
5210.67154444961  647.9854
5210.71374681373  681.2039
5210.75594586127  618.3813
5210.7981415921  610.4186
5210.84033400609  629.3048
5210.8825231031  612.2966
5210.92470888298  568.1688
5210.9668913456  566.5051
5211.00907049082  567.1566
5211.05124631851  621.89
5211.09341882852  524.04
5211.13558802073  575.4625
5211.17775389499  637.0095
5211.21991645117  570.501
5211.26207568913  581.5161
5211.30423160873  547.8953
5211.34638420984  579.3979
5211.38853349231  525.187
5211.43067945602  516.5794
5211.47282210082  594.939
5211.51496142658  561.
5211.55709743316  585.8154
5211.59923012042  597.8754
5211.64135948823  610.6321
5211.68348553645  530.348
5211.72560826495  571.9622
5211.76772767359  561.282
5211.80984376222  593.8192
5211.85195653072  593.6275
5211.89406597895  568.2862
5211.93617210678  635.2691
5211.97827491405  592.9056
5212.02037440065  567.262
5212.06247056643  648.7871
5212.10456341126  567.0158
5212.146652935  589.1608
5212.18873913751  586.3174
5212.23082201866  635.3276
5212.27290157831  618.4252
5212.31497781633  622.8657
5212.35705073258  616.3072
5212.39912032693  642.8325
5212.44118659923  669.2549
5212.48324954936  616.6934
5212.52530917717  624.5981
5212.56736548254  631.0009
5212.60941846532  604.2856
5212.65146812539  657.6623
5212.69351446259  643.3389
5212.73555747681  653.1466
5212.7775971679  699.0226
5212.81963353573  594.2618
5212.86166658016  623.0048
5212.90369630105  673.4963
5212.94572269829  607.45
5212.98774577171  601.0994
5213.0297655212  655.2722
5213.07178194661  686.3199
5213.11379504782  638.2591
5213.15580482468  581.4299
5213.19781127706  597.2217
5213.23981440483  613.8724
5213.28181420785  593.6924
5213.32381068599  598.141
5213.36580383911  628.046
5213.40779366707  596.1487
5213.44978016975  640.728
5213.491763347  648.3487
5213.5337431987  636.7772
5213.5757197247  667.3689
5213.61769292488  635.3858
5213.65966279909  679.3333
5213.70162934721  616.1304
5213.7435925691  694.2166
5213.78555246462  612.2764
5213.82750903364  631.9333
5213.86946227603  664.9033
5213.91141219165  659.9811
5213.95335878037  587.3548
5213.99530204205  610.8105
5214.03724197656  606.52
5214.07917858377  600.5475
5214.12111186354  647.4113
5214.16304181573  623.8621
5214.20496844022  651.718
5214.24689173687  682.9786
5214.28881170554  642.8254
5214.3307283461  639.895
5214.37264165842  638.403
5214.41455164237  730.8248
5214.4564582978  636.7579
5214.49836162459  687.0377
5214.54026162261  634.0562
5214.58215829171  682.1144
5214.62405163177  635.4831
5214.66594164265  618.598
5214.70782832422  702.6805
5214.74971167634  646.4019
5214.79159169889  607.4296
5214.83346839172  644.876
5214.87534175471  695.0176
5214.91721178772  672.9071
5214.95907849063  650.3133
5215.00094186328  572.665
5215.04280190556  664.2174
5215.08465861733  705.9225
5215.12651199845  620.3574
5215.1683620488  628.5677
5215.21020876824  594.2141
5215.25205215664  641.7147
5215.29389221386  610.5781
5215.33572893977  602.0774
5215.37756233425  607.6098
5215.41939239715  617.5009
5215.46121912834  634.215
5215.5030425277  600.4463
5215.54486259508  599.8353
5215.58667933036  612.3168
5215.62849273341  586.5539
5215.67030280408  625.0139
5215.71210954225  543.9589
5215.7539129478  538.3929
5215.79571302057  537.0621
5215.83750976045  530.5369
5215.87930316729  569.5413
5215.92109324098  588.3323
5215.96287998137  621.0565
5216.00466338833  572.2975
5216.04644346174  501.1446
5216.08822020145  537.2203
5216.12999360734  565.918
5216.17176367928  536.0614
5216.21353041713  593.7128
5216.25529382076  512.1368
5216.29705389005  555.4484
5216.33881062485  593.5434
5216.38056402504  554.5923
5216.42231409048  602.0085
5216.46406082105  546.2961
5216.50580421661  571.9108
5216.54754427703  578.6627
5216.58928100217  573.5657
5216.63101439192  515.0649
5216.67274444613  584.5571
5216.71447116468  529.1266
5216.75619454743  594.1431
5216.79791459425  570.4537
5216.83963130501  551.1435
5216.88134467959  563.8046
5216.92305471784  567.7815
5216.96476141964  565.561
5217.00646478485  589.7458
5217.04816481336  606.2201
5217.08986150502  596.2484
5217.1315548597  536.4327
5217.17324487727  584.8909
5217.21493155761  552.8563
5217.25661490058  544.5237
5217.29829490605  573.6544
5217.33997157389  608.929
5217.38164490396  570.4825
5217.42331489615  563.1936
5217.46498155032  572.2829
5217.50664486634  605.2832
5217.54830484407  547.3457
5217.58996148339  607.4022
5217.63161478416  582.0002
5217.67326474627  532.6505
5217.71491136956  557.7309
5217.75655465393  557.9115
5217.79819459923  569.1931
5217.83983120534  602.1658
5217.88146447212  602.1927
5217.92309439945  583.44
5217.96472098719  580.1102
5218.00634423522  589.9797
5218.04796414341  569.7986
5218.08958071162  603.6451
5218.13119393972  601.1769
5218.1728038276  546.833
5218.21441037511  591.4441
5218.25601358213  556.8541
5218.29761344852  610.2261
5218.33920997416  557.5054
5218.38080315892  585.725
5218.42239300267  580.0254
5218.46397950528  542.0364
5218.50556266662  558.0026
5218.54714248655  545.6294
5218.58871896496  579.3899
5218.63029210171  568.7006
5218.67186189667  494.2504
5218.71342834972  519.8185
5218.75499146072  608.2698
5218.79655122955  535.0919
5218.83810765607  531.5776
5218.87966074016  532.2397
5218.92121048168  557.4154
5218.96275688052  562.7422
5219.00429993653  588.1854
5219.0458396496  557.6678
5219.08737601959  571.5123
5219.12890904637  595.5068
5219.17043872982  573.8542
5219.2119650698  621.5
5219.25348806619  556.0284
5219.29500771886  614.2021
5219.33652402768  608.2206
5219.37803699253  629.7971
5219.41954661327  635.7612
5219.46105288977  566.7147
5219.50255582191  631.4736
5219.54405540955  655.2238
5219.58555165258  616.6783
5219.62704455086  675.9747
5219.66853410427  622.0909
5219.71002031267  652.7574
5219.75150317594  653.2452
5219.79298269394  608.8851
5219.83445886656  670.2244
5219.87593169367  677.7607
5219.91740117512  642.252
5219.95886731081  668.0698
5220.0003301006  695.9633
5220.04178954436  637.439
5220.08324564196  649.3968
5220.12469839328  654.0227
5220.16614779819  666.34
5220.20759385656  581.9542
5220.24903656827  636.2356
5220.29047593318  634.5967
5220.33191195118  717.0751
5220.37334462212  623.9366
5220.41477394589  704.8781
5220.45619992235  657.2471
5220.49762255139  672.9448
5220.53904183286  618.6353
5220.58045776666  595.9657
5220.62187035264  645.6948
5220.66327959068  556.0723
5220.70468548065  678.9732
5220.74608802244  583.9849
5220.7874872159  637.0673
5220.82888306091  621.5925
5220.87027555735  608.3338
5220.91166470509  587.4626
5220.95305050401  588.0109
5220.99443295397  603.0243
5221.03581205484  593.5084
5221.07718780651  596.8021
5221.11856020885  589.4562
5221.15992926172  629.249
5221.20129496501  628.8572
5221.24265731859  677.3524
5221.28401632232  623.8303
5221.32537197609  653.8993
5221.36672427976  587.0577
5221.40807323321  555.1116
5221.44941883632  627.3149
5221.49076108896  590.5948
5221.532099991  615.6402
5221.57343554231  612.6922
5221.61476774277  591.8249
5221.65609659226  637.647
5221.69742209065  699.5644
5221.7387442378  688.7849
5221.7800630336  640.9821
5221.82137847793  628.5284
5221.86269057064  611.2414
5221.90399931163  661.3917
5221.94530470075  675.8277
5221.9866067379  655.5667
5222.02790542293  688.6273
5222.06920075573  651.2294
5222.11049273617  673.3749
5222.15178136413  687.821
5222.19306663947  651.4178
5222.23434856208  634.4256
5222.27562713183  592.6005
5222.31690234859  631.878
5222.35817421223  652.0269
5222.39944272264  624.3198
5222.44070787969  643.2371
5222.48196968325  665.3817
5222.52322813319  637.0368
5222.5644832294  592.8093
5222.60573497174  553.531
5222.6469833601  601.7778
5222.68822839434  662.6874
5222.72947007434  645.9273
5222.77070839998  653.1169
5222.81194337114  679.1902
5222.85317498768  646.1028
5222.89440324948  615.4745
5222.93562815642  545.6193
5222.97684970838  624.9135
5223.01806790522  650.8835
5223.05928274683  604.7248
5223.10049423308  545.1498
5223.14170236384  610.862
5223.182907139  621.8716
5223.22410855842  607.9151
5223.26530662198  660.9276
5223.30650132957  616.5573
5223.34769268104  588.9451
5223.38888067629  628.9388
5223.43006531518  594.1044
5223.47124659759  690.176
5223.5124245234  661.1483
5223.55359909249  602.0463
5223.59477030472  602.2708
5223.63593815998  562.1475
5223.67710265814  618.2789
5223.71826379908  607.7388
5223.75942158267  626.6488
5223.80057600879  600.9719
5223.84172707732  642.37
5223.88287478813  579.8115
5223.9240191411  623.4116
5223.96516013611  657.8379
5224.00629777303  610.5801
5224.04743205174  653.882
5224.08856297211  571.7875
5224.12969053403  614.1204
5224.17081473736  552.5401
5224.21193558199  587.8055
5224.25305306779  635.4253
5224.29416719464  549.3538
5224.33527796242  624.7018
5224.376385371  576.963
5224.41748942026  663.8581
5224.45859011007  669.9026
5224.49968744032  592.8398
5224.54078141088  602.1181
5224.58187202162  634.5294
5224.62295927244  684.4466
5224.66404316319  615.7368
5224.70512369376  615.1045
5224.74620086403  552.7702
5224.78727467388  568.5861
5224.82834512317  607.7531
5224.86941221179  590.3973
5224.91047593962  667.5969
5224.95153630653  604.616
5224.99259331241  698.2682
5225.03364695712  502.6449
5225.07469724055  604.2368
5225.11574416257  608.2352
5225.15678772306  597.8091
5225.19782792191  605.8409
5225.23886475898  582.0392
5225.27989823415  600.6505
5225.32092834731  562.9645
5225.36195509833  601.4683
5225.40297848709  553.4053
5225.44399851347  607.5162
5225.48501517734  523.0189
5225.52602847859  531.5599
5225.56703841708  556.78
5225.60804499271  562.3588
5225.64904820535  550.1913
5225.69004805486  598.9512
5225.73104454115  572.4205
5225.77203766408  556.7906
5225.81302742353  487.1516
5225.85401381938  534.9039
5225.8949968515  574.4563
5225.93597651979  570.4379
5225.97695282411  529.0599
5226.01792576434  542.6791
5226.05889534037  610.5703
5226.09986155207  502.95
5226.14082439932  534.0923
5226.181783882  505.4032
5226.22273999998  487.7674
5226.26369275316  522.1061
5226.3046421414  551.8638
5226.34558816458  535.2985
5226.38653082259  544.4469
5226.42747011531  586.6269
5226.4684060426  534.7552
5226.50933860436  561.9335
5226.55026780045  595.3942
5226.59119363077  610.6508
5226.63211609519  591.3868
5226.67303519358  555.9875
5226.71395092583  538.27
5226.75486329183  530.6644
5226.79577229143  523.2884
5226.83667792454  594.5592
5226.87758019102  510.1887
5226.91847909076  529.5641
5226.95937462363  533.858
5227.00026678952  470.2987
5227.0411555883  544.1207
5227.08204101986  510.3392
5227.12292308407  536.2396
5227.16380178082  524.9876
5227.20467710998  543.6478
5227.24554907144  499.6015
5227.28641766507  615.5925
5227.32728289075  544.5157
5227.36814474837  450.7685
5227.40900323781  509.365
5227.44985835894  480.5107
5227.49071011164  471.028
5227.53155849581  390.8619
5227.5724035113  390.7772
5227.61324515802  434.37
5227.65408343583  431.1162
5227.69491834462  461.6671
5227.73574988426  368.3795
5227.77657805465  384.2693
5227.81740285565  447.9054
5227.85822428715  391.4351
5227.89904234904  386.3553
5227.93985704118  418.552
5227.98066836346  411.6033
5228.02147631577  440.5019
5228.06228089799  425.2271
5228.10308210999  449.2751
5228.14387995165  374.6579
5228.18467442286  457.4545
5228.22546552349  443.2282
5228.26625325344  472.0475
5228.30703761257  420.9868
5228.34781860078  426.7563
5228.38859621794  465.0659
5228.42937046393  496.1457
5228.47014133864  507.0795
5228.51090884194  525.9878
5228.55167297372  504.6285
5228.59243373386  578.7821
5228.63319112224  494.6537
5228.67394513874  482.1662
5228.71469578325  513.4705
5228.75544305564  541.7502
5228.7961869558  549.3477
5228.8369274836  602.1878
5228.87766463894  563.5911
5228.91839842169  620.0449
5228.95912883173  537.0046
5228.99985586895  636.4636
5229.04057953323  586.1314
5229.08129982445  613.6422
5229.12201674248  672.8481
5229.16273028723  554.6612
5229.20344045856  577.1839
5229.24414725635  587.2336
5229.2848506805  630.2806
5229.32555073088  562.1838
5229.36624740738  568.9139
5229.40694070987  551.7921
5229.44763063824  634.7259
5229.48831719238  661.5338
5229.52900037216  610.2675
5229.56968017746  613.3662
5229.61035660818  654.4895
5229.65102966419  602.7429
5229.69169934537  644.5192
5229.73236565161  657.9191
5229.7730285828  658.4296
5229.8136881388  606.7983
5229.85434431951  598.8812
5229.89499712481  633.8339
5229.93564655458  664.6203
5229.97629260871  554.5895
5230.01693528708  638.1717
5230.05757458956  648.9707
5230.09821051605  669.4003
5230.13884306643  613.0609
5230.17947224057  657.0621
5230.22009803837  663.3658
5230.26072045971  665.4863
5230.30133950447  564.4747
5230.34195517253  591.0188
5230.38256746377  664.9329
5230.42317637809  595.3362
5230.46378191536  578.0983
5230.50438407547  606.2368
5230.5449828583  590.0082
5230.58557826373  601.9874
5230.62617029165  557.9816
5230.66675894195  585.0545
5230.7073442145  531.6218
5230.74792610919  512.0427
5230.7885046259  594.5491
5230.82907976452  520.98
5230.86965152493  602.4927
5230.91021990701  543.7394
5230.95078491066  639.9037
5230.99134653575  561.8845
5231.03190478216  482.3483
5231.07245964979  529.7918
5231.11301113851  593.3425
5231.15355924821  616.0554
5231.19410397878  586.0765
5231.2346453301  522.3301
5231.27518330205  594.5724
5231.31571789451  491.8528
5231.35624910738  582.3021
5231.39677694053  545.3036
5231.43730139385  636.2817
5231.47782246723  524.3145
5231.51834016055  594.7074
5231.5588544737  643.6916
5231.59936540655  670.5805
5231.639872959  585.3674
5231.68037713093  634.0745
5231.72087792222  651.4257
5231.76137533276  573.9567
5231.80186936244  567.2943
5231.84236001113  623.1902
5231.88284727873  701.3517
5231.92333116512  726.9103
5231.96381167018  711.1987
5232.0042887938  677.9999
5232.04476253587  611.6248
5232.08523289626  645.4395
5232.12569987487  648.0482
5232.16616347158  605.1941
5232.20662368628  612.4319
5232.24708051885  600.5007
5232.28753396917  646.2288
5232.32798403714  673.5017
5232.36843072264  639.734
5232.40887402555  639.497
5232.44931394575  556.3544
5232.48975048315  688.6276
5232.53018363761  595.8799
5232.57061340903  672.0015
5232.61103979729  699.0055
5232.65146280229  597.5424
5232.69188242389  600.3362
5232.732298662  599.475
5232.77271151649  615.5069
5232.81312098725  652.0709
5232.85352707417  654.9897
5232.89392977714  699.2964
5232.93432909604  630.96
5232.97472503075  622.6539
5233.01511758117  586.2746
5233.05550674718  596.5989
5233.09589252866  632.0334
5233.13627492551  698.7003
5233.17665393761  647.1558
5233.21702956483  533.1865
5233.25740180709  568.8661
5233.29777066425  610.6172
5233.3381361362  573.5975
5233.37849822284  605.3565
5233.41885692405  561.5964
5233.45921223971  528.695
5233.49956416971  552.7729
5233.53991271395  482.9983
5233.5802578723  503.2394
5233.62059964465  497.1763
5233.66093803089  475.8913
5233.70127303091  574.4676
5233.74160464459  443.2554
5233.78193287183  481.3017
5233.8222577125  505.9877
5233.8625791665  515.2625
5233.90289723371  511.554
5233.94321191402  441.9407
5233.98352320732  474.3645
5234.02383111349  474.4876
5234.06413563243  522.6621
5234.10443676401  507.8837
5234.14473450814  490.3602
5234.18502886468  531.7286
5234.22531983354  487.5817
5234.2656074146  530.631
5234.30589160775  508.0501
5234.34617241288  517.6023
5234.38644982987  557.4236
5234.42672385861  568.2071
5234.46699449898  554.5817
5234.50726175089  541.8174
5234.54752561421  640.6312
5234.58778608883  625.3379
5234.62804317465  562.428
5234.66829687154  612.1492
5234.7085471794  618.9014
5234.74879409812  546.9316
5234.78903762758  547.6563
5234.82927776768  583.7055
5234.86951451829  602.7432
5234.90974787931  615.2914
5234.94997785063  662.5964
5234.99020443214  555.9832
5235.03042762372  600.0121
5235.07064742526  661.7162
5235.11086383666  574.6156
5235.15107685779  586.757
5235.19128648856  587.5709
5235.23149272884  517.2758
5235.27169557852  584.0992
5235.31189503751  525.0406
5235.35209110567  560.9191
5235.39228378291  546.5483
5235.43247306911  649.1365
5235.47265896416  674.3052
5235.51284146796  537.0067
5235.55302058038  484.4989
5235.59319630131  590.0439
5235.63336863066  638.8968
5235.6735375683  593.8589
5235.71370311413  558.0815
5235.75386526803  553.4775
5235.7940240299  573.4028
5235.83417939962  526.5512
5235.87433137708  514.0601
5235.91447996218  590.9913
5235.9546251548  562.2272
5235.99476695483  543.5774
5236.03490536216  469.0696
5236.07504037668  616.7203
5236.11517199829  588.3017
5236.15530022686  523.2397
5236.19542506229  494.8577
5236.23554650448  545.7342
5236.2756645533  512.6606
5236.31577920866  539.4366
5236.35589047043  493.7969
5236.39599833852  596.6002
5236.4361028128  535.69
