5466.91533279352  0.
5466.96592999412  0.
5467.01652397668  0.
5467.06711474099  0.
5467.11770228681  893.3907
5467.16828661393  829.9161
5467.21886772211  846.6615
5467.26944561113  824.4401
5467.32002028076  909.6122
5467.37059173078  945.1086
5467.42115996097  861.4469
5467.47172497109  819.7408
5467.52228676093  772.9766
5467.57284533026  803.0109
5467.62340067885  833.1479
5467.67395280647  820.8177
5467.72450171291  885.0383
5467.77504739794  911.3575
5467.82558986133  771.9515
5467.87612910286  826.1218
5467.9266651223  867.0057
5467.97719791943  883.1644
5468.02772749402  879.1458
5468.07825384585  779.5992
5468.12877697469  849.9106
5468.17929688033  896.9436
5468.22981356253  897.1859
5468.28032702107  781.712
5468.33083725573  929.6078
5468.38134426627  960.4032
5468.43184805249  873.4482
5468.48234861415  916.7574
5468.53284595102  899.8205
5468.5833400629  797.2684
5468.63383094954  873.3976
5468.68431861072  851.5378
5468.73480304623  924.3318
5468.78528425584  840.0928
5468.83576223932  931.2541
5468.88623699646  1022.44
5468.93670852701  862.3812
5468.98717683077  911.9116
5469.03764190751  862.8568
5469.08810375701  975.6147
5469.13856237903  915.8199
5469.18901777336  918.0757
5469.23946993978  906.8056
5469.28991887806  846.843
5469.34036458797  935.9208
5469.3908070693  841.2217
5469.44124632181  902.1526
5469.49168234529  956.9564
5469.54211513952  967.2532
5469.59254470427  915.0648
5469.64297103931  875.5062
5469.69339414442  924.4296
5469.74381401939  901.3333
5469.79423066399  949.9197
5469.84464407799  870.632
5469.89505426116  864.1669
5469.9454612133  917.5244
5469.99586493417  968.858
5470.04626542356  884.02
5470.09666268124  911.5309
5470.14705670698  927.179
5470.19744750057  888.6698
5470.24783506178  886.2449
5470.29821939038  925.723
5470.34860048617  932.109
5470.39897834891  911.5806
5470.44935297837  905.9236
5470.49972437435  921.3756
5470.55009253662  931.0313
5470.60045746495  902.6747
5470.65081915912  922.293
5470.70117761891  872.6553
5470.7515328441  884.3428
5470.80188483447  851.8026
5470.85223358979  875.7474
5470.90257910984  822.1021
5470.9529213944  861.6802
5471.00326044325  936.2537
5471.05359625616  896.4695
5471.10392883292  878.1641
5471.1542581733  892.9464
5471.20458427707  867.8801
5471.25490714403  809.4865
5471.30522677395  908.9025
5471.3555431666  894.097
5471.40585632176  854.296
5471.45616623922  882.3301
5471.50647291874  768.1406
5471.55677636012  936.1406
5471.60707656312  800.3082
5471.65737352753  928.698
5471.70766725313  847.3534
5471.75795773969  842.5604
5471.80824498699  844.5427
5471.85852899481  851.4851
5471.90880976294  832.4991
5471.95908729115  808.8454
5472.00936157921  780.0146
5472.05963262691  836.0862
5472.10990043403  803.8199
5472.16016500034  867.3706
5472.21042632563  903.2366
5472.26068440967  905.8595
5472.31093925225  923.9803
5472.36119085314  972.7462
5472.41143921212  896.3047
5472.46168432898  882.4844
5472.51192620348  952.2888
5472.56216483542  887.0572
5472.61240022457  874.1216
5472.6626323707  1031.591
5472.71286127361  921.8906
5472.76308693307  869.348
5472.81330934885  884.0093
5472.86352852075  983.1979
5472.91374444853  946.853
5472.96395713198  990.2442
5473.01416657088  900.9812
5473.06437276501  983.0521
5473.11457571415  919.0159
5473.16477541808  870.801
5473.21497187657  899.3578
5473.26516508942  813.8933
5473.3153550564  906.428
5473.36554177728  849.1436
5473.41572525186  863.171
5473.4659054799  878.5803
5473.5160824612  909.4355
5473.56625619553  854.0981
5473.61642668267  867.9457
5473.6665939224  906.7738
5473.7167579145  852.4152
5473.76691865876  888.19
5473.81707615496  756.4132
5473.86723040287  950.775
5473.91738140227  924.119
5473.96752915295  860.1574
5474.01767365469  893.6434
5474.06781490727  920.902
5474.11795291047  887.1298
5474.16808766407  823.3098
5474.21821916785  812.2463
5474.2683474216  843.0279
5474.31847242509  882.0151
5474.3685941781  894.5237
5474.41871268042  845.1534
5474.46882793183  814.0606
5474.51893993211  785.9553
5474.56904868104  709.9835
5474.6191541784  792.306
5474.66925642398  803.5676
5474.71935541755  783.1642
5474.7694511589  788.6123
5474.81954364781  842.9017
5474.86963288406  753.7377
5474.91971886743  764.3969
5474.9698015977  849.4182
5475.01988107466  798.6399
5475.06995729809  817.7238
5475.12003026777  875.201
5475.17009998348  814.5434
5475.22016644501  819.4068
5475.27022965213  854.2318
5475.32028960463  835.2922
5475.37034630229  853.4766
5475.42039974489  822.2398
5475.47044993221  836.309
5475.52049686405  854.8748
5475.57054054017  945.2718
5475.62058096036  929.1134
5475.67061812441  867.8275
5475.7206520321  869.5011
5475.77068268321  874.5602
5475.82071007752  929.0995
5475.87073421481  916.3835
5475.92075509487  897.8911
5475.97077271748  911.5585
5476.02078708242  880.0813
5476.07079818948  832.5263
5476.12080603844  923.895
5476.17081062908  850.6157
5476.22081196119  933.2454
5476.27081003454  860.8868
5476.32080484893  924.658
5476.37079640412  804.8377
5476.42078469992  911.6553
5476.4707697361  917.7736
5476.52075151243  876.4537
5476.57073002872  950.2241
5476.62070528474  844.6871
5476.67067728027  823.7574
5476.7206460151  776.1166
5476.77061148901  829.895
5476.82057370178  834.4062
5476.87053265321  839.3121
5476.92048834306  821.1364
5476.97044077113  810.5118
5477.0203899372  877.7833
5477.07033584105  778.7499
5477.12027848247  813.2723
5477.17021786124  692.9644
5477.22015397714  731.8788
5477.27008682997  726.5521
5477.32001641949  703.5092
5477.36994274551  679.6916
5477.41986580779  694.8654
5477.46978560613  673.7933
5477.51970214031  699.9274
5477.56961541011  633.4444
5477.61952541532  575.3806
5477.66943215572  656.7052
5477.7193356311  646.0978
5477.76923584124  666.6534
5477.81913278593  596.7952
5477.86902646494  696.3891
5477.91891687808  665.2023
5477.96880402511  733.7429
5478.01868790582  674.9631
5478.06856852001  736.2343
5478.11844586745  706.6157
5478.16831994793  759.8081
5478.21819076123  742.1199
5478.26805830714  696.39
5478.31792258544  732.3982
5478.36778359592  774.6159
5478.41764133837  798.507
5478.46749581256  764.9177
5478.51734701829  831.1428
5478.56719495534  821.1066
5478.61703962349  815.3564
5478.66688102254  847.503
5478.71671915225  824.2691
5478.76655401243  870.8192
5478.81638560286  895.9167
5478.86621392331  895.2927
5478.91603897359  884.4382
5478.96586075346  898.4346
5479.01567926273  867.3512
5479.06549450117  856.8632
5479.11530646857  864.4977
5479.16511516471  861.2293
5479.21492058939  852.2729
5479.26472274238  898.5711
5479.31452162348  775.8026
5479.36431723247  910.6717
5479.41410956913  918.4599
5479.46389863326  871.397
5479.51368442463  875.8401
5479.56346694303  873.6088
5479.61324618826  940.3911
5479.66302216009  963.4232
5479.71279485832  859.0836
5479.76256428272  921.4269
5479.81233043309  942.2758
5479.86209330921  867.5746
5479.91185291087  883.7109
5479.96160923786  855.3968
5480.01136228995  918.4577
5480.06111206694  918.558
5480.11085856863  856.5933
5480.16060179478  904.1404
5480.21034174519  831.9472
5480.26007841964  944.0172
5480.30981181793  860.7103
5480.35954193984  917.0983
5480.40926878515  880.026
5480.45899235366  879.6258
5480.50871264515  863.0092
5480.5584296594  926.314
5480.60814339621  882.6738
5480.65785385536  839.0277
5480.70756103664  896.3123
5480.75726493984  893.1528
5480.80696556474  970.9248
5480.85666291113  913.548
5480.9063569788  831.8667
5480.95604776753  991.962
5481.00573527713  948.5096
5481.05541950736  863.5685
5481.10510045802  874.4578
5481.1547781289  899.3818
5481.20445251978  856.2919
5481.25412363045  867.8876
5481.30379146071  891.2686
5481.35345601033  864.3032
5481.40311727911  830.8353
5481.45277526683  845.1568
5481.50242997328  779.3538
5481.55208139826  829.8459
5481.60172954154  808.2783
5481.65137440292  777.1522
5481.70101598218  800.4645
5481.75065427912  780.731
5481.80028929352  791.2381
5481.84992102517  812.3774
5481.89954947385  781.3946
5481.94917463936  708.4747
5481.99879652149  702.1485
5482.04841512002  702.1924
5482.09803043474  772.7908
5482.14764246545  726.8981
5482.19725121192  796.0201
5482.24685667395  710.6216
5482.29645885133  759.2608
5482.34605774384  717.3754
5482.39565335128  748.2633
5482.44524567343  774.7732
5482.49483471008  735.7662
5482.54442046103  779.9055
5482.59400292606  795.5483
5482.64358210495  757.2582
5482.69315799751  840.8915
5482.74273060352  745.7501
5482.79229992276  821.6978
5482.84186595503  816.3356
5482.89142870011  857.5617
5482.9409881578  860.5877
5482.99054432789  908.4161
5483.04009721016  857.2169
5483.0896468044  831.6213
5483.13919311041  839.6278
5483.18873612797  843.2176
5483.23827585688  808.2603
5483.28781229691  922.2751
5483.33734544787  841.1044
5483.38687530954  854.2073
5483.43640188172  948.1092
5483.48592516419  900.9203
5483.53544515674  898.2482
5483.58496185916  855.3608
5483.63447527124  857.2565
5483.68398539278  943.4335
5483.73349222356  776.8119
5483.78299576337  919.934
5483.83249601201  882.9705
5483.88199296926  823.9872
5483.93148663491  818.3455
5483.98097700875  795.8377
5484.03046409059  793.2719
5484.07994788019  860.7369
5484.12942837737  882.7415
5484.1789055819  794.5559
5484.22837949357  862.9689
5484.27785011219  822.705
5484.32731743753  882.7714
5484.37678146939  753.1288
5484.42624220756  816.7771
5484.47569965183  842.3264
5484.525153802  912.5746
5484.57460465785  860.0598
5484.62405221917  840.9924
5484.67349648575  846.4657
5484.7229374574  861.3329
5484.77237513389  932.8261
5484.82180951501  891.4759
5484.87124060057  903.6493
5484.92066839035  890.0667
5484.97009288414  931.7078
5485.01951408174  817.9238
5485.06893198293  909.8201
5485.1183465875  940.66
5485.16775789526  868.2832
5485.21716590599  881.1682
5485.26657061947  889.7487
5485.31597203551  823.6267
5485.3653701539  908.1115
5485.41476497442  881.6876
5485.46415649687  953.6319
5485.51354472104  936.99
5485.56292964673  929.8799
5485.61231127371  933.7258
5485.6616896018  969.3433
5485.71106463077  969.2261
5485.76043636043  933.0285
5485.80980479055  896.5797
5485.85916992094  921.0422
5485.90853175139  889.2126
5485.95789028169  865.5195
5486.00724551163  837.3024
5486.05659744101  944.1489
5486.10594606961  888.4692
5486.15529139723  966.227
5486.20463342366  920.6356
5486.2539721487  900.5828
5486.30330757213  890.8641
5486.35263969376  940.0728
5486.40196851336  922.5724
5486.45129403075  943.2158
5486.5006162457  934.8597
5486.54993515801  949.6282
5486.59925076747  880.5909
5486.64856307388  942.0187
5486.69787207704  912.8021
5486.74717777672  969.4532
5486.79648017273  907.6158
5486.84577926486  873.0987
5486.89507505291  863.1829
5486.94436753665  871.7363
5486.9936567159  858.8477
5487.04294259044  860.191
5487.09222516007  876.893
5487.14150442457  951.3541
5487.19078038375  904.275
5487.2400530374  857.0397
5487.2893223853  900.2947
5487.33858842726  894.2239
5487.38785116306  866.5444
5487.43711059251  868.2384
5487.48636671539  914.6149
5487.5356195315  859.1467
5487.58486904063  895.3454
5487.63411524258  962.3579
5487.68335813714  852.5585
5487.7325977241  945.2972
5487.78183400326  888.3231
5487.83106697441  872.3687
5487.88029663735  827.2507
5487.92952299188  885.8227
5487.97874603777  836.1948
5488.02796577484  821.9302
5488.07718220287  840.422
5488.12639532166  838.6828
5488.175605131  846.9717
5488.22481163069  871.8777
5488.27401482052  808.3372
5488.32321470028  832.7048
5488.37241126978  762.0663
5488.4216045288  757.6051
5488.47079447715  763.7366
5488.51998111461  791.2917
5488.56916444097  725.3138
5488.61834445605  738.7051
5488.66752115962  744.377
5488.71669455149  820.6926
5488.76586463145  788.4713
5488.81503139929  809.4733
5488.86419485481  807.3319
5488.91335499781  758.5542
5488.96251182808  777.2781
5489.01166534541  790.291
5489.06081554961  774.262
5489.10996244046  832.1204
5489.15910601776  847.2311
5489.20824628131  751.5571
5489.2573832309  846.2911
5489.30651686633  816.5548
5489.35564718739  856.2628
5489.40477419389  799.2123
5489.45389788561  881.6344
5489.50301826235  862.5659
5489.5521353239  871.5786
5489.60124907007  842.8336
5489.65035950065  893.7072
5489.69946661543  825.7188
5489.74857041421  907.5217
5489.79767089678  893.295
5489.84676806295  890.3026
5489.89586191251  946.6298
5489.94495244525  837.5417
5489.99403966097  900.6061
5490.04312355947  925.4384
5490.09220414054  896.7352
5490.14128140399  927.5557
5490.19035534959  903.7795
5490.23942597717  942.5951
5490.28849328649  883.6176
5490.33755727738  921.6213
5490.38661794962  824.9444
5490.435675303  847.4625
5490.48472933733  909.9645
5490.53378005241  823.2869
5490.58282744802  883.4286
5490.63187152396  888.3109
5490.68091228004  852.1008
5490.72994971605  897.5015
5490.77898383179  839.3238
5490.82801462705  889.3787
5490.87704210163  830.3859
5490.92606625533  851.1839
5490.97508708794  859.6854
5491.02410459926  811.7183
5491.0731187891  841.9476
5491.12212965724  867.368
5491.17113720348  836.1868
5491.22014142763  860.348
5491.26914232947  881.4609
5491.31813990881  828.114
5491.36713416544  849.0601
5491.41612509917  830.7952
5491.46511270978  830.8698
5491.51409699708  776.3334
5491.56307796087  849.4427
5491.61205560093  872.9418
5491.66102991708  859.0195
5491.71000090911  864.233
5491.75896857681  871.2429
5491.80793291998  903.723
5491.85689393843  858.0074
5491.90585163194  861.4153
5491.95480600033  918.3863
5492.00375704338  912.353
5492.05270476089  873.4282
5492.10164915267  889.2831
5492.1505902185  884.9889
5492.1995279582  881.6086
5492.24846237155  921.7727
5492.29739345836  949.5437
5492.34632121843  918.1182
5492.39524565154  921.5026
5492.44416675751  896.3757
5492.49308453613  882.1705
5492.5419989872  961.6335
5492.59091011052  885.3344
5492.63981790588  966.9788
5492.68872237308  903.2505
5492.73762351193  933.6951
5492.78652132223  836.7132
5492.83541580376  876.3401
5492.88430695634  916.5072
5492.93319477976  898.5096
5492.98207927381  920.978
5493.03096043831  919.7391
5493.07983827304  926.975
5493.12871277781  875.9514
5493.17758395241  910.6796
5493.22645179665  936.5048
5493.27531631032  876.2907
5493.32417749323  836.5801
5493.37303534517  921.8903
5493.42188986594  882.4185
5493.47074105535  896.0269
5493.51958891319  897.8874
5493.56843343927  856.4082
5493.61727463337  927.5629
5493.6661124953  890.3046
5493.71494702487  857.3907
5493.76377822187  845.1887
5493.8126060861  891.9238
5493.86143061736  855.2085
5493.91025181545  865.1522
5493.95906968017  871.029
5494.00788421132  847.3475
5494.05669540871  891.1603
5494.10550327212  865.1529
5494.15430780137  857.9018
5494.20310899625  848.863
5494.25190685656  840.9617
5494.30070138211  811.4955
5494.34949257269  821.387
5494.3982804281  830.6247
5494.44706494815  787.4531
5494.49584613263  795.7009
5494.54462398135  841.5552
5494.5933984941  886.3782
5494.64216967069  800.7983
5494.69093751092  788.1697
5494.73970201458  823.3865
5494.78846318149  853.027
5494.83722101144  843.8193
5494.88597550422  775.9208
5494.93472665965  885.4506
5494.98347447752  807.8866
5495.03221895764  816.4915
5495.0809600998  813.9937
5495.12969790381  851.6432
5495.17843236947  849.8503
5495.22716349657  775.5482
5495.27589128493  850.4807
5495.32461573434  792.4161
5495.3733368446  867.5351
5495.42205461552  838.6164
5495.4707690469  870.6043
5495.51948013852  842.1813
5495.56818789022  856.8534
5495.61689230177  886.8161
5495.66559337298  859.858
5495.71429110366  877.24
5495.76298549361  865.7838
5495.81167654262  849.5068
5495.86036425051  860.9731
5495.90904861707  811.7342
5495.9577296421  893.5969
5496.0064073254  858.7392
5496.05508166679  865.8303
5496.10375266606  894.4959
5496.15242032301  839.3901
5496.20108463744  915.7084
5496.24974560916  876.7307
5496.29840323797  893.0848
5496.34705752368  868.1123
5496.39570846608  889.1638
5496.44435606497  847.5275
5496.49300032017  867.2643
5496.54164123146  859.4474
5496.59027879866  854.4863
5496.63891302157  854.6354
5496.68754389999  883.0364
5496.73617143372  905.2831
5496.78479562257  928.9464
5496.83341646633  882.6799
5496.88203396481  920.3413
5496.93064811783  930.9913
5496.97925892516  867.815
5497.02786638663  931.1164
5497.07647050203  898.3723
5497.12507127117  882.6672
5497.17366869385  888.7004
5497.22226276987  889.8467
5497.27085349904  922.2234
5497.31944088116  901.4233
5497.36802491602  912.292
5497.41660560345  880.9056
5497.46518294324  881.3272
5497.51375693518  842.3497
5497.5623275791  878.6611
5497.61089487479  913.8364
5497.65945882205  895.8761
5497.70801942069  868.8851
5497.75657667051  871.7067
5497.80513057132  904.192
5497.85368112291  848.9319
5497.9022283251  874.7469
5497.95077217769  827.5183
5497.99931268048  854.0811
5498.04784983327  835.1952
5498.09638363587  804.3146
5498.14491408809  763.1204
5498.19344118972  822.2792
5498.24196494058  734.772
5498.29048534046  758.8636
5498.33900238917  753.1283
5498.38751608652  753.6556
5498.43602643231  766.7184
5498.48453342634  851.9127
5498.53303706842  726.069
5498.58153735835  778.5504
5498.63003429594  766.7762
5498.67852788099  778.9991
5498.72701811331  752.5504
5498.7755049927  800.9894
5498.82398851897  776.3734
5498.87246869191  772.2399
5498.92094551135  794.7965
5498.96941897707  745.827
5499.0178890889  838.4863
5499.06635584662  815.6436
5499.11481925005  841.0281
5499.16327929899  844.7883
5499.21173599325  888.4525
5499.26018933263  914.3064
5499.30863931693  905.5452
5499.35708594597  911.968
5499.40552921955  938.7186
5499.45396913747  853.6788
5499.50240569954  893.1363
5499.55083890556  900.5099
5499.59926875534  904.2338
5499.64769524869  917.3749
5499.69611838541  881.2682
5499.74453816531  962.0933
5499.79295458819  941.8562
5499.84136765385  902.1959
5499.88977736212  894.0568
5499.93818371278  895.1824
5499.98658670564  932.3622
5500.03498634053  934.893
5500.08338261722  889.5579
5500.13177553555  890.202
5500.1801650953  893.9351
5500.22855129629  925.0444
5500.27693413832  943.8981
5500.3253136212  977.9818
5500.37368974474  971.3799
5500.42206250873  923.9312
5500.470431913  908.7059
5500.51879795734  858.4707
5500.56716064156  916.2234
5500.61551996547  887.0348
5500.66387592887  914.4316
5500.71222853158  900.0284
5500.76057777339  911.5301
5500.80892365412  917.2579
5500.85726617357  966.6488
5500.90560533154  946.0032
5500.95394112785  953.8576
5501.00227356231  927.3928
5501.05060263471  924.6512
5501.09892834487  908.3181
5501.14725069259  922.2357
5501.19556967768  937.2422
5501.24388529995  938.1832
5501.2921975592  912.3328
5501.34050645524  909.6543
5501.38881198789  917.5729
5501.43711415694  905.8785
5501.4854129622  952.2467
5501.53370840349  919.7924
5501.5820004806  929.6608
5501.63028919335  904.0198
5501.67857454155  874.5103
5501.72685652499  927.9968
5501.7751351435  876.2142
5501.82341039687  911.6652
5501.87168228492  826.3116
5501.91995080746  860.1422
5501.96821596428  874.5245
5502.0164777552  851.2058
5502.06473618003  809.3195
5502.11299123857  763.3357
5502.16124293063  851.019
5502.20949125603  828.9097
5502.25773621456  800.3401
5502.30597780605  806.088
5502.35421603028  785.8395
5502.40245088709  787.9177
5502.45068237626  849.7642
5502.49891049762  792.1989
5502.54713525096  757.6327
5502.5953566361  850.3901
5502.64357465285  830.8162
5502.69178930101  749.3383
5502.7400005804  763.9872
5502.78820849082  812.6931
5502.83641303208  815.4869
5502.88461420399  815.9255
5502.93281200636  858.8264
5502.98100643899  789.9498
5503.0291975017  823.1823
5503.0773851943  808.8738
5503.12556951659  849.732
5503.17375046839  851.8923
5503.2219280495  858.7532
5503.27010225973  849.9387
5503.31827309889  885.5908
5503.36644056679  901.6828
5503.41460466324  861.6439
5503.46276538805  891.1204
5503.51092274103  847.5942
5503.55907672199  906.6295
5503.60722733073  896.8715
5503.65537456707  842.9186
5503.70351843082  836.2978
5503.75165892178  893.1499
5503.79979603977  850.6547
5503.8479297846  852.9085
5503.89606015607  905.5384
5503.94418715399  827.5798
5503.99231077818  874.6477
5504.04043102845  838.7543
5504.0885479046  813.2944
5504.13666140645  837.1469
5504.1847715338  900.5398
5504.23287828647  884.8876
5504.28098166426  824.0304
5504.32908166699  823.3475
5504.37717829446  882.8981
5504.42527154649  810.4506
5504.47336142289  802.8437
5504.52144792346  819.4202
5504.56953104803  804.6943
5504.61761079639  788.0698
5504.66568716835  871.4385
5504.71376016374  845.1323
5504.76182978236  847.8646
5504.80989602402  865.7151
5504.85795888853  828.3285
5504.9060183757  909.3967
5504.95407448535  887.3115
5505.00212721727  822.3914
5505.0501765713  888.1346
5505.09822254723  870.5903
5505.14626514487  869.6383
5505.19430436405  898.2737
5505.24234020456  840.9449
5505.29037266622  848.9517
5505.33840174885  888.2365
5505.38642745224  854.3302
5505.43444977622  925.8654
5505.4824687206  923.8354
5505.53048428518  899.0774
5505.57849646978  879.0106
5505.62650527421  857.887
5505.67451069829  881.0568
5505.72251274181  896.6937
5505.7705114046  863.2215
5505.81850668647  879.0609
5505.86649858722  888.961
5505.91448710667  915.8553
5505.96247224464  864.9483
5506.01045400093  878.8832
5506.05843237535  927.1632
5506.10640736772  936.3043
5506.15437897785  889.868
5506.20234720555  948.8732
5506.25031205064  870.4656
5506.29827351292  917.73
5506.34623159221  870.2432
5506.39418628832  846.2031
5506.44213760106  909.598
5506.49008553024  839.8661
5506.53803007569  844.3639
5506.5859712372  869.7292
5506.6339090146  845.4711
5506.68184340769  849.8416
5506.72977441629  853.7905
5506.7777020402  819.139
5506.82562627926  848.1117
5506.87354713325  844.6922
5506.92146460201  850.1181
5506.96937868533  857.3646
5507.01728938304  842.1558
5507.06519669495  799.2552
5507.11310062087  808.2102
5507.16100116061  810.3311
5507.20889831398  757.6993
5507.2567920808  746.6934
5507.30468246089  791.9793
5507.35256945405  740.2667
5507.40045306011  805.575
5507.44833327886  773.5504
5507.49621011013  736.5448
5507.54408355372  764.8743
5507.59195360947  811.0715
5507.63982027716  801.2089
5507.68768355662  765.1162
5507.73554344767  749.1284
5507.78339995012  774.5885
5507.83125306377  771.0788
5507.87910278845  779.1187
5507.92694912397  751.3795
5507.97479207013  755.5497
5508.02263162677  797.762
5508.07046779368  780.7343
5508.11830057069  699.6603
5508.1661299576  827.1298
5508.21395595424  833.1885
5508.26177856041  801.7775
5508.30959777593  828.1905
5508.35741360061  809.2978
5508.40522603427  876.5696
5508.45303507673  882.6311
5508.50084072779  837.3412
5508.54864298727  878.2686
5508.59644185499  869.0754
5508.64423733077  871.5463
5508.6920294144  896.3558
5508.73981810571  903.8297
5508.78760340452  915.382
5508.83538531064  908.1263
5508.88316382388  918.2005
5508.93093894405  922.0955
5508.97871067099  859.0258
5509.02647900449  876.3716
5509.07424394437  906.2228
5509.12200549045  854.5663
5509.16976364254  915.8916
5509.21751840046  913.4949
5509.26526976403  899.4418
5509.31301773305  890.5508
5509.36076230734  886.6586
5509.40850348673  863.3045
5509.45624127101  852.2026
5509.50397566002  902.5588
5509.55170665357  899.7028
5509.59943425146  881.7504
5509.64715845352  875.891
5509.69487925955  868.888
5509.74259666939  858.9375
5509.79031068284  887.4558
5509.83802129972  836.4589
5509.88572851984  899.5441
5509.93343234302  884.6633
5509.98113276907  902.9282
5510.02882979782  865.6441
5510.07652342908  879.2584
5510.12421366265  903.8499
5510.17190049837  887.5146
5510.21958393604  932.0626
5510.26726397549  878.7711
5510.31494061652  913.1146
5510.36261385895  862.4666
5510.41028370261  866.7355
5510.4579501473  883.7936
5510.50561319284  898.1897
5510.55327283906  859.9977
5510.60092908576  873.2004
5510.64858193276  844.9258
5510.69623137988  902.8437
5510.74387742693  821.0229
5510.79152007374  806.2192
5510.83915932012  847.1495
5510.88679516587  859.3522
5510.93442761084  796.4424
5510.98205665482  823.8621
5511.02968229764  807.4972
5511.07730453911  818.2695
5511.12492337905  893.8516
5511.17253881727  841.0781
5511.2201508536  809.3444
5511.26775948785  818.1921
5511.31536471984  838.4324
5511.36296654938  843.0503
5511.4105649763  828.6772
5511.4581600004  821.3893
5511.50575162152  843.3559
5511.55333983945  828.6032
5511.60092465404  853.86
5511.64850606507  913.3911
5511.69608407239  909.2592
5511.7436586758  873.6578
5511.79122987512  831.4766
5511.83879767017  884.7761
5511.88636206077  873.7139
5511.93392304674  903.301
5511.98148062789  851.8387
5512.02903480404  947.5432
5512.076585575  840.2722
5512.12413294061  846.9994
5512.17167690067  877.4077
5512.219217455  864.8938
5512.26675460343  846.8507
5512.31428834576  898.4181
5512.36181868182  884.4655
5512.40934561143  881.9825
5512.4568691344  882.8146
5512.50438925055  898.755
5512.55190595971  913.687
5512.59941926168  867.3088
5512.64692915629  845.9321
5512.69443564336  863.9348
5512.7419387227  827.4697
5512.78943839413  837.5105
5512.83693465748  816.1415
5512.88442751256  861.5861
5512.93191695919  827.7531
5512.97940299718  808.2531
5513.02688562636  768.394
5513.07436484655  795.7983
5513.12184065757  813.7814
5513.16931305923  813.6241
5513.21678205135  778.7703
5513.26424763376  787.8167
5513.31170980626  811.5773
5513.35916856869  766.7399
5513.40662392086  774.5908
5513.45407586258  785.6579
5513.50152439369  756.8113
5513.54896951399  773.0606
5513.59641122331  783.8569
5513.64384952147  747.4471
5513.69128440828  736.1265
5513.73871588357  758.9739
5513.78614394716  751.6248
5513.83356859886  758.8234
5513.88098983849  770.0025
5513.92840766588  807.1331
5513.97582208085  788.0923
5514.02323308321  798.7288
5514.07064067278  771.1707
5514.11804484939  812.2154
5514.16544561285  790.5637
5514.21284296299  841.6086
5514.26023689962  842.592
5514.30762742257  842.6103
5514.35501453165  805.5532
5514.40239822669  862.226
5514.4497785075  815.2175
5514.49715537391  872.5762
5514.54452882573  824.9083
5514.59189886279  900.1642
5514.63926548491  891.0119
5514.68662869191  901.2151
5514.7339884836  910.6939
5514.78134485981  855.4068
5514.82869782037  887.7854
5514.87604736508  876.452
5514.92339349377  848.3555
5514.97073620627  832.3013
5515.01807550239  885.802
5515.06541138195  824.7283
5515.11274384478  808.0619
5515.16007289069  858.1168
5515.20739851951  795.0618
5515.25472073105  879.1271
5515.30203952515  817.9933
5515.34935490161  828.665
5515.39666686027  770.2205
5515.44397540094  805.491
5515.49128052344  843.5598
5515.5385822276  794.7659
5515.58588051324  847.8703
5515.63317538017  826.1828
5515.68046682822  822.5499
5515.72775485722  797.8608
5515.77503946698  866.2898
5515.82232065732  846.8212
5515.86959842807  848.2618
5515.91687277904  877.6021
5515.96414371007  868.6285
5516.01141122097  848.5859
5516.05867531156  844.8087
5516.10593598167  885.2557
5516.15319323112  889.3058
5516.20044705972  891.1089
5516.24769746731  873.4366
5516.2949444537  872.4847
5516.34218801872  828.3582
5516.38942816219  898.3622
5516.43666488392  903.5496
5516.48389818375  933.5512
5516.5311280615  898.5034
5516.57835451698  914.0873
5516.62557755002  898.0952
5516.67279716045  915.5707
5516.72001334808  905.4279
5516.76722611274  908.5567
5516.81443545425  892.6183
5516.86164137244  900.3984
5516.90884386712  908.7401
5516.95604293812  881.4724
5517.00323858526  875.9057
5517.05043080837  902.1452
5517.09761960726  856.8379
5517.14480498176  875.0782
5517.1919869317  861.3359
5517.2391654569  909.3708
5517.28634055717  854.1407
5517.33351223235  849.2849
5517.38068048226  866.7975
5517.42784530671  891.3665
5517.47500670554  803.7759
5517.52216467857  878.2556
5517.56931922561  834.6484
5517.6164703465  887.0732
5517.66361804105  885.2844
5517.7107623091  827.322
5517.75790315046  799.5277
5517.80504056496  831.1141
5517.85217455242  818.2839
5517.89930511266  844.7491
5517.94643224551  823.3406
5517.9935559508  851.6887
5518.04067622834  807.1066
5518.08779307797  821.3555
5518.1349064995  799.4429
5518.18201649275  844.0134
5518.22912305756  845.2789
5518.27622619375  904.7942
5518.32332590114  855.4988
5518.37042217955  847.511
5518.41751502882  885.7092
5518.46460444876  849.8289
5518.51169043919  874.4917
5518.55877299995  870.1287
5518.60585213086  890.533
5518.65292783174  891.4605
5518.70000010242  903.1191
5518.74706894271  888.0439
5518.79413435246  871.431
5518.84119633147  897.7993
5518.88825487958  819.5239
5518.9353099966  923.5757
5518.98236168238  873.8578
5519.02940993672  860.5851
5519.07645475946  861.1148
5519.12349615042  869.1909
5519.17053410942  889.2894
5519.21756863629  947.8263
5519.26459973086  897.0675
5519.31162739295  916.9035
5519.35865162238  856.1506
5519.40567241898  887.0147
5519.45268978259  911.5394
5519.49970371301  908.6187
5519.54671421007  927.6692
5519.59372127361  903.7991
5519.64072490345  921.1605
5519.68772509942  869.1511
5519.73472186133  878.0913
5519.78171518901  917.6942
5519.8287050823  877.2945
5519.87569154101  944.4181
5519.92267456498  865.6989
5519.96965415402  890.2505
5520.01663030797  886.2797
5520.06360302664  888.7434
5520.11057230987  866.8479
5520.15753815748  857.5836
5520.20450056931  874.1955
5520.25145954516  885.4211
5520.29841508488  879.4321
5520.34536718828  851.0359
5520.39231585519  882.2696
5520.43926108545  883.6211
5520.48620287887  857.7606
5520.53314123528  838.3516
5520.58007615451  862.24
5520.62700763638  888.2219
5520.67393568072  897.5574
5520.72086028737  878.9363
5520.76778145613  875.3716
5520.81469918685  883.6162
5520.86161347935  864.9279
5520.90852433345  821.9449
5520.95543174899  875.6135
5521.00233572578  863.3628
5521.04923626365  901.9238
5521.09613336244  882.9057
5521.14302702198  874.1572
5521.18991724207  925.8996
5521.23680402256  870.2874
5521.28368736327  883.1735
5521.33056726404  849.8051
5521.37744372467  866.41
5521.42431674501  891.3715
5521.47118632488  852.103
5521.51805246411  859.4734
5521.56491516252  909.3618
5521.61177441994  815.1071
5521.65863023621  865.3726
5521.70548261114  867.8165
5521.75233154456  861.1895
5521.79917703631  852.9642
5521.84601908622  876.4058
5521.8928576941  831.4581
5521.93969285978  916.4541
5521.98652458311  834.0875
5522.03335286389  905.5263
5522.08017770197  868.9786
5522.12699909716  882.353
5522.1738170493  850.6545
5522.22063155821  916.0077
5522.26744262373  833.3708
5522.31425024568  893.0998
5522.36105442388  888.6125
5522.40785515818  922.3198
5522.45465244839  840.8113
5522.50144629435  831.869
5522.54823669588  897.5382
5522.5950236528  854.2617
5522.64180716496  847.6682
5522.68858723218  868.5557
5522.73536385429  841.4359
5522.78213703111  862.4129
5522.82890676248  879.8347
5522.87567304822  922.1496
5522.92243588816  852.1549
5522.96919528214  824.3442
5523.01595122997  827.4688
5523.06270373149  893.8499
5523.10945278653  831.5583
5523.15619839492  843.5628
5523.20294055649  856.3922
5523.24967927106  826.5081
5523.29641453847  835.6566
5523.34314635854  877.9553
5523.3898747311  830.3708
5523.43659965599  847.9093
5523.48332113302  837.7032
5523.53003916205  850.0999
5523.57675374288  837.4572
5523.62346487535  869.9092
5523.67017255929  807.2676
5523.71687679453  895.5631
5523.76357758091  886.5989
5523.81027491824  849.3151
5523.85696880636  875.3885
5523.9036592451  801.124
5523.95034623429  827.3569
5523.99702977376  870.7238
5524.04370986334  903.1442
5524.09038650285  888.165
5524.13705969214  826.1906
5524.18372943102  855.0237
5524.23039571934  890.7561
5524.27705855691  857.9043
5524.32371794357  893.6937
5524.37037387916  843.686
5524.41702636349  857.9014
5524.46367539641  888.233
5524.51032097773  894.7939
5524.5569631073  844.7522
5524.60360178494  833.8285
5524.65023701049  818.8953
5524.69686878377  886.2092
5524.74349710461  867.878
5524.79012197285  888.7484
5524.83674338831  838.3403
5524.88336135083  865.173
5524.92997586024  862.5738
5524.97658691637  911.4195
5525.02319451904  902.491
5525.0697986681  863.5565
5525.11639936337  932.2002
5525.16299660468  864.4684
5525.20959039186  902.0069
5525.25618072476  863.1237
5525.30276760318  844.7465
5525.34935102698  884.7612
5525.39593099598  873.0534
5525.44250751  882.5905
5525.48908056889  910.3366
5525.53565017247  880.3009
5525.58221632057  852.8818
5525.62877901304  881.5676
5525.67533824969  859.1832
5525.72189403036  887.7379
5525.76844635488  853.5334
5525.81499522309  874.2937
5525.86154063481  877.0743
5525.90808258988  875.2093
5525.95462108813  814.1886
5526.00115612939  892.3544
5526.0476877135  814.7819
5526.09421584028  794.21
5526.14074050956  835.7701
5526.18726172119  861.1695
5526.23377947499  869.4992
5526.28029377079  810.915
5526.32680460843  862.1187
5526.37331198774  860.5522
5526.41981590855  851.0087
5526.46631637069  819.3367
5526.512813374  838.151
5526.55930691831  820.4274
5526.60579700345  840.5117
5526.65228362925  849.4698
5526.69876679555  836.4503
5526.74524650218  823.8344
5526.79172274897  825.5684
5526.83819553576  799.2245
5526.88466486237  853.1844
5526.93113072865  865.9511
5526.97759313442  836.3027
5527.02405207951  894.1044
5527.07050756377  821.7134
5527.11695958702  856.8558
5527.1634081491  839.7819
5527.20985324983  863.4657
5527.25629488906  828.2802
5527.30273306662  845.1524
5527.34916778233  765.6519
5527.39559903604  831.5916
5527.44202682757  813.837
5527.48845115676  827.9976
5527.53487202345  793.3032
5527.58128942746  887.7354
5527.62770336863  806.9539
5527.6741138468  850.1766
5527.7205208618  852.7654
5527.76692441345  864.0862
5527.81332450161  816.1644
5527.85972112609  780.9913
5527.90611428674  848.4471
5527.95250398338  798.7878
5527.99889021586  813.0881
5528.045272984  859.402
5528.09165228764  841.9106
5528.13802812661  816.6697
5528.18440050076  838.3321
5528.2307694099  799.0296
5528.27713485388  815.7366
5528.32349683253  802.5786
5528.36985534569  830.9529
5528.41621039319  810.555
5528.46256197486  835.1111
5528.50891009054  843.3616
5528.55525474006  848.8887
5528.60159592327  862.9416
5528.64793363998  808.1293
5528.69426789004  863.7242
5528.74059867329  889.8887
5528.78692598955  784.3576
5528.83324983867  842.8623
5528.87957022047  785.313
5528.92588713479  819.3745
5528.97220058147  761.6301
5529.01851056034  722.4894
5529.06481707124  752.3148
5529.111120114  764.1588
5529.15741968846  729.3312
5529.20371579445  746.2646
5529.25000843181  750.5127
5529.29629760038  719.2415
5529.34258329998  671.4114
5529.38886553046  702.72
5529.43514429164  707.5231
5529.48141958338  694.0577
5529.52769140549  707.8271
5529.57395975782  737.5201
5529.6202246402  692.1523
5529.66648605247  722.3432
5529.71274399446  775.7325
5529.75899846601  674.4689
5529.80524946696  715.6281
5529.85149699714  726.106
5529.89774105639  746.5264
5529.94398164454  752.1783
5529.99021876143  742.4456
5530.0364524069  776.8452
5530.08268258077  766.0929
5530.1289092829  792.9048
5530.17513251311  877.1824
5530.22135227124  841.3119
5530.26756855713  859.5076
5530.31378137061  866.618
5530.35999071152  839.5067
5530.40619657969  854.334
5530.45239897497  837.1838
5530.49859789719  878.0285
5530.54479334619  892.5804
5530.59098532179  847.4501
5530.63717382385  832.2213
5530.6833588522  884.3442
5530.72954040666  845.0076
5530.77571848709  857.6362
5530.82189309331  846.7763
5530.86806422517  862.7847
5530.91423188249  880.6084
5530.96039606513  874.2003
5531.00655677291  904.8256
5531.05271400567  916.2822
5531.09886776326  902.7297
5531.14501804549  879.9159
5531.19116485222  866.4708
5531.23730818329  829.1612
5531.28344803852  844.9401
5531.32958441776  853.3969
5531.37571732084  892.4639
5531.42184674761  836.9461
5531.46797269789  878.335
5531.51409517153  846.3489
5531.56021416836  832.6223
5531.60632968823  867.3617
5531.65244173096  872.1188
5531.6985502964  843.0231
5531.74465538439  830.0052
5531.79075699476  894.875
5531.83685512735  853.55
5531.882949782  828.6978
5531.92904095855  851.5718
5531.97512865683  841.1727
5532.02121287669  859.4814
5532.06729361795  876.4037
5532.11337088047  873.0026
5532.15944466408  947.0978
5532.20551496861  850.9037
5532.25158179391  887.8463
5532.29764513981  845.1712
5532.34370500615  824.4568
5532.38976139278  870.5403
5532.43581429952  868.8869
5532.48186372622  871.1756
5532.52790967272  899.6607
5532.57395213885  878.6003
5532.61999112446  896.8295
5532.66602662938  856.1235
5532.71205865345  856.2629
5532.75808719651  856.7374
5532.8041122584  821.5497
5532.85013383896  875.5999
5532.89615193802  844.9047
5532.94216655544  835.3929
5532.98817769104  876.8915
5533.03418534466  840.301
5533.08018951615  870.113
5533.12619020534  832.4791
5533.17218741208  849.1499
5533.2181811362  801.7657
5533.26417137753  827.7049
5533.31015813594  797.1084
5533.35614141124  851.364
5533.40212120328  799.0745
5533.4480975119  796.5435
5533.49407033694  791.691
5533.54003967824  783.7402
5533.58600553564  860.7095
5533.63196790898  831.1535
5533.6779267981  821.4484
5533.72388220283  816.1804
5533.76983412303  820.2692
5533.81578255852  840.7145
5533.86172750916  789.0411
5533.90766897477  765.5271
5533.9536069552  835.3726
5533.99954145029  800.7664
5534.04547245988  841.76
5534.09139998381  827.3916
5534.13732402192  804.5299
5534.18324457405  812.0605
5534.22916164004  808.9492
5534.27507521973  843.4873
5534.32098531297  848.3228
5534.36689191958  813.4108
5534.41279503943  837.3695
5534.45869467233  791.4694
5534.50459081814  854.959
5534.55048347669  907.9215
5534.59637264784  874.762
5534.6422583314  832.0015
5534.68814052724  878.8295
5534.73401923518  918.5673
5534.77989445508  862.2797
5534.82576618676  917.9006
5534.87163443008  853.3088
5534.91749918487  850.1464
5534.96336045098  905.5247
5535.00921822824  888.0096
5535.0550725165  883.1984
5535.1009233156  832.4861
5535.14677062537  872.5098
5535.19261444567  839.6783
5535.23845477633  896.2814
5535.2842916172  832.3922
5535.33012496811  854.707
5535.37595482891  828.1052
5535.42178119943  794.5063
5535.46760407953  781.2462
5535.51342346904  813.7897
5535.55923936781  815.1617
5535.60505177567  765.7316
5535.65086069247  839.3062
5535.69666611805  826.5864
5535.74246805225  811.8908
5535.78826649491  834.5739
5535.83406144589  804.6093
5535.87985290501  772.5984
5535.92564087212  758.1901
5535.97142534706  731.5738
5536.01720632968  752.7388
5536.06298381982  764.5352
5536.10875781732  712.5323
5536.15452832202  765.7487
5536.20029533376  743.664
5536.24605885239  760.6553
5536.29181887776  767.3671
5536.33757540969  749.8442
5536.38332844804  752.3303
5536.42907799265  763.3588
5536.47482404335  787.7222
5536.52056660001  770.6677
5536.56630566245  753.0465
5536.61204123051  776.149
5536.65777330405  783.4255
5536.70350188291  808.6549
5536.74922696692  781.0743
5536.79494855594  788.3076
5536.84066664979  814.8599
5536.88638124834  803.1542
5536.93209235142  808.4158
5536.97779995887  811.038
5537.02350407054  797.6503
5537.06920468627  857.1764
5537.11490180591  856.5646
5537.16059542929  831.8176
5537.20628555626  822.2433
5537.25197218668  862.6561
5537.29765532036  930.4824
5537.34333495717  891.5195
5537.38901109695  914.6658
5537.43468373954  874.514
5537.48035288478  877.0745
5537.52601853252  872.8265
5537.57168068259  898.6073
5537.61733933486  828.7471
5537.66299448915  879.6957
5537.70864614532  886.3743
5537.75429430321  864.7404
5537.79993896265  871.8073
5537.8455801235  864.509
5537.89121778561  919.6296
5537.9368519488  869.277
5537.98248261294  881.2266
5538.02810977786  888.4586
5538.0737334434  850.1624
5538.11935360942  874.1457
5538.16497027576  887.434
5538.21058344225  854.7461
5538.25619310875  861.0706
5538.3017992751  811.7498
5538.34740194115  842.8964
5538.39300110674  852.8906
5538.43859677171  880.7248
5538.48418893591  810.474
5538.52977759919  883.4023
5538.57536276138  811.4028
5538.62094442234  877.2353
5538.66652258191  824.792
5538.71209723993  859.451
5538.75766839625  831.8919
5538.80323605072  801.0957
5538.84880020318  820.9147
5538.89436085347  884.9719
5538.93991800145  854.02
5538.98547164695  846.1335
5539.03102178982  805.5925
5539.07656842991  833.1007
5539.12211156706  857.4025
5539.16765120112  793.4282
5539.21318733193  822.6886
5539.25871995934  815.5498
5539.3042490832  815.0666
5539.34977470335  838.6588
5539.39529681963  856.8057
5539.4408154319  827.6102
5539.48633053999  810.0777
5539.53184214376  858.0009
5539.57735024305  799.6657
5539.62285483771  822.5707
5539.66835592758  841.5855
5539.71385351251  812.515
5539.75934759234  816.1719
5539.80483816692  839.433
5539.8503252361  816.4916
5539.89580879973  808.8697
5539.94128885764  826.1484
5539.9867654097  825.4745
5540.03223845573  835.3958
5540.07770799559  836.7792
5540.12317402913  833.2359
5540.1686365562  825.4177
5540.21409557663  813.5896
5540.25955109027  842.8534
5540.30500309699  862.6458
5540.35045159661  826.6395
5540.39589658898  844.7714
5540.44133807396  844.215
5540.48677605139  848.999
5540.53221052112  837.9723
5540.57764148299  847.0487
5540.62306893685  874.6335
5540.66849288256  801.1033
5540.71391331994  869.1467
5540.75933024887  871.1689
5540.80474366917  851.5672
5540.85015358069  873.3702
5540.8955599833  817.2846
5540.94096287682  832.9064
5540.98636226112  848.5121
5541.03175813603  872.2228
5541.07715050141  845.4155
5541.1225393571  837.7781
5541.16792470295  886.4137
5541.21330653881  826.9594
5541.25868486453  849.0422
5541.30405967994  873.608
5541.34943098491  893.9815
5541.39479877928  853.6272
5541.4401630629  872.2322
5541.48552383561  868.6393
5541.53088109726  888.4542
5541.57623484771  836.2378
5541.62158508679  852.4424
5541.66693181436  837.6083
5541.71227503027  838.6074
5541.75761473437  809.8868
5541.80295092649  847.2547
5541.8482836065  845.9583
5541.89361277423  878.9843
5541.93893842955  905.6056
5541.98426057228  861.6422
5542.0295792023  846.9131
5542.07489431944  828.905
5542.12020592355  862.8646
5542.16551401448  857.9745
5542.21081859208  865.1821
5542.25611965619  882.6584
5542.30141720668  889.4029
5542.34671124338  898.6756
5542.39200176615  858.9907
5542.43728877483  817.0633
5542.48257226927  878.6523
5542.52785224933  848.8015
5542.57312871484  827.6555
5542.61840166567  888.0072
5542.66367110166  891.2938
5542.70893702265  873.826
5542.75419942851  897.8484
5542.79945831907  861.2362
5542.84471369419  840.1836
5542.88996555371  836.2509
5542.9352138975  821.3517
5542.98045872538  861.157
5543.02570003723  825.1028
5543.07093783287  902.9207
5543.11617211217  834.9305
5543.16140287498  861.7932
5543.20663012114  895.997
5543.25185385051  839.096
5543.29707406292  864.3685
5543.34229075825  878.6982
5543.38750393632  886.79
5543.432713597  863.8342
5543.47791974013  841.2504
5543.52312236557  828.3228
5543.56832147317  851.4014
5543.61351706276  829.2936
5543.65870913421  792.5381
5543.70389768737  851.7299
5543.74908272208  827.6351
5543.7942642382  780.9244
5543.83944223557  830.3081
5543.88461671405  840.7381
5543.92978767349  809.5452
5543.97495511373  782.7884
5544.02011903464  801.677
5544.06527943606  826.988
5544.11043631783  824.5928
5544.15558967982  826.1013
5544.20073952186  834.9528
5544.24588584382  823.4233
5544.29102864554  829.1928
5544.33616792688  769.1422
5544.38130368768  778.7687
5544.42643592781  766.6616
5544.47156464709  756.9553
5544.5166898454  744.678
5544.56181152258  767.1231
5544.60692967847  777.3216
5544.65204431294  780.9705
5544.69715542584  704.8583
5544.74226301701  775.6556
5544.78736708631  770.8636
5544.83246763359  819.704
5544.87756465869  812.8401
5544.92265816148  834.1163
5544.9677481418  763.2466
5545.01283459951  803.735
5545.05791753445  807.5206
5545.10299694648  784.8282
5545.14807283546  840.87
5545.19314520122  800.2393
5545.23821404363  817.7001
5545.28327936253  785.7542
5545.32834115779  801.7668
5545.37339942924  780.4417
5545.41845417675  765.2776
5545.46350540016  795.6396
5545.50855309933  860.7089
5545.55359727411  778.15
5545.59863792435  844.596
5545.6436750499  843.715
5545.68870865061  873.763
5545.73373872635  832.8181
5545.77876527696  822.6863
5545.82378830229  843.178
5545.8688078022  849.9067
5545.91382377654  828.3575
5545.95883622516  846.0735
5546.00384514791  835.2354
5546.04885054466  861.9905
5546.09385241524  873.1292
5546.13885075951  897.3529
5546.18384557733  834.9094
5546.22883686855  845.248
5546.27382463302  896.0438
5546.3188088706  891.8158
5546.36378958113  858.2038
5546.40876676448  852.6702
5546.45374042049  844.1664
5546.49871054902  827.6488
5546.54367714991  884.2357
5546.58864022304  885.2673
5546.63359976824  886.1803
5546.67855578537  840.1676
5546.72350827429  848.6896
5546.76845723484  836.3884
5546.81340266689  796.1817
5546.85834457029  796.899
5546.90328294488  807.6567
5546.94821779053  798.5798
5546.99314910708  811.1633
5547.03807689439  764.4879
5547.08300115232  804.5923
5547.12792188072  802.6404
5547.17283907944  854.9811
5547.21775274833  791.2842
5547.26266288726  785.2586
5547.30756949607  756.1418
5547.35247257462  767.5399
5547.39737212276  779.111
5547.44226814035  788.5883
5547.48716062725  810.7575
5547.53204958329  814.0353
5547.57693500835  794.3448
5547.62181690227  870.9064
5547.66669526492  773.6423
5547.71157009613  818.2596
5547.75644139578  843.724
5547.80130916371  781.8269
5547.84617339977  799.3027
5547.89103410383  829.6705
5547.93589127574  770.0604
5547.98074491535  802.1042
5548.02559502252  753.3908
5548.07044159709  854.5825
5548.11528463894  785.1439
5548.16012414791  841.8255
5548.20496012385  801.7312
5548.24979256663  850.071
5548.29462147609  834.8318
5548.3394468521  807.4813
5548.3842686945  806.6845
5548.42908700316  816.0114
5548.47390177793  838.3611
5548.51871301866  881.8206
5548.56352072521  823.3983
5548.60832489743  839.0223
5548.65312553519  854.235
5548.69792263833  849.1252
5548.74271620671  890.6993
5548.78750624019  885.5049
5548.83229273863  912.8121
5548.87707570187  879.4398
5548.92185512978  845.078
5548.96663102221  914.7755
5549.01140337901  837.3055
5549.05617220005  843.3619
5549.10093748518  823.2326
5549.14569923425  880.6213
5549.19045744712  887.4403
5549.23521212365  871.6375
5549.27996326369  829.5474
5549.3247108671  806.4408
5549.36945493374  819.0721
5549.41419546346  863.6436
5549.45893245611  853.5307
5549.50366591157  845.0312
5549.54839582967  860.8904
5549.59312221028  835.1
5549.63784505326  833.9689
5549.68256435845  856.5002
5549.72728012573  841.0214
5549.77199235494  899.2532
5549.81670104594  847.0403
5549.86140619859  843.0289
5549.90610781274  837.799
5549.95080588826  849.9911
5549.995500425  896.0383
5550.04019142281  852.8784
5550.08487888155  892.5532
5550.12956280109  867.2238
5550.17424318127  888.4535
5550.21892002196  853.7759
5550.26359332301  811.633
5550.30826308428  866.5864
5550.35292930562  883.2609
5550.3975919869  760.9346
5550.44225112797  852.7299
5550.48690672869  861.4136
5550.53155878891  826.8925
5550.5762073085  798.1521
5550.62085228732  882.9619
5550.66549372521  845.713
5550.71013162203  846.9213
5550.75476597766  838.7698
5550.79939679193  844.5205
5550.84402406472  871.4285
5550.88864779587  852.9608
5550.93326798525  862.8663
5550.97788463271  827.1479
5551.02249773812  830.991
5551.06710730133  874.6782
5551.1117133222  849.7643
5551.15631580058  844.6248
5551.20091473634  825.9709
5551.24551012933  833.3069
5551.29010197942  840.9821
5551.33469028645  811.212
5551.37927505029  819.033
5551.42385627081  834.8515
5551.46843394784  886.6058
5551.51300808126  874.719
5551.55757867093  929.9805
5551.60214571669  870.5472
5551.64670921842  887.6154
5551.69126917596  849.9733
5551.73582558919  875.113
5551.78037845795  842.8425
5551.8249277821  884.2558
5551.86947356152  875.9993
5551.91401579604  892.945
5551.95855448554  853.6036
5552.00308962987  929.3026
5552.04762122889  847.3618
5552.09214928246  893.9383
5552.13667379044  941.9769
5552.18119475269  894.6591
5552.22571216907  861.972
5552.27022603943  864.396
5552.31473636365  890.6618
5552.35924314157  845.2942
5552.40374637305  867.0043
5552.44824605796  824.6047
5552.49274219616  856.267
5552.5372347875  879.4383
5552.58172383185  857.6741
5552.62620932906  838.3414
5552.67069127899  883.033
5552.71516968151  820.2183
5552.75964453648  851.6353
5552.80411584374  811.7269
5552.84858360318  867.6594
5552.89304781463  901.4827
5552.93750847797  856.9106
5552.98196559306  853.777
5553.02641915975  846.7416
5553.0708691779  845.5699
5553.11531564738  871.3412
5553.15975856805  832.0045
5553.20419793976  868.1224
5553.24863376237  896.966
5553.29306603576  850.7578
5553.33749475977  864.4908
5553.38191993427  820.4207
5553.42634155912  932.7661
5553.47075963418  906.4266
5553.5151741593  882.9155
5553.55958513437  866.1304
5553.60399255921  886.818
5553.64839643372  886.6749
5553.69279675773  835.8981
5553.73719353112  834.2259
5553.78158675375  811.2885
5553.82597642547  841.9075
5553.87036254615  877.5767
5553.91474511565  844.4384
5553.95912413383  882.994
5554.00349960055  816.4432
5554.04787151567  852.8183
5554.09223987906  788.5435
5554.13660469057  814.8661
5554.18096595007  833.0329
5554.22532365742  789.3209
5554.26967781247  768.5654
5554.3140284151  815.4662
5554.35837546516  815.7886
5554.40271896251  835.3918
5554.44705890702  837.6108
5554.49139529855  819.3116
5554.53572813696  791.075
5554.58005742211  847.8657
5554.62438315387  791.5593
5554.66870533209  771.8121
5554.71302395663  802.8739
5554.75733902737  825.2316
5554.80165054416  811.4728
5554.84595850686  857.7403
5554.89026291534  829.8046
5554.93456376946  808.4741
5554.97886106908  807.5248
5555.02315481406  760.5615
5555.06744500426  757.0145
5555.11173163956  776.2067
5555.1560147198  891.5338
5555.20029424486  861.7982
5555.24457021459  830.1958
5555.28884262886  792.9835
5555.33311148754  844.9068
5555.37737679047  834.4617
5555.42163853753  795.2852
5555.46589672858  818.9954
5555.51015136349  860.3381
5555.5544024421  752.6057
5555.5986499643  775.9092
5555.64289392994  761.4419
5555.68713433887  807.3934
5555.73137119098  755.5807
5555.77560448612  790.5507
5555.81983422415  815.3384
5555.86406040493  763.2239
5555.90828302834  820.5366
5555.95250209423  782.3243
5555.99671760247  760.6367
5556.04092955291  803.5135
5556.08513794543  781.9443
5556.12934277989  815.5273
5556.17354405615  846.3813
5556.21774177407  812.9041
5556.26193593352  775.5693
5556.30612653436  798.5007
5556.35031357646  778.3818
5556.39449705967  800.2073
5556.43867698387  784.774
5556.48285334892  833.5961
5556.52702615467  824.9398
5556.571195401  832.2805
5556.61536108777  818.9435
5556.65952321485  845.9724
5556.70368178209  758.6163
5556.74783678936  871.8395
5556.79198823653  882.7806
5556.83613612345  863.9048
5556.88028045001  829.7032
5556.92442121605  842.2829
5556.96855842144  832.8216
5557.01269206605  876.8741
5557.05682214975  897.4448
5557.10094867239  816.5156
5557.14507163384  833.7593
5557.18919103397  863.8016
5557.23330687263  856.4576
5557.27741914971  879.9068
5557.32152786505  913.6976
5557.36563301853  822.42
5557.40973461001  843.5987
5557.45383263935  870.9333
5557.49792710643  881.4987
5557.5420180111  851.3575
5557.58610535323  862.9809
5557.63018913268  843.2455
5557.67426934933  826.3057
5557.71834600303  799.2437
5557.76241909365  827.3387
5557.80648862106  881.4581
5557.85055458512  861.429
5557.8946169857  875.8032
5557.93867582265  869.0829
5557.98273109586  868.9546
5558.02678280518  763.9906
5558.07083095049  853.0674
5558.11487553163  840.5064
5558.15891654849  857.9268
5558.20295400092  835.5286
5558.2469878888  863.2591
5558.29101821198  828.4681
5558.33504497034  882.7032
5558.37906816374  838.8452
5558.42308779204  853.9496
5558.46710385512  818.3048
5558.51111635283  832.7688
5558.55512528505  805.4193
5558.59913065164  767.3883
5558.64313245247  840.6842
5558.68713068739  727.601
5558.73112535629  807.0999
5558.77511645903  747.0069
5558.81910399546  806.9698
5558.86308796547  817.5917
5558.90706836891  765.2586
5558.95104520565  752.3734
5558.99501847556  789.1522
5559.0389881785  837.9774
5559.08295431435  821.818
5559.12691688297  831.2204
5559.17087588422  853.2057
5559.21483131797  806.2118
5559.25878318409  843.6389
5559.30273148245  789.2115
5559.34667621291  788.7716
5559.39061737534  873.2219
5559.43455496961  864.6685
5559.47848899558  791.6794
5559.52241945313  812.3026
5559.56634634211  741.2271
5559.6102696624  783.1041
5559.65418941386  846.0035
5559.69810559636  869.4306
5559.74201820978  836.8763
5559.78592725396  802.188
5559.82983272879  904.3556
5559.87373463413  736.3175
5559.91763296985  779.4232
5559.96152773582  875.9915
5560.00541893189  867.1238
5560.04930655795  801.5787
5560.09319061386  843.9462
5560.13707109949  808.1417
5560.1809480147  891.7099
5560.22482135936  843.1018
5560.26869113335  797.3248
5560.31255733652  822.3054
5560.35641996875  865.9346
5560.40027902991  799.3925
5560.44413451986  825.8732
5560.48798643847  852.2699
5560.53183478561  903.0936
5560.57567956115  842.6177
5560.61952076496  814.8591
5560.6633583969  844.1575
5560.70719245684  827.0753
5560.75102294466  838.1143
5560.79484986022  895.3921
5560.83867320339  793.727
5560.88249297403  798.2473
5560.92630917202  830.1726
5560.97012179723  793.4076
5561.01393084952  761.6892
5561.05773632876  772.9828
5561.10153823483  785.296
5561.14533656759  813.9725
5561.1891313269  845.6619
5561.23292251265  842.2747
5561.27671012469  778.4363
5561.3204941629  856.981
5561.36427462715  842.5732
5561.4080515173  746.2675
5561.45182483323  757.7465
5561.4955945748  813.4474
5561.53936074188  836.9323
5561.58312333435  837.9795
5561.62688235207  805.8828
5561.67063779491  825.3677
5561.71438966275  818.6698
5561.75813795544  877.8014
5561.80188267286  836.8881
5561.84562381489  806.6023
5561.88936138139  857.1047
5561.93309537222  802.3657
5561.97682578727  809.9833
5562.02055262639  874.5194
5562.06427588947  874.0482
5562.10799557636  841.1591
5562.15171168695  919.2527
5562.19542422109  922.8499
5562.23913317867  850.2809
5562.28283855954  834.4379
5562.32654036359  845.1467
5562.37023859067  858.8332
5562.41393324067  862.2349
5562.45762431345  841.6748
5562.50131180888  856.3335
5562.54499572683  819.4913
5562.58867606717  863.3032
5562.63235282978  860.199
5562.67602601452  794.7016
5562.71969562127  808.3079
5562.76336164989  873.5011
5562.80702410026  809.4282
5562.85068297224  845.3951
5562.89433826571  841.1004
5562.93798998054  766.8475
5562.9816381166  837.9286
5563.02528267376  763.0632
5563.06892365189  772.5412
5563.11256105087  843.062
5563.15619487056  744.1568
5563.19982511083  810.0031
5563.24345177156  811.5211
5563.28707485262  839.9903
5563.33069435387  793.916
5563.3743102752  760.3044
5563.41792261647  769.851
5563.46153137755  768.1606
5563.50513655831  791.4601
5563.54873815863  743.8967
5563.59233617838  765.1653
5563.63593061743  794.0751
5563.67952147564  718.5325
5563.72310875291  805.7975
5563.76669244908  840.472
5563.81027256405  773.536
5563.85384909767  770.9573
5563.89742204982  753.9072
5563.94099142037  814.5262
5563.9845572092  806.9776
5564.02811941617  771.9797
5564.07167804116  782.1387
5564.11523308405  770.0418
5564.15878454469  724.7203
5564.20233242297  764.6628
5564.24587671876  788.1234
5564.28941743193  699.3975
5564.33295456235  746.2424
5564.3764881099  751.5434
5564.42001807444  782.5544
5564.46354445585  773.7029
5564.507067254  737.3178
5564.55058646878  738.2695
5564.59410210003  709.1573
5564.63761414765  834.9914
5564.6811226115  819.1161
5564.72462749146  767.6564
5564.76812878739  772.0497
5564.81162649918  778.6899
5564.8551206267  861.5724
5564.89861116981  782.4604
5564.94209812839  744.3009
5564.98558150232  768.314
5565.02906129146  822.413
5565.07253749569  813.681
5565.11601011489  773.8259
5565.15947914893  799.6364
5565.20294459767  821.5454
5565.246406461  802.3964
5565.28986473879  755.0239
5565.33331943091  907.0616
5565.37677053723  884.6422
5565.42021805763  880.9705
5565.46366199198  863.0971
5565.50710234016  839.9147
5565.55053910204  816.0958
5565.59397227749  800.532
5565.63740186638  893.5678
5565.6808278686  803.6437
5565.72425028401  799.6991
5565.76766911249  874.007
5565.81108435392  878.4872
5565.85449600815  767.0655
5565.89790407508  894.64
5565.94130855458  891.2191
5565.98470944652  815.275
5566.02810675076  751.7121
5566.0715004672  843.41
5566.1148905957  737.7949
5566.15827713613  760.1993
5566.20166008838  743.6822
5566.24503945231  848.3808
5566.2884152278  794.7204
5566.33178741472  764.6694
5566.37515601296  790.2393
5566.41852102238  773.9133
5566.46188244286  720.4037
5566.50524027427  781.8183
5566.54859451649  736.7677
5566.59194516939  768.4125
5566.63529223285  742.6265
5566.67863570675  789.2297
5566.72197559095  743.2582
5566.76531188534  822.116
5566.80864458978  740.9327
5566.85197370416  716.8595
5566.89529922835  796.6109
5566.93862116222  760.927
5566.98193950565  778.6734
5567.02525425851  762.965
5567.06856542069  764.3001
5567.11187299205  764.2916
5567.15517697247  761.2651
5567.19847736183  726.6701
5567.24177416  801.3699
5567.28506736686  816.7855
5567.32835698228  782.1207
5567.37164300614  770.2126
5567.41492543832  838.1819
5567.45820427869  780.1816
5567.50147952712  768.4307
5567.5447511835  854.3185
5567.5880192477  745.6253
5567.63128371959  834.5968
5567.67454459905  770.3146
5567.71780188596  842.2188
5567.76105558019  778.5298
5567.80430568162  842.4678
5567.84755219013  724.7968
5567.89079510559  767.0657
5567.93403442787  752.8254
5567.97727015687  860.4116
5568.02050229244  711.6939
5568.06373083447  727.3866
5568.10695578283  751.666
5568.15017713741  759.2858
5568.19339489807  881.0302
5568.2366090647  743.5647
5568.27981963717  717.0023
5568.32302661535  752.6501
5568.36622999913  744.2412
5568.40942978838  821.7723
5568.45262598298  861.7279
5568.49581858281  730.2817
5568.53900758773  815.3362
5568.58219299764  841.2664
5568.6253748124  742.5048
5568.6685530319  790.237
5568.71172765601  736.593
5568.7548986846  790.4162
5568.79806611756  759.8326
5568.84122995477  804.4174
5568.88439019609  774.3351
5568.92754684141  812.2587
5568.97069989061  781.8853
5569.01384934356  775.8877
5569.05699520014  772.8687
5569.10013746023  772.4149
5569.1432761237  870.1997
5569.18641119044  903.6042
5569.22954266031  830.9366
5569.27267053321  814.7777
5569.315794809  868.4398
5569.35891548757  811.2521
5569.40203256879  819.3989
5569.44514605254  861.9612
5569.4882559387  797.1531
5569.53136222715  782.0802
5569.57446491776  878.5343
5569.61756401042  862.172
5569.660659505  849.3529
5569.70375140137  838.3151
5569.74683969943  738.7854
5569.78992439904  826.678
5569.83300550009  830.3185
5569.87608300245  875.5005
5569.919156906  744.9051
5569.96222721062  800.7135
5570.0052939162  786.7385
5570.0483570226  872.2433
5570.0914165297  761.0168
5570.1344724374  704.7075
5570.17752474556  742.6788
5570.22057345406  782.1313
5570.26361856278  722.7887
5570.3066600716  718.5381
5570.34969798041  750.9753
5570.39273228907  764.7558
5570.43576299747  650.4033
5570.47879010549  821.7337
5570.52181361301  708.3965
5570.5648335199  780.4515
5570.60784982605  748.0392
5570.65086253133  681.3737
5570.69387163562  677.1145
5570.73687713881  732.8182
5570.77987904077  727.764
5570.82287734139  735.6046
5570.86587204053  686.5027
5570.90886313809  733.6471
5570.95185063394  720.7391
5570.99483452796  714.7335
5571.03781482004  741.3296
5571.08079151004  691.785
5571.12376459785  805.6497
5571.16673408335  699.0355
5571.20969996643  667.9913
5571.25266224695  776.1092
5571.29562092481  695.3034
5571.33857599987  866.7949
5571.38152747203  846.0938
5571.42447534116  762.4288
5571.46741960714  742.7227
5571.51036026985  846.2638
5571.55329732917  790.6927
5571.59623078499  763.4231
5571.63916063718  850.0324
5571.68208688562  807.6714
5571.72500953019  856.3348
5571.76792857078  745.9156
5571.81084400727  841.7557
5571.85375583953  909.5015
5571.89666406744  782.5015
5571.9395686909  831.4476
5571.98246970977  783.7242
5572.02536712394  855.4301
5572.06826093329  840.5629
5572.1111511377  776.708
5572.15403773706  847.2275
5572.19692073123  881.3281
5572.23980012011  808.4023
5572.28267590358  765.2897
5572.32554808151  885.0244
5572.36841665379  868.7424
5572.4112816203  810.236
5572.45414298092  825.9163
5572.49700073553  877.5897
5572.53985488401  841.9681
5572.58270542625  844.3868
5572.62555236213  873.5378
5572.66839569152  807.7436
5572.71123541431  887.6451
5572.75407153038  843.9694
5572.79690403962  873.9587
5572.8397329419  775.1153
5572.8825582371  748.3196
5572.92537992512  824.7386
5572.96819800582  824.9568
5573.0110124791  866.7568
5573.05382334483  834.3152
5573.09663060289  790.0186
5573.13943425318  782.5771
5573.18223429557  820.0448
5573.22503072993  809.7776
5573.26782355617  720.97
5573.31061277415  771.6663
5573.35339838376  708.4939
5573.39618038488  732.475
5573.4389587774  709.8139
5573.48173356119  704.0071
5573.52450473614  756.0654
5573.56727230214  726.6788
5573.61003625905  700.006
5573.65279660678  675.9041
5573.6955533452  648.2156
5573.73830647418  613.5294
5573.78105599363  648.9644
5573.82380190341  736.486
5573.86654420342  762.4289
5573.90928289352  698.3629
5573.95201797362  678.3456
5573.99474944359  635.651
5574.03747730331  735.9545
5574.08020155266  576.406
5574.12292219154  759.1458
5574.16563921982  703.0707
5574.20835263738  746.6617
5574.25106244412  643.3704
5574.29376863991  702.9129
5574.33647122464  713.408
5574.37917019818  657.3243
5574.42186556043  749.5784
5574.46455731126  771.8275
5574.50724545057  797.6912
