6053.02234987895  0.
6053.07835868867  0.
6053.13436393777  0.
6053.19036562599  0.
6053.24636375309  1156.093
6053.30235831881  1162.226
6053.3583493229  1287.715
6053.41433676512  1166.31
6053.4703206452  1212.887
6053.52630096291  1256.581
6053.58227771799  1158.017
6053.63825091019  1207.882
6053.69422053926  1259.771
6053.75018660496  1295.036
6053.80614910702  1177.05
6053.86210804521  1257.187
6053.91806341926  1160.746
6053.97401522894  1179.052
6054.02996347399  1265.031
6054.08590815416  1294.074
6054.1418492692  1129.936
6054.19778681887  1159.36
6054.2537208029  1209.273
6054.30965122106  1246.682
6054.3655780731  1250.008
6054.42150135876  1209.334
6054.47742107779  1105.572
6054.53333722995  1178.746
6054.58924981498  1230.449
6054.64515883264  1302.956
6054.70106428268  1211.526
6054.75696616485  1186.053
6054.81286447889  1260.04
6054.86875922457  1224.509
6054.92465040163  1142.224
6054.98053800982  1121.105
6055.03642204889  1194.83
6055.0923025186  1165.382
6055.14817941869  1276.892
6055.20405274892  1204.112
6055.25992250904  1238.546
6055.3157886988  1223.979
6055.37165131795  1211.876
6055.42751036625  1244.614
6055.48336584344  1250.011
6055.53921774927  1125.589
6055.5950660835  1229.595
6055.65091084588  1215.454
6055.70675203617  1186.819
6055.7625896541  1272.851
6055.81842369944  1215.572
6055.87425417193  1180.397
6055.93008107134  1216.418
6055.98590439741  1247.027
6056.04172414988  1231.895
6056.09754032852  1252.111
6056.15335293308  1191.029
6056.20916196331  1230.517
6056.26496741896  1207.67
6056.32076929978  1188.825
6056.37656760553  1222.757
6056.43236233596  1186.72
6056.48815349082  1114.495
6056.54394106986  1137.655
6056.59972507284  1203.167
6056.65550549951  1155.603
6056.71128234962  1239.215
6056.76705562292  1132.071
6056.82282531917  1180.956
6056.87859143812  1112.626
6056.93435397952  1123.107
6056.99011294313  1129.043
6057.04586832869  1139.191
6057.10162013597  1129.148
6057.15736836471  1217.187
6057.21311301467  1160.216
6057.2688540856  1089.095
6057.32459157726  1122.115
6057.3803254894  1259.555
6057.43605582176  1097.688
6057.49178257411  1161.938
6057.5475057462  1165.43
6057.60322533777  1227.575
6057.6589413486  1149.007
6057.71465377842  1159.141
6057.770362627  1150.71
6057.82606789408  1194.953
6057.88176957942  1194.324
6057.93746768277  1267.198
6057.9931622039  1204.282
6058.04885314254  1166.913
6058.10454049846  1291.162
6058.16022427141  1182.147
6058.21590446114  1184.828
6058.27158106741  1242.302
6058.32725408998  1266.522
6058.38292352859  1195.731
6058.438589383  1188.581
6058.49425165296  1185.791
6058.54991033824  1223.261
6058.60556543857  1258.926
6058.66121695373  1238.569
6058.71686488346  1195.718
6058.77250922752  1220.054
6058.82814998566  1269.532
6058.88378715764  1230.663
6058.9394207432  1139.752
6058.99505074212  1212.384
6059.05067715414  1257.371
6059.10629997901  1163.009
6059.1619192165  1200.056
6059.21753486635  1168.929
6059.27314692832  1150.373
6059.32875540217  1167.761
6059.38436028765  1282.648
6059.43996158452  1219.578
6059.49555929253  1247.286
6059.55115341144  1241.656
6059.60674394101  1180.152
6059.66233088098  1292.62
6059.71791423111  1283.611
6059.77349399117  1243.42
6059.8290701609  1150.218
6059.88464274006  1226.422
6059.94021172841  1213.492
6059.9957771257  1201.459
6060.05133893169  1308.721
6060.10689714613  1189.361
6060.16245176879  1124.521
6060.21800279941  1169.026
6060.27355023775  1224.262
6060.32909408358  1201.287
6060.38463433663  1227.269
6060.44017099668  1189.119
6060.49570406347  1175.986
6060.55123353677  1213.583
6060.60675941633  1199.303
6060.6622817019  1270.242
6060.71780039324  1266.924
6060.77331549012  1260.522
6060.82882699227  1261.479
6060.88433489948  1284.373
6060.93983921148  1264.324
6060.99533992803  1230.571
6061.0508370489  1276.097
6061.10633057384  1258.003
6061.1618205026  1166.155
6061.21730683494  1312.003
6061.27278957063  1212.308
6061.32826870941  1246.349
6061.38374425105  1187.795
6061.4392161953  1207.253
6061.49468454191  1116.334
6061.55014929066  1259.843
6061.60561044128  1152.362
6061.66106799354  1232.326
6061.71652194721  1233.85
6061.77197230202  1227.945
6061.82741905775  1229.134
6061.88286221415  1210.494
6061.93830177098  1270.401
6061.99373772799  1189.052
6062.04917008495  1236.766
6062.10459884161  1290.956
6062.16002399773  1258.874
6062.21544555305  1218.43
6062.27086350736  1294.071
6062.3262778604  1183.589
6062.38168861193  1252.371
6062.43709576171  1219.576
6062.49249930949  1281.071
6062.54789925504  1339.141
6062.60329559811  1231.604
6062.65868833847  1156.658
6062.71407747586  1298.742
6062.76946301005  1236.749
6062.8248449408  1233.595
6062.88022326786  1289.928
6062.935597991  1185.077
6062.99096910997  1265.27
6063.04633662453  1242.371
6063.10170053444  1109.355
6063.15706083946  1229.045
6063.21241753934  1216.021
6063.26777063385  1191.261
6063.32312012275  1232.786
6063.37846600579  1255.667
6063.43380828273  1206.409
6063.48914695333  1291.761
6063.54448201736  1222.122
6063.59981347456  1250.981
6063.65514132471  1182.086
6063.71046556755  1186.475
6063.76578620285  1235.457
6063.82110323037  1235.053
6063.87641664987  1215.45
6063.9317264611  1186.445
6063.98703266383  1253.265
6064.04233525782  1225.451
6064.09763424281  1214.435
6064.15292961859  1220.123
6064.2082213849  1243.473
6064.2635095415  1201.151
6064.31879408816  1263.413
6064.37407502463  1213.509
6064.42935235067  1213.193
6064.48462606605  1231.345
6064.53989617053  1243.891
6064.59516266386  1267.29
6064.6504255458  1200.85
6064.70568481612  1133.312
6064.76094047457  1229.365
6064.81619252092  1209.532
6064.87144095492  1206.156
6064.92668577634  1201.746
6064.98192698494  1252.575
6065.03716458047  1242.153
6065.0923985627  1130.005
6065.14762893139  1214.881
6065.2028556863  1199.835
6065.25807882719  1267.402
6065.31329835382  1214.043
6065.36851426595  1231.416
6065.42372656335  1253.386
6065.47893524576  1202.462
6065.53414031297  1236.535
6065.58934176471  1247.658
6065.64453960077  1184.673
6065.69973382089  1214.831
6065.75492442484  1148.441
6065.81011141238  1126.116
6065.86529478327  1170.719
6065.92047453727  1153.667
6065.97565067415  1146.89
6066.03082319367  1171.993
6066.08599209558  1107.955
6066.14115737965  1098.216
6066.19631904564  1058.733
6066.25147709331  1127.949
6066.30663152243  1129.375
6066.36178233276  1163.324
6066.41692952405  1105.35
6066.47207309607  1089.396
6066.52721304858  1132.074
6066.58234938134  1158.673
6066.63748209413  1040.916
6066.69261118668  1025.264
6066.74773665878  1137.959
6066.80285851018  1121.569
6066.85797674065  1114.621
6066.91309134994  1107.995
6066.96820233782  1123.063
6067.02330970405  1149.244
6067.0784134484  1163.338
6067.13351357062  1090.196
6067.18861007048  1169.621
6067.24370294774  1139.613
6067.29879220217  1159.782
6067.35387783352  1145.897
6067.40895984156  1282.44
6067.46403822606  1157.061
6067.51911298677  1172.223
6067.57418412346  1279.04
6067.62925163589  1248.597
6067.68431552383  1267.785
6067.73937578703  1287.
6067.79443242526  1173.489
6067.84948543829  1232.769
6067.90453482588  1206.473
6067.95958058778  1235.807
6068.01462272377  1257.935
6068.06966123361  1235.874
6068.12469611706  1206.89
6068.17972737388  1209.984
6068.23475500384  1316.81
6068.2897790067  1218.419
6068.34479938223  1224.182
6068.39981613018  1263.239
6068.45482925033  1290.708
6068.50983874243  1240.033
6068.56484460626  1244.291
6068.61984684157  1229.978
6068.67484544812  1208.85
6068.7298404257  1307.561
6068.78483177404  1253.021
6068.83981949293  1248.749
6068.89480358212  1221.397
6068.94978404138  1291.512
6069.00476087047  1219.193
6069.05973406917  1221.782
6069.11470363722  1254.363
6069.1696695744  1218.392
6069.22463188047  1248.891
6069.2795905552  1211.631
6069.33454559835  1265.172
6069.38949700968  1189.386
6069.44444478896  1240.136
6069.49938893596  1300.827
6069.55432945043  1295.733
6069.60926633215  1274.034
6069.66419958088  1218.572
6069.71912919638  1231.334
6069.77405517843  1197.417
6069.82897752677  1231.468
6069.88389624119  1239.697
6069.93881132144  1280.844
6069.99372276729  1250.022
6070.0486305785  1279.25
6070.10353475485  1208.801
6070.15843529609  1255.046
6070.21333220199  1252.887
6070.26822547232  1241.527
6070.32311510684  1259.744
6070.37800110532  1154.68
6070.43288346752  1278.066
6070.48776219322  1271.963
6070.54263728216  1237.972
6070.59750873413  1282.313
6070.65237654889  1266.234
6070.7072407262  1229.528
6070.76210126582  1254.184
6070.81695816753  1205.242
6070.8718114311  1200.571
6070.92666105627  1248.947
6070.98150704284  1222.663
6071.03634939055  1196.604
6071.09118809918  1186.385
6071.14602316848  1242.482
6071.20085459824  1255.592
6071.25568238822  1207.746
6071.31050653817  1202.233
6071.36532704787  1250.661
6071.42014391709  1225.243
6071.47495714559  1190.043
6071.52976673313  1214.085
6071.58457267949  1247.165
6071.63937498443  1243.863
6071.69417364772  1235.941
6071.74896866913  1245.114
6071.80376004842  1258.67
6071.85854778535  1234.69
6071.9133318797  1244.064
6071.96811233124  1266.149
6072.02288913973  1219.169
6072.07766230493  1242.594
6072.13243182663  1201.92
6072.18719770457  1220.526
6072.24195993853  1188.261
6072.29671852828  1263.777
6072.35147347359  1257.878
6072.40622477421  1245.689
6072.46097242993  1240.419
6072.5157164405  1228.494
6072.57045680571  1266.511
6072.6251935253  1152.753
6072.67992659905  1221.71
6072.73465602674  1191.196
6072.78938180812  1273.083
6072.84410394296  1300.099
6072.89882243104  1218.018
6072.95353727212  1206.842
6073.00824846596  1228.849
6073.06295601235  1294.59
6073.11765991104  1202.474
6073.1723601618  1205.15
6073.2270567644  1229.755
6073.28174971862  1225.708
6073.33643902421  1213.774
6073.39112468095  1233.547
6073.44580668861  1239.796
6073.50048504695  1258.747
6073.55515975574  1194.33
6073.60983081476  1245.417
6073.66449822376  1302.937
6073.71916198253  1180.456
6073.77382209082  1241.751
6073.82847854841  1263.593
6073.88313135507  1221.85
6073.93778051056  1251.327
6073.99242601466  1183.521
6074.04706786713  1255.029
6074.10170606774  1215.487
6074.15634061626  1261.088
6074.21097151246  1241.895
6074.26559875612  1159.544
6074.32022234699  1224.27
6074.37484228485  1312.471
6074.42945856947  1215.275
6074.48407120062  1256.713
6074.53868017807  1246.672
6074.59328550158  1208.987
6074.64788717093  1258.984
6074.70248518589  1260.142
6074.75707954622  1201.294
6074.8116702517  1197.928
6074.86625730209  1209.968
6074.92084069718  1243.526
6074.97542043672  1226.479
6075.02999652048  1242.917
6075.08456894824  1284.148
6075.13913771977  1195.378
6075.19370283483  1261.227
6075.2482642932  1182.728
6075.30282209465  1207.098
6075.35737623895  1243.508
6075.41192672586  1238.316
6075.46647355516  1221.381
6075.52101672663  1188.319
6075.57555624002  1270.575
6075.63009209511  1239.103
6075.68462429167  1261.393
6075.73915282948  1187.746
6075.7936777083  1210.797
6075.8481989279  1271.771
6075.90271648805  1194.418
6075.95723038853  1275.661
6076.01174062911  1265.833
6076.06624720955  1250.031
6076.12075012963  1195.249
6076.17524938913  1257.68
6076.2297449878  1263.148
6076.28423692542  1264.193
6076.33872520177  1244.302
6076.39320981661  1282.731
6076.44769076972  1248.225
6076.50216806087  1290.553
6076.55664168983  1271.144
6076.61111165636  1254.166
6076.66557796025  1212.19
6076.72004060126  1214.352
6076.77449957917  1271.401
6076.82895489375  1243.562
6076.88340654477  1290.12
6076.93785453199  1239.872
6076.9922988552  1261.515
6077.04673951417  1236.833
6077.10117650866  1263.465
6077.15560983846  1221.741
6077.21003950332  1260.066
6077.26446550303  1217.248
6077.31888783735  1315.663
6077.37330650606  1244.629
6077.42772150893  1193.893
6077.48213284574  1253.08
6077.53654051625  1248.421
6077.59094452024  1272.692
6077.64534485748  1219.219
6077.69974152774  1251.517
6077.7541345308  1215.265
6077.80852386643  1221.977
6077.8629095344  1203.013
6077.91729153448  1248.224
6077.97166986645  1214.283
6078.02604453008  1196.962
6078.08041552515  1190.248
6078.13478285142  1219.981
6078.18914650867  1156.866
6078.24350649667  1189.687
6078.2978628152  1219.884
6078.35221546402  1247.065
6078.40656444292  1146.529
6078.46090975166  1271.036
6078.51525139003  1211.272
6078.56958935778  1270.527
6078.6239236547  1182.196
6078.67825428056  1264.726
6078.73258123514  1250.162
6078.78690451819  1248.931
6078.84122412952  1156.153
6078.89554006887  1209.536
6078.94985233603  1274.235
6079.00416093078  1228.925
6079.05846585288  1203.732
6079.11276710211  1151.472
6079.16706467824  1154.58
6079.22135858106  1169.155
6079.27564881032  1183.384
6079.32993536581  1141.716
6079.3842182473  1177.359
6079.43849745457  1180.057
6079.49277298739  1203.14
6079.54704484552  1146.256
6079.60131302876  1116.45
6079.65557753687  1108.354
6079.70983836963  1115.492
6079.76409552681  1075.492
6079.81834900818  1105.8
6079.87259881353  1075.535
6079.92684494262  1050.933
6079.98108739523  1066.75
6080.03532617114  1121.498
6080.08956127012  1111.613
6080.14379269194  1142.366
6080.19802043639  1141.552
6080.25224450323  1117.63
6080.30646489224  1206.142
6080.3606816032  1159.327
6080.41489463587  1154.593
6080.46910399005  1169.419
6080.5233096655  1216.588
6080.57751166199  1175.04
6080.63170997931  1164.726
6080.68590461722  1230.31
6080.74009557551  1154.601
6080.79428285395  1192.609
6080.84846645231  1237.934
6080.90264637037  1192.461
6080.95682260791  1223.561
6081.0109951647  1249.291
6081.06516404052  1256.692
6081.11932923515  1226.92
6081.17349074835  1195.788
6081.22764857991  1226.563
6081.2818027296  1214.572
6081.3359531972  1217.046
6081.39009998249  1279.42
6081.44424308523  1234.479
6081.49838250522  1248.731
6081.55251824221  1307.183
6081.606650296  1162.512
6081.66077866635  1270.627
6081.71490335304  1268.876
6081.76902435586  1198.919
6081.82314167457  1169.536
6081.87725530895  1230.028
6081.93136525878  1253.479
6081.98547152383  1255.645
6082.03957410389  1232.597
6082.09367299873  1234.735
6082.14776820813  1231.5
6082.20185973186  1243.853
6082.2559475697  1223.927
6082.31003172142  1214.021
6082.36411218681  1162.994
6082.41818896565  1241.44
6082.4722620577  1230.271
6082.52633146275  1190.608
6082.58039718057  1176.863
6082.63445921094  1206.75
6082.68851755365  1184.159
6082.74257220845  1147.59
6082.79662317514  1215.842
6082.8506704535  1184.199
6082.90471404329  1197.374
6082.9587539443  1245.877
6083.0127901563  1185.032
6083.06682267907  1150.318
6083.1208515124  1194.033
6083.17487665605  1181.823
6083.2288981098  1169.688
6083.28291587345  1169.045
6083.33692994675  1147.849
6083.39094032949  1119.722
6083.44494702145  1193.947
6083.49895002241  1202.492
6083.55294933214  1145.949
6083.60694495043  1152.333
6083.66093687704  1221.286
6083.71492511177  1253.095
6083.76890965438  1197.449
6083.82289050466  1219.283
6083.87686766239  1178.515
6083.93084112734  1181.049
6083.98481089929  1157.695
6084.03877697803  1152.842
6084.09273936332  1130.228
6084.14669805496  1198.663
6084.20065305271  1149.173
6084.25460435636  1172.513
6084.30855196568  1250.261
6084.36249588046  1217.515
6084.41643610047  1180.162
6084.4703726255  1160.46
6084.52430545532  1231.739
6084.57823458971  1249.914
6084.63216002845  1232.463
6084.68608177133  1266.013
6084.73999981811  1180.828
6084.79391416858  1218.013
6084.84782482252  1216.594
6084.90173177971  1236.511
6084.95563503993  1233.367
6085.00953460296  1211.428
6085.06343046857  1131.21
6085.11732263655  1227.759
6085.17121110668  1190.449
6085.22509587873  1228.488
6085.27897695249  1219.028
6085.33285432774  1255.045
6085.38672800426  1227.205
6085.44059798182  1247.993
6085.49446426021  1246.009
6085.54832683921  1220.079
6085.60218571859  1247.248
6085.65604089815  1159.301
6085.70989237765  1191.99
6085.76374015688  1183.88
6085.81758423562  1233.398
6085.87142461365  1199.703
6085.92526129075  1111.329
6085.9790942667  1204.724
6086.03292354129  1201.958
6086.08674911429  1231.342
6086.14057098547  1211.086
6086.19438915464  1155.849
6086.24820362156  1229.911
6086.30201438601  1219.216
6086.35582144778  1196.545
6086.40962480666  1160.663
6086.4634244624  1128.459
6086.51722041481  1254.695
6086.57101266366  1169.273
6086.62480120874  1206.895
6086.67858604982  1136.437
6086.73236718668  1212.4
6086.78614461911  1175.103
6086.83991834689  1164.066
6086.8936883698  1150.778
6086.94745468762  1187.229
6087.00121730013  1162.174
6087.05497620712  1211.315
6087.10873140836  1165.565
6087.16248290364  1206.871
6087.21623069274  1130.402
6087.26997477545  1249.326
6087.32371515154  1170.699
6087.37745182079  1141.77
6087.43118478299  1164.955
6087.48491403792  1209.442
6087.53863958537  1284.104
6087.5923614251  1208.721
6087.64607955692  1199.757
6087.69979398059  1227.898
6087.75350469591  1201.573
6087.80721170265  1196.902
6087.86091500059  1256.5
6087.91461458952  1214.201
6087.96831046923  1236.903
6088.02200263949  1203.379
6088.07569110008  1185.798
6088.1293758508  1223.536
6088.18305689141  1233.895
6088.23673422171  1187.312
6088.29040784148  1231.883
6088.3440777505  1245.005
6088.39774394855  1247.082
6088.45140643542  1195.988
6088.50506521089  1217.061
6088.55872027474  1169.286
6088.61237162676  1214.104
6088.66601926673  1221.41
6088.71966319443  1226.176
6088.77330340964  1182.34
6088.82693991216  1199.429
6088.88057270175  1244.88
6088.93420177822  1208.882
6088.98782714133  1215.589
6089.04144879088  1200.095
6089.09506672665  1234.239
6089.14868094841  1257.095
6089.20229145596  1282.834
6089.25589824908  1200.338
6089.30950132755  1208.154
6089.36310069116  1237.697
6089.41669633969  1251.94
6089.47028827292  1248.597
6089.52387649064  1199.263
6089.57746099263  1227.703
6089.63104177868  1231.364
6089.68461884857  1262.608
6089.73819220209  1223.297
6089.79176183901  1219.986
6089.84532775913  1220.891
6089.89888996223  1262.769
6089.95244844809  1201.268
6090.0060032165  1207.709
6090.05955426724  1272.207
6090.11310160009  1244.42
6090.16664521485  1191.596
6090.22018511129  1188.323
6090.27372128921  1172.951
6090.32725374838  1199.481
6090.38078248859  1184.046
6090.43430750963  1226.888
6090.48782881128  1207.154
6090.54134639332  1150.419
6090.59486025555  1242.504
6090.64837039774  1170.584
6090.70187681968  1191.557
6090.75537952116  1160.906
6090.80887850196  1160.686
6090.86237376187  1144.011
6090.91586530067  1102.202
6090.96935311815  1138.27
6091.02283721409  1165.063
6091.07631758829  1133.944
6091.12979424052  1141.955
6091.18326717057  1184.681
6091.23673637822  1126.444
6091.29020186327  1172.506
6091.3436636255  1230.996
6091.39712166469  1254.678
6091.45057598063  1187.64
6091.50402657311  1194.472
6091.55747344191  1226.203
6091.61091658681  1205.976
6091.66435600762  1224.308
6091.7177917041  1198.984
6091.77122367605  1237.654
6091.82465192326  1218.727
6091.8780764455  1197.858
6091.93149724257  1215.791
6091.98491431425  1176.766
6092.03832766034  1242.108
6092.0917372806  1157.164
6092.14514317484  1204.658
6092.19854534284  1238.39
6092.25194378439  1220.013
6092.30533849927  1197.093
6092.35872948726  1154.886
6092.41211674817  1182.914
6092.46550028176  1252.616
6092.51888008784  1232.324
6092.57225616619  1237.542
6092.62562851659  1143.364
6092.67899713883  1196.154
6092.73236203271  1181.425
6092.78572319799  1235.46
6092.83908063448  1197.936
6092.89243434196  1215.745
6092.94578432023  1227.501
6092.99913056905  1221.942
6093.05247308823  1192.992
6093.10581187756  1215.309
6093.15914693681  1222.903
6093.21247826577  1220.238
6093.26580586424  1202.063
6093.31912973201  1166.211
6093.37244986885  1178.139
6093.42576627456  1226.549
6093.47907894893  1228.188
6093.53238789173  1187.136
6093.58569310278  1185.16
6093.63899458184  1191.367
6093.69229232871  1226.573
6093.74558634317  1234.98
6093.79887662502  1233.945
6093.85216317404  1237.479
6093.90544599003  1199.19
6093.95872507276  1207.946
6094.01200042203  1232.795
6094.06527203763  1216.966
6094.11853991935  1206.733
6094.17180406696  1242.755
6094.22506448027  1199.218
6094.27832115906  1194.72
6094.33157410312  1175.547
6094.38482331225  1204.939
6094.43806878621  1217.933
6094.49131052482  1177.818
6094.54454852785  1224.278
6094.59778279509  1249.736
6094.65101332634  1190.053
6094.70424012139  1228.405
6094.75746318001  1171.056
6094.81068250201  1179.909
6094.86389808716  1179.375
6094.91710993527  1179.575
6094.97031804612  1206.399
6095.02352241949  1146.622
6095.07672305519  1146.602
6095.12991995299  1243.678
6095.18311311269  1226.123
6095.23630253408  1135.96
6095.28948821694  1201.119
6095.34267016108  1235.545
6095.39584836626  1203.997
6095.4490228323  1175.437
6095.50219355897  1250.997
6095.55536054608  1231.729
6095.60852379339  1210.785
6095.66168330071  1264.75
6095.71483906783  1260.603
6095.76799109454  1212.734
6095.82113938063  1246.156
6095.87428392588  1248.528
6095.92742473009  1192.853
6095.98056179305  1186.383
6096.03369511455  1236.398
6096.08682469438  1220.73
6096.13995053232  1222.417
6096.19307262818  1226.439
6096.24619098174  1218.534
6096.2993055928  1249.884
6096.35241646113  1314.004
6096.40552358654  1245.516
6096.45862696881  1272.196
6096.51172660774  1244.818
6096.56482250312  1249.461
6096.61791465473  1198.729
6096.67100306237  1208.024
6096.72408772583  1180.509
6096.77716864491  1303.375
6096.83024581939  1312.544
6096.88331924905  1225.7
6096.93638893371  1224.272
6096.98945487314  1220.604
6097.04251706714  1256.011
6097.09557551549  1218.583
6097.148630218  1238.18
6097.20168117445  1229.424
6097.25472838464  1197.158
6097.30777184835  1263.3
6097.36081156538  1198.758
6097.41384753552  1195.217
6097.46687975856  1196.118
6097.51990823429  1209.996
6097.57293296251  1198.875
6097.625953943  1226.663
6097.67897117557  1215.929
6097.73198465999  1223.492
6097.78499439607  1150.509
6097.8380003836  1194.432
6097.89100262237  1167.73
6097.94400111216  1190.674
6097.99699585278  1218.436
6098.04998684401  1144.194
6098.10297408566  1136.03
6098.1559575775  1187.4
6098.20893731933  1146.298
6098.26191331096  1214.881
6098.31488555215  1246.021
6098.36785404273  1223.543
6098.42081878246  1146.645
6098.47377977115  1229.331
6098.5267370086  1222.354
6098.57969049458  1253.107
6098.63264022891  1235.19
6098.68558621136  1181.08
6098.73852844173  1241.799
6098.79146691982  1211.287
6098.84440164541  1190.107
6098.89733261831  1218.102
6098.95025983831  1188.044
6099.00318330519  1241.79
6099.05610301875  1201.795
6099.1090189788  1173.232
6099.1619311851  1213.759
6099.21483963748  1235.152
6099.26774433571  1271.093
6099.32064527958  1148.239
6099.37354246891  1205.934
6099.42643590347  1221.604
6099.47932558306  1220.612
6099.53221150748  1212.162
6099.58509367651  1192.289
6099.63797208996  1270.791
6099.69084674762  1163.82
6099.74371764928  1234.332
6099.79658479474  1147.503
6099.84944818378  1219.636
6099.90230781621  1238.625
6099.95516369182  1219.15
6100.0080158104  1245.026
6100.06086417175  1226.934
6100.11370877566  1277.516
6100.16654962193  1208.74
6100.21938671035  1235.902
6100.27222004072  1263.626
6100.32504961282  1263.038
6100.37787542646  1234.137
6100.43069748144  1248.436
6100.48351577753  1208.892
6100.53633031455  1232.63
6100.58914109228  1290.576
6100.64194811052  1242.88
6100.69475136907  1250.936
6100.74755086771  1297.328
6100.80034660625  1247.495
6100.85313858449  1223.113
6100.9059268022  1231.96
6100.9587112592  1205.629
6101.01149195528  1195.953
6101.06426889022  1258.01
6101.11704206384  1236.09
6101.16981147592  1299.057
6101.22257712625  1227.39
6101.27533901464  1237.058
6101.32809714088  1246.814
6101.38085150477  1200.257
6101.4336021061  1224.963
6101.48634894466  1168.176
6101.53909202026  1193.586
6101.59183133268  1247.245
6101.64456688174  1251.211
6101.69729866721  1243.994
6101.7500266889  1193.021
6101.8027509466  1207.856
6101.85547144012  1241.659
6101.90818816924  1237.193
6101.96090113376  1234.563
6102.01361033348  1258.821
6102.0663157682  1305.401
6102.1190174377  1243.444
6102.1717153418  1216.977
6102.22440948028  1197.211
6102.27709985294  1277.07
6102.32978645958  1304.162
6102.3824693  1220.76
6102.43514837399  1176.065
6102.48782368134  1164.117
6102.54049522186  1175.847
6102.59316299534  1197.359
6102.64582700159  1237.154
6102.69848724039  1248.371
6102.75114371154  1220.54
6102.80379641484  1223.868
6102.85644535009  1152.097
6102.90909051709  1111.476
6102.96173191563  1167.296
6103.0143695455  1139.016
6103.06700340652  1148.799
6103.11963349847  1091.482
6103.17225982115  1130.757
6103.22488237437  1098.137
6103.27750115791  1100.166
6103.33011617157  1050.399
6103.38272741516  1009.56
6103.43533488847  999.8112
6103.4879385913  1001.178
6103.54053852344  999.6688
6103.5931346847  983.3012
6103.64572707487  1002.572
6103.69831569375  985.889
6103.75090054115  977.0078
6103.80348161684  986.2422
6103.85605892064  959.0872
6103.90863245235  926.3615
6103.96120221176  948.8475
6104.01376819866  1009.755
6104.06633041287  954.5119
6104.11888885417  1012.034
6104.17144352237  971.1741
6104.22399441726  1027.03
6104.27654153864  1000.234
6104.32908488632  980.6387
6104.38162446008  1039.686
6104.43416025973  959.8519
6104.48669228507  1081.9
6104.5392205359  1104.99
6104.59174501202  1066.81
6104.64426571321  1147.869
6104.69678263929  1109.849
6104.74929579006  1153.003
6104.8018051653  1136.288
6104.85431076483  1107.439
6104.90681258843  1113.247
6104.95931063592  1190.106
6105.01180490708  1173.873
6105.06429540173  1165.996
6105.11678211965  1256.234
6105.16926506064  1214.959
6105.22174422452  1262.281
6105.27421961107  1197.686
6105.3266912201  1269.778
6105.3791590514  1233.065
6105.43162310478  1274.505
6105.48408338003  1211.236
6105.53653987696  1254.534
6105.58899259536  1247.948
6105.64144153504  1263.478
6105.6938866958  1216.822
6105.74632807743  1284.583
6105.79876567974  1222.765
6105.85119950252  1180.253
6105.90362954557  1251.1
6105.95605580871  1258.433
6106.00847829172  1244.01
6106.0608969944  1233.867
6106.11331191657  1258.839
6106.16572305801  1300.701
6106.21813041853  1238.828
6106.27053399793  1232.68
6106.32293379601  1254.972
6106.37532981257  1229.019
6106.42772204742  1261.893
6106.48011050034  1257.061
6106.53249517115  1239.559
6106.58487605964  1267.464
6106.63725316562  1215.613
6106.68962648888  1309.619
6106.74199602923  1257.36
6106.79436178647  1279.217
6106.8467237604  1299.334
6106.89908195081  1290.056
6106.95143635752  1203.043
6107.00378698033  1259.303
6107.05613381902  1244.74
6107.10847687342  1270.554
6107.16081614331  1251.204
6107.2131516285  1259.481
6107.2654833288  1286.431
6107.31781124399  1203.532
6107.37013537389  1288.338
6107.4224557183  1232.349
6107.47477227701  1213.758
6107.52708504983  1232.869
6107.57939403656  1209.048
6107.63169923701  1233.805
6107.68400065097  1270.204
6107.73629827825  1203.194
6107.78859211866  1261.258
6107.84088217198  1217.377
6107.89316843803  1235.39
6107.9454509166  1250.096
6107.9977296075  1259.773
6108.05000451054  1258.148
6108.1022756255  1193.421
6108.15454295221  1198.585
6108.20680649045  1190.759
6108.25906624004  1225.581
6108.31132220076  1272.396
6108.36357437244  1233.793
6108.41582275487  1235.902
6108.46806734784  1241.364
6108.52030815117  1245.462
6108.57254516466  1275.124
6108.62477838812  1181.823
6108.67700782133  1142.666
6108.72923346411  1246.065
6108.78145531627  1239.771
6108.83367337759  1126.114
6108.8858876479  1186.143
6108.93809812698  1137.039
6108.99030481465  1200.436
6109.0425077107  1198.46
6109.09470681495  1184.506
6109.14690212719  1233.363
6109.19909364722  1167.891
6109.25128137486  1197.06
6109.3034653099  1139.341
6109.35564545215  1143.969
6109.40782180141  1235.399
6109.45999435748  1165.352
6109.51216312018  1199.722
6109.5643280893  1218.659
6109.61648926465  1197.941
6109.66864664602  1231.61
6109.72080023324  1164.923
6109.77295002609  1176.419
6109.82509602439  1283.684
6109.87723822794  1218.71
6109.92937663653  1235.225
6109.98151124999  1217.551
6110.03364206811  1262.895
6110.08576909069  1243.284
6110.13789231754  1212.42
6110.19001174847  1274.278
6110.24212738327  1270.057
6110.29423922176  1296.109
6110.34634726374  1271.397
6110.39845150901  1298.529
6110.45055195738  1306.646
6110.50264860866  1248.653
6110.55474146264  1227.445
6110.60683051913  1233.956
6110.65891577794  1253.425
6110.71099723888  1265.45
6110.76307490174  1244.543
6110.81514876633  1285.191
6110.86721883247  1253.33
6110.91928509994  1233.922
6110.97134756857  1270.394
6111.02340623815  1271.763
6111.07546110849  1210.322
6111.1275121794  1229.599
6111.17955945068  1260.161
6111.23160292213  1264.808
6111.28364259356  1253.941
6111.33567846479  1240.104
6111.3877105356  1271.853
6111.43973880582  1314.526
6111.49176327524  1251.055
6111.54378394367  1228.053
6111.59580081092  1240.649
6111.64781387679  1262.907
6111.69982314109  1243.112
6111.75182860363  1196.369
6111.80383026421  1277.645
6111.85582812263  1256.463
6111.90782217871  1207.847
6111.95981243225  1230.182
6112.01179888306  1216.395
6112.06378153093  1201.591
6112.11576037569  1199.974
6112.16773541714  1218.597
6112.21970665507  1190.773
6112.27167408931  1220.847
6112.32363771965  1180.858
6112.37559754591  1246.716
6112.42755356788  1194.87
6112.47950578538  1241.432
6112.53145419821  1201.161
6112.58339880618  1182.349
6112.63533960911  1204.635
6112.68727660678  1217.896
6112.73920979901  1209.805
6112.79113918562  1234.569
6112.8430647664  1237.664
6112.89498654116  1195.792
6112.94690450971  1221.447
6112.99881867186  1214.848
6113.05072902742  1276.182
6113.10263557619  1209.608
6113.15453831797  1232.976
6113.20643725259  1292.04
6113.25833237984  1246.403
6113.31022369953  1235.192
6113.36211121147  1206.793
6113.41399491547  1235.805
6113.46587481134  1243.11
6113.51775089889  1261.908
6113.56962317791  1271.261
6113.62149164822  1277.936
6113.67335630964  1217.844
6113.72521716195  1247.443
6113.77707420499  1220.833
6113.82892743854  1282.244
6113.88077686243  1216.305
6113.93262247645  1263.968
6113.98446428043  1212.7
6114.03630227416  1292.797
6114.08813645745  1254.676
6114.13996683012  1215.195
6114.19179339196  1225.891
6114.2436161428  1254.974
6114.29543508244  1224.922
6114.34725021068  1215.563
6114.39906152734  1243.735
6114.45086903222  1181.442
6114.50267272514  1241.27
6114.55447260591  1212.509
6114.60626867432  1195.242
6114.65806093019  1227.135
6114.70984937334  1227.761
6114.76163400356  1205.257
6114.81341482067  1287.637
6114.86519182448  1280.743
6114.9169650148  1159.471
6114.96873439143  1295.916
6115.02049995419  1313.149
6115.07226170288  1221.27
6115.12401963732  1255.645
6115.17577375731  1274.508
6115.22752406267  1281.443
6115.2792705532  1267.512
6115.33101322871  1254.217
6115.38275208902  1262.729
6115.43448713393  1216.635
6115.48621836325  1271.208
6115.53794577679  1237.895
6115.58966937437  1276.95
6115.64138915579  1274.314
6115.69310512086  1265.37
6115.7448172694  1251.433
6115.79652560121  1220.255
6115.8482301161  1273.687
6115.89993081388  1250.115
6115.95162769437  1282.417
6116.00332075737  1221.184
6116.0550100027  1235.001
6116.10669543017  1212.842
6116.15837703958  1235.379
6116.21005483074  1297.481
6116.26172880347  1254.005
6116.31339895759  1244.957
6116.36506529288  1247.264
6116.41672780918  1284.785
6116.46838650629  1254.429
6116.52004138402  1267.745
6116.57169244219  1227.17
6116.62333968059  1265.13
6116.67498309905  1273.377
6116.72662269738  1265.212
6116.77825847538  1185.95
6116.82989043287  1219.534
6116.88151856966  1210.284
6116.93314288556  1265.719
6116.98476338038  1191.924
6117.03638005394  1190.113
6117.08799290604  1194.123
6117.13960193649  1176.695
6117.19120714512  1158.329
6117.24280853172  1186.347
6117.29440609612  1148.273
6117.34599983812  1184.559
6117.39758975753  1168.039
6117.44917585418  1202.022
6117.50075812785  1161.503
6117.55233657838  1144.032
6117.60391120558  1198.345
6117.65548200925  1174.48
6117.7070489892  1204.432
6117.75861214526  1217.99
6117.81017147722  1132.427
6117.86172698491  1205.705
6117.91327866814  1199.619
6117.96482652671  1172.42
6118.01637056044  1184.226
6118.06791076915  1272.833
6118.11944715265  1263.263
6118.17097971074  1272.027
6118.22250844324  1256.237
6118.27403334997  1270.584
6118.32555443073  1257.63
6118.37707168535  1229.603
6118.42858511362  1270.667
6118.48009471537  1143.747
6118.53160049041  1255.33
6118.58310243855  1276.443
6118.6346005596  1198.883
6118.68609485339  1265.142
6118.73758531971  1250.745
6118.78907195839  1247.954
6118.84055476923  1250.15
6118.89203375205  1201.011
6118.94350890667  1273.188
6118.99498023289  1326.458
6119.04644773054  1205.194
6119.09791139941  1287.001
6119.14937123934  1265.768
6119.20082725013  1273.996
6119.2522794316  1301.006
6119.30372778355  1289.602
6119.3551723058  1323.361
6119.40661299818  1294.955
6119.45804986048  1303.788
6119.50948289252  1279.073
6119.56091209413  1252.71
6119.61233746511  1229.704
6119.66375900527  1258.522
6119.71517671443  1284.229
6119.76659059242  1318.818
6119.81800063902  1276.09
6119.86940685408  1268.589
6119.92080923739  1283.593
6119.97220778877  1234.674
6120.02360250804  1341.638
6120.07499339501  1248.145
6120.1263804495  1234.484
6120.17776367132  1205.703
6120.22914306028  1232.661
6120.28051861621  1257.911
6120.33189033891  1220.953
6120.38325822819  1210.176
6120.43462228389  1204.483
6120.4859825058  1238.753
6120.53733889375  1222.74
6120.58869144754  1169.313
6120.64004016701  1208.252
6120.69138505195  1220.015
6120.74272610219  1189.944
6120.79406331753  1229.424
6120.84539669781  1186.544
6120.89672624282  1227.3
6120.94805195239  1224.423
6120.99937382634  1253.2
6121.05069186447  1210.467
6121.1020060666  1205.101
6121.15331643255  1186.821
6121.20462296214  1176.714
6121.25592565518  1162.564
6121.30722451148  1289.792
6121.35851953087  1270.665
6121.40981071315  1245.65
6121.46109805814  1217.123
6121.51238156567  1224.536
6121.56366123554  1250.641
6121.61493706758  1270.876
6121.66620906159  1221.346
6121.71747721739  1256.734
6121.76874153481  1228.342
6121.82000201365  1235.032
6121.87125865374  1237.24
6121.92251145489  1231.401
6121.97376041691  1224.108
6122.02500553962  1226.314
6122.07624682284  1219.583
6122.12748426639  1295.067
6122.17871787008  1265.38
6122.22994763373  1222.549
6122.28117355716  1195.213
6122.33239564018  1242.965
6122.38361388261  1249.638
6122.43482828427  1157.335
6122.48603884497  1172.848
6122.53724556453  1161.165
6122.58844844277  1242.381
6122.6396474795  1199.995
6122.69084267454  1151.829
6122.74203402772  1141.89
6122.79322153884  1107.402
6122.84440520773  1057.859
6122.89558503419  1103.853
6122.94676101806  1098.734
6122.99793315914  1075.144
6123.04910145726  1133.602
6123.10026591222  1000.521
6123.15142652386  1055.458
6123.20258329199  1026.378
6123.25373621642  1016.407
6123.30488529697  1016.108
6123.35603053346  1041.806
6123.40717192571  1048.376
6123.45830947354  1013.651
6123.50944317676  1023.969
6123.56057303519  991.0933
6123.61169904866  1029.908
6123.66282121697  1068.413
6123.71393953996  1064.594
6123.76505401742  1058.713
6123.81616464919  1079.326
6123.86727143508  1127.259
6123.91837437492  1101.133
6123.96947346851  1115.108
6124.02056871568  1121.479
6124.07166011625  1102.292
6124.12274767003  1230.252
6124.17383137685  1215.166
6124.22491123652  1232.549
6124.27598724886  1241.913
6124.32705941369  1242.248
6124.37812773082  1264.5
6124.42919220009  1251.941
6124.48025282131  1200.375
6124.53130959429  1234.854
6124.58236251886  1222.073
6124.63341159483  1250.945
6124.68445682202  1288.68
6124.73549820026  1250.027
6124.78653572936  1253.955
6124.83756940914  1270.361
6124.88859923943  1276.185
6124.93962522004  1242.869
6124.99064735078  1274.021
6125.04166563149  1195.858
6125.09268006197  1311.271
6125.14369064206  1278.983
6125.19469737156  1204.6
6125.24570025031  1267.202
6125.2966992781  1228.411
6125.34769445479  1267.138
6125.39868578017  1249.252
6125.44967325407  1329.185
6125.5006568763  1260.653
6125.5516366467  1261.842
6125.60261256508  1203.936
6125.65358463125  1248.15
6125.70455284505  1233.019
6125.75551720628  1242.374
6125.80647771478  1184.493
6125.85743437036  1240.257
6125.90838717283  1233.84
6125.95933612203  1222.436
6126.01028121778  1182.851
6126.06122245988  1189.71
6126.11215984817  1256.835
6126.16309338247  1221.101
6126.21402306259  1262.345
6126.26494888836  1222.352
6126.31587085959  1254.752
6126.36678897611  1233.472
6126.41770323774  1190.742
6126.46861364431  1213.831
6126.51952019562  1266.885
6126.57042289151  1243.955
6126.62132173179  1224.604
6126.67221671628  1199.766
6126.72310784482  1256.032
6126.77399511721  1214.044
6126.82487853328  1217.597
6126.87575809285  1274.463
6126.92663379574  1197.208
6126.97750564178  1262.312
6127.02837363078  1201.486
6127.07923776257  1217.735
6127.13009803697  1219.142
6127.1809544538  1251.734
6127.23180701289  1249.05
6127.28265571405  1229.964
6127.3335005571  1207.753
6127.38434154187  1192.012
6127.43517866819  1216.187
6127.48601193587  1252.923
6127.53684134473  1278.813
6127.5876668946  1244.844
6127.6384885853  1192.171
6127.68930641665  1184.76
6127.74012038847  1205.045
6127.7909305006  1231.811
6127.84173675284  1237.754
6127.89253914502  1232.062
6127.94333767697  1255.966
6127.99413234851  1206.993
6128.04492315945  1275.325
6128.09571010963  1236.604
6128.14649319886  1266.81
6128.19727242697  1252.753
6128.24804779378  1238.364
6128.29881929912  1265.513
6128.3495869428  1224.324
6128.40035072465  1229.659
6128.4511106445  1246.353
6128.50186670216  1202.746
6128.55261889746  1230.625
6128.60336723023  1242.455
6128.65411170028  1250.145
6128.70485230744  1196.862
6128.75558905153  1271.701
6128.80632193239  1252.251
6128.85705094981  1236.398
6128.90777610365  1203.772
6128.95849739371  1244.686
6129.00921481982  1254.914
6129.05992838181  1193.066
6129.11063807949  1217.549
6129.1613439127  1230.118
6129.21204588125  1167.307
6129.26274398498  1207.334
6129.3134382237  1212.405
6129.36412859723  1243.545
6129.41481510541  1241.917
6129.46549774805  1210.698
6129.51617652499  1193.607
6129.56685143604  1194.431
6129.61752248103  1241.468
6129.66818965979  1221.375
6129.71885297213  1238.917
6129.76951241788  1262.312
6129.82016799687  1264.041
6129.87081970893  1203.902
6129.92146755387  1215.704
6129.97211153152  1124.533
6130.0227516417  1195.795
6130.07338788425  1242.248
6130.12402025898  1258.982
6130.17464876573  1207.944
6130.22527340431  1196.932
6130.27589417454  1193.021
6130.32651107627  1210.132
6130.3771241093  1199.002
6130.42773327347  1211.399
6130.4783385686  1153.209
6130.52893999452  1255.653
6130.57953755104  1211.151
6130.63013123801  1214.764
6130.68072105524  1272.255
6130.73130700255  1187.51
6130.78188907977  1202.254
6130.83246728674  1224.926
6130.88304162327  1222.035
6130.93361208919  1205.554
6130.98417868433  1264.847
6131.03474140851  1235.013
6131.08530026155  1235.78
6131.13585524329  1250.84
6131.18640635355  1247.372
6131.23695359215  1302.997
6131.28749695892  1205.794
6131.33803645369  1229.733
6131.38857207629  1226.326
6131.43910382653  1250.495
6131.48963170425  1223.173
6131.54015570927  1267.241
6131.59067584143  1245.61
6131.64119210053  1199.608
6131.69170448642  1297.335
6131.74221299892  1254.765
6131.79271763784  1154.078
6131.84321840304  1247.49
6131.89371529432  1241.968
6131.94420831151  1271.437
6131.99469745445  1278.948
6132.04518272295  1203.071
6132.09566411685  1241.776
6132.14614163597  1322.845
6132.19661528014  1208.112
6132.24708504918  1231.291
6132.29755094293  1236.506
6132.34801296121  1224.994
6132.39847110385  1248.525
6132.44892537067  1250.184
6132.4993757615  1211.9
6132.54982227618  1318.875
6132.60026491452  1259.401
6132.65070367635  1239.624
6132.7011385615  1158.805
6132.75156956981  1258.196
6132.80199670109  1196.107
6132.85241995518  1247.855
6132.9028393319  1272.448
6132.95325483108  1229.161
6133.00366645254  1189.756
6133.05407419613  1242.337
6133.10447806166  1162.696
6133.15487804895  1253.965
6133.20527415785  1252.988
6133.25566638818  1224.183
6133.30605473976  1262.776
6133.35643921243  1301.857
6133.40681980601  1236.841
6133.45719652032  1210.941
6133.50756935521  1223.204
6133.5579383105  1247.652
6133.60830338601  1255.129
6133.65866458158  1277.811
6133.70902189703  1269.777
6133.75937533219  1283.313
6133.80972488689  1240.236
6133.86007056096  1281.991
6133.91041235423  1225.368
6133.96075026653  1258.67
6134.01108429767  1176.171
6134.06141444751  1282.267
6134.11174071586  1272.2
6134.16206310255  1215.56
6134.21238160741  1201.608
6134.26269623027  1252.415
6134.31300697097  1291.159
6134.36331382932  1256.952
6134.41361680516  1283.301
6134.46391589831  1263.996
6134.51421110862  1253.759
6134.5645024359  1273.096
6134.61478987999  1294.544
6134.66507344071  1366.085
6134.7153531179  1229.328
6134.76562891138  1279.385
6134.81590082099  1235.9
6134.86616884655  1238.473
6134.91643298789  1296.737
6134.96669324485  1198.06
6135.01694961726  1274.643
6135.06720210493  1297.67
6135.11745070772  1332.568
6135.16769542543  1234.927
6135.21793625791  1277.618
6135.26817320498  1176.137
6135.31840626648  1208.115
6135.36863544223  1275.192
6135.41886073207  1197.029
6135.46908213583  1183.42
6135.51929965332  1272.747
6135.5695132844  1272.625
6135.61972302888  1329.129
6135.6699288866  1203.287
6135.72013085739  1279.528
6135.77032894108  1261.107
6135.8205231375  1242.486
6135.87071344648  1277.658
6135.92089986784  1292.075
6135.97108240144  1250.247
6136.02126104708  1293.867
6136.07143580461  1274.931
6136.12160667385  1276.951
6136.17177365464  1210.961
6136.22193674681  1245.317
6136.27209595019  1201.68
6136.32225126461  1244.569
6136.3724026899  1252.676
6136.42255022589  1281.082
6136.47269387242  1198.558
6136.52283362931  1227.574
6136.5729694964  1253.187
6136.62310147351  1124.068
6136.67322956049  1266.261
6136.72335375716  1263.502
6136.77347406336  1145.753
6136.82359047891  1232.639
6136.87370300365  1209.347
6136.92381163741  1130.996
6136.97391638002  1188.284
6137.02401723131  1187.86
6137.07411419112  1113.771
6137.12420725927  1161.046
6137.17429643561  1144.477
6137.22438171996  1105.523
6137.27446311215  1129.436
6137.32454061202  1140.105
6137.3746142194  1108.006
6137.42468393412  1089.933
6137.47474975602  1139.791
6137.52481168492  1108.557
6137.57486972066  1055.551
6137.62492386307  1095.46
6137.67497411199  1092.131
6137.72502046724  1064.269
6137.77506292866  1032.351
6137.82510149609  1073.656
6137.87513616935  1010.291
6137.92516694828  1025.322
6137.97519383271  1039.385
6138.02521682248  1015.556
6138.07523591742  1007.854
6138.12525111735  969.0622
6138.17526242212  1006.577
6138.22526983156  947.9742
6138.2752733455  933.0976
6138.32527296377  870.5641
6138.37526868621  982.4697
6138.42526051266  1026.797
6138.47524844293  947.7782
6138.52523247687  1000.703
6138.57521261432  1017.278
6138.6251888551  1002.179
6138.67516119906  1053.117
6138.72512964601  1089.233
6138.7750941958  1094.685
6138.82505484826  1095.551
6138.87501160323  1063.945
6138.92496446054  1067.336
6138.97491342002  1095.115
6139.0248584815  1110.301
6139.07479964483  1069.789
6139.12473690983  1090.747
6139.17467027634  1102.225
6139.2245997442  1108.893
6139.27452531323  1055.364
6139.32444698328  1147.52
6139.37436475417  1112.761
6139.42427862574  1114.565
6139.47418859784  1186.034
6139.52409467028  1177.169
6139.5739968429  1243.769
6139.62389511555  1269.758
6139.67378948805  1240.591
6139.72367996025  1272.558
6139.77356653196  1259.856
6139.82344920304  1260.216
6139.87332797331  1297.343
6139.92320284262  1259.171
6139.97307381078  1244.557
6140.02294087765  1197.278
6140.07280404305  1258.018
6140.12266330682  1312.717
6140.1725186688  1233.478
6140.22237012882  1285.727
6140.27221768671  1290.821
6140.32206134232  1234.828
6140.37190109548  1234.578
6140.42173694602  1268.387
6140.47156889377  1274.356
6140.52139693858  1261.769
6140.57122108028  1265.746
6140.62104131871  1279.321
6140.6708576537  1342.955
6140.72067008509  1236.937
6140.77047861271  1324.188
6140.8202832364  1277.503
6140.87008395599  1259.119
6140.91988077133  1266.151
6140.96967368225  1323.824
6141.01946268858  1239.554
6141.06924779015  1266.053
6141.11902898682  1262.376
6141.16880627841  1266.524
6141.21857966476  1346.521
6141.2683491457  1260.426
6141.31811472108  1253.671
6141.36787639072  1306.594
6141.41763415447  1255.388
6141.46738801216  1275.693
6141.51713796364  1263.612
6141.56688400872  1219.93
6141.61662614726  1263.028
6141.66636437909  1297.381
6141.71609870405  1321.358
6141.76582912196  1281.385
6141.81555563268  1292.109
6141.86527823604  1270.88
6141.91499693187  1224.875
6141.96471172001  1268.961
6142.0144226003  1288.092
6142.06412957258  1224.532
6142.11383263668  1254.31
6142.16353179245  1238.076
6142.21322703971  1216.795
6142.2629183783  1258.829
6142.31260580807  1211.795
6142.36228932885  1184.821
6142.41196894048  1180.051
6142.4616446428  1141.128
6142.51131643564  1113.591
6142.56098431884  1070.519
6142.61064829225  1100.501
6142.66030835569  1090.111
6142.709964509  1148.012
6142.75961675203  1018.383
6142.80926508462  1124.993
6142.85890950659  1100.136
6142.90855001779  1082.399
6142.95818661806  1007.993
6143.00781930723  1055.173
6143.05744808515  1045.945
6143.10707295164  1072.196
6143.15669390656  1060.165
6143.20631094973  1077.951
6143.25592408101  1103.786
6143.30553330022  1064.317
6143.3551386072  1099.875
6143.40474000179  1144.546
6143.45433748384  1148.901
6143.50393105318  1131.604
6143.55352070965  1213.131
6143.60310645308  1173.615
6143.65268828333  1246.606
6143.70226620022  1225.27
6143.75184020359  1203.897
6143.80141029329  1217.935
6143.85097646916  1257.534
6143.90053873102  1266.692
6143.95009707873  1339.67
6143.99965151212  1272.664
6144.04920203103  1343.802
6144.0987486353  1245.659
6144.14829132478  1260.576
6144.19783009929  1258.706
6144.24736495868  1289.574
6144.29689590279  1274.578
6144.34642293145  1220.313
6144.39594604452  1267.408
6144.44546524183  1279.82
6144.49498052321  1306.615
6144.5444918885  1336.969
6144.59399933756  1252.352
6144.64350287022  1289.047
6144.69300248631  1286.849
6144.74249818568  1277.247
6144.79198996817  1303.227
6144.84147783362  1250.985
6144.89096178186  1299.325
6144.94044181275  1327.338
6144.98991792611  1275.149
6145.0393901218  1290.116
6145.08885839964  1266.137
6145.13832275949  1286.673
6145.18778320117  1230.49
6145.23723972454  1221.975
6145.28669232943  1308.041
6145.33614101569  1245.802
6145.38558578315  1285.812
6145.43502663165  1291.396
6145.48446356104  1207.327
6145.53389657116  1275.467
6145.58332566184  1275.018
6145.63275083294  1235.038
6145.68217208429  1239.789
6145.73158941572  1274.505
6145.78100282709  1242.689
6145.83041231823  1254.554
6145.87981788899  1271.409
6145.92921953921  1208.878
6145.97861726872  1159.396
6146.02801107737  1308.192
6146.077400965  1178.801
6146.12678693146  1240.187
6146.17616897658  1219.709
6146.22554710021  1246.258
6146.27492130218  1226.147
6146.32429158234  1189.513
6146.37365794054  1187.896
6146.4230203766  1246.069
6146.47237889039  1226.896
6146.52173348173  1198.21
6146.57108415047  1216.118
6146.62043089645  1252.87
6146.66977371951  1175.922
6146.7191126195  1292.732
6146.76844759626  1326.326
6146.81777864963  1259.502
6146.86710577945  1241.925
6146.91642898557  1238.704
6146.96574826782  1236.073
6147.01506362605  1284.28
6147.06437506011  1262.242
6147.11368256983  1193.288
6147.16298615506  1293.265
6147.21228581564  1243.003
6147.26158155142  1259.826
6147.31087336223  1369.151
6147.36016124792  1309.081
6147.40944520833  1280.546
6147.45872524331  1281.323
6147.50800135269  1229.75
6147.55727353633  1250.725
6147.60654179406  1219.694
6147.65580612573  1215.192
6147.70506653118  1262.879
6147.75432301026  1196.221
6147.8035755628  1281.199
6147.85282418865  1341.133
6147.90206888766  1185.904
6147.95130965967  1282.175
6148.00054650452  1301.207
6148.04977942205  1276.914
6148.09900841211  1298.798
6148.14823347455  1271.468
6148.1974546092  1230.741
6148.24667181591  1252.
6148.29588509453  1249.383
6148.3450944449  1220.759
6148.39429986685  1248.151
6148.44350136024  1199.649
6148.49269892492  1182.492
6148.54189256072  1230.028
6148.59108226748  1135.249
6148.64026804506  1190.81
6148.6894498933  1237.978
6148.73862781204  1119.44
6148.78780180112  1134.461
6148.8369718604  1230.821
6148.88613798971  1157.448
6148.9353001889  1272.816
6148.98445845781  1250.959
6149.03361279629  1254.463
6149.08276320419  1199.146
6149.13190968134  1218.591
6149.1810522276  1214.016
6149.23019084281  1217.219
6149.2793255268  1146.617
6149.32845627944  1186.304
6149.37758310056  1210.113
6149.42670599001  1216.611
6149.47582494763  1179.208
6149.52493997327  1212.754
6149.57405106677  1224.915
6149.62315822799  1238.489
6149.67226145676  1213.8
6149.72136075292  1221.323
6149.77045611633  1280.5
6149.81954754684  1235.976
6149.86863504427  1255.23
6149.9177186085  1172.456
6149.96679823934  1164.554
6150.01587393667  1189.595
6150.06494570031  1247.695
6150.11401353011  1129.423
6150.16307742593  1269.617
6150.2121373876  1246.522
6150.26119341498  1147.407
6150.31024550791  1225.697
6150.35929366623  1211.476
6150.40833788979  1156.02
6150.45737817843  1264.529
6150.50641453202  1182.585
6150.55544695038  1201.258
6150.60447543337  1142.543
6150.65349998083  1221.579
6150.7025205926  1238.726
6150.75153726855  1172.054
6150.80055000851  1173.417
6150.84955881232  1113.704
6150.89856367984  1182.696
6150.94756461091  1196.839
6150.99656160538  1151.157
6151.0455546631  1224.081
6151.09454378391  1225.362
6151.14352896766  1253.417
6151.19251021419  1205.793
6151.24148752336  1223.7
6151.29046089501  1266.236
6151.33943032898  1180.509
6151.38839582513  1221.996
6151.4373573833  1180.297
6151.48631500335  1289.858
6151.5352686851  1278.719
6151.58421842843  1272.082
6151.63316423316  1248.328
6151.68210609915  1280.072
6151.73104402625  1242.757
6151.77997801431  1279.905
6151.82890806316  1228.081
6151.87783417267  1252.861
6151.92675634267  1295.322
6151.97567457302  1240.62
6152.02458886356  1201.777
6152.07349921414  1221.502
6152.12240562461  1223.338
6152.17130809482  1283.42
6152.22020662461  1211.471
6152.26910121383  1224.16
6152.31799186234  1271.677
6152.36687856997  1236.696
6152.41576133659  1234.057
6152.46464016203  1268.55
6152.51351504614  1208.287
6152.56238598878  1228.49
6152.61125298978  1231.349
6152.66011604901  1193.948
6152.70897516631  1171.739
6152.75783034152  1202.845
6152.8066815745  1190.781
6152.8555288651  1290.234
6152.90437221315  1217.251
6152.95321161853  1179.682
6153.00204708106  1282.27
6153.0508786006  1251.533
6153.099706177  1215.292
6153.14852981011  1202.158
6153.19734949977  1233.944
6153.24616524585  1156.633
6153.29497704817  1245.864
6153.34378490661  1212.859
6153.392588821  1246.907
6153.44138879119  1228.003
6153.49018481704  1243.2
6153.53897689838  1300.773
6153.58776503508  1318.552
6153.63654922699  1335.676
6153.68532947394  1318.611
6153.7341057758  1199.029
6153.7828781324  1290.73
6153.83164654361  1180.547
6153.88041100927  1278.711
6153.92917152922  1325.867
6153.97792810333  1230.741
6154.02668073144  1248.111
6154.0754294134  1250.084
6154.12417414906  1227.804
6154.17291493827  1249.124
6154.22165178088  1267.876
6154.27038467675  1289.971
6154.31911362571  1296.148
6154.36783862763  1229.055
6154.41655968235  1325.844
6154.46527678972  1220.902
6154.5139899496  1258.79
6154.56269916183  1325.797
6154.61140442626  1234.224
6154.66010574275  1285.706
6154.70880311115  1277.478
6154.7574965313  1251.638
6154.80618600306  1207.333
6154.85487152628  1259.986
6154.90355310081  1208.962
6154.9522307265  1284.098
6155.00090440321  1241.603
6155.04957413077  1180.786
6155.09823990905  1258.018
6155.14690173789  1260.24
6155.19555961715  1285.77
6155.24421354668  1229.046
6155.29286352633  1227.508
6155.34150955594  1190.083
6155.39015163538  1210.807
6155.4387897645  1225.759
6155.48742394314  1247.626
6155.53605417115  1167.199
6155.58468044839  1228.624
6155.63330277472  1234.102
6155.68192114997  1153.839
6155.73053557401  1175.357
6155.77914604669  1129.976
6155.82775256785  1176.998
6155.87635513736  1114.577
6155.92495375505  1105.221
6155.97354842079  1170.457
6156.02213913442  1163.353
6156.07072589581  1148.058
6156.11930870479  1170.095
6156.16788756123  1263.508
6156.21646246497  1201.579
6156.26503341586  1196.881
6156.31360041377  1191.699
6156.36216345855  1275.763
6156.41072255003  1155.309
6156.45927768809  1138.051
6156.50782887256  1178.513
6156.55637610331  1224.549
6156.60491938018  1194.288
6156.65345870304  1174.918
6156.70199407172  1218.109
6156.75052548609  1188.387
6156.79905294599  1169.741
6156.84757645129  1168.379
6156.89609600183  1191.757
6156.94461159747  1126.962
6156.99312323806  1179.863
6157.04163092345  1169.641
6157.0901346535  1185.75
6157.13863442806  1202.332
6157.18713024698  1208.136
6157.23562211012  1249.801
6157.28411001733  1211.794
6157.33259396846  1234.855
6157.38107396337  1299.43
6157.42955000191  1255.142
6157.47802208394  1246.776
6157.5264902093  1216.374
6157.57495437786  1221.02
6157.62341458947  1284.815
6157.67187084397  1141.984
6157.72032314123  1215.373
6157.7687714811  1321.572
6157.81721586343  1272.067
6157.86565628808  1309.661
6157.9140927549  1196.095
6157.96252526374  1228.249
6158.01095381446  1222.77
6158.05937840692  1246.673
6158.10779904097  1278.784
6158.15621571645  1263.714
6158.20462843324  1242.773
6158.25303719117  1331.327
6158.30144199012  1180.957
6158.34984282992  1220.655
6158.39823971044  1133.308
6158.44663263153  1234.148
6158.49502159305  1213.385
6158.54340659485  1103.423
6158.59178763678  1181.61
6158.6401647187  1175.812
6158.68853784046  1039.376
6158.73690700193  1301.855
6158.78527220295  1190.88
6158.83363344339  1131.421
6158.88199072309  1180.797
6158.9303440419  1188.214
6158.9786933997  1206.327
6159.02703879633  1171.089
6159.07538023165  1248.335
6159.1237177055  1198.005
6159.17205121776  1287.9
6159.22038076827  1218.511
6159.26870635689  1088.746
6159.31702798348  1141.742
6159.36534564789  1199.412
6159.41365934997  1202.107
6159.46196908959  1230.493
6159.51027486659  1253.577
6159.55857668085  1290.706
6159.6068745322  1233.931
6159.65516842051  1310.972
6159.70345834563  1240.165
6159.75174430742  1225.784
6159.80002630573  1284.955
6159.84830434043  1275.832
6159.89657841137  1280.16
6159.9448485184  1365.069
6159.99311466138  1337.756
6160.04137684017  1270.011
6160.08963505462  1250.779
6160.13788930459  1298.457
6160.18613958994  1185.102
6160.23438591053  1243.503
6160.2826282662  1279.151
6160.33086665682  1271.704
6160.37910108225  1300.907
6160.42733154234  1304.589
6160.47555803694  1198.308
6160.52378056593  1338.044
6160.57199912914  1367.425
6160.62021372644  1373.297
6160.66842435769  1286.788
6160.71663102275  1387.711
6160.76483372146  1193.505
6160.81303245369  1199.255
6160.8612272193  1301.421
6160.90941801815  1328.76
6160.95760485008  1274.815
6161.00578771496  1258.007
6161.05396661265  1231.88
6161.102141543  1271.655
6161.15031250587  1227.884
6161.19847950113  1322.648
6161.24664252861  1259.301
6161.2948015882  1247.39
6161.34295667973  1231.694
6161.39110780308  1250.67
6161.4392549581  1176.572
6161.48739814464  1231.253
6161.53553736256  1241.704
6161.58367261173  1237.477
6161.63180389201  1247.936
6161.67993120324  1188.153
6161.72805454529  1141.451
6161.77617391801  1263.411
6161.82428932127  1239.681
6161.87240075492  1195.522
6161.92050821883  1199.07
6161.96861171284  1178.466
6162.01671123682  1114.986
6162.06480679064  1128.68
6162.11289837413  1196.887
6162.16098598717  1210.119
6162.20906962962  1133.298
6162.25714930133  1166.991
6162.30522500216  1091.515
6162.35329673197  1105.006
6162.40136449063  1162.605
6162.44942827798  1183.28
6162.49748809389  1068.593
6162.54554393822  1053.877
6162.59359581082  1048.229
6162.64164371156  1126.779
6162.68968764029  1103.904
6162.73772759688  1075.263
6162.78576358119  1074.043
6162.83379559307  987.0403
6162.88182363238  1064.97
6162.92984769899  990.1833
6162.97786779274  1039.601
6163.02588391351  927.8117
6163.07389606116  959.5469
6163.12190423553  1019.504
6163.1699084365  1104.16
6163.21790866392  992.9527
6163.26590491765  1005.343
6163.31389719755  1097.668
6163.36188550349  1033.111
6163.40986983531  1043.606
6163.4578501929  978.7739
6163.50582657609  1018.947
6163.55379898476  1034.964
6163.60176741876  1031.104
6163.64973187795  1058.27
6163.6976923622  1016.409
6163.74564887136  1021.904
6163.7936014053  1001.102
6163.84154996388  1027.484
6163.88949454695  1135.828
6163.93743515438  1110.647
6163.98537178603  1140.025
6164.03330444175  1099.206
6164.08123312142  1138.298
6164.12915782489  1148.082
6164.17707855202  1217.232
6164.22499530267  1110.11
6164.27290807671  1149.669
6164.320816874  1195.248
6164.36872169439  1197.532
6164.41662253775  1167.858
6164.46451940393  1123.191
6164.51241229281  1192.633
6164.56030120424  1049.723
6164.60818613808  1113.302
6164.6560670942  1075.223
6164.70394407246  1064.227
6164.75181707271  1164.49
6164.79968609482  1215.031
6164.84755113865  1197.277
6164.89541220407  1155.323
6164.94326929094  1220.054
6164.99112239911  1136.414
6165.03897152845  1173.106
6165.08681667882  1179.438
6165.13465785008  1235.313
6165.1824950421  1247.73
6165.23032825473  1155.23
6165.27815748785  1224.544
6165.3259827413  1197.586
6165.37380401496  1224.805
6165.42162130869  1222.896
6165.46943462235  1246.728
6165.5172439558  1247.762
6165.5650493089  1224.321
6165.61285068152  1322.691
6165.66064807351  1303.694
6165.70844148475  1271.872
6165.75623091509  1255.508
6165.8040163644  1226.534
6165.85179783254  1217.625
6165.89957531938  1296.399
6165.94734882477  1242.243
6165.99511834857  1310.533
6166.04288389066  1301.395
6166.0906454509  1201.051
6166.13840302914  1192.933
6166.18615662525  1149.079
6166.2339062391  1305.237
6166.28165187055  1314.139
6166.32939351946  1227.424
6166.37713118569  1154.495
6166.42486486911  1173.198
6166.47259456958  1252.404
6166.52032028697  1306.369
6166.56804202113  1207.335
6166.61575977194  1212.935
6166.66347353926  1284.091
6166.71118332294  1205.581
6166.75888912286  1273.531
6166.80659093887  1207.285
6166.85428877085  1222.739
6166.90198261866  1227.972
6166.94967248215  1176.869
6166.99735836119  1272.648
6167.04504025566  1114.065
6167.0927181654  1190.03
6167.14039209029  1120.835
6167.1880620302  1235.394
6167.23572798498  1174.603
6167.28338995449  1236.422
6167.33104793861  1216.912
6167.3787019372  1213.659
6167.42635195012  1270.799
6167.47399797724  1250.389
6167.52164001843  1228.087
6167.56927807353  1240.234
6167.61691214243  1135.355
6167.66454222499  1212.776
6167.71216832106  1251.695
6167.75979043053  1226.856
6167.80740855324  1178.592
6167.85502268907  1305.602
6167.90263283789  1293.967
6167.95023899954  1256.593
6167.99784117391  1165.992
6168.04543936086  1202.016
6168.09303356025  1272.728
6168.14062377195  1135.042
6168.18820999581  1256.358
6168.23579223172  1258.205
6168.28337047953  1199.609
6168.33094473911  1195.804
6168.37851501033  1291.121
6168.42608129304  1264.617
6168.47364358712  1223.439
6168.52120189244  1234.538
6168.56875620885  1250.891
6168.61630653623  1251.098
6168.66385287443  1384.289
6168.71139522333  1248.742
6168.7589335828  1216.342
6168.80646795269  1257.586
6168.85399833287  1340.728
6168.90152472322  1271.303
6168.94904712359  1270.722
6168.99656553385  1327.585
6169.04407995387  1309.769
6169.09159038352  1396.346
6169.13909682266  1285.903
6169.18659927116  1348.611
6169.23409772888  1308.068
6169.28159219569  1274.587
6169.32908267146  1304.054
6169.37656915606  1315.562
6169.42405164934  1171.202
6169.47153015119  1207.817
6169.51900466146  1282.754
6169.56647518003  1238.449
6169.61394170675  1217.601
6169.66140424149  1081.563
6169.70886278414  1121.506
6169.75631733454  1209.81
6169.80376789257  1269.01
6169.85121445809  1200.761
6169.89865703097  1222.568
6169.94609561109  1227.008
6169.9935301983  1259.954
6170.04096079247  1140.398
6170.08838739348  1131.934
6170.13581000119  1008.385
6170.18322861546  1056.838
6170.23064323617  1020.677
6170.27805386317  1091.573
6170.32546049635  1149.742
6170.37286313557  1105.007
6170.42026178069  1096.454
6170.46765643158  1069.237
6170.51504708812  1153.832
6170.56243375016  936.4931
6170.60981641758  1199.817
6170.65719509025  1094.775
6170.70456976803  1061.864
6170.7519404508  1088.337
6170.79930713841  1096.776
6170.84666983074  1162.562
6170.89402852766  1116.4
6170.94138322903  1079.828
6170.98873393473  1036.576
6171.03608064462  1149.86
6171.08342335857  1086.922
6171.13076207645  1103.45
6171.17809679813  1121.556
6171.22542752348  1085.328
6171.27275425236  1061.349
6171.32007698464  1071.002
6171.3673957202  1105.412
6171.4147104589  1178.704
6171.46202120062  1188.612
6171.50932794521  1091.806
6171.55663069255  1104.109
6171.60392944251  1186.985
6171.65122419496  1214.
6171.69851494977  1183.167
6171.7458017068  1174.95
6171.79308446593  1224.198
6171.84036322703  1062.842
6171.88763798996  1144.799
6171.93490875459  1147.796
6171.9821755208  1274.121
6172.02943828845  1174.693
6172.07669705741  1128.423
6172.12395182756  1272.73
