6395.82110387928  0.
6395.880278365  0.
6395.93944908931  0.
6395.99861605194  0.
6396.05777925261  1268.28
6396.11693869108  1327.296
6396.17609436707  1270.849
6396.23524628032  1279.917
6396.29439443056  1229.755
6396.35353881754  1272.599
6396.41267944098  1306.54
6396.47181630063  1335.799
6396.53094939622  1315.225
6396.59007872748  1323.444
6396.64920429415  1281.136
6396.70832609597  1357.947
6396.76744413267  1222.932
6396.82655840399  1335.579
6396.88566890967  1322.719
6396.94477564944  1256.775
6397.00387862304  1342.028
6397.0629778302  1288.502
6397.12207327067  1320.119
6397.18116494417  1348.607
6397.24025285045  1292.297
6397.29933698924  1277.007
6397.35841736028  1348.595
6397.4174939633  1265.065
6397.47656679804  1319.522
6397.53563586425  1371.588
6397.59470116165  1310.661
6397.65376268998  1388.799
6397.71282044898  1281.265
6397.77187443838  1304.018
6397.83092465794  1369.135
6397.88997110737  1326.642
6397.94901378642  1348.336
6398.00805269482  1347.61
6398.06708783232  1355.092
6398.12611919865  1275.288
6398.18514679355  1389.615
6398.24417061675  1293.318
6398.30319066799  1416.233
6398.36220694702  1293.758
6398.42121945356  1275.05
6398.48022818736  1349.172
6398.53923314816  1303.026
6398.59823433568  1216.572
6398.65723174968  1326.855
6398.71622538988  1298.192
6398.77521525603  1276.143
6398.83420134786  1405.288
6398.89318366511  1275.693
6398.95216220753  1304.197
6399.01113697484  1252.641
6399.07010796679  1380.839
6399.12907518311  1343.875
6399.18803862355  1322.799
6399.24699828784  1308.406
6399.30595417572  1358.217
6399.36490628693  1330.731
6399.4238546212  1383.805
6399.48279917828  1284.207
6399.54173995791  1366.522
6399.60067695982  1339.453
6399.65961018375  1298.683
6399.71853962945  1272.477
6399.77746529664  1277.931
6399.83638718508  1309.316
6399.89530529449  1214.638
6399.95421962462  1329.946
6400.01313017521  1334.424
6400.07203694599  1288.126
6400.13093993671  1263.187
6400.1898391471  1317.031
6400.2487345769  1252.859
6400.30762622586  1265.17
6400.36651409372  1227.123
6400.4253981802  1285.638
6400.48427848506  1263.526
6400.54315500803  1251.83
6400.60202774885  1159.398
6400.66089670726  1193.159
6400.719761883  1180.528
6400.77862327581  1132.604
6400.83748088544  1217.558
6400.89633471161  1116.024
6400.95518475408  1171.379
6401.01403101257  1145.792
6401.07287348684  1079.541
6401.13171217662  1093.835
6401.19054708165  1119.492
6401.24937820167  1045.27
6401.30820553643  1051.686
6401.36702908565  1161.938
6401.42584884909  1093.997
6401.48466482649  1087.261
6401.54347701757  1091.728
6401.6022854221  1018.082
6401.6610900398  1127.65
6401.71989087041  1128.166
6401.77868791368  1128.426
6401.83748116935  1173.728
6401.89627063716  1198.749
6401.95505631685  1200.819
6402.01383820816  1227.12
6402.07261631083  1146.66
6402.1313906246  1185.346
6402.19016114922  1316.07
6402.24892788442  1326.639
6402.30769082996  1327.214
6402.36644998556  1340.045
6402.42520535096  1274.28
6402.48395692592  1257.454
6402.54270471017  1360.833
6402.60144870346  1378.862
6402.66018890552  1384.118
6402.7189253161  1346.282
6402.77765793494  1370.975
6402.83638676178  1347.315
6402.89511179636  1370.307
6402.95383303843  1391.625
6403.01255048772  1323.516
6403.07126414398  1334.85
6403.12997400695  1339.468
6403.18868007637  1318.345
6403.24738235199  1335.09
6403.30608083355  1310.81
6403.36477552079  1325.475
6403.42346641344  1375.177
6403.48215351127  1237.925
6403.54083681399  1361.354
6403.59951632137  1405.64
6403.65819203314  1343.493
6403.71686394904  1338.662
6403.77553206882  1329.134
6403.83419639222  1367.535
6403.89285691898  1323.868
6403.95151364885  1386.219
6404.01016658156  1325.984
6404.06881571687  1316.698
6404.12746105451  1339.476
6404.18610259422  1364.606
6404.24474033576  1332.486
6404.30337427886  1327.689
6404.36200442326  1286.488
6404.42063076872  1324.002
6404.47925331497  1321.155
6404.53787206175  1314.11
6404.59648700881  1351.416
6404.6550981559  1339.799
6404.71370550275  1357.623
6404.77230904912  1329.265
6404.83090879473  1337.913
6404.88950473935  1372.552
6404.94809688271  1363.273
6405.00668522455  1348.108
6405.06526976462  1310.846
6405.12385050266  1283.137
6405.18242743842  1335.659
6405.24100057165  1366.895
6405.29956990207  1326.575
6405.35813542945  1344.432
6405.41669715352  1370.755
6405.47525507402  1315.481
6405.53380919071  1375.488
6405.59235950333  1333.21
6405.65090601161  1423.34
6405.70944871531  1352.956
6405.76798761417  1412.197
6405.82652270793  1330.941
6405.88505399634  1300.085
6405.94358147915  1338.546
6406.00210515609  1351.387
6406.06062502692  1315.398
6406.11914109137  1313.882
6406.1776533492  1269.332
6406.23616180014  1308.674
6406.29466644394  1258.335
6406.35316728036  1336.839
6406.41166430913  1315.186
6406.47015752999  1268.357
6406.5286469427  1295.428
6406.58713254699  1210.635
6406.64561434262  1313.894
6406.70409232933  1286.307
6406.76256650686  1255.989
6406.82103687496  1339.242
6406.87950343338  1268.37
6406.93796618186  1285.53
6406.99642512015  1290.768
6407.05488024799  1327.276
6407.11333156512  1311.895
6407.1717790713  1371.786
6407.23022276627  1324.185
6407.28866264978  1255.898
6407.34709872156  1314.565
6407.40553098138  1318.521
6407.46395942897  1316.592
6407.52238406408  1273.97
6407.58080488645  1353.594
6407.63922189584  1278.547
6407.69763509199  1341.916
6407.75604447464  1268.627
6407.81445004354  1340.427
6407.87285179844  1333.632
6407.93124973909  1385.949
6407.98964386523  1230.937
6408.0480341766  1248.397
6408.10642067296  1261.886
6408.16480335405  1280.948
6408.22318221962  1345.917
6408.28155726941  1322.894
6408.33992850318  1304.624
6408.39829592066  1213.9
6408.45665952161  1305.726
6408.51501930577  1228.913
6408.5733752729  1260.613
6408.63172742272  1252.403
6408.69007575501  1180.093
6408.74842026949  1253.233
6408.80676096593  1202.057
6408.86509784405  1165.833
6408.92343090363  1099.799
6408.98176014439  1168.558
6409.0400855661  1189.829
6409.09840716849  1145.158
6409.15672495131  1227.07
6409.21503891432  1150.613
6409.27334905725  1190.642
6409.33165537986  1205.615
6409.3899578819  1222.787
6409.44825656312  1246.412
6409.50655142325  1227.379
6409.56484246205  1216.665
6409.62312967927  1231.063
6409.68141307465  1212.927
6409.73969264795  1237.48
6409.79796839891  1227.752
6409.85624032729  1205.185
6409.91450843282  1287.824
6409.97277271525  1276.801
6410.03103317434  1276.25
6410.08928980984  1357.957
6410.14754262149  1276.639
6410.20579160904  1284.92
6410.26403677224  1331.26
6410.32227811085  1257.383
6410.38051562459  1298.079
6410.43874931324  1359.454
6410.49697917653  1280.958
6410.55520521421  1365.329
6410.61342742604  1362.036
6410.67164581176  1362.361
6410.72986037112  1377.581
6410.78807110387  1333.851
6410.84627800977  1360.076
6410.90448108855  1351.937
6410.96268033997  1298.517
6411.02087576378  1265.178
6411.07906735972  1340.968
6411.13725512756  1316.224
6411.19543906703  1425.586
6411.25361917788  1355.654
6411.31179545988  1313.453
6411.36996791276  1357.637
6411.42813653627  1357.162
6411.48630133017  1305.104
6411.54446229421  1443.085
6411.60261942813  1314.059
6411.66077273169  1350.76
6411.71892220463  1309.147
6411.77706784671  1351.658
6411.83520965767  1329.984
6411.89334763727  1290.088
6411.95148178525  1300.156
6412.00961210137  1242.84
6412.06773858538  1266.529
6412.12586123702  1250.045
6412.18398005606  1307.487
6412.24209504223  1211.513
6412.30020619529  1214.667
6412.35831351499  1197.17
6412.41641700108  1195.578
6412.47451665331  1174.253
6412.53261247144  1258.644
6412.5907044552  1229.961
6412.64879260436  1130.62
6412.70687691867  1219.956
6412.76495739787  1185.373
6412.82303404172  1176.082
6412.88110684996  1151.088
6412.93917582236  1186.581
6412.99724095865  1158.837
6413.0553022586  1201.725
6413.11335972195  1187.737
6413.17141334846  1144.677
6413.22946313787  1216.462
6413.28750908994  1231.559
6413.34555120442  1211.761
6413.40358948106  1260.786
6413.46162391961  1239.483
6413.51965451983  1267.404
6413.57768128146  1280.548
6413.63570420426  1347.189
6413.69372328798  1320.737
6413.75173853237  1324.687
6413.80974993719  1266.809
6413.86775750218  1340.273
6413.9257612271  1342.776
6413.9837611117  1275.251
6414.04175715574  1276.559
6414.09974935896  1341.69
6414.15773772111  1298.339
6414.21572224196  1367.794
6414.27370292125  1376.967
6414.33167975873  1340.857
6414.38965275416  1298.851
6414.44762190729  1341.932
6414.50558721787  1320.215
6414.56354868565  1408.719
6414.6215063104  1336.028
6414.67946009186  1349.564
6414.73741002978  1287.027
6414.79535612391  1341.263
6414.85329837402  1363.367
6414.91123677985  1304.927
6414.96917134115  1292.903
6415.02710205768  1286.653
6415.0850289292  1294.027
6415.14295195545  1290.937
6415.20087113619  1319.687
6415.25878647118  1333.712
6415.31669796015  1250.733
6415.37460560288  1277.638
6415.43250939911  1310.678
6415.4904093486  1265.503
6415.5483054511  1355.053
6415.60619770636  1301.185
6415.66408611413  1315.963
6415.72197067418  1315.965
6415.77985138626  1320.183
6415.83772825011  1298.94
6415.8956012655  1358.328
6415.95347043217  1263.549
6416.01133574989  1337.273
6416.0691972184  1293.236
6416.12705483746  1258.605
6416.18490860682  1296.076
6416.24275852625  1298.818
6416.30060459548  1308.805
6416.35844681428  1271.043
6416.41628518241  1370.63
6416.47411969961  1308.802
6416.53195036564  1281.839
6416.58977718025  1287.811
6416.64760014321  1315.596
6416.70541925426  1250.153
6416.76323451315  1312.201
6416.82104591966  1355.356
6416.87885347352  1390.185
6416.9366571745  1338.593
6416.99445702234  1301.712
6417.05225301682  1330.377
6417.11004515766  1327.212
6417.16783344465  1357.886
6417.22561787752  1380.216
6417.28339845604  1277.303
6417.34117517996  1377.035
6417.39894804904  1343.224
6417.45671706303  1270.17
6417.51448222168  1311.237
6417.57224352476  1357.065
6417.63000097201  1282.045
6417.6877545632  1308.803
6417.74550429808  1383.008
6417.8032501764  1327.808
6417.86099219793  1252.12
6417.9187303624  1353.323
6417.9764646696  1296.057
6418.03419511926  1337.638
6418.09192171115  1344.832
6418.14964444502  1318.812
6418.20736332063  1296.374
6418.26507833772  1330.897
6418.32278949608  1310.999
6418.38049679543  1295.308
6418.43820023555  1257.193
6418.49589981619  1319.529
6418.5535955371  1315.516
6418.61128739804  1302.785
6418.66897539878  1206.684
6418.72665953905  1307.874
6418.78433981863  1228.433
6418.84201623727  1329.479
6418.89968879472  1339.973
6418.95735749075  1280.55
6419.01502232511  1310.233
6419.07268329755  1331.907
6419.13034040784  1361.614
6419.18799365572  1323.151
6419.24564304096  1344.728
6419.30328856332  1358.212
6419.36093022255  1378.224
6419.41856801841  1361.587
6419.47620195066  1303.917
6419.53383201904  1243.529
6419.59145822334  1370.349
6419.64908056329  1347.083
6419.70669903866  1331.547
6419.7643136492  1296.829
6419.82192439467  1318.683
6419.87953127483  1358.016
6419.93713428945  1421.829
6419.99473343826  1285.593
6420.05232872104  1348.966
6420.10992013754  1329.34
6420.16750768752  1365.247
6420.22509137074  1336.545
6420.28267118695  1319.241
6420.34024713592  1276.672
6420.3978192174  1355.606
6420.45538743115  1334.43
6420.51295177693  1300.319
6420.57051225449  1300.357
6420.6280688636  1260.784
6420.68562160401  1312.754
6420.74317047549  1287.424
6420.80071547779  1257.207
6420.85825661066  1278.96
6420.91579387388  1217.496
6420.97332726719  1183.625
6421.03085679036  1242.347
6421.08838244314  1311.138
6421.1459042253  1315.444
6421.20342213659  1269.656
6421.26093617678  1307.019
6421.31844634561  1224.464
6421.37595264285  1289.784
6421.43345506827  1292.21
6421.49095362161  1292.681
6421.54844830264  1218.018
6421.60593911111  1201.551
6421.6634260468  1264.568
6421.72090910945  1257.926
6421.77838829883  1220.671
6421.83586361469  1252.979
6421.8933350568  1245.216
6421.95080262491  1259.245
6422.00826631879  1223.425
6422.06572613819  1179.933
6422.12318208287  1198.467
6422.1806341526  1223.13
6422.23808234714  1270.398
6422.29552666624  1299.738
6422.35296710966  1232.41
6422.41040367717  1250.389
6422.46783636852  1199.145
6422.52526518347  1193.189
6422.5826901218  1162.643
6422.64011118324  1190.257
6422.69752836758  1252.394
6422.75494167456  1220.76
6422.81235110395  1268.589
6422.8697566555  1197.175
6422.92715832898  1245.604
6422.98455612415  1179.397
6423.04195004077  1220.794
6423.09934007861  1267.463
6423.15672623741  1278.207
6423.21410851694  1250.073
6423.27148691697  1337.958
6423.32886143726  1352.26
6423.38623207756  1301.747
6423.44359883763  1342.979
6423.50096171724  1393.67
6423.55832071615  1354.455
6423.61567583412  1369.137
6423.67302707091  1457.651
6423.73037442629  1290.729
6423.78771790001  1381.563
6423.84505749183  1348.744
6423.90239320152  1339.688
6423.95972502884  1379.201
6424.01705297356  1489.964
6424.07437703542  1400.732
6424.1316972142  1314.223
6424.18901350965  1360.016
6424.24632592154  1423.358
6424.30363444963  1343.188
6424.36093909369  1404.232
6424.41823985346  1374.26
6424.47553672873  1392.039
6424.53282971924  1403.347
6424.59011882476  1425.078
6424.64740404505  1362.55
6424.70468537988  1392.153
6424.761962829  1402.414
6424.81923639219  1364.575
6424.8765060692  1426.422
6424.93377185979  1368.296
6424.99103376373  1358.271
6425.04829178078  1412.229
6425.1055459107  1308.042
6425.16279615326  1399.774
6425.22004250821  1323.043
6425.27728497533  1355.202
6425.33452355437  1362.173
6425.3917582451  1424.729
6425.44898904727  1400.132
6425.50621596066  1392.537
6425.56343898503  1294.468
6425.62065812014  1410.444
6425.67787336575  1417.561
6425.73508472162  1409.566
6425.79229218752  1375.058
6425.84949576322  1343.99
6425.90669544847  1356.97
6425.96389124305  1357.03
6426.0210831467  1368.338
6426.0782711592  1359.062
6426.13545528032  1381.828
6426.1926355098  1293.865
6426.24981184743  1355.56
6426.30698429296  1322.092
6426.36415284615  1326.735
6426.42131750677  1471.627
6426.47847827459  1325.973
6426.53563514937  1336.984
6426.59278813086  1341.557
6426.64993721885  1313.393
6426.70708241308  1272.456
6426.76422371333  1391.2
6426.82136111936  1295.584
6426.87849463093  1304.498
6426.93562424781  1366.795
6426.99274996976  1343.514
6427.04987179654  1331.734
6427.10698972793  1404.652
6427.16410376369  1383.928
6427.22121390358  1338.422
6427.27832014736  1381.54
6427.3354224948  1407.389
6427.39252094567  1313.67
6427.44961549973  1377.576
6427.50670615674  1397.297
6427.56379291648  1377.108
6427.6208757787  1367.422
6427.67795474317  1396.517
6427.73502980965  1307.238
6427.79210097792  1393.747
6427.84916824773  1321.922
6427.90623161886  1332.253
6427.96329109106  1384.72
6428.02034666411  1367.094
6428.07739833776  1425.609
6428.13444611179  1373.615
6428.19148998596  1395.839
6428.24852996003  1358.273
6428.30556603377  1383.969
6428.36259820695  1354.381
6428.41962647933  1368.943
6428.47665085068  1392.554
6428.53367132077  1393.379
6428.59068788935  1323.885
6428.64770055621  1362.601
6428.70470932109  1402.064
6428.76171418378  1419.473
6428.81871514403  1311.096
6428.87571220161  1317.166
6428.93270535629  1358.103
6428.98969460783  1344.977
6429.046679956  1344.762
6429.10366140057  1312.791
6429.16063894131  1390.525
6429.21761257797  1409.239
6429.27458231033  1389.914
6429.33154813816  1345.765
6429.38851006122  1342.668
6429.44546807927  1427.268
6429.50242219209  1402.529
6429.55937239944  1360.12
6429.61631870108  1403.539
6429.6732610968  1353.128
6429.73019958634  1360.713
6429.78713416949  1384.583
6429.844064846  1345.586
6429.90099161564  1333.711
6429.95791447819  1391.547
6430.01483343341  1395.741
6430.07174848106  1352.145
6430.12865962092  1383.92
6430.18556685275  1387.618
6430.24247017632  1368.033
6430.29936959139  1389.014
6430.35626509774  1338.808
6430.41315669513  1372.369
6430.47004438333  1312.471
6430.5269281621  1349.143
6430.58380803123  1360.939
6430.64068399047  1413.266
6430.69755603958  1376.909
6430.75442417835  1344.486
6430.81128840654  1383.44
6430.86814872391  1415.604
6430.92500513024  1351.662
6430.98185762529  1355.719
6431.03870620883  1360.063
6431.09555088063  1371.852
6431.15239164046  1354.713
6431.20922848809  1359.58
6431.26606142328  1261.674
6431.3228904458  1285.169
6431.37971555543  1333.755
6431.43653675193  1318.375
6431.49335403507  1283.474
6431.55016740461  1222.368
6431.60697686034  1232.436
6431.66378240201  1246.35
6431.7205840294  1281.475
6431.77738174227  1240.225
6431.8341755404  1223.472
6431.89096542355  1224.221
6431.94775139149  1202.912
6432.004533444  1247.038
6432.06131158084  1219.788
6432.11808580177  1247.943
6432.17485610658  1234.407
6432.23162249502  1278.572
6432.28838496688  1289.663
6432.34514352191  1251.743
6432.40189815989  1267.893
6432.45864888059  1248.201
6432.51539568378  1250.226
6432.57213856922  1278.4
6432.6288775367  1288.003
6432.68561258597  1306.947
6432.74234371681  1318.473
6432.79907092898  1339.224
6432.85579422227  1345.644
6432.91251359643  1352.449
6432.96922905124  1355.568
6433.02594058646  1291.015
6433.08264820188  1434.585
6433.13935189726  1370.01
6433.19605167236  1361.789
6433.25274752696  1295.32
6433.30943946084  1368.809
6433.36612747376  1330.838
6433.42281156549  1289.013
6433.4794917358  1367.557
6433.53616798446  1355.559
6433.59284031125  1348.125
6433.64950871594  1344.621
6433.70617319829  1279.382
6433.76283375807  1334.474
6433.81949039507  1305.216
6433.87614310904  1348.468
6433.93279189976  1360.817
6433.98943676701  1341.916
6434.04607771055  1284.547
6434.10271473015  1354.466
6434.15934782559  1361.25
6434.21597699663  1322.805
6434.27260224305  1363.106
6434.32922356463  1292.56
6434.38584096112  1296.562
6434.44245443231  1338.051
6434.49906397796  1343.411
6434.55566959785  1358.28
6434.61227129174  1347.391
6434.66886905942  1328.971
6434.72546290064  1300.122
6434.78205281519  1311.72
6434.83863880284  1383.14
6434.89522086336  1328.578
6434.95179899652  1386.089
6435.00837320208  1350.564
6435.06494347984  1369.001
6435.12150982955  1386.574
6435.17807225098  1386.408
6435.23463074393  1346.079
6435.29118530814  1383.648
6435.3477359434  1372.503
6435.40428264948  1423.713
6435.46082542615  1394.281
6435.51736427319  1377.323
6435.57389919036  1334.216
6435.63043017745  1395.509
6435.68695723421  1454.396
6435.74348036043  1319.123
6435.79999955588  1424.591
6435.85651482034  1407.354
6435.91302615356  1416.719
6435.96953355534  1381.579
6436.02603702543  1402.815
6436.08253656362  1404.732
6436.13903216968  1378.128
6436.19552384338  1395.639
6436.25201158449  1384.037
6436.30849539279  1388.07
6436.36497526805  1349.461
6436.42145121005  1372.681
6436.47792321855  1408.207
6436.53439129334  1327.881
6436.59085543418  1453.947
6436.64731564085  1311.066
6436.70377191312  1400.538
6436.76022425077  1383.699
6436.81667265357  1332.892
6436.8731171213  1360.737
6436.92955765373  1395.5
6436.98599425062  1446.567
6437.04242691177  1371.189
6437.09885563693  1455.689
6437.1552804259  1400.835
6437.21170127843  1359.899
6437.26811819431  1442.956
6437.3245311733  1387.628
6437.38094021519  1395.601
6437.43734531975  1449.711
6437.49374648675  1354.979
6437.55014371596  1395.907
6437.60653700717  1353.767
6437.66292636014  1264.845
6437.71931177466  1301.71
6437.77569325049  1381.935
6437.83207078741  1334.043
6437.8884443852  1394.33
6437.94481404363  1425.961
6438.00117976247  1353.01
6438.05754154151  1442.999
6438.11389938051  1411.191
6438.17025327925  1333.351
6438.22660323751  1379.143
6438.28294925506  1362.973
6438.33929133168  1388.817
6438.39562946715  1433.618
6438.45196366123  1355.402
6438.5082939137  1345.77
6438.56462022435  1388.28
6438.62094259294  1382.515
6438.67726101925  1326.368
6438.73357550305  1357.392
6438.78988604414  1367.106
6438.84619264226  1303.386
6438.90249529722  1393.038
6438.95879400877  1262.57
6439.0150887767  1370.253
6439.07137960079  1383.205
6439.1276664808  1334.465
6439.18394941651  1420.626
6439.24022840771  1322.767
6439.29650345417  1312.779
6439.35277455566  1290.078
6439.40904171196  1312.462
6439.46530492285  1314.906
6439.5215641881  1282.771
6439.57781950749  1290.686
6439.63407088079  1277.249
6439.6903183078  1198.726
6439.74656178827  1251.965
6439.80280132198  1176.23
6439.85903690872  1232.573
6439.91526854827  1158.978
6439.97149624039  1174.52
6440.02771998486  1205.99
6440.08393978147  1246.91
6440.14015562998  1161.797
6440.19636753019  1191.222
6440.25257548185  1117.82
6440.30877948476  1187.564
6440.36497953868  1144.536
6440.4211756434  1232.935
6440.47736779869  1183.434
6440.53355600433  1165.068
6440.58974026011  1166.632
6440.64592056578  1162.265
6440.70209692114  1219.125
6440.75826932596  1266.204
6440.81443778002  1183.8
6440.8706022831  1227.928
6440.92676283497  1234.02
6440.98291943541  1274.945
6441.03907208421  1342.711
6441.09522078113  1355.012
6441.15136552596  1421.735
6441.20750631848  1395.217
6441.26364315845  1336.588
6441.31977604567  1345.6
6441.37590497991  1423.971
6441.43202996095  1349.298
6441.48815098856  1359.98
6441.54426806253  1381.722
6441.60038118264  1301.152
6441.65649034865  1387.25
6441.71259556036  1350.504
6441.76869681753  1371.945
6441.82479411996  1391.126
6441.88088746741  1341.366
6441.93697685967  1353.87
6441.99306229651  1329.386
6442.04914377772  1377.999
6442.10522130307  1418.436
6442.16129487234  1413.093
6442.21736448531  1373.638
6442.27343014177  1398.823
6442.32949184148  1423.589
6442.38554958424  1384.623
6442.44160336981  1345.87
6442.49765319798  1337.725
6442.55369906853  1413.816
6442.60974098123  1341.828
6442.66577893588  1400.376
6442.72181293223  1406.01
6442.77784297009  1361.527
6442.83386904922  1464.155
6442.8898911694  1411.843
6442.94590933042  1385.216
6443.00192353206  1406.75
6443.05793377409  1375.974
6443.1139400563  1398.133
6443.16994237846  1367.098
6443.22594074036  1374.073
6443.28193514177  1427.039
6443.33792558248  1396.609
6443.39391206226  1450.035
6443.44989458091  1405.327
6443.50587313819  1409.391
6443.56184773388  1365.488
6443.61781836778  1356.481
6443.67378503965  1385.406
6443.72974774929  1405.484
6443.78570649646  1373.872
6443.84166128095  1344.634
6443.89761210254  1359.969
6443.95355896102  1388.278
6444.00950185616  1366.23
6444.06544078775  1415.139
6444.12137575556  1369.422
6444.17730675937  1367.028
6444.23323379897  1410.884
6444.28915687414  1453.056
6444.34507598466  1391.626
6444.40099113032  1408.148
6444.45690231088  1378.459
6444.51280952614  1371.234
6444.56871277587  1355.57
6444.62461205986  1354.177
6444.68050737789  1414.134
6444.73639872974  1372.805
6444.79228611519  1399.688
6444.84816953402  1366.939
6444.90404898602  1408.884
6444.95992447096  1421.181
6445.01579598863  1433.154
6445.07166353882  1398.134
6445.12752712129  1359.056
6445.18338673584  1425.229
6445.23924238225  1370.449
6445.2950940603  1328.697
6445.35094176976  1411.365
6445.40678551043  1395.963
6445.46262528209  1423.129
6445.51846108451  1412.835
6445.57429291749  1424.105
6445.6301207808  1358.95
6445.68594467422  1359.46
6445.74176459754  1347.96
6445.79758055054  1404.514
6445.85339253301  1367.162
6445.90920054472  1416.082
6445.96500458546  1364.249
6446.02080465501  1340.175
6446.07660075316  1372.581
6446.13239287968  1330.775
6446.18818103437  1450.784
6446.243965217  1344.702
6446.29974542735  1381.158
6446.35552166522  1416.901
6446.41129393038  1385.485
6446.46706222261  1350.901
6446.52282654171  1368.474
6446.57858688745  1377.076
6446.63434325961  1355.044
6446.69009565799  1341.907
6446.74584408236  1400.216
6446.80158853251  1391.041
6446.85732900822  1482.508
6446.91306550927  1375.452
6446.96879803546  1389.964
6447.02452658655  1371.748
6447.08025116234  1414.914
6447.13597176261  1371.345
6447.19168838715  1361.793
6447.24740103574  1439.974
6447.30310970816  1372.471
6447.35881440419  1379.796
6447.41451512362  1420.196
6447.47021186625  1341.889
6447.52590463184  1364.787
6447.58159342018  1443.479
6447.63727823106  1332.928
6447.69295906427  1410.787
6447.74863591959  1351.961
6447.80430879679  1408.372
6447.85997769567  1392.268
6447.91564261602  1366.684
6447.97130355761  1388.596
6448.02696052023  1407.63
6448.08261350366  1329.333
6448.1382625077  1419.539
6448.19390753213  1402.452
6448.24954857672  1412.923
6448.30518564127  1376.161
6448.36081872556  1413.447
6448.41644782938  1389.378
6448.47207295251  1423.722
6448.52769409474  1378.236
6448.58331125585  1412.426
6448.63892443562  1382.839
6448.69453363385  1390.862
6448.75013885032  1398.29
6448.80574008481  1376.646
6448.86133733711  1367.612
6448.91693060701  1417.934
6448.97251989429  1381.932
6449.02810519874  1444.133
6449.08368652014  1355.302
6449.13926385827  1363.631
6449.19483721294  1394.213
6449.25040658391  1443.885
6449.30597197098  1410.734
6449.36153337393  1462.274
6449.41709079256  1353.134
6449.47264422664  1436.144
6449.52819367596  1445.635
6449.58373914031  1370.631
6449.63928061947  1412.875
6449.69481811323  1341.035
6449.75035162139  1414.506
6449.80588114371  1323.987
6449.86140668  1360.471
6449.91692823003  1312.238
6449.9724457936  1303.966
6450.02795937049  1289.287
6450.08346896049  1318.353
6450.13897456338  1364.406
6450.19447617895  1319.992
6450.24997380699  1306.106
6450.30546744729  1277.241
6450.36095709963  1329.924
6450.4164427638  1263.062
6450.47192443958  1261.477
6450.52740212678  1322.599
6450.58287582516  1234.659
6450.63834553452  1213.859
6450.69381125465  1255.026
6450.74927298533  1170.347
6450.80473072635  1170.907
6450.86018447751  1152.944
6450.91563423858  1193.283
6450.97108000935  1139.187
6451.02652178962  1196.085
6451.08195957916  1205.389
6451.13739337778  1212.015
6451.19282318525  1141.65
6451.24824900137  1137.224
6451.30367082591  1202.974
6451.35908865868  1208.876
6451.41450249945  1172.694
6451.46991234802  1175.919
6451.52531820418  1254.453
6451.58072006771  1200.88
6451.6361179384  1214.937
6451.69151181603  1252.607
6451.74690170041  1237.417
6451.80228759132  1250.373
6451.85766948854  1260.968
6451.91304739186  1345.779
6451.96842130107  1308.529
6452.02379121597  1330.195
6452.07915713634  1329.848
6452.13451906197  1378.619
6452.18987699264  1306.452
6452.24523092815  1352.849
6452.30058086829  1374.589
6452.35592681284  1341.318
6452.41126876159  1389.563
6452.46660671434  1351.14
6452.52194067088  1384.12
6452.57727063098  1380.303
6452.63259659444  1374.705
6452.68791856106  1353.099
6452.74323653061  1400.463
6452.7985505029  1387.416
6452.8538604777  1357.379
6452.90916645481  1394.483
6452.96446843402  1388.073
6453.01976641512  1325.235
6453.0750603979  1428.494
6453.13035038214  1416.306
6453.18563636764  1377.718
6453.24091835419  1322.462
6453.29619634158  1361.675
6453.35147032959  1439.379
6453.40674031802  1406.509
6453.46200630666  1319.776
6453.5172682953  1383.001
6453.57252628372  1341.268
6453.62778027173  1385.415
6453.6830302591  1354.19
6453.73827624564  1403.984
6453.79351823112  1386.815
6453.84875621534  1391.425
6453.90399019809  1365.863
6453.95922017917  1358.68
6454.01444615836  1363.05
6454.06966813545  1335.598
6454.12488611023  1430.854
6454.1801000825  1408.415
6454.23531005205  1385.533
6454.29051601866  1424.539
6454.34571798213  1387.944
6454.40091594225  1434.301
6454.45610989881  1452.224
6454.5112998516  1452.315
6454.56648580041  1388.589
6454.62166774504  1392.141
6454.67684568527  1422.469
6454.7320196209  1419.813
6454.78718955171  1361.981
6454.8423554775  1386.193
6454.89751739807  1391.877
6454.9526753132  1409.505
6455.00782922268  1381.365
6455.06297912631  1391.65
6455.11812502388  1429.008
6455.17326691518  1419.586
6455.2284048  1391.742
6455.28353867813  1415.799
6455.33866854936  1444.888
6455.3937944135  1405.074
6455.44891627033  1386.93
6455.50403411963  1431.592
6455.55914796122  1327.983
6455.61425779486  1395.302
6455.66936362037  1399.198
6455.72446543753  1367.628
6455.77956324613  1387.022
6455.83465704597  1368.014
6455.88974683684  1405.499
6455.94483261853  1335.373
6455.99991439083  1380.177
6456.05499215354  1401.184
6456.11006590645  1346.69
6456.16513564935  1250.27
6456.22020138203  1312.942
6456.2752631043  1304.485
6456.33032081593  1307.479
6456.38537451673  1284.804
6456.44042420649  1347.644
6456.495469885  1351.618
6456.55051155205  1281.01
6456.60554920744  1306.16
6456.66058285096  1310.677
6456.7156124824  1332.462
6456.77063810156  1283.629
6456.82565970823  1257.788
6456.8806773022  1206.811
6456.93569088327  1267.095
6456.99070045124  1232.537
6457.04570600588  1199.828
6457.10070754701  1228.078
6457.15570507441  1244.643
6457.21069858788  1209.712
6457.2656880872  1237.769
6457.32067357218  1317.246
6457.37565504261  1241.904
6457.43063249828  1264.273
6457.48560593899  1254.737
6457.54057536453  1258.32
6457.59554077469  1315.56
6457.65050216928  1279.765
6457.70545954808  1324.096
6457.76041291088  1310.023
6457.81536225749  1315.523
6457.87030758769  1244.75
6457.92524890129  1372.765
6457.98018619807  1323.932
6458.03511947783  1359.621
6458.09004874037  1296.853
6458.14497398548  1342.81
6458.19989521296  1344.061
6458.2548124226  1361.928
6458.30972561418  1333.768
6458.36463478753  1391.262
6458.41953994241  1386.03
6458.47444107864  1388.348
6458.529338196  1445.407
6458.58423129429  1377.373
6458.63912037331  1381.307
6458.69400543286  1420.438
6458.74888647271  1412.24
6458.80376349268  1380.714
6458.85863649256  1361.905
6458.91350547214  1416.698
6458.96837043122  1427.458
6459.02323136959  1410.813
6459.07808828706  1410.631
6459.1329411834  1466.964
6459.18779005844  1366.902
6459.24263491195  1435.949
6459.29747574373  1388.038
6459.35231255358  1400.904
6459.4071453413  1352.421
6459.46197410669  1426.139
6459.51679884952  1442.467
6459.57161956962  1451.063
6459.62643626676  1411.824
6459.68124894075  1452.661
6459.73605759138  1448.911
6459.79086221846  1425.825
6459.84566282177  1423.705
6459.90045940111  1459.638
6459.95525195628  1441.076
6460.01004048707  1432.956
6460.06482499329  1419.12
6460.11960547473  1435.694
6460.17438193119  1423.288
6460.22915436245  1386.367
6460.28392276833  1388.505
6460.33868714861  1435.525
6460.3934475031  1387.277
6460.44820383159  1440.657
6460.50295613387  1430.27
6460.55770440975  1405.058
6460.61244865903  1389.918
6460.6671888815  1407.311
6460.72192507694  1386.171
6460.77665724518  1365.976
6460.831385386  1346.33
6460.8861094992  1445.212
6460.94082958457  1369.31
6460.99554564192  1434.309
6461.05025767104  1421.05
6461.10496567173  1437.123
6461.15966964379  1425.233
6461.21436958702  1378.04
6461.2690655012  1448.894
6461.32375738615  1357.61
6461.37844524166  1336.827
6461.43312906753  1410.66
6461.48780886356  1416.59
6461.54248462953  1370.332
6461.59715636526  1409.813
6461.65182407054  1357.007
6461.70648774517  1400.356
6461.76114738894  1400.271
6461.81580300166  1350.083
6461.87045458313  1418.242
6461.92510213314  1406.628
6461.97974565149  1378.062
6462.03438513797  1423.763
6462.0890205924  1391.911
6462.14365201457  1408.835
6462.19827940427  1422.427
6462.2529027613  1387.022
6462.30752208547  1455.718
6462.36213737658  1412.655
6462.41674863441  1438.734
6462.47135585878  1428.669
6462.52595904948  1440.741
6462.5805582063  1374.161
6462.63515332906  1425.203
6462.68974441754  1399.293
6462.74433147155  1364.961
6462.79891449088  1371.842
6462.85349347535  1332.677
6462.90806842474  1373.084
6462.96263933885  1394.304
6463.01720621749  1338.951
6463.07176906045  1333.189
6463.12632786754  1278.658
6463.18088263856  1209.288
6463.23543337329  1285.622
6463.28998007155  1224.876
6463.34452273314  1204.068
6463.39906135785  1167.83
6463.45359594548  1169.958
6463.50812649584  1164.895
6463.56265300872  1120.243
6463.61717548393  1227.755
6463.67169392126  1234.801
6463.72620832052  1186.32
6463.7807186815  1126.812
6463.83522500401  1172.554
6463.88972728785  1123.618
6463.94422553281  1116.539
6463.9987197387  1177.849
6464.05320990532  1126.569
6464.10769603247  1128.262
6464.16217811995  1166.974
6464.21665616756  1220.611
6464.2711301751  1197.482
6464.32560014237  1243.269
6464.38006606918  1195.196
6464.43452795533  1193.161
6464.4889858006  1267.573
6464.54343960482  1311.086
6464.59788936777  1332.719
6464.65233508927  1346.049
6464.7067767691  1398.544
6464.76121440708  1414.232
6464.815648003  1368.044
6464.87007755667  1416.872
6464.92450306788  1370.148
6464.97892453644  1365.643
6465.03334196215  1402.035
6465.08775534481  1403.046
6465.14216468423  1368.66
6465.1965699802  1386.945
6465.25097123253  1407.873
6465.30536844102  1362.719
6465.35976160547  1365.474
6465.41415072568  1346.02
6465.46853580145  1399.915
6465.5229168326  1397.423
6465.57729381891  1385.298
6465.6316667602  1399.281
6465.68603565626  1364.244
6465.74040050689  1362.484
6465.79476131191  1391.553
6465.84911807111  1461.011
6465.90347078429  1372.719
6465.95781945125  1437.033
6466.01216407181  1350.949
6466.06650464576  1410.436
6466.1208411729  1446.697
6466.17517365304  1403.245
6466.22950208598  1389.615
6466.28382647152  1381.24
6466.33814680947  1366.948
6466.39246309963  1368.736
6466.4467753418  1366.095
6466.50108353579  1387.192
6466.55538768139  1383.65
6466.60968777842  1421.608
6466.66398382667  1359.394
6466.71827582595  1343.949
6466.77256377606  1365.912
6466.8268476768  1370.411
6466.88112752799  1396.478
6466.93540332942  1448.473
6466.98967508089  1416.874
6467.04394278221  1431.773
6467.09820643319  1398.394
6467.15246603362  1400.554
6467.20672158331  1453.974
6467.26097308207  1457.687
6467.3152205297  1400.755
6467.369463926  1401.385
6467.42370327078  1408.482
6467.47793856383  1367.386
6467.53216980498  1363.878
6467.58639699401  1397.021
6467.64062013073  1398.407
6467.69483921496  1418.906
6467.74905424648  1406.884
6467.80326522511  1390.693
6467.85747215066  1416.749
6467.91167502292  1428.881
6467.9658738417  1406.095
6468.0200686068  1410.219
6468.07425931803  1463.137
6468.1284459752  1382.42
6468.18262857811  1430.396
6468.23680712656  1382.761
6468.29098162036  1409.77
6468.34515205932  1438.389
6468.39931844323  1372.036
6468.45348077191  1354.771
6468.50763904516  1438.019
6468.56179326277  1423.475
6468.61594342458  1422.974
6468.67008953036  1390.588
6468.72423157994  1375.787
6468.77836957311  1424.904
6468.83250350968  1459.681
6468.88663338946  1366.907
6468.94075921225  1400.121
6468.99488097787  1456.094
6469.0489986861  1497.362
6469.10311233676  1397.588
6469.15722192966  1417.804
6469.2113274646  1378.564
6469.26542894139  1459.683
6469.31952635983  1359.919
6469.37361971972  1463.853
6469.42770902089  1351.447
6469.48179426312  1448.167
6469.53587544623  1457.162
6469.58995257003  1321.669
6469.64402563431  1338.384
6469.6980946389  1388.76
6469.75215958358  1352.747
6469.80622046817  1333.426
6469.86027729248  1368.27
6469.91433005631  1308.091
6469.96837875947  1318.826
6470.02242340176  1403.556
6470.076463983  1323.115
6470.13050050298  1355.083
6470.18453296152  1302.075
6470.23856135843  1382.618
6470.2925856935  1362.853
6470.34660596655  1343.32
6470.40062217738  1312.921
6470.4546343258  1402.359
6470.50864241163  1333.488
6470.56264643465  1324.4
6470.61664639469  1400.046
6470.67064229155  1379.909
6470.72463412503  1366.231
6470.77862189495  1350.233
6470.83260560111  1399.644
6470.88658524332  1384.794
6470.94056082139  1349.786
6470.99453233512  1350.087
6471.04849978433  1340.624
6471.10246316881  1368.28
6471.15642248838  1361.932
6471.21037774285  1390.323
6471.26432893203  1345.624
6471.31827605571  1355.035
6471.37221911371  1399.701
6471.42615810584  1430.663
6471.48009303191  1460.396
6471.53402389172  1395.116
6471.58795068508  1402.949
6471.64187341181  1337.143
6471.6957920717  1356.153
6471.74970666457  1412.943
6471.80361719023  1377.983
6471.85752364848  1370.276
6471.91142603914  1438.747
6471.965324362  1426.865
6472.01921861689  1387.505
6472.0731088036  1365.966
6472.12699492195  1351.778
6472.18087697175  1409.917
6472.23475495281  1319.401
6472.28862886493  1294.882
6472.34249870792  1322.956
6472.39636448159  1223.92
6472.45022618577  1304.133
6472.50408382023  1271.528
6472.55793738481  1205.728
6472.61178687931  1274.041
6472.66563230354  1303.288
6472.7194736573  1228.486
6472.77331094041  1241.185
6472.82714415268  1263.414
6472.88097329392  1288.208
6472.93479836393  1211.381
6472.98861936253  1321.667
6473.04243628952  1276.607
6473.09624914472  1277.497
6473.15005792794  1278.209
6473.20386263898  1267.707
6473.25766327765  1298.485
6473.31145984377  1226.927
6473.36525233714  1277.323
6473.41904075758  1250.364
6473.4728251049  1343.772
6473.5266053789  1335.441
6473.5803815794  1377.182
6473.6341537062  1373.88
6473.68792175912  1358.596
6473.74168573796  1378.503
6473.79544564255  1406.491
6473.84920147268  1388.393
6473.90295322817  1374.183
6473.95670090883  1483.27
6474.01044451447  1443.441
6474.06418404489  1346.84
6474.11791949993  1359.759
6474.17165087937  1369.103
6474.22537818304  1361.994
6474.27910141074  1459.488
6474.33282056228  1445.004
6474.38653563748  1363.869
6474.44024663615  1388.437
6474.4939535581  1395.256
6474.54765640314  1429.367
6474.60135517108  1413.732
6474.65504986173  1387.917
6474.70874047491  1437.295
6474.76242701042  1419.144
6474.81610946807  1468.722
6474.86978784769  1406.385
6474.92346214907  1431.974
6474.97713237204  1382.621
6475.0307985164  1407.842
6475.08446058197  1356.389
6475.13811856855  1355.723
6475.19177247597  1424.867
6475.24542230402  1322.38
6475.29906805253  1449.39
6475.3527097213  1456.314
6475.40634731015  1420.814
6475.45998081889  1394.353
6475.51361024732  1477.265
6475.56723559528  1419.076
6475.62085686256  1429.871
6475.67447404898  1409.245
6475.72808715435  1353.11
6475.78169617848  1348.812
6475.83530112119  1301.783
6475.88890198229  1340.228
6475.94249876158  1356.553
6475.99609145889  1371.318
6476.04968007404  1368.
6476.10326460682  1342.204
6476.15684505705  1398.637
6476.21042142454  1337.456
6476.26399370912  1335.653
6476.31756191059  1276.485
6476.37112602876  1374.27
6476.42468606344  1397.579
6476.47824201446  1381.269
6476.53179388163  1331.316
6476.58534166475  1284.268
6476.63888536364  1338.728
6476.69242497812  1384.414
6476.74596050799  1339.485
6476.79949195308  1342.819
6476.85301931319  1260.707
6476.90654258814  1357.496
6476.96006177774  1333.667
6477.0135768818  1312.347
6477.06708790015  1346.6
6477.12059483259  1286.589
6477.17409767894  1295.756
6477.227596439  1383.414
6477.28109111261  1327.629
6477.33458169956  1285.72
6477.38806819968  1416.319
6477.44155061277  1411.579
6477.49502893866  1368.649
6477.54850317716  1429.235
6477.60197332807  1419.55
6477.65543939122  1358.606
6477.70890136642  1409.877
6477.76235925348  1361.204
6477.81581305223  1449.395
6477.86926276246  1406.859
6477.922708384  1436.263
6477.97614991667  1469.329
6478.02958736027  1381.471
6478.08302071463  1469.026
6478.13644997956  1385.622
6478.18987515486  1472.912
6478.24329624036  1479.147
6478.29671323588  1398.789
6478.35012614122  1470.01
6478.40353495621  1484.86
6478.45693968065  1469.963
6478.51034031436  1501.344
6478.56373685717  1409.884
6478.61712930888  1433.14
6478.6705176693  1421.742
6478.72390193826  1381.306
6478.77728211557  1422.789
6478.83065820105  1404.242
6478.88403019451  1412.223
6478.93739809577  1408.721
6478.99076190464  1414.951
6479.04412162094  1389.716
6479.09747724448  1423.863
6479.15082877508  1383.67
6479.20417621256  1368.608
6479.25751955673  1449.259
6479.31085880741  1394.994
6479.36419396442  1374.326
6479.41752502756  1436.137
6479.47085199667  1422.735
6479.52417487155  1422.812
6479.57749365201  1449.135
6479.63080833789  1394.419
6479.68411892898  1419.929
6479.73742542512  1457.983
6479.79072782611  1406.7
6479.84402613178  1428.633
6479.89732034193  1407.435
6479.95061045639  1408.788
6480.00389647497  1376.012
6480.05717839749  1405.425
6480.11045622377  1386.349
6480.16372995363  1277.856
6480.21699958687  1484.657
6480.27026512332  1425.758
6480.32352656279  1378.389
6480.37678390511  1400.78
6480.43003715009  1424.275
6480.48328629754  1372.954
6480.53653134729  1445.694
6480.58977229915  1446.243
6480.64300915293  1432.289
6480.69624190847  1513.463
6480.74947056556  1436.448
6480.80269512404  1451.11
6480.85591558372  1455.618
6480.90913194441  1427.823
6480.96234420594  1403.102
6481.01555236812  1414.849
6481.06875643077  1383.434
6481.12195639371  1475.503
6481.17515225676  1449.303
6481.22834401973  1389.639
6481.28153168244  1426.891
6481.33471524471  1463.755
6481.38789470636  1386.057
6481.44107006721  1410.592
6481.49424132707  1418.923
6481.54740848577  1395.255
6481.60057154312  1382.197
6481.65373049894  1410.872
6481.70688535305  1466.117
6481.76003610526  1438.395
6481.81318275541  1404.122
6481.8663253033  1443.568
6481.91946374875  1398.449
6481.97259809159  1425.998
6482.02572833162  1406.736
6482.07885446868  1386.978
6482.13197650257  1475.818
6482.18509443313  1420.779
6482.23820826016  1445.498
6482.29131798349  1411.786
6482.34442360294  1348.885
6482.39752511832  1438.23
6482.45062252946  1405.617
6482.50371583617  1353.146
6482.55680503827  1295.542
6482.60989013558  1352.006
6482.66297112793  1354.212
6482.71604801513  1322.54
6482.769120797  1306.535
6482.82218947336  1384.302
6482.87525404404  1317.049
6482.92831450884  1343.047
6482.98137086759  1351.323
6483.03442312012  1334.091
6483.08747126623  1296.568
6483.14051530576  1267.638
6483.19355523852  1304.668
6483.24659106432  1245.088
6483.299622783  1258.304
6483.35265039437  1231.73
6483.40567389825  1269.671
6483.45869329446  1308.915
6483.51170858282  1358.642
6483.56471976316  1338.038
6483.61772683529  1335.785
6483.67072979903  1284.913
6483.72372865421  1261.176
6483.77672340064  1236.284
6483.82971403815  1285.641
6483.88270056655  1302.987
6483.93568298567  1339.34
6483.98866129533  1322.389
6484.04163549535  1347.874
6484.09460558555  1380.438
6484.14757156575  1417.96
6484.20053343577  1299.15
6484.25349119543  1409.315
6484.30644484456  1426.298
6484.35939438298  1384.748
6484.4123398105  1389.057
6484.46528112695  1367.666
6484.51821833215  1420.72
6484.57115142592  1416.284
6484.62408040809  1371.522
6484.67700527847  1396.15
6484.72992603688  1392.948
6484.78284268316  1386.966
6484.83575521711  1400.604
6484.88866363856  1364.197
6484.94156794734  1417.727
6484.99446814327  1433.904
6485.04736422616  1443.085
6485.10025619584  1390.464
6485.15314405213  1438.132
6485.20602779485  1436.639
6485.25890742384  1416.795
6485.31178293889  1407.895
6485.36465433985  1373.793
6485.41752162653  1367.041
6485.47038479876  1360.319
6485.52324385635  1375.612
6485.57609879913  1401.896
6485.62894962693  1426.815
6485.68179633956  1380.275
6485.73463893685  1395.497
6485.78747741862  1416.841
6485.84031178469  1494.355
6485.8931420349  1433.019
6485.94596816904  1461.42
6485.99879018696  1403.146
6486.05160808848  1442.869
6486.10442187342  1475.86
6486.15723154159  1472.95
6486.21003709283  1421.899
6486.26283852696  1469.604
6486.3156358438  1451.081
6486.36842904317  1397.115
6486.4212181249  1393.341
6486.47400308881  1443.657
6486.52678393473  1458.655
6486.57956066247  1461.071
6486.63233327187  1435.604
6486.68510176274  1377.59
6486.73786613491  1314.967
6486.79062638821  1393.823
6486.84338252245  1428.081
6486.89613453746  1388.933
6486.94888243307  1404.045
6487.00162620909  1443.186
6487.05436586536  1489.29
6487.1071014017  1396.237
6487.15983281792  1406.766
6487.21256011386  1424.046
6487.26528328934  1422.869
6487.31800234418  1440.949
6487.37071727822  1447.727
6487.42342809126  1478.332
6487.47613478314  1427.795
6487.52883735369  1366.653
6487.58153580272  1355.35
6487.63423013005  1412.945
6487.68692033553  1384.276
6487.73960641897  1443.786
6487.79228838019  1382.023
6487.84496621902  1448.754
6487.89763993528  1404.349
6487.95030952881  1434.078
6488.00297499942  1344.542
6488.05563634694  1392.412
6488.10829357119  1437.13
6488.16094667201  1466.241
6488.21359564921  1479.171
6488.26624050262  1487.224
6488.31888123206  1403.699
6488.37151783737  1427.959
6488.42415031837  1412.237
6488.47677867488  1463.725
6488.52940290672  1389.618
6488.58202301374  1494.717
6488.63463899573  1399.784
6488.68725085255  1505.466
6488.73985858401  1386.14
6488.79246218993  1427.842
6488.84506167014  1377.671
6488.89765702448  1406.732
6488.95024825275  1441.261
6489.0028353548  1371.79
6489.05541833045  1442.06
6489.10799717952  1445.284
6489.16057190183  1389.145
6489.21314249723  1369.654
6489.26570896552  1413.391
6489.31827130654  1441.135
6489.37082952012  1452.755
6489.42338360608  1450.54
6489.47593356425  1412.964
6489.52847939445  1418.152
6489.58102109651  1441.916
6489.63355867026  1436.794
6489.68609211553  1399.774
6489.73862143213  1509.529
6489.7911466199  1495.053
6489.84366767867  1462.39
6489.89618460826  1459.13
6489.9486974085  1393.722
6490.00120607921  1407.038
6490.05371062023  1461.399
6490.10621103138  1498.342
6490.15870731249  1429.145
6490.21119946338  1452.588
6490.26368748389  1447.505
6490.31617137383  1494.838
6490.36865113304  1385.464
6490.42112676135  1416.366
6490.47359825858  1422.331
6490.52606562456  1443.129
6490.57852885912  1481.598
6490.63098796208  1387.505
6490.68344293328  1437.165
6490.73589377253  1357.828
6490.78834047968  1304.843
6490.84078305454  1354.754
6490.89322149695  1288.952
6490.94565580673  1413.228
6490.99808598372  1445.654
6491.05051202773  1434.171
6491.1029339386  1470.222
6491.15535171616  1413.726
6491.20776536023  1436.961
6491.26017487064  1462.199
6491.31258024723  1393.957
6491.36498148981  1431.933
6491.41737859823  1429.793
6491.4697715723  1439.311
6491.52216041186  1449.566
6491.57454511673  1441.616
6491.62692568674  1399.596
6491.67930212173  1427.781
6491.73167442151  1460.901
6491.78404258593  1423.108
6491.83640661481  1300.909
6491.88876650797  1444.914
6491.94112226525  1457.869
6491.99347388648  1409.821
6492.04582137148  1422.964
6492.09816472009  1404.417
6492.15050393213  1352.645
6492.20283900743  1415.344
6492.25516994583  1388.251
6492.30749674715  1349.371
6492.35981941122  1394.907
6492.41213793787  1405.627
6492.46445232694  1336.51
6492.51676257825  1391.093
6492.56906869162  1354.074
6492.6213706669  1319.255
6492.6736685039  1350.572
6492.72596220247  1399.218
6492.77825176243  1413.732
6492.8305371836  1340.531
6492.88281846583  1356.432
6492.93509560894  1313.875
6492.98736861276  1318.527
6493.03963747712  1337.558
6493.09190220185  1373.92
6493.14416278678  1353.828
6493.19641923175  1355.649
6493.24867153658  1346.785
6493.3009197011  1415.418
6493.35316372514  1399.215
6493.40540360854  1359.52
6493.45763935112  1385.418
6493.50987095272  1444.71
6493.56209841317  1462.698
6493.61432173229  1474.588
6493.66654090992  1404.076
6493.71875594589  1423.686
6493.77096684004  1384.458
6493.82317359218  1419.584
6493.87537620215  1395.421
6493.92757466979  1462.602
6493.97976899492  1439.829
6494.03195917738  1342.326
6494.084145217  1416.87
6494.13632711361  1473.398
6494.18850486703  1408.184
6494.24067847711  1355.91
6494.29284794367  1404.082
6494.34501326655  1278.715
6494.39717444558  1290.873
6494.44933148058  1269.478
6494.50148437139  1283.339
6494.55363311784  1331.724
6494.60577771978  1194.72
6494.65791817701  1282.137
6494.71005448938  1250.422
6494.76218665672  1267.204
6494.81431467887  1238.697
6494.86643855565  1212.118
6494.91855828689  1317.429
6494.97067387244  1223.829
6495.02278531211  1371.079
6495.07489260575  1227.994
6495.12699575319  1194.082
6495.17909475425  1247.086
6495.23118960877  1242.264
6495.28328031659  1162.992
6495.33536687754  1223.663
6495.38744929144  1202.547
6495.43952755813  1169.038
6495.49160167745  1196.757
6495.54367164923  1143.107
6495.59573747329  1169.295
6495.64779914948  1170.667
6495.69985667763  1137.698
6495.75191005756  1205.12
6495.80395928912  1105.983
6495.85600437213  1179.751
6495.90804530644  1197.474
6495.96008209186  1152.258
6496.01211472824  1142.235
6496.06414321542  1199.101
6496.11616755321  1161.803
6496.16818774145  1263.902
6496.22020377999  1159.635
6496.27221566865  1162.656
6496.32422340727  1173.916
6496.37622699568  1247.677
6496.42822643371  1238.307
6496.4802217212  1243.257
6496.53221285799  1220.702
6496.5841998439  1152.362
6496.63618267877  1230.266
6496.68816136243  1215.048
6496.74013589472  1219.79
6496.79210627548  1232.36
6496.84407250453  1258.786
6496.89603458172  1316.638
6496.94799250687  1284.416
6496.99994627981  1258.799
6497.0518959004  1369.358
6497.10384136845  1373.057
6497.1557826838  1246.244
6497.2077198463  1325.776
6497.25965285576  1285.037
6497.31158171204  1273.592
6497.36350641495  1297.755
6497.41542696434  1243.635
6497.46734336005  1242.614
6497.5192556019  1150.587
6497.57116368973  1215.781
6497.62306762338  1226.511
6497.67496740268  1219.476
6497.72686302747  1203.723
6497.77875449758  1145.767
6497.83064181285  1208.401
6497.88252497311  1278.157
6497.9344039782  1120.337
6497.98627882796  1167.173
6498.03814952221  1297.375
6498.0900160608  1167.471
6498.14187844356  1188.789
6498.19373667032  1186.336
6498.24559074093  1174.802
6498.29744065521  1236.795
6498.34928641301  1194.682
6498.40112801415  1244.369
6498.45296545848  1282.47
6498.50479874583  1281.974
6498.55662787604  1188.193
6498.60845284895  1276.879
6498.66027366438  1281.791
6498.71209032218  1347.953
6498.76390282217  1329.474
6498.81571116421  1349.365
6498.86751534812  1373.349
6498.91931537374  1414.644
6498.97111124091  1494.568
6499.02290294947  1487.641
6499.07469049924  1457.41
6499.12647389007  1439.848
6499.1782531218  1476.077
6499.23002819425  1412.962
6499.28179910727  1419.426
6499.3335658607  1413.955
6499.38532845436  1383.653
6499.43708688811  1408.222
6499.48884116177  1465.574
6499.54059127518  1430.786
6499.59233722818  1467.736
6499.64407902061  1445.355
6499.6958166523  1486.387
6499.74755012309  1388.095
6499.79927943282  1378.929
6499.85100458133  1372.845
6499.90272556845  1347.35
6499.95444239402  1395.32
6500.00615505787  1358.106
6500.05786355986  1335.549
6500.1095678998  1334.975
6500.16126807755  1372.565
6500.21296409294  1290.536
6500.2646559458  1298.985
6500.31634363598  1232.951
6500.3680271633  1270.864
6500.41970652763  1250.387
6500.47138172877  1276.719
6500.52305276659  1281.509
6500.57471964091  1256.28
6500.62638235157  1304.646
6500.67804089842  1246.421
6500.72969528128  1314.077
6500.7813455  1229.783
6500.83299155442  1316.937
6500.88463344437  1298.742
6500.9362711697  1289.536
6500.98790473024  1278.924
6501.03953412583  1349.923
6501.09115935631  1342.937
6501.14278042151  1378.647
6501.19439732129  1301.984
6501.24601005547  1392.934
6501.29761862389  1389.336
6501.3492230264  1354.869
6501.40082326283  1301.08
6501.45241933302  1325.972
6501.50401123681  1364.236
6501.55559897405  1398.01
6501.60718254456  1376.118
6501.65876194819  1439.354
6501.71033718478  1441.298
6501.76190825416  1456.412
6501.81347515619  1413.513
6501.86503789069  1439.512
6501.9165964575  1472.771
6501.96815085648  1429.909
6502.01970108744  1353.091
6502.07124715024  1381.044
6502.12278904472  1441.192
6502.17432677071  1394.586
6502.22586032806  1432.996
6502.27738971659  1377.339
6502.32891493617  1430.551
6502.38043598662  1421.018
6502.43195286778  1395.119
6502.4834655795  1398.429
6502.53497412161  1359.373
6502.58647849396  1472.206
6502.63797869639  1408.474
6502.68947472873  1354.85
6502.74096659082  1407.606
6502.79245428252  1388.467
6502.84393780365  1436.906
6502.89541715406  1395.423
6502.94689233359  1332.768
6502.99836334208  1377.57
6503.04983017936  1442.124
6503.10129284529  1421.955
6503.15275133971  1429.571
6503.20420566244  1353.005
6503.25565581334  1363.167
6503.30710179224  1436.24
6503.35854359899  1448.764
6503.40998123343  1414.513
6503.46141469539  1352.414
6503.51284398473  1418.021
6503.56426910127  1449.675
6503.61569004487  1374.558
6503.66710681537  1423.368
6503.71851941259  1377.496
6503.7699278364  1440.429
6503.82133208662  1410.389
6503.8727321631  1439.659
6503.92412806569  1425.779
6503.97551979421  1411.177
6504.02690734853  1401.989
6504.07829072847  1438.47
6504.12966993388  1452.163
6504.1810449646  1384.895
6504.23241582047  1451.996
6504.28378250134  1515.86
6504.33514500705  1454.021
6504.38650333743  1421.591
6504.43785749234  1352.046
6504.48920747161  1505.52
6504.54055327509  1426.442
6504.59189490262  1393.969
6504.64323235403  1470.229
6504.69456562919  1341.052
6504.74589472791  1404.302
6504.79721965006  1346.616
6504.84854039547  1348.792
6504.89985696398  1363.426
6504.95116935544  1485.168
6505.00247756969  1477.195
6505.05378160657  1403.687
6505.10508146593  1450.589
6505.15637714761  1515.676
6505.20766865145  1464.216
6505.25895597729  1327.672
6505.31023912498  1388.026
6505.36151809437  1339.786
6505.41279288529  1407.239
6505.46406349758  1381.561
6505.5153299311  1322.475
6505.56659218568  1418.466
6505.61785026117  1381.611
6505.66910415741  1372.121
6505.72035387425  1457.691
6505.77159941153  1315.49
6505.82284076909  1477.504
6505.87407794677  1367.273
6505.92531094443  1419.266
6505.9765397619  1485.732
6506.02776439903  1396.304
6506.07898485567  1471.375
6506.13020113164  1455.082
6506.18141322681  1401.385
6506.23262114101  1386.866
6506.28382487409  1439.214
6506.3350244259  1438.91
6506.38621979627  1371.867
6506.43741098505  1398.891
6506.48859799209  1420.019
6506.53978081723  1452.23
6506.59095946032  1439.175
6506.64213392119  1438.17
6506.6933041997  1453.634
6506.74447029569  1435.244
6506.795632209  1366.513
6506.84678993948  1407.78
6506.89794348697  1451.17
6506.94909285132  1507.606
6507.00023803238  1464.072
6507.05137902998  1436.181
6507.10251584398  1450.13
6507.15364847421  1375.579
6507.20477692053  1457.767
6507.25590118278  1414.701
6507.3070212608  1423.25
6507.35813715444  1414.845
6507.40924886355  1413.915
6507.46035638796  1435.464
6507.51145972754  1440.924
6507.56255888211  1447.399
6507.61365385153  1479.419
6507.66474463565  1502.351
6507.7158312343  1378.33
6507.76691364733  1422.644
6507.8179918746  1466.813
6507.86906591594  1374.145
6507.92013577121  1456.504
6507.97120144024  1550.712
6508.02226292288  1473.385
6508.07332021899  1418.449
6508.1243733284  1472.813
6508.17542225097  1413.286
6508.22646698653  1518.272
6508.27750753494  1441.773
6508.32854389604  1425.27
6508.37957606968  1451.358
6508.4306040557  1482.867
6508.48162785396  1403.675
6508.53264746429  1424.313
6508.58366288655  1434.764
6508.63467412057  1313.807
6508.68568116622  1408.731
6508.73668402332  1557.478
6508.78768269174  1444.457
6508.83867717132  1443.921
6508.88966746191  1435.707
6508.94065356334  1402.793
6508.99163547548  1422.327
6509.04261319816  1421.805
6509.09358673123  1436.02
6509.14455607455  1324.22
6509.19552122795  1427.999
6509.2464821913  1444.964
6509.29743896442  1402.317
6509.34839154717  1354.357
6509.3993399394  1541.586
6509.45028414096  1400.504
6509.50122415169  1441.242
6509.55215997144  1343.339
6509.60309160006  1421.075
6509.6540190374  1370.243
6509.7049422833  1363.648
6509.75586133762  1364.851
6509.80677620019  1436.248
6509.85768687087  1448.976
6509.90859334951  1436.128
6509.95949563595  1355.53
6510.01039373005  1477.612
6510.06128763165  1416.034
6510.11217734059  1500.276
6510.16306285674  1386.344
6510.21394417992  1415.028
6510.26482131001  1421.248
6510.31569424683  1450.026
6510.36656299025  1336.165
6510.41742754011  1464.233
6510.46828789626  1379.614
6510.51914405854  1409.297
6510.56999602681  1436.859
6510.62084380092  1399.902
6510.6716873807  1422.489
6510.72252676603  1333.408
6510.77336195673  1354.636
6510.82419295266  1429.895
6510.87501975368  1422.346
6510.92584235962  1394.265
6510.97666077034  1376.598
6511.02747498569  1521.935
6511.07828500552  1524.001
6511.12909082968  1420.674
6511.179892458  1377.487
6511.23068989036  1463.417
6511.28148312659  1422.635
6511.33227216654  1586.47
6511.38305701007  1409.111
6511.43383765702  1442.414
6511.48461410724  1466.394
6511.53538636059  1473.523
6511.58615441691  1439.839
6511.63691827606  1418.347
6511.68767793788  1473.077
6511.73843340222  1337.104
6511.78918466893  1505.063
6511.83993173787  1421.363
6511.89067460888  1416.931
6511.94141328181  1409.271
6511.99214775652  1368.791
6512.04287803286  1305.356
6512.09360411067  1468.234
6512.1443259898  1429.599
6512.19504367011  1605.603
6512.24575715145  1425.782
6512.29646643366  1422.442
6512.3471715166  1485.946
6512.39787240012  1505.002
6512.44856908407  1362.853
6512.4992615683  1366.407
6512.54994985266  1432.844
6512.600633937  1460.458
6512.65131382117  1341.492
6512.70198950503  1468.933
6512.75266098843  1512.398
6512.80332827121  1512.31
6512.85399135323  1402.47
6512.90465023433  1503.853
6512.95530491438  1510.938
6513.00595539322  1424.732
6513.0566016707  1416.816
6513.10724374668  1400.981
6513.157881621  1462.174
6513.20851529353  1360.886
6513.25914476409  1481.932
6513.30977003257  1459.664
6513.36039109879  1457.262
6513.41100796262  1434.03
6513.46162062391  1460.885
6513.5122290825  1354.12
6513.56283333826  1418.856
6513.61343339102  1461.64
6513.66402924066  1473.481
6513.71462088701  1429.167
6513.76520832992  1563.195
6513.81579156926  1425.093
6513.86637060488  1481.744
6513.91694543662  1489.603
6513.96751606434  1409.089
6514.01808248789  1466.147
6514.06864470712  1373.229
6514.11920272188  1413.107
6514.16975653204  1385.331
6514.22030613744  1336.063
6514.27085153794  1381.895
6514.32139273337  1415.622
6514.37192972361  1373.536
6514.42246250851  1253.816
6514.4729910879  1497.609
6514.52351546166  1386.675
6514.57403562963  1457.222
6514.62455159167  1418.793
6514.67506334762  1323.311
6514.72557089734  1360.313
6514.77607424069  1376.59
6514.82657337752  1402.109
6514.87706830768  1465.935
6514.92755903102  1471.535
6514.9780455474  1418.138
6515.02852785667  1467.223
6515.07900595869  1447.209
6515.12947985331  1446.63
6515.17994954038  1430.755
6515.23041501976  1507.926
6515.2808762913  1455.561
6515.33133335486  1549.738
6515.38178621028  1438.74
6515.43223485743  1358.207
6515.48267929615  1439.872
6515.5331195263  1341.462
6515.58355554774  1474.076
6515.63398736032  1382.119
6515.68441496389  1521.204
6515.73483835831  1500.
6515.78525754343  1419.088
6515.8356725191  1481.752
6515.88608328519  1464.79
6515.93648984155  1454.281
6515.98689218802  1444.764
6516.03729032447  1582.859
6516.08768425075  1545.786
6516.13807396671  1380.806
6516.18845947222  1441.495
6516.23884076711  1407.626
6516.28921785126  1478.326
6516.33959072451  1456.682
6516.38995938672  1423.234
6516.44032383774  1474.316
6516.49068407744  1421.065
6516.54104010566  1328.935
6516.59139192225  1251.148
6516.64173952709  1275.779
6516.69208292001  1404.854
6516.74242210088  1394.593
6516.79275706955  1449.888
6516.84308782588  1417.989
6516.89341436972  1412.821
6516.94373670093  1417.652
6516.99405481936  1484.905
6517.04436872487  1337.003
6517.09467841732  1376.328
6517.14498389656  1349.138
6517.19528516244  1447.683
6517.24558221483  1458.45
6517.29587505358  1328.415
6517.34616367854  1434.973
6517.39644808958  1421.822
6517.44672828654  1365.718
6517.49700426929  1405.089
6517.54727603768  1396.616
6517.59754359156  1424.849
6517.6478069308  1395.138
6517.69806605524  1406.08
6517.74832096476  1395.622
6517.79857165919  1446.081
6517.8488181384  1433.435
6517.89906040225  1389.998
6517.9492984506  1414.195
6517.99953228329  1450.162
6518.04976190018  1389.779
6518.09998730115  1563.932
6518.15020848603  1486.153
6518.20042545468  1498.234
6518.25063820698  1458.784
6518.30084674276  1478.103
6518.35105106189  1402.134
6518.40125116422  1341.658
6518.45144704962  1508.336
6518.50163871794  1475.065
6518.55182616904  1414.993
6518.60200940277  1497.382
6518.652188419  1481.663
6518.70236321757  1353.003
6518.75253379835  1536.778
6518.8027001612  1420.927
6518.85286230597  1448.171
6518.90302023253  1455.929
6518.95317394071  1465.698
6519.0033234304  1287.149
6519.05346870144  1464.145
6519.1036097537  1373.439
6519.15374658702  1373.809
6519.20387920127  1416.214
6519.25400759631  1333.45
6519.304131772  1460.016
6519.35425172818  1437.428
6519.40436746473  1394.561
6519.4544789815  1395.787
6519.50458627835  1337.828
6519.55468935513  1304.519
6519.60478821171  1452.572
6519.65488284794  1391.885
6519.70497326369  1459.464
6519.7550594588  1440.964
6519.80514143315  1358.895
6519.85521918658  1311.202
6519.90529271897  1364.985
6519.95536203016  1404.518
6520.00542712001  1402.11
6520.05548798839  1352.1
6520.10554463515  1272.439
6520.15559706016  1428.201
6520.20564526327  1267.115
6520.25568924433  1384.848
6520.30572900322  1368.268
6520.35576453979  1399.673
6520.4057958539  1464.285
6520.4558229454  1458.722
6520.50584581417  1411.7
6520.55586446005  1469.06
6520.60587888291  1482.284
6520.65588908261  1510.752
6520.705895059  1541.362
6520.75589681195  1420.142
6520.80589434131  1347.602
6520.85588764696  1442.755
6520.90587672874  1415.322
6520.95586158651  1459.207
6521.00584222014  1421.671
6521.05581862949  1438.083
6521.10579081441  1459.953
6521.15575877477  1419.486
6521.20572251043  1487.978
6521.25568202124  1517.087
6521.30563730708  1437.21
6521.35558836779  1386.193
6521.40553520324  1434.341
6521.45547781329  1427.205
6521.50541619779  1533.648
6521.55535035662  1440.831
6521.60528028963  1489.892
6521.65520599668  1386.824
