6646.75249776984  0.
6646.81398989628  0.
6646.87547811403  0.
6646.93696242282  0.
6646.99844282238  1574.128
6647.05991931244  1497.014
6647.12139189271  1547.237
6647.18286056292  1506.952
6647.2443253228  1589.545
6647.30578617208  1547.02
6647.36724311048  1573.48
6647.42869613772  1561.573
6647.49014525354  1540.975
6647.55159045765  1516.688
6647.61303174979  1463.601
6647.67446912968  1563.243
6647.73590259705  1474.351
6647.79733215162  1465.197
6647.85875779312  1524.339
6647.92017952127  1453.577
6647.98159733581  1453.948
6648.04301123646  1521.777
6648.10442122294  1529.893
6648.16582729498  1475.104
6648.2272294523  1543.299
6648.28862769465  1597.404
6648.35002202173  1524.738
6648.41141243329  1549.032
6648.47279892904  1561.083
6648.53418150871  1522.234
6648.59556017202  1525.823
6648.65693491872  1522.594
6648.71830574852  1420.456
6648.77967266115  1561.282
6648.84103565633  1496.28
6648.9023947338  1583.768
6648.96374989329  1567.731
6649.02510113451  1509.562
6649.08644845719  1462.235
6649.14779186107  1419.904
6649.20913134588  1597.212
6649.27046691133  1640.241
6649.33179855716  1537.077
6649.39312628309  1534.308
6649.45445008886  1532.028
6649.51576997418  1502.787
6649.57708593879  1529.849
6649.63839798242  1455.039
6649.69970610479  1440.443
6649.76101030564  1506.988
6649.82231058468  1598.368
6649.88360694165  1497.78
6649.94489937628  1658.127
6650.00618788829  1582.377
6650.06747247741  1496.087
6650.12875314338  1528.204
6650.19002988591  1516.334
6650.25130270474  1528.408
6650.3125715996  1553.289
6650.37383657021  1591.65
6650.43509761631  1477.921
6650.49635473761  1569.432
6650.55760793386  1513.728
6650.61885720478  1552.505
6650.6801025501  1457.917
6650.74134396954  1519.755
6650.80258146284  1629.144
6650.86381502973  1433.356
6650.92504466993  1494.302
6650.98627038318  1578.555
6651.04749216919  1549.644
6651.10871002771  1579.762
6651.16992395846  1535.513
6651.23113396117  1498.975
6651.29234003558  1515.997
6651.3535421814  1506.691
6651.41474039837  1557.539
6651.47593468622  1525.563
6651.53712504467  1586.357
6651.59831147347  1518.95
6651.65949397233  1538.297
6651.720672541  1605.433
6651.78184717919  1561.6
6651.84301788663  1517.036
6651.90418466306  1557.826
6651.96534750822  1520.848
6652.02650642181  1547.036
6652.08766140359  1512.606
6652.14881245328  1556.479
6652.2099595706  1520.253
6652.27110275529  1586.149
6652.33224200708  1502.035
6652.3933773257  1475.991
6652.45450871088  1603.791
6652.51563616235  1525.524
6652.57675967984  1519.351
6652.63787926308  1470.208
6652.6989949118  1437.096
6652.76010662574  1694.054
6652.82121440462  1586.683
6652.88231824818  1506.33
6652.94341815614  1589.774
6653.00451412824  1578.591
6653.0656061642  1481.687
6653.12669426377  1560.75
6653.18777842666  1576.703
6653.24885865261  1558.845
6653.30993494136  1555.892
6653.37100729264  1512.168
6653.43207570616  1472.662
6653.49314018168  1531.107
6653.55420071891  1620.213
6653.61525731759  1485.235
6653.67630997745  1517.756
6653.73735869822  1596.965
6653.79840347964  1565.161
6653.85944432144  1604.732
6653.92048122334  1625.078
6653.98151418509  1604.945
6654.0425432064  1516.847
6654.10356828702  1548.869
6654.16458942668  1528.73
6654.2256066251  1496.42
6654.28661988202  1492.576
6654.34762919718  1510.066
6654.4086345703  1490.294
6654.46963600112  1484.031
6654.53063348937  1523.807
6654.59162703478  1520.829
6654.65261663709  1520.421
6654.71360229602  1501.669
6654.77458401131  1552.301
6654.83556178269  1583.87
6654.8965356099  1458.923
6654.95750549267  1479.23
6655.01847143072  1523.042
6655.0794334238  1548.069
6655.14039147164  1568.919
6655.20134557397  1529.241
6655.26229573052  1563.612
6655.32324194102  1543.192
6655.38418420522  1506.658
6655.44512252283  1534.187
6655.5060568936  1487.654
6655.56698731726  1485.247
6655.62791379354  1525.315
6655.68883632218  1500.215
6655.74975490291  1553.029
6655.81066953546  1590.614
6655.87158021956  1525.658
6655.93248695496  1588.399
6655.99338974138  1568.024
6656.05428857856  1527.73
6656.11518346623  1501.45
6656.17607440412  1518.793
6656.23696139197  1592.365
6656.29784442951  1489.324
6656.35872351649  1480.315
6656.41959865262  1507.822
6656.48046983765  1602.267
6656.54133707131  1505.126
6656.60220035334  1562.506
6656.66305968346  1571.427
6656.72391506141  1584.309
6656.78476648694  1547.971
6656.84561395976  1541.749
6656.90645747962  1583.212
6656.96729704626  1506.616
6657.02813265939  1498.54
6657.08896431877  1455.412
6657.14979202412  1530.284
6657.21061577519  1582.991
6657.2714355717  1508.273
6657.33225141338  1529.221
6657.39306329999  1503.532
6657.45387123124  1549.495
6657.51467520688  1496.41
6657.57547522664  1470.699
6657.63627129026  1550.94
6657.69706339746  1480.808
6657.757851548  1473.182
6657.81863574159  1516.31
6657.87941597799  1471.806
6657.94019225691  1559.33
6658.0009645781  1579.562
6658.0617329413  1545.843
6658.12249734624  1525.475
6658.18325779265  1444.251
6658.24401428027  1523.005
6658.30476680884  1564.731
6658.3655153781  1578.034
6658.42625998777  1471.957
6658.4870006376  1415.33
6658.54773732732  1506.197
6658.60847005667  1482.833
6658.66919882538  1618.085
6658.72992363319  1533.742
6658.79064447983  1564.491
6658.85136136505  1603.61
6658.91207428858  1568.626
6658.97278325015  1551.007
6659.03348824951  1574.538
6659.09418928638  1500.58
6659.15488636051  1584.477
6659.21557947163  1562.69
6659.27626861948  1533.781
6659.33695380379  1506.15
6659.39763502431  1580.918
6659.45831228077  1572.751
6659.5189855729  1483.406
6659.57965490045  1563.953
6659.64032026314  1514.442
6659.70098166073  1600.257
6659.76163909293  1538.797
6659.8222925595  1529.359
6659.88294206017  1482.091
6659.94358759468  1505.835
6660.00422916276  1482.837
6660.06486676415  1542.486
6660.1255003986  1534.016
6660.18613006582  1574.834
6660.24675576558  1440.774
6660.30737749759  1489.453
6660.36799526161  1585.611
6660.42860905736  1525.273
6660.48921888459  1550.553
6660.54982474303  1461.288
6660.61042663243  1499.887
6660.67102455251  1545.505
6660.73161850302  1579.209
6660.7922084837  1514.982
6660.85279449428  1560.533
6660.91337653451  1498.653
6660.97395460411  1536.086
6661.03452870284  1489.762
6661.09509883042  1492.505
6661.15566498659  1510.091
6661.21622717111  1534.353
6661.27678538369  1506.996
6661.33733962409  1506.162
6661.39788989204  1522.815
6661.45843618728  1552.373
6661.51897850954  1537.568
6661.57951685858  1513.67
6661.64005123412  1468.969
6661.7005816359  1516.23
6661.76110806367  1474.303
6661.82163051716  1532.602
6661.88214899612  1501.934
6661.94266350028  1460.566
6662.00317402937  1517.092
6662.06368058315  1572.119
6662.12418316135  1485.853
6662.18468176371  1524.075
6662.24517638996  1522.382
6662.30566703986  1517.395
6662.36615371313  1456.97
6662.42663640952  1476.869
6662.48711512877  1486.254
6662.54758987061  1430.13
6662.60806063479  1522.402
6662.66852742105  1529.113
6662.72899022913  1484.876
6662.78944905876  1528.674
6662.84990390969  1484.173
6662.91035478165  1519.55
6662.9708016744  1509.139
6663.03124458765  1527.546
6663.09168352118  1570.708
6663.15211847469  1474.825
6663.21254944795  1489.719
6663.27297644068  1539.618
6663.33339945263  1594.525
6663.39381848355  1456.681
6663.45423353316  1575.811
6663.51464460122  1506.555
6663.57505168746  1476.515
6663.63545479162  1489.422
6663.69585391344  1546.501
6663.75624905267  1527.653
6663.81664020905  1552.534
6663.87702738231  1474.074
6663.9374105722  1470.795
6663.99778977846  1428.102
6664.05816500083  1423.081
6664.11853623905  1405.762
6664.17890349286  1333.845
6664.23926676201  1443.233
6664.29962604623  1386.128
6664.35998134527  1400.902
6664.42033265887  1452.565
6664.48067998677  1356.952
6664.54102332871  1464.858
6664.60136268443  1442.672
6664.66169805368  1360.286
6664.7220294362  1366.087
6664.78235683173  1412.952
6664.84268024  1398.532
6664.90299966077  1407.339
6664.96331509377  1282.23
6665.02362653875  1413.774
6665.08393399545  1497.646
6665.14423746361  1318.781
6665.20453694297  1435.511
6665.26483243328  1472.957
6665.32512393428  1444.835
6665.38541144571  1504.536
6665.44569496731  1539.114
6665.50597449883  1401.11
6665.56625004  1468.175
6665.62652159058  1478.232
6665.6867891503  1545.113
6665.7470527189  1487.265
6665.80731229614  1476.243
6665.86756788175  1471.303
6665.92781947547  1456.477
6665.98806707705  1448.752
6666.04831068623  1550.611
6666.10855030275  1505.564
6666.16878592637  1509.588
6666.22901755681  1458.725
6666.28924519383  1486.642
6666.34946883716  1523.493
6666.40968848655  1566.781
6666.46990414175  1542.216
6666.5301158025  1473.641
6666.59032346854  1498.017
6666.65052713961  1471.833
6666.71072681546  1571.97
6666.77092249583  1527.038
6666.83111418046  1481.785
6666.89130186911  1458.445
6666.95148556151  1513.529
6667.01166525741  1529.683
6667.07184095654  1531.829
6667.13201265867  1557.143
6667.19218036352  1497.415
6667.25234407085  1482.258
6667.31250378039  1474.46
6667.3726594919  1504.382
6667.43281120511  1529.016
6667.49295891978  1559.695
6667.55310263564  1478.959
6667.61324235244  1494.168
6667.67337806992  1526.239
6667.73350978783  1547.58
6667.79363750592  1526.886
6667.85376122393  1475.257
6667.9138809416  1552.049
6667.97399665867  1582.263
6668.0341083749  1616.525
6668.09421609003  1470.166
6668.1543198038  1547.131
6668.21441951596  1483.874
6668.27451522625  1454.463
6668.33460693441  1440.714
6668.39469464021  1429.686
6668.45477834337  1488.381
6668.51485804365  1446.142
6668.57493374078  1474.289
6668.63500543452  1490.529
6668.69507312461  1439.253
6668.7551368108  1507.867
6668.81519649283  1506.817
6668.87525217044  1570.277
6668.93530384339  1550.015
6668.99535151142  1499.646
6669.05539517427  1521.39
6669.11543483169  1519.577
6669.17547048343  1495.678
6669.23550212923  1510.462
6669.29552976884  1497.914
6669.35555340201  1491.693
6669.41557302848  1568.114
6669.47558864799  1422.498
6669.5356002603  1529.373
6669.59560786515  1494.694
6669.65561146228  1447.38
6669.71561105144  1395.219
6669.77560663239  1479.295
6669.83559820486  1459.542
6669.89558576861  1545.898
6669.95556932337  1519.684
6670.0155488689  1531.964
6670.07552440494  1471.984
6670.13549593124  1583.948
6670.19546344755  1469.292
6670.25542695361  1498.329
6670.31538644917  1516.035
6670.37534193398  1628.864
6670.43529340778  1486.272
6670.49524087033  1435.934
6670.55518432136  1545.256
6670.61512376064  1466.903
6670.67505918789  1470.142
6670.73499060288  1481.398
6670.79491800534  1523.186
6670.85484139504  1490.541
6670.9147607717  1527.241
6670.97467613509  1498.232
6671.03458748495  1445.943
6671.09449482102  1560.984
6671.15439814305  1500.004
6671.2142974508  1511.38
6671.27419274401  1504.959
6671.33408402243  1574.157
6671.39397128581  1561.25
6671.45385453389  1493.707
6671.51373376642  1518.631
6671.57360898316  1573.29
6671.63348018384  1554.008
6671.69334736822  1478.094
6671.75321053605  1540.934
6671.81306968707  1492.097
6671.87292482103  1605.966
6671.93277593769  1539.714
6671.99262303678  1531.547
6672.05246611807  1538.139
6672.11230518129  1531.338
6672.1721402262  1533.525
6672.23197125254  1520.996
6672.29179826007  1510.318
6672.35162124852  1531.641
6672.41144021767  1495.375
6672.47125516724  1498.845
6672.53106609699  1398.43
6672.59087300667  1489.304
6672.65067589603  1535.983
6672.71047476481  1527.988
6672.77026961277  1509.403
6672.83006043967  1502.799
6672.88984724523  1509.006
6672.94963002922  1522.312
6673.00940879138  1497.601
6673.06918353147  1567.782
6673.12895424923  1544.992
6673.18872094442  1469.597
6673.24848361678  1456.515
6673.30824226607  1495.04
6673.36799689202  1493.364
6673.4277474944  1556.166
6673.48749407295  1423.659
6673.54723662743  1515.884
6673.60697515758  1528.107
6673.66670966315  1530.071
6673.7264401439  1502.158
6673.78616659957  1467.2
6673.84588902991  1458.47
6673.90560743468  1568.583
6673.96532181363  1574.468
6674.0250321665  1524.864
6674.08473849304  1549.762
6674.14444079301  1489.764
6674.20413906617  1498.797
6674.26383331224  1517.705
6674.323523531  1496.21
6674.38320972219  1511.954
6674.44289188556  1541.572
6674.50257002086  1554.598
6674.56224412784  1571.432
6674.62191420625  1529.266
6674.68158025585  1524.896
6674.74124227639  1537.963
6674.80090026761  1532.859
6674.86055422928  1507.992
6674.92020416113  1491.735
6674.97985006292  1507.787
6675.03949193441  1546.326
6675.09912977534  1574.901
6675.15876358547  1546.32
6675.21839336454  1543.153
6675.27801911231  1503.713
6675.33764082854  1529.929
6675.39725851296  1524.001
6675.45687216535  1511.086
6675.51648178543  1573.446
6675.57608737298  1583.048
6675.63568892774  1490.684
6675.69528644946  1501.989
6675.75487993789  1523.327
6675.81446939279  1561.325
6675.87405481391  1481.621
6675.933636201  1542.882
6675.99321355381  1526.694
6676.0527868721  1431.43
6676.11235615562  1488.125
6676.17192140412  1545.155
6676.23148261735  1590.198
6676.29103979507  1560.567
6676.35059293703  1490.575
6676.41014204298  1532.526
6676.46968711268  1526.497
6676.52922814587  1493.304
6676.58876514231  1465.796
6676.64829810176  1544.263
6676.70782702396  1506.173
6676.76735190867  1508.084
6676.82687275565  1578.763
6676.88638956464  1493.549
6676.9459023354  1541.281
6677.00541106768  1449.346
6677.06491576123  1540.068
6677.12441641582  1516.227
6677.18391303119  1519.096
6677.24340560709  1554.431
6677.30289414329  1603.553
6677.36237863952  1553.767
6677.42185909555  1564.212
6677.48133551114  1488.54
6677.54080788603  1608.315
6677.60027621998  1507.269
6677.65974051274  1548.252
6677.71920076406  1574.088
6677.77865697371  1459.863
6677.83810914143  1550.352
6677.89755726698  1552.603
6677.95700135011  1522.263
6678.01644139058  1552.797
6678.07587738814  1549.546
6678.13530934255  1485.21
6678.19473725355  1462.386
6678.25416112092  1517.006
6678.31358094439  1509.356
6678.37299672372  1517.955
6678.43240845868  1546.088
6678.491816149  1463.652
6678.55121979446  1442.987
6678.61061939479  1379.62
6678.67001494977  1412.843
6678.72940645913  1409.21
6678.78879392265  1452.347
6678.84817734006  1434.45
6678.90755671114  1317.544
6678.96693203563  1393.968
6679.02630331328  1369.665
6679.08567054386  1400.012
6679.14503372712  1501.798
6679.20439286281  1383.895
6679.26374795069  1438.515
6679.32309899051  1394.612
6679.38244598204  1371.466
6679.44178892502  1415.136
6679.50112781922  1428.605
6679.56046266438  1428.531
6679.61979346027  1448.809
6679.67912020663  1453.032
6679.73844290323  1479.823
6679.79776154982  1420.609
6679.85707614616  1433.379
6679.916386692  1471.17
6679.9756931871  1389.854
6680.03499563121  1540.502
6680.0942940241  1505.115
6680.15358836551  1522.732
6680.21287865521  1572.224
6680.27216489295  1542.679
6680.33144707848  1558.685
6680.39072521157  1507.829
6680.44999929197  1544.969
6680.50926931943  1492.706
6680.56853529372  1553.776
6680.62779721459  1569.38
6680.6870550818  1539.483
6680.74630889509  1557.869
6680.80555865424  1501.582
6680.864804359  1499.999
6680.92404600912  1528.33
6680.98328360437  1512.957
6681.04251714449  1493.383
6681.10174662924  1527.652
6681.1609720584  1537.457
6681.2201934317  1560.051
6681.27941074891  1568.152
6681.33862400978  1532.599
6681.39783321408  1500.396
6681.45703836155  1553.755
6681.51623945197  1474.538
6681.57543648508  1502.953
6681.63462946064  1557.064
6681.69381837841  1523.953
6681.75300323816  1517.647
6681.81218403962  1498.073
6681.87136078257  1570.801
6681.93053346677  1472.2
6681.98970209196  1481.936
6682.04886665792  1530.223
6682.10802716439  1608.253
6682.16718361113  1548.431
6682.22633599791  1489.049
6682.28548432447  1588.641
6682.34462859059  1535.351
6682.40376879602  1494.322
6682.46290494051  1533.102
6682.52203702383  1485.753
6682.58116504573  1518.163
6682.64028900597  1488.949
6682.69940890431  1534.854
6682.75852474052  1568.95
6682.81763651434  1467.547
6682.87674422554  1580.291
6682.93584787387  1501.401
6682.9949474591  1541.738
6683.05404298098  1501.471
6683.11313443928  1533.553
6683.17222183375  1488.503
6683.23130516415  1634.774
6683.29038443024  1555.623
6683.34945963178  1507.283
6683.40853076854  1530.709
6683.46759784025  1502.611
6683.5266608467  1509.217
6683.58571978764  1515.16
6683.64477466282  1547.483
6683.70382547201  1474.457
6683.76287221497  1531.222
6683.82191489146  1505.736
6683.88095350123  1589.619
6683.93998804405  1564.391
6683.99901851967  1522.589
6684.05804492786  1504.552
6684.11706726837  1449.21
6684.17608554098  1492.185
6684.23509974543  1612.195
6684.29410988148  1520.922
6684.3531159489  1519.971
6684.41211794745  1538.783
6684.47111587689  1492.142
6684.53010973697  1555.344
6684.58909952747  1533.724
6684.64808524813  1561.773
6684.70706689872  1654.896
6684.766044479  1501.155
6684.82501798874  1527.399
6684.88398742768  1499.623
6684.9429527956  1545.259
6685.00191409225  1544.988
6685.0608713174  1481.842
6685.1198244708  1513.687
6685.17877355222  1504.695
6685.23771856141  1493.36
6685.29665949815  1515.384
6685.35559636218  1500.867
6685.41452915328  1509.791
6685.47345787119  1481.128
6685.53238251569  1546.729
6685.59130308654  1535.022
6685.65021958349  1501.216
6685.70913200632  1480.567
6685.76804035477  1498.121
6685.82694462861  1494.519
6685.88584482761  1540.634
6685.94474095152  1534.372
6686.00363300011  1503.773
6686.06252097314  1516.999
6686.12140487037  1503.721
6686.18028469156  1522.978
6686.23916043648  1470.982
6686.29803210488  1464.713
6686.35689969653  1529.703
6686.4157632112  1596.269
6686.47462264863  1488.255
6686.53347800861  1535.943
6686.59232929088  1479.413
6686.65117649521  1491.869
6686.71001962137  1537.852
6686.76885866911  1562.485
6686.8276936382  1506.488
6686.8865245284  1460.748
6686.94535133948  1519.813
6687.00417407119  1499.448
6687.0629927233  1534.001
6687.12180729558  1455.826
6687.18061778778  1464.017
6687.23942419967  1531.682
6687.29822653101  1581.262
6687.35702478156  1550.701
6687.41581895109  1490.59
6687.47460903936  1537.429
6687.53339504614  1481.193
6687.59217697119  1411.064
6687.65095481426  1498.008
6687.70972857513  1560.225
6687.76849825356  1491.845
6687.82726384931  1488.339
6687.88602536214  1542.771
6687.94478279183  1470.021
6688.00353613812  1527.508
6688.0622854008  1528.735
6688.12103057961  1549.524
6688.17977167433  1486.706
6688.23850868471  1520.06
6688.29724161053  1474.756
6688.35597045155  1538.671
6688.41469520752  1558.737
6688.47341587822  1483.522
6688.5321324634  1502.909
6688.59084496284  1548.963
6688.6495533763  1488.946
6688.70825770354  1487.764
6688.76695794433  1477.571
6688.82565409843  1533.977
6688.8843461656  1511.588
6688.94303414561  1520.518
6689.00171803823  1525.892
6689.06039784321  1465.301
6689.11907356033  1537.984
6689.17774518935  1565.422
6689.23641273004  1499.834
6689.29507618215  1546.25
6689.35373554545  1510.224
6689.41239081972  1516.375
6689.47104200471  1528.407
6689.52968910019  1535.133
6689.58833210592  1512.624
6689.64697102168  1477.851
6689.70560584722  1472.598
6689.76423658231  1517.283
6689.82286322672  1514.815
6689.88148578021  1464.241
6689.94010424254  1459.869
6689.99871861349  1528.092
6690.05732889282  1509.812
6690.11593508029  1433.567
6690.17453717567  1513.271
6690.23313517873  1493.627
6690.29172908923  1488.039
6690.35031890694  1502.293
6690.40890463163  1419.777
6690.46748626305  1540.386
6690.52606380098  1540.064
6690.58463724518  1491.515
6690.64320659542  1429.538
6690.70177185147  1517.307
6690.76033301309  1515.264
6690.81889008004  1558.723
6690.8774430521  1519.021
6690.93599192904  1573.272
6690.9945367106  1483.875
6691.05307739658  1578.778
6691.11161398672  1558.546
6691.1701464808  1532.811
6691.22867487859  1526.257
6691.28719917985  1538.108
6691.34571938434  1493.469
6691.40423549184  1461.754
6691.46274750212  1505.265
6691.52125541493  1491.574
6691.57975923005  1459.04
6691.63825894725  1577.861
6691.69675456628  1511.204
6691.75524608693  1496.478
6691.81373350894  1525.459
6691.87221683211  1540.434
6691.93069605618  1452.281
6691.98917118093  1519.52
6692.04764220613  1472.879
6692.10610913154  1458.422
6692.16457195693  1522.706
6692.22303068207  1577.183
6692.28148530673  1505.407
6692.33993583067  1457.556
6692.39838225367  1491.17
6692.45682457549  1547.159
6692.51526279589  1576.662
6692.57369691465  1610.475
6692.63212693154  1516.458
6692.69055284632  1540.805
6692.74897465877  1463.288
6692.80739236864  1494.933
6692.86580597571  1496.239
6692.92421547975  1611.251
6692.98262088052  1446.349
6693.0410221778  1493.994
6693.09941937135  1565.207
6693.15781246094  1458.927
6693.21620144633  1480.42
6693.27458632731  1537.458
6693.33296710364  1485.307
6693.39134377508  1515.788
6693.44971634141  1455.576
6693.50808480239  1537.932
6693.5664491578  1553.72
6693.6248094074  1538.68
6693.68316555095  1521.452
6693.74151758825  1490.073
6693.79986551904  1519.777
6693.8582093431  1494.068
6693.9165490602  1533.519
6693.9748846701  1516.31
6694.03321617259  1545.099
6694.09154356742  1473.391
6694.14986685437  1535.9
6694.20818603321  1499.545
6694.26650110371  1539.349
6694.32481206563  1545.147
6694.38311891874  1488.891
6694.44142166282  1481.253
6694.49972029764  1522.21
6694.55801482297  1480.939
6694.61630523857  1462.529
6694.67459154422  1468.144
6694.73287373968  1533.229
6694.79115182473  1550.76
6694.84942579913  1508.779
6694.90769566267  1469.221
6694.9659614151  1477.121
6695.0242230562  1492.374
6695.08248058574  1584.514
6695.14073400349  1479.948
6695.19898330922  1482.763
6695.2572285027  1535.458
6695.3154695837  1515.636
6695.373706552  1535.295
6695.43193940735  1481.277
6695.49016814954  1499.527
6695.54839277834  1490.795
6695.60661329351  1520.638
6695.66482969483  1553.312
6695.72304198206  1537.132
6695.78125015499  1540.539
6695.83945421338  1540.706
6695.897654157  1510.347
6695.95584998562  1586.906
6696.01404169901  1499.742
6696.07222929696  1548.861
6696.13041277922  1467.934
6696.18859214557  1531.711
6696.24676739578  1503.457
6696.30493852962  1424.814
6696.36310554687  1578.67
6696.4212684473  1476.682
6696.47942723067  1523.072
6696.53758189676  1454.798
6696.59573244535  1512.85
6696.6538788762  1560.431
6696.71202118908  1481.893
6696.77015938378  1470.374
6696.82829346005  1438.181
6696.88642341768  1503.656
6696.94454925643  1466.646
6697.00267097608  1416.757
6697.0607885764  1498.956
6697.11890205716  1452.771
6697.17701141814  1417.773
6697.2351166591  1439.446
6697.29321777983  1466.256
6697.35131478009  1359.701
6697.40940765965  1407.285
6697.46749641829  1451.03
6697.52558105579  1399.596
6697.5836615719  1418.203
6697.64173796642  1418.901
6697.6998102391  1396.867
6697.75787838973  1461.767
6697.81594241808  1486.018
6697.87400232391  1459.68
6697.93205810701  1503.954
6697.99010976715  1516.555
6698.04815730409  1447.706
6698.10620071762  1461.704
6698.16424000751  1500.701
6698.22227517352  1458.057
6698.28030621544  1456.397
6698.33833313304  1499.237
6698.39635592608  1490.73
6698.45437459436  1442.384
6698.51238913763  1451.934
6698.57039955567  1485.766
6698.62840584827  1440.727
6698.68640801518  1547.725
6698.74440605618  1527.733
6698.80239997106  1492.557
6698.86038975958  1538.638
6698.91837542152  1529.712
6698.97635695664  1524.547
6699.03433436474  1478.397
6699.09230764557  1496.595
6699.15027679892  1534.073
6699.20824182456  1521.316
6699.26620272226  1489.096
6699.3241594918  1526.309
6699.38211213295  1420.504
6699.4400606455  1452.421
6699.4980050292  1464.98
6699.55594528384  1494.159
6699.6138814092  1477.464
6699.67181340504  1467.542
6699.72974127114  1502.447
6699.78766500728  1478.655
6699.84558461323  1526.369
6699.90350008878  1486.834
6699.96141143368  1440.264
6700.01931864772  1389.619
6700.07722173068  1459.837
6700.13512068233  1502.726
6700.19301550243  1472.958
6700.25090619078  1450.21
6700.30879274715  1544.924
6700.36667517131  1502.741
6700.42455346303  1427.465
6700.48242762209  1435.509
6700.54029764828  1483.728
6700.59816354135  1504.959
6700.6560253011  1501.369
6700.7138829273  1522.839
6700.77173641971  1429.832
6700.82958577813  1534.513
6700.88743100232  1441.342
6700.94527209206  1484.561
6701.00310904712  1544.851
6701.06094186729  1494.718
6701.11877055234  1441.028
6701.17659510205  1509.115
6701.23441551618  1460.389
6701.29223179453  1499.093
6701.35004393686  1515.233
6701.40785194295  1420.681
6701.46565581258  1453.555
6701.52345554553  1449.499
6701.58125114157  1488.369
6701.63904260047  1529.122
6701.69682992203  1425.546
6701.75461310601  1481.013
6701.81239215218  1399.13
6701.87016706034  1467.065
6701.92793783025  1465.722
6701.98570446169  1492.517
6702.04346695444  1486.757
6702.10122530827  1442.373
6702.15897952297  1461.319
6702.21672959831  1458.444
6702.27447553407  1476.327
6702.33221733002  1440.554
6702.38995498595  1434.246
6702.44768850162  1500.049
6702.50541787683  1532.762
6702.56314311135  1456.496
6702.62086420494  1504.081
6702.6785811574  1539.213
6702.7362939685  1528.152
6702.79400263802  1519.117
6702.85170716573  1475.855
6702.90940755142  1526.248
6702.96710379486  1481.328
6703.02479589583  1499.067
6703.08248385411  1508.886
6703.14016766948  1528.36
6703.19784734171  1514.866
6703.25552287059  1513.812
6703.31319425589  1480.783
6703.37086149739  1556.299
6703.42852459487  1530.474
6703.48618354811  1465.498
6703.54383835688  1482.175
6703.60148902097  1508.221
6703.65913554016  1498.1
6703.71677791422  1478.816
6703.77441614293  1474.242
6703.83205022607  1472.842
6703.88968016342  1431.164
6703.94730595476  1549.205
6704.00492759987  1515.497
6704.06254509853  1503.184
6704.12015845052  1448.247
6704.17776765561  1471.116
6704.23537271359  1450.162
6704.29297362423  1476.801
6704.35057038733  1442.797
6704.40816300263  1398.759
6704.46575146995  1455.891
6704.52333578905  1512.095
6704.58091595972  1462.503
6704.63849198172  1460.021
6704.69606385485  1466.772
6704.75363157889  1492.62
6704.8111951536  1428.531
6704.86875457878  1474.604
6704.9263098542  1475.29
6704.98386097965  1427.104
6705.04140795489  1443.862
6705.09895077973  1434.821
6705.15648945392  1437.216
6705.21402397726  1439.524
6705.27155434952  1429.261
6705.32908057049  1474.047
6705.38660263994  1455.185
6705.44412055766  1431.801
6705.50163432342  1498.189
6705.55914393701  1456.621
6705.61664939822  1486.813
6705.67415070681  1431.497
6705.73164786257  1442.218
6705.78914086527  1421.108
6705.84662971472  1438.249
6705.90411441067  1448.726
6705.96159495291  1464.699
6706.01907134123  1443.105
6706.07654357541  1412.314
6706.13401165523  1493.506
6706.19147558046  1419.41
6706.24893535089  1491.201
6706.3063909663  1469.199
6706.36384242648  1430.662
6706.4212897312  1383.33
6706.47873288024  1455.623
6706.53617187339  1475.256
6706.59360671043  1467.755
6706.65103739115  1467.891
6706.70846391531  1469.331
6706.76588628271  1462.689
6706.82330449312  1457.959
6706.88071854633  1480.4
6706.93812844213  1457.636
6706.99553418028  1478.373
6707.05293576058  1479.223
6707.11033318281  1475.322
6707.16772644674  1464.182
6707.22511555217  1481.805
6707.28250049887  1456.355
6707.33988128662  1487.688
6707.39725791522  1469.381
6707.45463038443  1490.228
6707.51199869405  1536.433
6707.56936284385  1529.081
6707.62672283363  1469.238
6707.68407866315  1522.44
6707.74143033221  1423.805
6707.79877784059  1517.954
6707.85612118806  1427.844
6707.91346037442  1484.02
6707.97079539945  1511.436
6708.02812626292  1517.349
6708.08545296463  1516.533
6708.14277550435  1393.371
6708.20009388187  1463.275
6708.25740809697  1396.474
6708.31471814944  1376.171
6708.37202403906  1356.705
6708.42932576561  1367.685
6708.48662332888  1259.098
6708.54391672864  1306.694
6708.60120596469  1268.309
6708.6584910368  1213.969
6708.71577194477  1282.459
6708.77304868837  1221.469
6708.83032126739  1263.401
6708.88758968161  1262.585
6708.94485393082  1216.666
6709.00211401479  1208.454
6709.05936993333  1172.058
6709.1166216862  1174.226
6709.17386927319  1212.067
6709.23111269409  1212.087
6709.28835194868  1237.001
6709.34558703674  1145.246
6709.40281795807  1171.028
6709.46004471244  1218.868
6709.51726729964  1219.962
6709.57448571946  1310.825
6709.63169997167  1236.594
6709.68891005606  1313.95
6709.74611597243  1321.546
6709.80331772055  1367.739
6709.8605153002  1373.013
6709.91770871117  1365.364
6709.97489795326  1409.777
6710.03208302623  1472.041
6710.08926392989  1471.922
6710.146440664  1412.006
6710.20361322837  1424.058
6710.26078162276  1511.096
6710.31794584698  1467.443
6710.3751059008  1443.252
6710.43226178401  1453.232
6710.48941349639  1490.566
6710.54656103774  1468.375
6710.60370440783  1459.518
6710.66084360645  1471.897
6710.7179786334  1509.938
6710.77510948844  1532.851
6710.83223617137  1522.396
6710.88935868198  1526.998
6710.94647702004  1484.505
6711.00359118536  1562.421
6711.06070117771  1503.727
6711.11780699688  1519.087
6711.17490864265  1400.116
6711.23200611481  1433.743
6711.28909941316  1499.791
6711.34618853746  1483.319
6711.40327348752  1497.289
6711.46035426311  1461.275
6711.51743086403  1528.39
6711.57450329006  1529.269
6711.63157154098  1462.154
6711.68863561659  1506.775
6711.74569551666  1344.965
6711.802751241  1465.002
6711.85980278937  1468.818
6711.91685016158  1465.063
6711.97389335741  1457.358
6712.03093237664  1441.546
6712.08796721906  1461.877
6712.14499788446  1462.
6712.20202437262  1504.263
6712.25904668334  1483.071
6712.3160648164  1526.979
6712.37307877159  1459.027
6712.43008854869  1465.937
6712.4870941475  1450.985
6712.54409556779  1533.103
6712.60109280937  1443.585
6712.65808587201  1503.904
6712.7150747555  1486.813
6712.77205945963  1465.121
6712.82903998419  1514.803
6712.88601632897  1524.308
6712.94298849375  1508.665
6712.99995647832  1526.051
6713.05692028247  1461.133
6713.113879906  1509.565
6713.17083534867  1468.685
6713.2277866103  1484.642
6713.28473369066  1501.18
6713.34167658953  1454.398
6713.39861530672  1469.416
6713.45554984201  1460.267
6713.51248019518  1481.677
6713.56940636603  1450.656
6713.62632835433  1470.09
6713.6832461599  1452.354
6713.7401597825  1492.18
6713.79706922193  1482.812
6713.85397447799  1407.743
6713.91087555045  1486.216
6713.9677724391  1445.248
6714.02466514374  1466.124
6714.08155366416  1436.616
6714.13843800014  1389.21
6714.19531815147  1448.924
6714.25219411794  1364.518
6714.30906589934  1415.315
6714.36593349547  1461.183
6714.4227969061  1399.28
6714.47965613103  1463.664
6714.53651117005  1502.977
6714.59336202295  1422.075
6714.65020868952  1404.905
6714.70705116954  1486.815
6714.76388946281  1521.399
6714.82072356912  1425.913
6714.87755348825  1398.872
6714.93437922  1461.163
6714.99120076416  1454.698
6715.04801812051  1429.117
6715.10483128885  1505.119
6715.16164026897  1450.774
6715.21844506065  1513.772
6715.27524566369  1394.115
6715.33204207788  1424.103
6715.388834303  1474.345
6715.44562233885  1476.789
6715.50240618522  1416.295
6715.5591858419  1466.58
6715.61596130868  1471.369
6715.67273258535  1433.459
6715.7294996717  1415.548
6715.78626256752  1455.569
6715.8430212726  1425.867
6715.89977578673  1410.484
6715.95652610971  1454.778
6716.01327224132  1490.053
6716.07001418136  1456.022
6716.12675192962  1452.964
6716.18348548588  1406.517
6716.24021484994  1470.849
6716.29694002159  1445.894
6716.35366100062  1478.469
6716.41037778683  1463.334
6716.46709038  1528.645
6716.52379877993  1458.011
6716.5805029864  1407.129
6716.63720299921  1505.029
6716.69389881815  1484.404
6716.75059044302  1488.856
6716.80727787359  1525.995
6716.86396110968  1477.321
6716.92064015106  1451.509
6716.97731499753  1400.932
6717.03398564888  1446.129
6717.0906521049  1474.169
6717.14731436539  1463.25
6717.20397243013  1467.504
6717.26062629893  1432.02
6717.31727597156  1485.406
6717.37392144783  1454.188
6717.43056272753  1449.953
6717.48719981045  1498.79
6717.54383269637  1485.877
6717.6004613851  1482.948
6717.65708587643  1515.014
6717.71370617014  1514.435
6717.77032226604  1516.04
6717.82693416391  1506.499
6717.88354186355  1489.884
6717.94014536475  1437.444
6717.9967446673  1388.67
6718.05333977099  1437.522
6718.10993067563  1369.654
6718.16651738099  1430.177
6718.22309988688  1409.355
6718.27967819309  1401.967
6718.33625229942  1403.551
6718.39282220564  1411.549
6718.44938791157  1365.282
6718.50594941698  1329.534
6718.56250672168  1322.262
6718.61905982546  1305.523
6718.67560872811  1388.133
6718.73215342942  1327.989
6718.78869392919  1398.504
6718.84523022722  1271.734
6718.9017623233  1372.381
6718.95829021721  1358.414
6719.01481390876  1296.627
6719.07133339774  1327.495
6719.12784868394  1376.571
6719.18435976716  1312.694
6719.24086664718  1361.572
6719.29736932382  1327.775
6719.35386779685  1322.334
6719.41036206607  1366.568
6719.46685213128  1375.358
6719.52333799228  1387.
6719.57981964885  1377.202
6719.63629710079  1420.521
6719.6927703479  1460.954
6719.74923938997  1492.989
6719.8057042268  1461.913
6719.86216485817  1488.502
6719.91862128389  1538.355
6719.97507350375  1484.813
6720.03152151754  1524.865
6720.08796532506  1483.07
6720.14440492611  1496.133
6720.20084032048  1476.795
6720.25727150796  1448.379
6720.31369848835  1482.179
6720.37012126144  1505.337
6720.42653982704  1468.6
6720.48295418493  1436.131
6720.53936433491  1491.636
6720.59577027678  1450.011
6720.65217201034  1489.934
6720.70856953537  1452.559
6720.76496285167  1494.942
6720.82135195904  1423.8
6720.87773685728  1517.433
6720.93411754618  1523.175
6720.99049402553  1424.467
6721.04686629514  1460.808
6721.1032343548  1471.651
6721.1595982043  1416.651
6721.21595784344  1477.205
6721.27231327202  1481.64
6721.32866448983  1402.926
6721.38501149667  1492.531
6721.44135429233  1465.516
6721.49769287662  1415.789
6721.55402724933  1467.35
6721.61035741025  1478.118
6721.66668335918  1462.526
6721.72300509593  1511.543
6721.77932262027  1445.132
6721.83563593202  1499.325
6721.89194503097  1528.655
6721.94824991691  1527.265
6722.00455058964  1478.936
6722.06084704896  1425.355
6722.11713929467  1443.933
6722.17342732655  1466.68
6722.22971114443  1480.255
6722.28599074807  1436.154
6722.3422661373  1404.005
6722.39853731189  1503.547
6722.45480427165  1502.59
6722.51106701638  1428.626
6722.56732554587  1429.147
6722.62357985993  1442.627
6722.67982995834  1438.552
6722.73607584091  1445.903
6722.79231750743  1422.162
6722.8485549577  1435.992
6722.90478819153  1428.619
6722.9610172087  1424.698
6723.01724200902  1458.562
6723.07346259228  1529.32
6723.12967895828  1426.531
6723.18589110682  1390.621
6723.2420990377  1421.809
6723.29830275071  1459.22
6723.35450224566  1426.462
6723.41069752234  1394.67
6723.46688858055  1369.62
6723.52307542009  1406.797
6723.57925804076  1480.12
6723.63543644235  1430.858
6723.69161062467  1476.966
6723.74778058751  1505.245
6723.80394633067  1414.196
6723.86010785396  1430.7
6723.91626515716  1472.541
6723.97241824008  1472.127
6724.02856710251  1492.725
6724.08471174427  1438.827
6724.14085216514  1510.818
6724.19698836492  1565.97
6724.25312034341  1443.77
6724.30924810042  1470.988
6724.36537163574  1496.697
6724.42149094917  1478.718
6724.47760604051  1486.485
6724.53371690956  1451.572
6724.58982355611  1528.772
6724.64592597998  1477.793
6724.70202418096  1438.745
6724.75811815884  1488.866
6724.81420791343  1519.53
6724.87029344453  1410.49
6724.92637475193  1494.692
6724.98245183544  1492.04
6725.03852469486  1490.717
6725.09459332998  1472.41
6725.15065774062  1484.751
6725.20671792655  1444.036
6725.2627738876  1500.181
6725.31882562355  1477.178
6725.37487313421  1465.092
6725.43091641938  1472.643
6725.48695547885  1458.776
6725.54299031244  1517.102
6725.59902091993  1508.145
6725.65504730113  1482.725
6725.71106945585  1433.596
6725.76708738387  1483.42
6725.823101085  1425.233
6725.87911055905  1471.56
6725.93511580581  1469.299
6725.99111682508  1449.611
6726.04711361667  1477.283
6726.10310618037  1514.875
6726.15909451599  1430.079
6726.21507862333  1440.453
6726.27105850219  1467.059
6726.32703415237  1441.894
6726.38300557366  1453.033
6726.43897276589  1454.74
6726.49493572883  1438.294
6726.5508944623  1481.674
6726.6068489661  1442.044
6726.66279924003  1456.527
6726.71874528388  1516.905
6726.77468709747  1490.966
6726.83062468059  1376.545
6726.88655803305  1451.69
6726.94248715464  1459.167
6726.99841204518  1408.865
6727.05433270445  1363.631
6727.11024913227  1421.033
6727.16616132843  1343.386
6727.22206929273  1431.07
6727.27797302499  1460.417
6727.333872525  1363.328
6727.38976779256  1428.668
6727.44565882748  1455.19
6727.50154562956  1405.709
6727.55742819859  1444.38
6727.61330653439  1349.878
6727.66918063676  1407.274
6727.72505050549  1389.43
6727.7809161404  1456.504
6727.83677754128  1422.271
6727.89263470793  1421.928
6727.94848764017  1437.592
6728.00433633778  1402.949
6728.06018080059  1360.257
6728.11602102838  1427.676
6728.17185702096  1334.696
6728.22768877813  1415.641
6728.2835162997  1407.462
6728.33933958548  1352.213
6728.39515863526  1400.026
6728.45097344884  1388.145
6728.50678402604  1461.739
6728.56259036665  1460.151
6728.61839247047  1441.629
6728.67419033732  1472.024
6728.72998396699  1441.853
6728.7857733593  1486.351
6728.84155851403  1416.112
6728.897339431  1449.264
6728.95311611001  1490.691
6729.00888855086  1424.794
6729.06465675336  1483.144
6729.12042071731  1449.053
6729.17618044252  1447.117
6729.23193592879  1510.949
6729.28768717592  1507.169
6729.34343418372  1486.153
6729.39917695199  1427.44
6729.45491548054  1494.395
6729.51064976917  1469.021
6729.56637981768  1507.866
6729.62210562589  1474.561
6729.67782719359  1503.123
6729.73354452059  1499.112
6729.78925760669  1495.732
6729.84496645171  1460.06
6729.90067105543  1467.9
6729.95637141767  1416.417
6730.01206753824  1449.608
6730.06775941694  1451.727
6730.12344705357  1437.012
6730.17913044794  1475.453
6730.23480959984  1507.587
6730.2904845091  1454.602
6730.34615517552  1544.576
6730.40182159889  1516.245
6730.45748377902  1458.054
6730.51314171573  1482.45
6730.56879540881  1418.163
6730.62444485807  1423.709
6730.68009006333  1476.599
6730.73573102437  1497.871
6730.791367741  1511.162
6730.84700021305  1499.049
6730.9026284403  1475.207
6730.95825242257  1500.875
6731.01387215965  1574.752
6731.06948765137  1506.654
6731.12509889752  1486.67
6731.1807058979  1456.87
6731.23630865234  1559.518
6731.29190716062  1448.604
6731.34750142256  1497.173
6731.40309143796  1500.95
6731.45867720664  1493.174
6731.51425872839  1472.664
6731.56983600303  1500.449
6731.62540903036  1543.881
6731.68097781018  1444.113
6731.7365423423  1532.77
6731.79210262653  1571.55
6731.84765866269  1565.091
6731.90321045056  1562.623
6731.95875798997  1630.802
6732.01430128071  1544.771
6732.06984032259  1540.237
6732.12537511543  1585.541
6732.18090565902  1540.578
6732.23643195318  1491.008
6732.29195399771  1499.408
6732.34747179243  1531.466
6732.40298533712  1438.136
6732.45849463162  1534.433
6732.51399967571  1430.873
6732.56950046922  1480.792
6732.62499701194  1446.182
6732.68048930368  1446.65
6732.73597734426  1529.88
6732.79146113348  1385.173
6732.84694067114  1499.877
6732.90241595706  1509.462
6732.95788699105  1388.246
6733.0133537729  1473.504
6733.06881630243  1419.524
6733.12427457945  1432.912
6733.17972860377  1434.614
6733.23517837519  1448.003
6733.29062389352  1448.041
6733.34606515857  1491.913
6733.40150217015  1447.163
6733.45693492807  1447.443
6733.51236343213  1432.627
6733.56778768214  1432.683
6733.62320767792  1431.692
6733.67862341927  1427.207
6733.73403490599  1399.694
6733.78944213791  1466.727
6733.84484511482  1426.221
6733.90024383654  1468.81
6733.95563830287  1390.366
6734.01102851362  1422.414
6734.06641446861  1412.763
6734.12179616764  1435.75
6734.17717361052  1441.088
6734.23254679705  1421.083
6734.28791572706  1381.021
6734.34328040035  1434.872
6734.39864081672  1398.866
6734.453996976  1405.86
6734.50934887797  1402.953
6734.56469652247  1415.919
6734.62003990929  1490.844
6734.67537903824  1455.367
6734.73071390914  1408.62
6734.78604452179  1427.757
6734.84137087601  1368.972
6734.8966929716  1449.363
6734.95201080837  1520.216
6735.00732438614  1355.3
6735.06263370471  1511.135
6735.1179387639  1484.595
6735.17323956351  1449.241
6735.22853610336  1528.735
6735.28382838325  1470.263
6735.33911640299  1485.495
6735.3944001624  1461.877
6735.44967966129  1469.151
6735.50495489946  1514.156
6735.56022587673  1443.515
6735.6154925929  1432.6
6735.67075504779  1444.742
6735.72601324122  1444.352
6735.78126717298  1464.79
6735.83651684289  1471.521
6735.89176225076  1426.75
6735.9470033964  1516.571
6736.00224027962  1539.766
6736.05747290024  1516.506
6736.11270125806  1410.365
6736.1679253529  1412.086
6736.22314518457  1417.223
6736.27836075287  1476.246
6736.33357205762  1479.552
6736.38877909864  1522.279
6736.44398187572  1467.504
6736.49918038869  1488.675
6736.55437463736  1400.
6736.60956462153  1495.772
6736.66475034102  1441.011
6736.71993179564  1461.585
6736.7751089852  1473.409
6736.83028190952  1459.4
6736.8854505684  1436.229
6736.94061496166  1433.481
6736.99577508911  1438.346
6737.05093095056  1457.406
6737.10608254582  1414.191
6737.16122987471  1486.599
6737.21637293704  1441.685
6737.27151173261  1465.274
6737.32664626125  1470.528
6737.38177652277  1460.895
6737.43690251697  1435.856
6737.49202424367  1497.029
6737.54714170268  1415.238
6737.60225489382  1438.613
6737.65736381689  1538.673
6737.71246847172  1467.025
6737.7675688581  1429.579
6737.82266497587  1475.26
6737.87775682482  1469.721
6737.93284440477  1446.353
6737.98792771554  1482.768
6738.04300675693  1422.18
6738.09808152877  1511.569
6738.15315203086  1401.166
6738.20821826301  1456.977
6738.26328022505  1513.94
6738.31833791678  1442.322
6738.37339133801  1429.593
6738.42844048857  1490.184
6738.48348536826  1451.864
6738.53852597689  1472.206
6738.59356231429  1408.519
6738.64859438026  1413.999
6738.70362217462  1460.28
6738.75864569719  1384.838
6738.81366494776  1444.553
6738.86867992617  1408.129
6738.92369063222  1458.026
6738.97869706573  1464.619
6739.03369922651  1471.402
6739.08869711437  1489.783
6739.14369072914  1475.624
6739.19868007062  1408.657
6739.25366513863  1442.007
6739.30864593298  1410.899
6739.36362245349  1504.497
6739.41859469996  1432.088
6739.47356267223  1368.217
6739.52852637009  1443.702
6739.58348579337  1398.13
6739.63844094188  1404.919
6739.69339181543  1432.729
6739.74833841385  1391.175
6739.80328073693  1494.878
6739.85821878451  1400.292
6739.91315255639  1392.143
6739.96808205239  1435.009
6740.02300727232  1487.798
6740.077928216  1442.499
6740.13284488325  1446.651
6740.18775727388  1472.185
6740.2426653877  1424.338
6740.29756922452  1446.544
6740.35246878418  1507.724
6740.40736406648  1430.453
6740.46225507123  1454.996
6740.51714179825  1449.396
6740.57202424736  1409.618
6740.62690241838  1408.294
6740.68177631111  1449.742
6740.73664592538  1426.948
6740.791511261  1476.853
6740.84637231779  1416.482
6740.90122909555  1423.741
6740.95608159412  1487.374
6741.0109298133  1381.911
6741.06577375291  1411.27
6741.12061341276  1492.686
6741.17544879269  1442.002
6741.23027989249  1424.85
6741.28510671198  1504.723
6741.33992925099  1455.668
6741.39474750932  1478.918
6741.4495614868  1363.612
6741.50437118324  1433.42
6741.55917659846  1448.926
6741.61397773228  1490.076
6741.6687745845  1457.638
6741.72356715496  1385.886
6741.77835544346  1482.922
6741.83313944982  1417.557
6741.88791917386  1484.355
6741.94269461539  1481.458
6741.99746577424  1470.647
6742.05223265022  1447.995
6742.10699524315  1418.074
6742.16175355284  1413.348
6742.21650757911  1363.253
6742.27125732178  1418.402
6742.32600278067  1435.96
6742.3807439556  1421.969
6742.43548084637  1483.432
6742.49021345281  1432.072
6742.54494177474  1429.967
6742.59966581198  1532.622
6742.65438556434  1475.586
6742.70910103163  1504.432
6742.76381221369  1412.522
6742.81851911032  1431.072
6742.87322172135  1408.055
6742.92792004658  1420.713
6742.98261408585  1488.379
6743.03730383897  1481.15
6743.09198930575  1380.579
6743.14667048601  1434.994
6743.20134737958  1423.184
6743.25601998627  1519.62
6743.3106883059  1475.552
6743.36535233828  1478.333
6743.42001208325  1487.942
6743.47466754061  1482.256
6743.52931871018  1470.395
6743.58396559178  1482.398
6743.63860818524  1506.149
6743.69324649037  1395.262
6743.74788050698  1463.649
6743.8025102349  1455.265
6743.85713567395  1471.056
6743.91175682395  1458.776
6743.96637368471  1459.567
6744.02098625605  1449.75
6744.0755945378  1452.243
6744.13019852977  1482.002
6744.18479823178  1403.599
6744.23939364366  1405.047
6744.29398476521  1438.676
6744.34857159626  1444.483
6744.40315413664  1430.654
6744.45773238615  1408.02
6744.51230634462  1449.923
6744.56687601187  1353.993
6744.62144138772  1451.254
6744.67600247199  1411.899
6744.73055926449  1396.339
6744.78511176505  1415.612
6744.83965997349  1376.964
6744.89420388963  1462.932
6744.94874351329  1431.548
6745.00327884428  1449.106
6745.05780988244  1435.279
6745.11233662757  1452.076
6745.1668590795  1455.962
6745.22137723805  1471.287
6745.27589110304  1405.327
6745.33040067429  1405.817
6745.38490595162  1495.897
6745.43940693485  1436.27
6745.49390362381  1403.536
6745.54839601831  1474.466
6745.60288411817  1488.713
6745.65736792321  1406.343
6745.71184743327  1475.795
6745.76632264814  1418.462
6745.82079356767  1458.552
6745.87526019166  1449.381
6745.92972251994  1441.025
6745.98418055233  1456.705
6746.03863428866  1378.248
6746.09308372874  1463.984
6746.14752887239  1424.304
6746.20196971944  1468.243
6746.2564062697  1426.599
6746.31083852301  1368.969
6746.36526647917  1421.745
6746.41969013802  1451.138
6746.47410949937  1424.969
6746.52852456305  1420.535
6746.58293532887  1439.651
6746.63734179666  1437.117
6746.69174396624  1462.693
6746.74614183744  1418.288
6746.80053541007  1399.442
6746.85492468395  1440.299
6746.90930965892  1446.324
6746.96369033479  1445.338
6747.01806671138  1478.024
6747.07243878851  1440.269
6747.12680656601  1384.959
6747.18117004371  1419.238
6747.23552922142  1445.991
6747.28988409896  1420.015
6747.34423467616  1439.994
6747.39858095284  1353.189
6747.45292292882  1367.321
6747.50726060393  1420.94
6747.56159397799  1443.292
6747.61592305082  1429.083
6747.67024782224  1524.283
6747.72456829209  1483.753
6747.77888446017  1453.91
6747.83319632631  1485.109
6747.88750389035  1389.203
6747.94180715209  1427.746
6747.99610611136  1485.912
6748.050400768  1474.872
6748.10469112181  1464.28
6748.15897717262  1426.643
6748.21325892026  1445.464
6748.26753636455  1454.768
6748.32180950532  1497.409
6748.37607834238  1416.045
6748.43034287557  1457.3
6748.48460310469  1461.977
6748.53885902959  1357.629
6748.59311065008  1449.079
6748.64735796598  1433.379
6748.70160097713  1433.958
6748.75583968334  1468.642
6748.81007408444  1391.506
6748.86430418025  1435.98
6748.91852997059  1423.887
6748.9727514553  1462.741
6749.0269686342  1461.581
6749.0811815071  1481.299
6749.13539007384  1424.693
6749.18959433423  1413.462
6749.24379428811  1479.363
6749.2979899353  1451.398
6749.35218127561  1332.869
6749.40636830889  1459.764
6749.46055103495  1389.797
6749.51472945361  1420.272
6749.56890356471  1473.145
6749.62307336805  1505.821
6749.67723886349  1463.209
6749.73140005083  1419.665
6749.7855569299  1455.414
6749.83970950052  1447.906
6749.89385776253  1447.598
6749.94800171575  1422.899
6750.00214136  1404.069
6750.0562766951  1448.353
6750.11040772089  1391.618
6750.16453443719  1465.925
6750.21865684382  1422.798
6750.27277494061  1429.298
6750.32688872738  1403.878
6750.38099820397  1398.609
6750.43510337019  1443.278
6750.48920422588  1365.197
6750.54330077086  1450.707
6750.59739300495  1374.881
6750.65148092798  1411.257
6750.70556453977  1474.492
6750.75964384016  1391.189
6750.81371882897  1332.219
6750.86778950602  1456.02
6750.92185587115  1402.999
6750.97591792417  1353.703
6751.02997566491  1407.564
6751.08402909321  1401.577
6751.13807820888  1315.345
6751.19212301176  1364.258
6751.24616350166  1315.154
6751.30019967843  1365.085
6751.35423154187  1351.946
6751.40825909183  1301.806
6751.46228232812  1391.015
6751.51630125058  1364.81
6751.57031585903  1353.85
6751.62432615329  1404.08
6751.6783321332  1332.758
6751.73233379858  1381.948
6751.78633114926  1366.246
6751.84032418507  1349.536
6751.89431290583  1462.215
6751.94829731138  1351.971
6752.00227740153  1442.042
6752.05625317611  1446.234
6752.11022463496  1389.066
6752.1641917779  1413.714
6752.21815460476  1445.414
6752.27211311537  1483.523
6752.32606730954  1402.817
6752.38001718712  1400.773
6752.43396274793  1472.262
6752.4879039918  1408.861
6752.54184091855  1451.17
6752.59577352802  1449.096
6752.64970182003  1383.527
6752.7036257944  1397.354
6752.75754545097  1499.221
6752.81146078957  1445.414
6752.86537181003  1455.494
6752.91927851217  1444.587
6752.97318089581  1408.069
6753.0270789608  1528.063
6753.08097270695  1485.7
6753.1348621341  1440.222
6753.18874724208  1447.446
6753.24262803071  1347.896
6753.29650449982  1489.071
6753.35037664925  1393.539
6753.40424447881  1469.483
6753.45810798834  1440.561
6753.51196717767  1477.235
6753.56582204663  1378.01
6753.61967259504  1327.023
6753.67351882274  1466.044
6753.72736072955  1347.155
6753.78119831531  1353.418
6753.83503157984  1408.089
6753.88886052297  1377.417
6753.94268514454  1391.227
6753.99650544436  1496.19
6754.05032142228  1366.284
6754.10413307811  1374.682
6754.1579404117  1375.886
6754.21174342286  1305.626
6754.26554211143  1366.335
6754.31933647725  1448.837
6754.37312652013  1405.841
6754.42691223991  1483.694
6754.48069363642  1466.875
6754.53447070949  1424.123
6754.58824345894  1389.492
6754.64201188462  1418.868
6754.69577598634  1359.904
6754.74953576395  1319.155
6754.80329121726  1376.163
6754.85704234612  1383.998
6754.91078915034  1503.344
6754.96453162977  1482.204
6755.01826978423  1468.961
6755.07200361355  1452.005
6755.12573311756  1399.268
6755.1794582961  1435.56
6755.23317914899  1450.363
6755.28689567606  1397.539
6755.34060787715  1406.687
6755.39431575209  1351.467
6755.44801930071  1438.728
6755.50171852283  1395.119
6755.5554134183  1455.611
6755.60910398693  1468.099
6755.66279022857  1468.228
6755.71647214304  1501.947
6755.77014973018  1451.082
6755.82382298981  1445.134
6755.87749192177  1341.002
6755.93115652589  1406.348
6755.984816802  1426.763
6756.03847274993  1420.347
6756.09212436952  1390.863
6756.14577166059  1440.068
6756.19941462298  1416.572
6756.25305325652  1433.26
6756.30668756104  1385.682
6756.36031753637  1420.625
6756.41394318235  1431.622
6756.4675644988  1484.669
6756.52118148557  1382.097
6756.57479414247  1509.533
6756.62840246935  1372.78
6756.68200646603  1389.534
6756.73560613236  1503.169
6756.78920146815  1429.869
6756.84279247324  1512.75
6756.89637914747  1489.903
6756.94996149068  1457.484
6757.00353950267  1489.931
6757.05711318331  1396.293
6757.11068253241  1440.846
6757.1642475498  1426.849
6757.21780823533  1440.269
6757.27136458882  1353.132
6757.32491661011  1413.428
6757.37846429903  1397.822
6757.43200765542  1405.493
6757.4855466791  1407.612
6757.53908136991  1420.139
6757.59261172768  1469.45
6757.64613775225  1482.903
6757.69965944345  1450.8
6757.75317680112  1461.186
6757.80668982507  1398.654
6757.86019851516  1505.771
6757.91370287121  1508.629
6757.96720289306  1411.949
6758.02069858054  1404.146
6758.07418993348  1460.171
6758.12767695172  1454.963
6758.1811596351  1516.053
6758.23463798344  1397.553
6758.28811199657  1415.493
6758.34158167435  1463.021
6758.39504701659  1468.346
6758.44850802313  1395.557
6758.50196469381  1418.91
6758.55541702846  1458.934
6758.60886502691  1448.982
6758.66230868901  1422.04
6758.71574801457  1432.674
6758.76918300345  1513.719
6758.82261365547  1384.825
6758.87603997046  1499.469
6758.92946194827  1432.087
6758.98287958872  1380.33
6759.03629289165  1369.867
6759.0897018569  1424.195
6759.1431064843  1459.843
6759.19650677368  1425.807
6759.24990272489  1539.003
6759.30329433775  1408.198
6759.3566816121  1426.402
6759.41006454778  1520.561
6759.46344314462  1436.768
6759.51681740245  1477.166
6759.57018732112  1451.244
6759.62355290045  1409.048
6759.67691414029  1472.815
6759.73027104046  1485.071
6759.78362360081  1465.411
6759.83697182116  1380.175
6759.89031570136  1393.844
6759.94365524124  1467.06
6759.99699044063  1417.046
6760.05032129938  1343.574
6760.10364781732  1458.717
6760.15696999427  1416.672
6760.21028783009  1433.428
6760.2636013246  1376.937
6760.31691047765  1516.778
6760.37021528906  1385.972
6760.42351575867  1448.028
6760.47681188633  1365.203
6760.53010367186  1427.089
6760.5833911151  1429.459
6760.6366742159  1392.089
6760.68995297408  1398.974
6760.74322738948  1384.488
6760.79649746194  1399.695
6760.8497631913  1401.504
6760.90302457738  1436.398
6760.95628162004  1479.259
6761.0095343191  1412.737
6761.06278267441  1492.633
6761.11602668579  1471.933
6761.16926635309  1397.124
6761.22250167614  1403.726
6761.27573265479  1373.029
6761.32895928886  1491.913
6761.3821815782  1454.106
6761.43539952264  1470.328
6761.48861312201  1442.43
6761.54182237617  1497.57
6761.59502728494  1486.998
6761.64822784816  1403.241
6761.70142406567  1431.141
6761.75461593731  1440.205
6761.80780346291  1442.223
6761.86098664231  1462.282
6761.91416547536  1397.054
6761.96733996188  1521.878
6762.02051010172  1370.574
6762.07367589471  1407.604
6762.12683734069  1448.886
6762.1799944395  1443.955
6762.23314719098  1370.745
6762.28629559497  1411.419
6762.3394396513  1370.612
6762.39257935981  1363.246
6762.44571472035  1484.353
6762.49884573274  1414.113
6762.55197239683  1467.993
6762.60509471245  1415.397
6762.65821267945  1411.111
6762.71132629766  1458.371
6762.76443556693  1455.094
6762.81754048709  1414.334
6762.87064105797  1400.6
6762.92373727942  1409.159
6762.97682915128  1457.975
6763.02991667339  1527.629
6763.08299984558  1354.064
6763.1360786677  1471.699
6763.18915313957  1406.707
6763.24222326106  1403.076
6763.29528903198  1428.929
6763.34835045218  1413.526
6763.4014075215  1458.75
6763.45446023978  1468.144
6763.50750860686  1429.024
6763.56055262258  1439.92
6763.61359228678  1488.059
6763.6666275993  1470.911
6763.71965855997  1475.186
6763.77268516864  1453.048
6763.82570742515  1408.239
6763.87872532933  1508.536
6763.93173888103  1471.921
6763.98474808008  1429.81
6764.03775292634  1470.689
6764.09075341963  1437.367
6764.14374955979  1428.198
6764.19674134667  1451.723
6764.24972878011  1481.738
6764.30271185995  1403.489
6764.35569058602  1474.191
6764.40866495818  1496.033
6764.46163497625  1420.774
6764.51460064008  1456.809
6764.56756194951  1513.726
6764.62051890438  1455.887
6764.67347150453  1476.733
6764.7264197498  1460.328
6764.77936364003  1419.864
6764.83230317507  1554.422
6764.88523835476  1449.044
6764.93816917893  1392.63
6764.99109564742  1424.574
6765.04401776008  1392.558
6765.09693551675  1487.01
6765.14984891727  1455.179
6765.20275796148  1457.489
6765.25566264922  1385.108
6765.30856298034  1333.008
6765.36145895467  1383.789
6765.41435057205  1570.536
6765.46723783234  1539.409
6765.52012073536  1469.536
6765.57299928096  1365.419
6765.625873469  1440.776
6765.67874329929  1391.42
6765.73160877169  1498.518
6765.78446988603  1448.378
6765.83732664217  1521.865
6765.89017903994  1406.003
6765.94302707918  1450.806
6765.99587075974  1411.
6766.04871008145  1504.786
6766.10154504417  1403.097
6766.15437564773  1432.438
6766.20720189198  1474.359
6766.26002377675  1441.058
6766.31284130189  1466.203
6766.36565446725  1402.42
6766.41846327266  1461.021
6766.47126771796  1448.432
6766.52406780301  1428.126
6766.57686352764  1355.418
6766.6296548917  1451.136
6766.68244189502  1467.751
6766.73522453745  1422.182
6766.78800281884  1458.08
6766.84077673903  1451.494
6766.89354629785  1415.159
6766.94631149516  1359.084
6766.9990723308  1425.977
6767.0518288046  1434.071
6767.10458091642  1420.05
6767.15732866609  1476.83
6767.21007205347  1438.753
6767.26281107838  1477.823
6767.31554574068  1492.624
6767.36827604022  1298.403
6767.42100197682  1528.516
6767.47372355035  1465.947
6767.52644076063  1441.605
6767.57915360752  1374.893
6767.63186209086  1485.717
6767.68456621049  1419.315
6767.73726596625  1512.598
6767.789961358  1475.426
6767.84265238557  1432.316
6767.8953390488  1351.227
6767.94802134756  1452.208
6768.00069928166  1456.008
6768.05337285097  1450.02
6768.10604205533  1352.157
6768.15870689457  1460.288
6768.21136736855  1424.534
6768.26402347711  1441.014
6768.31667522009  1389.501
6768.36932259733  1432.843
6768.42196560869  1458.105
6768.47460425401  1335.168
6768.52723853313  1301.964
6768.5798684459  1375.861
6768.63249399216  1268.608
6768.68511517175  1357.338
6768.73773198453  1251.939
6768.79034443033  1340.536
6768.842952509  1446.265
6768.89555622039  1312.467
6768.94815556435  1260.182
6769.00075054071  1367.328
6769.05334114932  1328.032
6769.10592739004  1305.175
6769.15850926269  1345.222
6769.21108676713  1339.056
6769.26365990322  1354.786
6769.31622867077  1398.648
6769.36879306966  1385.88
6769.42135309972  1371.105
6769.4739087608  1360.8
6769.52646005273  1229.744
6769.57900697538  1371.638
6769.63154952858  1377.8
6769.68408771219  1319.15
6769.73662152604  1387.114
6769.78915096998  1306.956
6769.84167604387  1429.107
6769.89419674753  1356.55
6769.94671308084  1385.417
6769.99922504362  1430.867
6770.05173263572  1504.353
6770.104235857  1410.519
6770.15673470729  1370.315
6770.20922918645  1409.354
6770.26171929432  1404.079
6770.31420503074  1370.035
6770.36668639558  1385.44
6770.41916338866  1468.652
6770.47163600984  1378.098
6770.52410425896  1459.697
6770.57656813588  1467.358
6770.62902764044  1391.888
6770.68148277248  1420.048
6770.73393353185  1342.378
6770.78637991841  1400.173
6770.83882193199  1476.659
6770.89125957245  1430.064
6770.94369283963  1370.217
6770.99612173337  1450.462
6771.04854625354  1397.174
6771.10096639997  1498.649
6771.15338217251  1413.457
6771.20579357102  1478.503
6771.25820059533  1427.415
6771.31060324529  1471.335
6771.36300152076  1350.416
6771.41539542158  1320.433
6771.46778494759  1332.405
6771.52017009866  1459.867
6771.57255087462  1437.651
6771.62492727532  1384.944
6771.67729930061  1429.413
6771.72966695035  1484.761
6771.78203022436  1480.101
6771.83438912252  1471.203
6771.88674364466  1412.919
6771.93909379063  1370.281
6771.99143956028  1487.33
6772.04378095347  1395.734
6772.09611797003  1471.826
6772.14845060981  1488.495
6772.20077887268  1423.269
6772.25310275846  1402.091
6772.30542226702  1439.428
6772.3577373982  1446.725
6772.41004815186  1460.233
6772.46235452783  1324.411
6772.51465652597  1294.272
6772.56695414613  1446.095
6772.61924738815  1357.973
6772.67153625189  1409.141
6772.7238207372  1381.799
6772.77610084393  1318.026
6772.82837657191  1524.126
6772.88064792101  1378.845
6772.93291489108  1331.786
6772.98517748195  1414.177
6773.03743569349  1439.573
6773.08968952554  1402.018
6773.14193897795  1327.303
6773.19418405057  1382.878
6773.24642474325  1427.909
6773.29866105585  1376.348
6773.35089298821  1448.351
6773.40312054017  1392.255
6773.4553437116  1409.781
6773.50756250234  1369.775
6773.55977691224  1310.633
6773.61198694115  1407.931
6773.66419258893  1384.686
6773.71639385541  1353.377
6773.76859074046  1345.212
6773.82078324392  1382.138
6773.87297136565  1462.641
6773.92515510549  1317.498
6773.97733446329  1325.456
6774.02950943891  1464.845
6774.08168003219  1343.428
6774.13384624299  1390.162
6774.18600807116  1323.563
6774.23816551655  1338.289
6774.290318579  1342.74
6774.34246725838  1407.993
6774.39461155453  1413.018
6774.4467514673  1399.949
6774.49888699654  1496.363
6774.55101814211  1475.261
6774.60314490386  1419.395
6774.65526728163  1409.748
6774.70738527528  1347.969
6774.75949888466  1412.428
6774.81160810962  1472.63
6774.86371295002  1442.58
6774.9158134057  1382.053
6774.96790947652  1573.471
6775.02000116233  1397.904
6775.07208846298  1425.499
6775.12417137832  1407.004
6775.1762499082  1463.639
6775.22832405248  1441.684
6775.28039381101  1432.323
6775.33245918364  1416.139
6775.38452017022  1359.937
6775.4365767706  1391.698
6775.48862898464  1446.951
6775.54067681219  1539.256
6775.5927202531  1456.885
6775.64475930722  1362.648
6775.69679397441  1516.746
6775.74882425452  1368.063
6775.8008501474  1368.342
6775.8528716529  1467.542
6775.90488877088  1412.063
6775.95690150119  1369.238
6776.00890984368  1475.866
6776.0609137982  1412.609
6776.11291336462  1416.988
6776.16490854277  1364.559
6776.21689933252  1452.502
6776.26888573371  1384.622
6776.3208677462  1452.26
6776.37284536985  1408.764
6776.4248186045  1514.903
6776.47678745001  1529.037
6776.52875190624  1554.049
6776.58071197303  1446.217
6776.63266765024  1446.517
6776.68461893772  1516.237
6776.73656583533  1476.665
6776.78850834293  1413.523
6776.84044646035  1317.638
6776.89238018747  1514.164
6776.94430952412  1377.561
6776.99623447017  1523.601
6777.04815502547  1451.782
6777.10007118988  1437.387
6777.15198296324  1331.709
6777.20389034541  1477.611
6777.25579333625  1387.113
6777.30769193561  1397.203
6777.35958614334  1501.947
6777.4114759593  1412.253
6777.46336138335  1432.018
6777.51524241533  1440.299
