3894.71018104624  7875.752
3894.74622110151  7214.555
3894.78225891387  8237.586
3894.81829448308  7751.719
3894.85432780893  7621.039
3894.89035889119  8488.867
3894.92638772965  8020.778
3894.96241432407  7663.952
3894.99843867423  7967.154
3895.03446077991  8356.374
3895.07048064089  8618.232
3895.10649825694  7830.307
3895.14251362784  8188.863
3895.17852675337  8146.139
3895.21453763331  8081.122
3895.25054626742  8462.143
3895.2865526555  8019.685
3895.32255679731  9115.334
3895.35855869263  8698.328
3895.39455834125  8523.413
3895.43055574293  8379.763
3895.46655089746  8532.11
3895.50254380462  9074.783
3895.53853446417  9191.515
3895.57452287591  8986.05
3895.6105090396  9015.523
3895.64649295502  8559.254
3895.68247462196  9280.527
3895.71845404019  9991.378
3895.75443120949  9295.726
3895.79040612964  9728.431
3895.82637880041  9329.251
3895.86234922159  9995.138
3895.89831739294  10303.25
3895.93428331426  10003.26
3895.97024698532  9940.069
3896.00620840589  8893.371
3896.04216757576  9756.731
3896.07812449471  9738.221
3896.1140791625  10228.11
3896.15003157893  10851.34
3896.18598174378  10030.84
3896.22192965681  10896.25
3896.25787531781  10348.59
3896.29381872656  11173.15
3896.32975988283  10242.54
3896.36569878641  11128.83
3896.40163543708  10776.87
3896.43756983462  11465.91
3896.47350197879  10910.96
3896.50943186939  11340.1
3896.5453595062  11421.4
3896.58128488898  11844.87
3896.61720801753  10311.69
3896.65312889163  11205.81
3896.68904751104  11201.35
3896.72496387556  11614.71
3896.76087798495  10957.02
3896.79678983901  11490.59
3896.83269943752  11528.45
3896.86860678024  11756.78
3896.90451186697  11852.26
3896.94041469747  11428.58
3896.97631527154  11971.38
3897.01221358896  11991.06
3897.0481096495  11233.97
3897.08400345294  11885.97
3897.11989499906  11605.28
3897.15578428765  11864.72
3897.19167131849  12425.52
3897.22755609136  11528.61
3897.26343860603  11874.4
3897.29931886229  12810.07
3897.33519685992  12396.1
3897.3710725987  11869.65
3897.40694607841  12478.24
3897.44281729883  12938.11
3897.47868625975  13072.75
3897.51455296094  12433.19
3897.55041740219  13176.67
3897.58627958327  12375.67
3897.62213950398  12940.54
3897.65799716409  12745.52
3897.69385256338  12620.61
3897.72970570163  13645.41
3897.76555657863  13268.22
3897.80140519416  12962.97
3897.83725154799  13059.69
3897.87309563992  13118.43
3897.90893746972  12945.43
3897.94477703718  12842.64
3897.98061434208  13169.23
3898.01644938419  13266.
3898.05228216331  13192.62
3898.08811267921  12993.65
3898.12394093168  13638.32
3898.1597669205  13950.34
3898.19559064545  13691.17
3898.23141210631  13851.66
3898.26723130287  14503.14
3898.30304823492  13777.9
3898.33886290222  13716.54
3898.37467530457  14001.26
3898.41048544175  13806.22
3898.44629331353  14269.04
3898.48209891972  14568.11
3898.51790226008  14555.
3898.5537033344  14362.07
3898.58950214247  13618.43
3898.62529868406  14392.38
3898.66109295896  13904.47
3898.69688496696  14203.34
3898.73267470784  14761.81
3898.76846218137  14025.15
3898.80424738736  14811.29
3898.84003032556  14637.63
3898.87581099579  14312.52
3898.9115893978  14824.39
3898.9473655314  14221.52
3898.98313939636  15157.42
3899.01891099247  14704.48
3899.05468031952  14412.63
3899.09044737727  15299.63
3899.12621216553  14872.03
3899.16197468408  14828.91
3899.19773493269  14603.77
3899.23349291115  14243.12
3899.26924861926  14092.22
3899.30500205678  14876.06
3899.34075322352  13968.12
3899.37650211924  15034.76
3899.41224874374  15326.38
3899.44799309681  14630.87
3899.48373517821  14605.97
3899.51947498775  15358.84
3899.55521252521  14858.98
3899.59094779037  14891.05
3899.62668078301  15811.96
3899.66241150293  15078.53
3899.6981399499  16026.04
3899.73386612371  15734.44
3899.76959002416  16301.93
3899.80531165101  15966.81
3899.84103100406  15151.85
3899.8767480831  15350.01
3899.91246288791  15433.32
3899.94817541827  14093.94
3899.98388567398  13934.87
3900.01959365481  13577.56
3900.05529936055  13913.58
3900.091002791  13613.59
3900.12670394592  13356.72
3900.16240282512  13520.19
3900.19809942838  13854.1
3900.23379375548  13997.81
3900.26948580621  13993.91
3900.30517558036  14026.42
3900.34086307771  14134.03
3900.37654829805  14494.11
3900.41223124116  14824.49
3900.44791190684  15783.89
3900.48359029487  16372.57
3900.51926640503  16498.27
3900.55494023711  16786.25
3900.59061179091  17347.77
3900.6262810662  17399.57
3900.66194806277  16478.54
3900.69761278042  16795.29
3900.73327521892  17498.22
3900.76893537807  17532.21
3900.80459325765  17656.48
3900.84024885745  17618.92
3900.87590217726  17963.56
3900.91155321686  17997.
3900.94720197605  17670.95
3900.98284845461  17976.37
3901.01849265232  17935.64
3901.05413456898  17917.08
3901.08977420437  17399.89
3901.12541155828  18046.79
3901.1610466305  18112.8
3901.19667942081  18488.17
3901.23230992902  19055.25
3901.26793815489  18189.1
3901.30356409823  18540.98
3901.33918775882  18453.66
3901.37480913644  18926.44
3901.41042823089  18507.26
3901.44604504196  18184.51
3901.48165956942  18876.92
3901.51727181308  18659.77
3901.55288177273  18185.96
3901.58848944814  18698.36
3901.6240948391  19513.18
3901.65969794542  18463.78
3901.69529876687  18572.72
3901.73089730325  18992.47
3901.76649355434  18889.04
3901.80208751993  18736.01
3901.83767919981  19783.53
3901.87326859378  19607.78
3901.90885570162  18647.64
3901.94444052311  19369.13
3901.98002305806  19083.42
3902.01560330625  19746.57
3902.05118126746  19607.59
3902.08675694149  19900.48
3902.12233032813  20056.86
3902.15790142717  20703.5
3902.1934702384  20193.65
3902.2290367616  19636.04
3902.26460099657  19594.17
3902.3001629431  20006.13
3902.33572260098  18674.3
3902.37127996999  18961.2
3902.40683504993  19039.69
3902.44238784059  18713.31
3902.47793834176  19425.78
3902.51348655323  18765.45
3902.54903247479  18449.18
3902.58457610622  18873.27
3902.62011744733  18762.79
3902.6556564979  19289.27
3902.69119325772  18733.69
3902.72672772658  19242.7
3902.76225990428  19244.33
3902.79778979061  19085.52
3902.83331738534  19024.75
3902.86884268829  19586.21
3902.90436569923  19676.96
3902.93988641796  20151.97
3902.97540484428  20395.9
3903.01092097796  20311.5
3903.04643481881  20444.71
3903.08194636661  20464.56
3903.11745562116  20158.87
3903.15296258225  20507.15
3903.18846724966  20614.19
3903.2239696232  20883.58
3903.25946970265  20928.44
3903.2949674878  20957.63
3903.33046297845  20392.1
3903.3659561744  20651.1
3903.40144707542  20850.56
3903.43693568131  21562.35
3903.47242199187  20871.27
3903.50790600689  21316.04
3903.54338772615  21473.53
3903.57886714946  22015.88
3903.6143442766  21083.45
3903.64981910737  21046.4
3903.68529164156  21818.
3903.72076187896  21066.39
3903.75622981937  21624.12
3903.79169546257  21909.17
3903.82715880837  21827.33
3903.86261985654  22244.04
3903.8980786069  22157.91
3903.93353505922  21883.6
3903.96898921331  21925.12
3904.00444106895  22203.27
3904.03989062594  21885.74
3904.07533788407  22127.27
3904.11078284314  22342.41
3904.14622550294  22720.59
3904.18166586326  22679.58
3904.21710392389  22204.63
3904.25253968464  22218.1
3904.28797314529  23191.52
3904.32340430563  22270.42
3904.35883316547  23177.77
3904.39425972459  22941.71
3904.42968398279  23130.12
3904.46510593986  23006.04
3904.5005255956  23206.22
3904.5359429498  22585.57
3904.57135800226  23546.58
3904.60677075277  22543.35
3904.64218120111  23434.11
3904.6775893471  23010.82
3904.71299519052  22852.55
3904.74839873117  22603.95
3904.78379996884  23305.18
3904.81919890332  22986.88
3904.85459553442  23659.44
3904.88998986192  23612.74
3904.92538188562  23157.97
3904.96077160532  22026.14
3904.99615902081  21947.22
3905.03154413189  21931.28
3905.06692693834  21664.44
3905.10230743998  21536.22
3905.13768563658  21078.51
3905.17306152795  21600.72
3905.20843511388  21680.65
3905.24380639418  21378.42
3905.27917536862  21679.77
3905.31454203701  22088.5
3905.34990639915  21605.87
3905.38526845482  22344.21
3905.42062820383  22839.68
3905.45598564598  23397.35
3905.49134078105  23473.36
3905.52669360884  23462.52
3905.56204412916  23733.84
3905.59739234179  23665.99
3905.63273824653  24054.11
3905.66808184317  24261.48
3905.70342313153  24514.62
3905.73876211138  23817.1
3905.77409878253  23873.75
3905.80943314478  23703.98
3905.84476519791  23541.45
3905.88009494173  24338.38
3905.91542237604  24375.1
3905.95074750062  23604.31
3905.98607031528  24715.12
3906.02139081982  24764.9
3906.05670901403  24452.79
3906.0920248977  24609.01
3906.12733847064  25211.56
3906.16264973264  24525.4
3906.1979586835  24280.74
3906.23326532302  24400.7
3906.26856965099  24672.16
3906.30387166721  24787.57
3906.33917137148  24966.65
3906.3744687636  24581.91
3906.40976384336  25303.88
3906.44505661057  25424.42
3906.48034706501  25713.71
3906.51563520649  25702.01
3906.5509210348  24864.29
3906.58620454975  25417.59
3906.62148575113  26255.09
3906.65676463873  25514.55
3906.69204121237  25387.05
3906.72731547183  25909.34
3906.76258741691  25509.05
3906.79785704741  25845.84
3906.83312436314  25561.6
3906.86838936388  25784.26
3906.90365204944  26432.2
3906.93891241962  26417.81
3906.97417047421  26295.31
3907.00942621301  26126.07
3907.04467963583  26828.02
3907.07993074246  26086.67
3907.11517953269  26015.51
3907.15042600634  26339.9
3907.18567016319  26656.37
3907.22091200305  25839.04
3907.25615152571  26642.69
3907.29138873098  26389.77
3907.32662361866  26318.96
3907.36185618854  26086.03
3907.39708644042  26367.61
3907.4323143741  26426.26
3907.46753998939  26169.47
3907.50276328608  27027.65
3907.53798426397  26395.01
3907.57320292286  26813.51
3907.60841926255  26388.06
3907.64363328285  25958.3
3907.67884498354  26502.31
3907.71405436444  26409.3
3907.74926142534  26947.61
3907.78446616604  26713.42
3907.81966858634  26911.
3907.85486868604  26734.96
3907.89006646494  27276.26
3907.92526192285  27682.57
3907.96045505956  26437.
3907.99564587487  26415.74
3908.03083436859  27719.76
3908.06602054051  27390.76
3908.10120439044  27294.08
3908.13638591817  26871.97
3908.17156512351  27130.45
3908.20674200626  27224.89
3908.24191656622  27936.62
3908.27708880319  27271.89
3908.31225871697  27781.43
3908.34742630736  27295.61
3908.38259157417  27133.49
3908.41775451719  28142.83
3908.45291513623  27569.59
3908.48807343108  27505.43
3908.52322940156  26878.7
3908.55838304745  27933.55
3908.59353436857  27571.76
3908.62868336472  27758.15
3908.66383003568  28006.47
3908.69897438128  28303.21
3908.73411640131  28062.3
3908.76925609557  27872.84
3908.80439346386  28195.82
3908.83952850599  27884.37
3908.87466122176  28561.51
3908.90979161097  28199.63
3908.94491967342  28528.03
3908.98004540891  28042.19
3909.01516881726  28202.39
3909.05028989825  27769.37
3909.0854086517  28412.48
3909.1205250774  28901.39
3909.15563917516  27912.36
3909.19075094478  28322.79
3909.22586038606  28258.65
3909.26096749881  29086.03
3909.29607228283  27663.65
3909.33117473792  28443.56
3909.36627486389  28046.49
3909.40137266054  28035.85
3909.43646812766  27676.71
3909.47156126508  27793.37
3909.50665207258  28489.26
3909.54174054997  28980.41
3909.57682669706  28538.08
3909.61191051365  28553.07
3909.64699199954  28417.42
3909.68207115453  28121.98
3909.71714797844  28343.09
3909.75222247106  28385.25
3909.7872946322  28469.95
3909.82236446166  28908.5
3909.85743195924  28949.83
3909.89249712475  28264.87
3909.927559958  28837.48
3909.96262045879  28686.81
3909.99767862692  28973.48
3910.03273446219  29466.73
3910.06778796441  29250.08
3910.10283913339  28872.49
3910.13788796894  28729.8
3910.17293447084  28543.91
3910.20797863891  28976.04
3910.24302047296  29172.57
3910.27805997279  28686.25
3910.3130971382  29664.02
3910.348131969  29013.27
3910.38316446499  29502.93
3910.41819462598  29141.25
3910.45322245177  28614.89
3910.48824794217  29649.93
3910.52327109699  29247.56
3910.55829191602  28709.69
3910.59331039908  29755.67
3910.62832654597  29561.19
3910.6633403565  29504.43
3910.69835183046  29082.69
3910.73336096767  29434.41
3910.76836776794  29560.9
3910.80337223106  29405.34
3910.83837435685  29369.16
3910.87337414511  29710.21
3910.90837159564  28736.04
3910.94336670825  29847.57
3910.97835948276  29290.1
3911.01334991895  29839.07
3911.04833801665  29769.02
3911.08332377566  29419.02
3911.11830719577  28969.92
3911.15328827681  29614.27
3911.18826701857  29974.39
3911.22324342086  29329.69
3911.2582174835  29106.41
3911.29318920627  30078.66
3911.32815858901  30090.54
3911.3631256315  29693.3
3911.39809033355  29811.98
3911.43305269498  30073.32
3911.46801271559  29962.15
3911.50297039519  29884.49
3911.53792573358  30257.15
3911.57287873057  30644.58
3911.60782938597  29732.17
3911.64277769959  29914.77
3911.67772367123  29988.5
3911.7126673007  30186.79
3911.74760858781  30147.31
3911.78254753237  29719.11
3911.81748413417  30258.12
3911.85241839304  30210.85
3911.88735030878  29998.93
3911.9222798812  30797.76
3911.9572071101  30480.56
3911.9921319953  30460.03
3912.02705453659  30407.75
3912.0619747338  30938.64
3912.09689258672  30537.93
3912.13180809516  30453.87
3912.16672125894  30275.56
3912.20163207787  29965.89
3912.23654055174  30203.36
3912.27144668037  30179.41
3912.30635046357  29920.01
3912.34125190115  30462.41
3912.37615099291  30306.
3912.41104773866  30672.
3912.44594213822  29866.21
3912.48083419139  30387.2
3912.51572389798  30439.04
3912.5506112578  30691.87
3912.58549627065  30392.26
3912.62037893636  30096.62
3912.65525925472  30479.05
3912.69013722555  30216.27
3912.72501284865  30767.04
3912.75988612384  30085.6
3912.79475705092  29365.71
3912.82962562971  29545.76
3912.86449186001  28607.69
3912.89935574163  27387.08
3912.93421727439  27021.61
3912.96907645809  26449.45
3913.00393329254  25652.32
3913.03878777755  25677.96
3913.07363991294  25647.62
3913.10848969851  25271.41
3913.14333713407  25705.43
3913.17818221944  26187.24
3913.21302495442  25914.54
3913.24786533882  26661.22
3913.28270337246  26521.66
3913.31753905514  27900.16
3913.35237238667  29178.24
3913.38720336688  29657.53
3913.42203199555  30638.25
3913.45685827252  30700.19
3913.49168219758  30949.5
3913.52650377055  30993.88
3913.56132299124  31248.36
3913.59613985946  31087.15
3913.63095437503  30907.02
3913.66576653774  30684.34
3913.70057634742  30656.15
3913.73538380388  30960.18
3913.77018890692  30739.33
3913.80499165636  30343.86
3913.839792052  31085.29
3913.87459009367  30769.79
3913.90938578117  30279.34
3913.94417911432  30014.9
3913.97897009292  30140.34
3914.01375871679  30873.38
3914.04854498573  29620.49
3914.08332889957  30226.19
3914.11811045811  30132.52
3914.15288966117  30483.53
3914.18766650855  30168.49
3914.22244100008  30659.98
3914.25721313555  30876.37
3914.29198291479  30361.65
3914.3267503376  30569.78
3914.36151540381  30948.25
3914.39627811321  31210.37
3914.43103846563  31413.38
3914.46579646087  31469.83
3914.50055209876  31740.06
3914.53530537909  31298.03
3914.57005630169  31573.73
3914.60480486637  31224.82
3914.63955107294  31562.28
3914.67429492121  31267.4
3914.70903641099  31622.33
3914.74377554211  31446.04
3914.77851231437  31308.91
3914.81324672759  31279.51
3914.84797878157  31588.77
3914.88270847614  31599.4
3914.9174358111  31403.94
3914.95216078628  31605.79
3914.98688340147  31741.41
3915.02160365651  31799.8
3915.05632155119  31381.8
3915.09103708534  31685.02
3915.12575025877  31971.2
3915.16046107129  32150.88
3915.19516952272  31536.38
3915.22987561286  32545.32
3915.26457934154  31986.28
3915.29928070857  32222.29
3915.33397971376  31838.17
3915.36867635693  31573.96
3915.40337063789  31701.83
3915.43806255646  31686.11
3915.47275211245  31850.43
3915.50743930567  31562.5
3915.54212413594  31941.41
3915.57680660308  31876.14
3915.6114867069  31695.81
3915.64616444721  31393.15
3915.68083982383  31892.47
3915.71551283657  31547.53
3915.75018348525  31825.97
3915.78485176969  31316.62
3915.81951768969  31379.36
3915.85418124508  31144.56
3915.88884243567  31498.43
3915.92350126128  32303.05
3915.95815772171  31589.08
3915.99281181679  31697.89
3916.02746354634  31511.55
3916.06211291016  32077.17
3916.09675990807  31384.57
3916.13140453989  31886.51
3916.16604680543  31109.32
3916.20068670452  31823.28
3916.23532423696  31595.77
3916.26995940257  31486.15
3916.30459220118  32049.13
3916.33922263258  31588.19
3916.37385069661  32338.02
3916.40847639307  32060.02
3916.44309972179  32355.57
3916.47772068258  31426.46
3916.51233927525  32068.21
3916.54695549963  32020.43
3916.58156935552  31300.64
3916.61618084275  32272.19
3916.65078996113  32327.92
3916.68539671049  32424.85
3916.72000109063  32522.82
3916.75460310137  31844.28
3916.78920274253  32112.19
3916.82380001393  32118.56
3916.85839491538  31464.66
3916.89298744671  32075.43
3916.92757760772  32175.15
3916.96216539824  32239.65
3916.99675081809  31659.64
3917.03133386707  32139.34
3917.06591454502  32018.58
3917.10049285174  32027.74
3917.13506878705  32186.72
3917.16964235077  32788.25
3917.20421354273  32141.9
3917.23878236273  32603.14
3917.27334881059  32567.85
3917.30791288614  32400.46
3917.34247458919  32702.97
3917.37703391955  32303.85
3917.41159087706  32662.26
3917.44614546152  32397.65
3917.48069767275  32968.55
3917.51524751058  32852.62
3917.54979497482  32417.99
3917.58434006528  32570.
3917.61888278179  32476.61
3917.65342312417  32901.28
3917.68796109223  32555.22
3917.7224966858  33091.6
3917.75702990469  32587.87
3917.79156074872  31946.45
3917.82608921771  31746.62
3917.86061531148  32139.92
3917.89513902985  32061.5
3917.92966037264  32245.74
3917.96417933966  31665.47
3917.99869593074  31706.11
3918.03321014569  32178.37
3918.06772198434  31745.59
3918.1022314465  32233.02
3918.13673853199  31538.27
3918.17124324064  32008.92
3918.20574557226  32156.47
3918.24024552668  32036.2
3918.2747431037  31978.89
3918.30923830316  32066.68
3918.34373112487  31762.31
3918.37822156866  32367.67
3918.41270963433  32120.06
3918.44719532172  32191.77
3918.48167863064  32002.35
3918.51615956091  32052.09
3918.55063811236  32583.51
3918.5851142848  32350.94
3918.61958807805  32284.05
3918.65405949194  32177.21
3918.68852852628  32202.3
3918.7229951809  32227.67
3918.75745945562  32366.25
3918.79192135025  32379.27
3918.82638086462  32458.91
3918.86083799855  32578.14
3918.89529275186  32457.09
3918.92974512437  32491.16
3918.9641951159  32596.22
3918.99864272628  32748.38
3919.03308795532  32135.45
3919.06753080284  32817.89
3919.10197126868  32858.71
3919.13640935264  32443.48
3919.17084505455  32855.87
3919.20527837423  32663.96
3919.2397093115  33230.29
3919.27413786619  33186.22
3919.30856403812  32865.13
3919.34298782711  32799.39
3919.37740923297  32749.08
3919.41182825554  33131.49
3919.44624489463  32908.99
3919.48065915007  33164.36
3919.51507102168  32893.24
3919.54948050928  33026.
3919.58388761269  32865.91
3919.61829233173  32330.67
3919.65269466624  32162.27
3919.68709461602  32050.2
3919.72149218091  31469.23
3919.75588736072  31698.97
3919.79028015528  31649.79
3919.82467056441  32447.14
3919.85905858793  31769.06
3919.89344422567  31526.7
3919.92782747745  32490.61
3919.9622083431  31461.7
3919.99658682242  31654.95
3920.03096291526  31528.13
3920.06533662143  31516.1
3920.09970794075  31677.25
3920.13407687305  31282.44
3920.16844341815  31762.67
3920.20280757588  32113.87
3920.23716934606  32179.56
3920.2715287285  31948.58
3920.30588572305  32172.34
3920.34024032951  31958.88
3920.37459254772  32150.14
3920.40894237749  31901.08
3920.44328981866  32147.79
3920.47763487104  32512.02
3920.51197753446  32728.22
3920.54631780874  32896.14
3920.58065569371  32524.5
3920.61499118919  32748.66
3920.64932429501  33115.88
3920.68365501099  32542.78
3920.71798333695  32075.65
3920.75230927272  33299.93
3920.78663281813  32639.01
3920.82095397299  33069.52
3920.85527273714  32958.61
3920.88958911039  32696.79
3920.92390309258  33318.75
3920.95821468352  32972.6
3920.99252388305  33508.46
3921.02683069098  32646.32
3921.06113510715  32849.37
3921.09543713138  32838.43
3921.12973676348  33358.37
3921.1640340033  33230.05
3921.19832885065  33238.01
3921.23262130536  33198.88
3921.26691136725  33478.99
3921.30119903615  32902.55
3921.33548431189  33120.9
3921.36976719429  33348.
3921.40404768317  33614.
3921.43832577837  33504.14
3921.47260147971  33561.62
3921.50687478701  33268.46
3921.54114570011  33543.19
3921.57541421882  32314.71
3921.60968034297  32459.82
3921.64394407239  32357.07
3921.67820540691  32875.59
3921.71246434634  32869.29
3921.74672089053  33134.69
3921.78097503929  33053.47
3921.81522679245  33093.9
3921.84947614984  32942.64
3921.88372311128  33258.37
3921.9179676766  33238.77
3921.95220984563  32807.4
3921.9864496182  33105.45
3922.02068699413  33003.2
3922.05492197324  32829.49
3922.08915455537  32880.45
3922.12338474034  32646.74
3922.15761252799  33180.6
3922.19183791812  32678.88
3922.22606091059  32288.31
3922.2602815052  32456.28
3922.2944997018  32225.22
3922.3287155002  31661.09
3922.36292890023  31714.54
3922.39713990173  30771.6
3922.43134850451  30972.65
3922.46555470842  31000.88
3922.49975851326  31263.79
3922.53395991888  31137.46
3922.5681589251  31399.79
3922.60235553176  30904.3
3922.63654973866  31167.95
3922.67074154565  31469.13
3922.70493095256  31569.18
3922.73911795921  31690.38
3922.77330256542  31580.56
3922.80748477104  31892.72
3922.84166457588  31722.22
3922.87584197977  32358.23
3922.91001698255  32682.95
3922.94418958405  32741.67
3922.97835978408  33059.27
3923.01252758249  32485.37
3923.04669297909  32415.94
3923.08085597372  33050.12
3923.11501656621  32582.82
3923.14917475639  32487.19
3923.18333054407  32357.21
3923.21748392911  32682.63
3923.25163491132  32387.4
3923.28578349053  32945.13
3923.31992966657  32487.65
3923.35407343927  32845.17
3923.38821480847  32641.63
3923.42235377398  32363.34
3923.45649033565  32261.6
3923.4906244933  32804.4
3923.52475624676  32764.99
3923.55888559585  32328.17
3923.59301254042  32578.37
3923.62713708029  33035.38
3923.66125921528  32431.79
3923.69537894524  32404.35
3923.72949626998  32625.61
3923.76361118935  31925.67
3923.79772370317  32768.54
3923.83183381126  32407.6
3923.86594151347  33116.34
3923.90004680962  32370.85
3923.93414969955  32741.99
3923.96825018308  32574.42
3924.00234826004  32500.37
3924.03644393026  32522.98
3924.07053719358  32705.29
3924.10462804983  32542.14
3924.13871649883  32327.27
3924.17280254042  32232.01
3924.20688617443  32368.14
3924.2409674007  32249.19
3924.27504621904  32620.7
3924.3091226293  32164.7
3924.3431966313  32270.67
3924.37726822487  32076.95
3924.41133740986  32453.95
3924.44540418608  31964.28
3924.47946855337  32432.75
3924.51353051157  31867.05
3924.5475900605  32337.39
3924.58164719999  32446.44
3924.61570192988  31993.54
3924.64975425  32517.88
3924.68380416019  32085.63
3924.71785166026  32537.07
3924.75189675006  32120.57
3924.78593942942  32351.91
3924.81997969817  31969.54
3924.85401755615  32561.79
3924.88805300317  32389.01
3924.92208603909  32698.12
3924.95611666372  32254.41
3924.99014487691  32382.65
3925.02417067848  32279.88
3925.05819406826  32336.24
3925.0922150461  31830.01
3925.12623361183  32226.05
3925.16024976527  31837.79
3925.19426350625  32380.91
3925.22827483462  32200.88
3925.26228375021  31900.26
3925.29629025284  31507.3
3925.33029434236  31982.57
3925.36429601859  31753.05
3925.39829528137  31701.02
3925.43229213053  31898.34
3925.46628656591  31692.87
3925.50027858734  31634.86
3925.53426819464  31658.05
3925.56825538767  31880.15
3925.60224016625  31488.35
3925.63622253021  32277.49
3925.67020247938  31456.58
3925.70418001361  31380.32
3925.73815513272  31449.48
3925.77212783656  32086.55
3925.80609812495  31755.87
3925.84006599772  31481.55
3925.87403145472  32052.49
3925.90799449578  31787.38
3925.94195512073  31823.46
3925.9759133294  31779.69
3926.00986912163  31922.16
3926.04382249726  31974.15
3926.07777345612  32174.36
3926.11172199804  32295.81
3926.14566812286  32122.9
3926.17961183042  31650.27
3926.21355312054  31508.82
3926.24749199307  31650.18
3926.28142844784  31892.95
3926.31536248468  31568.52
3926.34929410344  31793.83
3926.38322330393  32117.03
3926.41715008601  31693.5
3926.4510744495  31888.39
3926.48499639424  31867.89
3926.51891592007  31850.38
3926.55283302682  31794.84
3926.58674771433  31475.27
3926.62065998243  31677.25
3926.65456983096  31654.74
3926.68847725976  31556.2
3926.72238226865  31693.66
3926.75628485749  31826.39
3926.79018502609  31692.31
3926.82408277431  32056.95
3926.85797810197  31295.39
3926.89187100891  31941.79
3926.92576149497  31812.93
3926.95964955999  31784.04
3926.99353520379  31921.23
3927.02741842622  31720.32
3927.06129922712  31173.94
3927.09517760631  31581.41
3927.12905356365  31472.66
3927.16292709895  31463.37
3927.19679821207  31587.08
3927.23066690284  31112.28
3927.26453317108  31453.77
3927.29839701666  30845.11
3927.33225843938  30437.
3927.36611743911  30557.98
3927.39997401567  29984.54
3927.43382816889  29711.54
3927.46767989863  30252.17
3927.50152920471  30166.78
3927.53537608697  29738.77
3927.56922054526  29820.27
3927.6030625794  29876.62
3927.63690218923  29824.97
3927.6707393746  29956.32
3927.70457413534  29686.1
3927.73840647129  29613.27
3927.77223638229  29981.9
3927.80606386817  30491.12
3927.83988892877  30758.95
3927.87371156394  30526.37
3927.9075317735  31089.48
3927.9413495573  31099.59
3927.97516491518  31341.54
3928.00897784697  31393.57
3928.04278835251  31765.02
3928.07659643165  31072.31
3928.11040208421  31316.15
3928.14420531004  31345.26
3928.17800610898  30883.59
3928.21180448087  31607.07
3928.24560042554  31194.82
3928.27939394283  31447.44
3928.31318503259  31208.99
3928.34697369464  30965.99
3928.38075992884  31306.57
3928.41454373502  31156.58
3928.44832511302  31084.58
3928.48210406268  31031.09
3928.51588058383  31358.76
3928.54965467632  31460.14
3928.58342633999  31391.11
3928.61719557468  30955.39
3928.65096238022  31121.92
3928.68472675645  30932.61
3928.71848870323  31537.64
3928.75224822037  31350.33
3928.78600530774  31218.25
3928.81975996516  30982.95
3928.85351219247  31358.49
3928.88726198952  31257.06
3928.92100935614  31022.16
3928.95475429218  30577.44
3928.98849679748  31165.42
3929.02223687187  30997.37
3929.0559745152  31161.53
3929.08970972731  31226.6
3929.12344250804  30689.82
3929.15717285722  31036.29
3929.1909007747  31341.24
3929.22462626032  30693.64
3929.25834931393  30961.02
3929.29206993535  30641.86
3929.32578812444  30989.46
3929.35950388103  31175.
3929.39321720497  30679.43
3929.42692809609  30682.61
3929.46063655424  30542.77
3929.49434257925  30904.93
3929.52804617098  30514.4
3929.56174732925  30597.07
3929.59544605393  30876.37
3929.62914234483  30396.7
3929.66283620181  30565.98
3929.6965276247  29760.77
3929.73021661336  29256.32
3929.76390316761  28969.09
3929.79758728731  28907.18
3929.8312689723  28994.32
3929.86494822241  28506.38
3929.89862503748  28476.69
3929.93229941737  28690.74
3929.96597136192  28788.99
3929.99964087095  28751.59
3930.03330794433  28512.31
3930.06697258188  28812.51
3930.10063478346  28385.12
3930.1342945489  28592.85
3930.16795187805  28880.77
3930.20160677075  29927.93
3930.23525922684  30161.58
3930.26890924616  30197.91
3930.30255682857  30417.5
3930.3362019739  30195.42
3930.36984468198  30302.53
3930.40348495268  29735.74
3930.43712278583  30498.63
3930.47075818127  30518.97
3930.50439113885  30668.83
3930.53802165841  29977.71
3930.57164973979  30148.8
3930.60527538284  30135.87
3930.6388985874  30044.12
3930.67251935331  30197.1
3930.70613768042  30094.39
3930.73975356857  30347.49
3930.7733670176  29994.14
3930.80697802737  29945.33
3930.8405865977  29969.97
3930.87419272846  30149.66
3930.90779641947  30604.32
3930.94139767059  30310.47
3930.97499648166  30263.33
3931.00859285252  30099.17
3931.04218678301  29988.74
3931.07577827299  30002.84
3931.1093673223  30070.37
3931.14295393077  29907.58
3931.17653809826  30193.12
3931.21011982461  29628.83
3931.24369910967  29737.96
3931.27727595327  29770.74
3931.31085035527  29803.12
3931.3444223155  29935.23
3931.37799183382  29353.91
3931.41155891007  28764.49
3931.44512354409  28780.98
3931.47868573573  29289.71
3931.51224548483  29051.47
3931.54580279124  28477.75
3931.57935765481  28419.38
3931.61291007538  28823.38
3931.64646005279  28700.96
3931.68000758689  28846.74
3931.71355267753  28526.23
3931.74709532455  28659.14
3931.7806355278  28765.81
3931.81417328712  27958.79
3931.84770860237  28607.6
3931.88124147337  28330.94
3931.91477189999  28129.88
3931.94829988207  28697.58
3931.98182541945  28647.38
3932.01534851197  28593.04
3932.0488691595  28584.19
3932.08238736186  28527.1
3932.11590311892  28676.44
3932.14941643051  28609.75
3932.18292729648  28438.85
3932.21643571668  28269.76
3932.24994169095  28361.87
3932.28344521914  27966.52
3932.31694630111  27641.04
3932.35044493668  27463.55
3932.38394112572  27664.18
3932.41743486807  27463.04
3932.45092616357  26853.87
3932.48441501207  26750.16
3932.51790141343  26426.89
3932.55138536748  26237.2
3932.58486687408  26092.03
3932.61834593307  26002.62
3932.65182254429  25428.98
3932.68529670761  25327.04
3932.71876842285  24762.25
3932.75223768988  24054.98
3932.78570450854  23203.26
3932.81916887868  22774.04
3932.85263080014  21782.17
3932.88609027277  21031.41
3932.91954729643  20142.21
3932.95300187095  18881.47
3932.98645399619  17562.11
3933.01990367199  16352.01
3933.05335089821  14866.55
3933.08679567468  13382.02
3933.12023800127  11501.35
3933.15367787782  9740.806
3933.18711530417  8379.454
3933.22055028018  6993.17
3933.25398280569  5870.352
3933.28741288055  5546.286
3933.32084050461  5742.827
3933.35426567773  6305.264
3933.38768839974  7253.717
3933.4211086705  8335.315
3933.45452648985  9987.706
3933.48794185765  11440.34
3933.52135477375  13074.1
3933.55476523799  14440.42
3933.58817325022  15936.86
3933.62157881029  17498.71
3933.65498191806  18554.92
3933.68838257337  19743.15
3933.72178077606  20702.27
3933.755176526  21566.4
3933.78856982303  22493.4
3933.82196066699  22603.81
3933.85534905775  23763.68
3933.88873499514  24244.17
3933.92211847902  24751.52
3933.95549950925  25161.41
3933.98887808566  25647.83
3934.02225420811  25789.4
3934.05562787645  26065.24
3934.08899909052  26249.21
3934.12236785019  26425.96
3934.1557341553  26683.88
3934.18909800569  26780.52
3934.22245940123  27385.67
3934.25581834176  26941.81
3934.28917482713  27036.3
3934.3225288572  27446.41
3934.3558804318  27252.96
3934.3892295508  27520.7
3934.42257621405  27663.93
3934.45592042139  27437.41
3934.48926217268  27558.85
3934.52260146777  27633.58
3934.5559383065  28210.6
3934.58927268874  27927.35
3934.62260461433  27792.24
3934.65593408311  27926.56
3934.68926109496  28121.47
3934.72258564971  27777.24
3934.75590774722  28144.46
3934.78922738733  28138.71
3934.82254456991  28496.96
3934.8558592948  28052.64
3934.88917156185  28464.75
3934.92248137092  28353.8
3934.95578872185  28322.3
3934.98909361451  28556.48
3935.02239604874  28269.69
3935.05569602439  28497.71
3935.08899354131  28508.46
3935.12228859937  27945.33
3935.1555811984  28431.5
3935.18887133827  28216.63
3935.22215901883  28028.64
3935.25544423992  28400.58
3935.2887270014  28024.43
3935.32200730312  28195.26
3935.35528514494  27961.3
3935.38856052671  27582.49
3935.42183344828  27613.93
3935.45510390951  27225.66
3935.48837191024  27586.33
3935.52163745033  27438.95
3935.55490052963  27403.13
3935.588161148  27537.82
3935.62141930529  27558.48
3935.65467500136  26978.59
3935.68792823605  27747.81
3935.72117900921  27749.96
3935.75442732072  27672.73
3935.7876731704  28026.48
3935.82091655813  28196.81
3935.85415748376  28088.38
3935.88739594713  27946.53
3935.9206319481  28364.96
3935.95386548652  28280.11
3935.98709656226  28215.66
3936.02032517516  28245.9
3936.05355132508  28508.72
3936.08677501186  28161.02
3936.11999623538  28288.96
3936.15321499547  28226.7
3936.186431292  28232.12
3936.21964512482  28464.
3936.25285649378  28123.38
3936.28606539873  28211.17
3936.31927183954  27822.29
3936.35247581606  28315.4
3936.38567732813  28305.26
3936.41887637563  27745.26
3936.45207295839  28527.22
3936.48526707628  28220.07
3936.51845872915  28140.08
3936.55164791686  28342.54
3936.58483463926  27726.04
3936.61801889621  28049.35
3936.65120068755  27833.42
3936.68438001316  28669.31
3936.71755687287  28498.13
3936.75073126656  28467.89
3936.78390319406  27955.46
3936.81707265525  28161.95
3936.85023964997  28706.23
3936.88340417808  28136.67
3936.91656623943  28014.13
3936.94972583389  27990.9
3936.98288296131  27940.6
3937.01603762153  28134.62
3937.04918981443  28093.93
3937.08233953986  27955.52
3937.11548679766  28427.01
3937.1486315877  27760.44
3937.18177390984  27769.52
3937.21491376393  27990.88
3937.24805114983  27668.96
3937.28118606739  28167.94
3937.31431851647  27915.81
3937.34744849692  27850.16
3937.38057600861  27614.48
3937.41370105139  27728.15
3937.44682362511  27747.93
3937.47994372964  27558.78
3937.51306136484  27673.77
3937.54617653054  27799.99
3937.57928922663  27799.19
3937.61239945294  27634.
3937.64550720934  27461.38
3937.67861249569  27325.24
3937.71171531185  27217.69
3937.74481565766  27000.37
3937.777913533  26908.47
3937.81100893771  26888.87
3937.84410187165  27060.81
3937.87719233468  26421.98
3937.91028032667  26830.5
3937.94336584745  26450.09
3937.97644889691  26803.18
3938.00952947489  26539.47
3938.04260758125  26756.98
3938.07568321584  26378.76
3938.10875637853  26781.6
3938.14182706918  26704.48
3938.17489528764  27081.17
3938.20796103378  27366.46
3938.24102430744  27008.04
3938.27408510849  27395.87
3938.30714343679  27522.12
3938.34019929219  27257.39
3938.37325267455  27442.53
3938.40630358374  27159.47
3938.43935201961  27278.06
3938.47239798202  27185.93
3938.50544147083  27466.58
3938.5384824859  26892.89
3938.57152102708  27111.89
3938.60455709425  27203.32
3938.63759068724  27206.67
3938.67062180593  27327.72
3938.70365045018  26940.91
3938.73667661984  26954.3
3938.76970031477  26662.87
3938.80272153483  26784.9
3938.83574027988  27216.66
3938.86875654979  27258.92
3938.9017703444  27020.96
3938.93478166359  27395.12
3938.96779050721  27123.1
3939.00079687512  27578.79
3939.03380076717  27538.1
3939.06680218324  27188.74
3939.09980112318  27337.31
3939.13279758685  27272.6
3939.16579157411  27199.06
3939.19878308482  27289.45
3939.23177211884  26799.84
3939.26475867603  27027.62
3939.29774275626  27183.7
3939.33072435938  26894.43
3939.36370348525  27421.05
3939.39668013373  27286.16
3939.42965430469  26977.08
3939.46262599799  27174.98
3939.49559521348  26753.27
3939.52856195103  27112.57
3939.5615262105  27065.47
3939.59448799174  26761.73
3939.62744729463  26922.36
3939.66040411902  27024.87
3939.69335846477  26983.16
3939.72631033174  27257.4
3939.7592597198  26904.93
3939.79220662881  27191.9
3939.82515105863  26823.2
3939.85809300911  26858.15
3939.89103248013  27052.7
3939.92396947154  26749.95
3939.95690398321  26495.9
3939.98983601499  26846.16
3940.02276556675  26920.21
3940.05569263835  26527.38
3940.08861722965  26998.54
3940.12153934052  27080.09
3940.15445897082  26596.95
3940.1873761204  26727.58
3940.22029078914  26639.15
3940.25320297689  26578.98
3940.28611268352  26690.76
3940.31901990889  27264.2
3940.35192465285  26670.48
3940.38482691528  26210.31
3940.41772669604  26911.1
3940.45062399499  26761.48
3940.48351881199  26720.29
3940.5164111469  26696.88
3940.54930099959  26621.59
3940.58218836993  26620.96
3940.61507325776  26632.1
3940.64795566297  26351.37
3940.6808355854  26274.06
3940.71371302493  26462.14
3940.74658798142  26660.35
3940.77946045472  26177.83
3940.81233044471  26550.55
3940.84519795125  26091.4
3940.8780629742  26331.15
3940.91092551342  26242.48
3940.94378556878  26286.31
3940.97664314014  26521.3
3941.00949822737  26264.24
3941.04235083033  26480.69
3941.07520094889  26407.12
3941.1080485829  26054.35
3941.14089373223  26440.42
3941.17373639675  26471.98
3941.20657657632  26341.68
3941.2394142708  26624.22
3941.27224948007  26037.07
3941.30508220397  26120.32
3941.33791244239  26574.6
3941.37074019518  26098.75
3941.4035654622  26203.89
3941.43638824333  26140.32
3941.46920853843  26236.33
3941.50202634735  26311.51
3941.53484166997  26193.06
3941.56765450616  26156.74
3941.60046485577  26164.76
3941.63327271867  26083.77
3941.66607809473  26411.3
3941.69888098381  26298.43
3941.73168138578  26172.71
3941.7644793005  25625.24
3941.79727472784  26133.34
3941.83006766766  26149.48
3941.86285811983  25874.9
3941.89564608422  25981.17
3941.92843156069  25929.13
3941.9612145491  25602.41
3941.99399504933  25551.23
3942.02677306123  26127.89
3942.05954858467  25698.75
3942.09232161953  25786.41
3942.12509216566  25798.44
3942.15786022294  25554.07
3942.19062579122  25965.33
3942.22338887038  25780.5
3942.25614946028  25807.02
3942.28890756078  25811.92
3942.32166317176  26212.99
3942.35441629308  25838.38
3942.38716692461  25549.63
3942.4199150662  25723.15
3942.45266071774  25907.22
3942.48540387909  26015.05
3942.51814455011  25814.1
3942.55088273067  25636.96
3942.58361842064  25739.56
3942.61635161989  25456.72
3942.64908232827  25670.32
3942.68181054567  25487.23
3942.71453627194  25574.19
3942.74725950695  25772.11
3942.77998025058  25603.04
3942.81269850268  25730.7
3942.84541426313  25709.75
3942.8781275318  25541.12
3942.91083830854  25702.08
3942.94354659324  25826.15
3942.97625238575  25443.14
3943.00895568594  25823.6
3943.04165649369  25581.71
3943.07435480886  25515.11
3943.10705063132  25319.3
3943.13974396093  25638.8
3943.17243479757  25415.
3943.2051231411  25497.68
3943.23780899139  25469.41
3943.27049234831  25349.14
3943.30317321174  25666.25
3943.33585158152  25335.6
3943.36852745754  24634.48
3943.40120083967  24617.13
3943.43387172776  23891.13
3943.4665401217  23356.41
3943.49920602135  23664.66
3943.53186942658  23426.55
3943.56453033725  23313.54
3943.59718875325  22887.44
3943.62984467442  23098.94
3943.66249810066  23212.59
3943.69514903181  23269.39
3943.72779746776  23206.34
3943.76044340837  23084.98
3943.79308685352  23208.22
3943.82572780307  23414.82
3943.85836625689  23911.49
3943.89100221484  23824.77
3943.92363567681  24596.08
3943.95626664266  24598.71
3943.98889511226  24526.47
3944.02152108548  24952.89
3944.05414456219  25071.18
3944.08676554226  24772.65
3944.11938402556  25159.22
3944.15200001196  25258.78
3944.18461350133  24908.13
3944.21722449353  25000.19
3944.24983298845  25067.49
3944.28243898595  25121.42
3944.31504248591  24789.28
3944.34764348818  24779.91
3944.38024199265  24682.17
3944.41283799918  24936.88
3944.44543150764  24610.39
3944.47802251791  24620.59
3944.51061102985  24567.02
3944.54319704335  24973.72
3944.57578055825  24553.36
3944.60836157445  24168.66
3944.64094009181  24483.52
3944.67351611019  24485.76
3944.70608962948  24121.98
3944.73866064954  24361.93
3944.77122917025  24376.88
3944.80379519147  24274.05
3944.83635871308  24306.47
3944.86891973495  23893.36
3944.90147825695  24170.45
3944.93403427896  24629.71
3944.96658780083  24316.29
3944.99913882246  24248.9
3945.0316873437  23880.9
3945.06423336443  24082.67
3945.09677688452  24323.25
3945.12931790385  24244.83
3945.16185642228  24641.79
3945.19439243969  24599.98
3945.22692595595  24547.2
3945.25945697093  24455.19
3945.29198548451  24373.04
3945.32451149656  24345.66
3945.35703500695  24357.58
3945.38955601554  24265.89
3945.42207452223  24317.4
3945.45459052687  24364.57
3945.48710402935  24230.49
3945.51961502953  24344.53
3945.55212352728  24531.79
3945.58462952249  24091.4
3945.61713301502  24114.71
3945.64963400474  24373.92
3945.68213249154  24514.71
3945.71462847527  24290.04
3945.74712195582  24363.69
3945.77961293306  24086.58
3945.81210140687  24240.25
3945.84458737711  24089.68
3945.87707084366  23966.38
3945.90955180639  24282.84
3945.94203026518  24245.86
3945.9745062199  24065.82
3946.00697967043  24444.78
3946.03945061663  23819.96
3946.07191905839  24028.21
3946.10438499557  23968.83
3946.13684842806  24199.64
3946.16930935571  24214.41
3946.20176777842  23869.82
3946.23422369605  23935.8
3946.26667710848  24079.02
3946.29912801558  23899.6
3946.33157641723  23846.04
3946.3640223133  23799.29
3946.39646570367  23904.19
3946.4289065882  23716.49
3946.46134496678  23769.5
3946.49378083929  24003.72
3946.52621420558  23779.72
3946.55864506555  23876.95
3946.59107341906  23551.
3946.62349926599  23540.32
3946.65592260622  23798.79
3946.68834343962  23264.89
3946.72076176606  23119.28
3946.75317758542  23173.01
3946.78559089758  23551.53
3946.81800170241  23160.35
3946.85040999979  23148.59
3946.8828157896  22623.35
3946.9152190717  22916.11
3946.94761984598  23128.63
3946.9800181123  22582.52
3947.01241387055  22418.21
3947.04480712061  22892.46
3947.07719786234  22660.6
3947.10958609563  22449.75
3947.14197182034  22256.79
3947.17435503637  22343.07
3947.20673574358  22703.66
3947.23911394184  22735.57
3947.27148963104  22956.51
3947.30386281105  22721.27
3947.33623348175  22935.47
3947.36860164302  22538.43
3947.40096729473  22905.47
3947.43333043675  22773.25
3947.46569106898  23195.12
3947.49804919127  23286.14
3947.53040480351  23063.11
3947.56275790558  23099.21
3947.59510849735  22777.8
3947.6274565787  22993.08
3947.65980214951  22675.1
3947.69214520965  22795.75
3947.724485759  22894.86
3947.75682379744  22788.77
3947.78915932485  22581.33
3947.82149234111  22775.65
3947.85382284608  23048.44
3947.88615083966  22588.59
3947.91847632171  22997.99
3947.95079929211  22574.44
3947.98311975075  22559.5
3948.0154376975  22923.6
3948.04775313223  22635.87
3948.08006605484  22827.8
3948.11237646518  23003.16
3948.14468436315  22674.19
3948.17698974862  22767.72
3948.20929262147  22495.29
3948.24159298158  22433.46
3948.27389082882  22307.03
3948.30618616308  22027.92
3948.33847898423  22357.87
3948.37076929215  22232.33
3948.40305708672  22254.88
3948.43534236782  21867.16
3948.46762513533  22584.77
3948.49990538912  22209.67
3948.53218312908  22253.87
3948.56445835509  22040.29
3948.59673106701  22038.63
3948.62900126474  22208.54
3948.66126894816  22063.
3948.69353411713  22100.67
3948.72579677154  22284.16
3948.75805691127  22419.47
3948.79031453621  22455.31
3948.82256964622  22250.06
3948.85482224119  21873.69
3948.88707232099  22277.3
3948.91931988552  22423.92
3948.95156493464  22310.08
3948.98380746824  22021.02
3949.0160474862  22478.29
3949.04828498839  22195.93
3949.0805199747  22264.59
3949.11275244501  21910.24
3949.1449823992  22124.28
3949.17720983714  22189.7
3949.20943475873  22009.29
3949.24165716383  22252.61
3949.27387705233  22088.07
3949.3060944241  22072.41
3949.33830927904  21803.29
3949.37052161702  21987.15
3949.40273143792  21678.24
3949.43493874163  21811.77
3949.46714352801  21717.23
3949.49934579696  21688.98
3949.53154554836  21700.46
3949.56374278208  21556.63
3949.595937498  21829.53
3949.62812969602  21696.75
3949.660319376  21682.7
3949.69250653783  21677.83
3949.7246911814  21725.22
3949.75687330658  21572.27
3949.78905291325  21380.49
3949.8212300013  21391.16
3949.85340457061  21701.77
3949.88557662106  21643.25
3949.91774615253  21246.
3949.9499131649  21604.21
3949.98207765806  21518.53
3950.01423963188  21518.92
3950.04639908625  21668.81
3950.07855602106  21660.58
3950.11071043617  21588.41
3950.14286233148  21292.6
3950.17501170687  21592.
3950.20715856222  21386.88
3950.23930289741  21562.64
3950.27144471233  21298.3
3950.30358400685  21450.1
3950.33572078087  21454.6
3950.36785503425  20945.96
3950.39998676689  21268.37
3950.43211597867  21549.36
3950.46424266947  20982.79
3950.49636683917  21110.04
3950.52848848766  21196.72
3950.56060761482  21174.45
3950.59272422054  20470.47
3950.62483830469  21056.05
3950.65694986715  20829.36
3950.68905890782  20977.41
3950.72116542658  21189.84
3950.75326942331  20758.99
3950.78537089789  20553.89
3950.8174698502  20827.72
3950.84956628014  20780.13
3950.88166018758  20836.06
3950.9137515724  20719.68
3950.9458404345  20948.97
3950.97792677375  20678.29
3951.01001059005  21000.73
3951.04209188326  21097.51
3951.07417065329  20586.6
3951.1062469  20561.73
3951.13832062329  20752.78
3951.17039182304  20469.27
3951.20246049914  20879.77
3951.23452665146  20740.32
3951.2665902799  20786.02
3951.29865138433  20668.51
3951.33070996465  20497.32
3951.36276602073  20690.85
3951.39481955247  20360.03
3951.42687055974  20461.2
3951.45891904244  20751.17
3951.49096500044  20013.3
3951.52300843363  20732.8
3951.5550493419  20408.01
3951.58708772513  20198.34
3951.6191235832  20372.64
3951.65115691601  19980.64
3951.68318772344  20349.24
3951.71521600537  20021.72
3951.74724176169  20180.9
3951.77926499228  19845.88
3951.81128569703  20431.35
3951.84330387582  20457.77
3951.87531952855  20323.38
3951.9073326551  20253.21
3951.93934325534  20259.42
3951.97135132917  20200.45
3952.00335687648  19887.71
3952.03535989715  20012.05
3952.06736039107  19867.96
3952.09935835812  20106.51
3952.13135379818  20102.84
3952.16334671115  20095.23
3952.19533709692  19716.12
3952.22732495536  19646.19
3952.25931028637  19690.22
3952.29129308982  19458.08
3952.32327336562  19722.58
3952.35525111364  19857.14
3952.38722633377  19553.39
3952.4191990259  19685.73
3952.45116918991  19719.06
3952.4831368257  19582.22
3952.51510193314  19865.6
3952.54706451213  19858.54
3952.57902456256  19846.08
3952.6109820843  19899.01
3952.64293707725  19376.14
3952.6748895413  19687.75
3952.70683947633  19823.63
3952.73878688223  19758.3
3952.77073175888  19424.12
3952.80267410619  19738.43
3952.83461392402  19653.08
3952.86655121228  19544.87
3952.89848597084  19447.05
3952.9304181996  19348.21
3952.96234789844  19647.72
3952.99427506726  19393.99
3953.02619970593  19683.58
3953.05812181436  19299.61
3953.09004139242  19589.77
3953.12195844001  19215.53
3953.15387295701  19088.58
3953.18578494331  19491.26
3953.2176943988  19053.66
3953.24960132336  19218.32
3953.2815057169  19116.12
3953.31340757929  18887.36
3953.34530691043  19255.14
3953.3772037102  19213.62
3953.40909797849  19158.76
3953.44098971519  19335.52
3953.4728789202  18974.23
3953.50476559339  19464.84
3953.53664973466  19020.52
3953.5685313439  18897.88
3953.60041042099  19114.74
3953.63228696583  19328.33
3953.66416097831  18850.84
3953.69603245831  18721.
3953.72790140572  18984.35
3953.75976782044  18796.35
3953.79163170236  18927.4
3953.82349305135  18655.29
3953.85535186732  18464.49
3953.88720815015  18833.97
3953.91906189973  18818.18
3953.95091311596  18451.8
3953.98276179872  18629.47
3954.0146079479  18650.86
3954.0464515634  18533.29
3954.07829264509  18605.53
3954.11013119289  18600.51
3954.14196720666  18699.54
3954.17380068631  18351.58
3954.20563163173  18431.58
3954.2374600428  18498.39
3954.26928591941  18468.51
3954.30110926146  18505.
3954.33293006884  18308.58
3954.36474834144  18600.08
3954.39656407915  18323.82
3954.42837728185  18418.08
3954.46018794945  18537.99
3954.49199608183  18578.7
3954.52380167888  18271.07
3954.5556047405  18133.15
3954.58740526657  18290.59
3954.61920325699  18248.39
3954.65099871165  18221.02
3954.68279163044  18130.06
3954.71458201325  18091.34
3954.74636985997  17970.18
3954.7781551705  17831.98
3954.80993794472  17849.99
3954.84171818253  17629.96
3954.87349588382  17826.33
3954.90527104849  17894.69
3954.93704367642  17741.39
3954.9688137675  18065.35
3955.00058132163  18145.93
3955.0323463387  17817.61
3955.06410881861  17643.59
3955.09586876123  17683.3
3955.12762616648  17797.26
3955.15938103424  17846.77
3955.19113336439  17429.04
3955.22288315685  17278.35
3955.25463041149  17578.61
3955.28637512821  17510.75
3955.3181173069  17646.03
3955.34985694746  17643.03
3955.38159404978  17332.16
3955.41332861374  17906.96
3955.44506063926  17742.85
3955.47679012621  17412.7
3955.50851707449  17274.43
3955.540241484  17407.59
3955.57196335462  17390.78
3955.60368268625  17012.8
3955.63539947879  17266.74
3955.66711373213  17145.44
3955.69882544616  17326.19
3955.73053462077  16771.17
3955.76224125586  16698.9
3955.79394535132  17351.05
3955.82564690705  17153.91
3955.85734592294  16855.28
3955.88904239888  17183.2
3955.92073633477  16498.58
3955.9524277305  16574.79
3955.98411658597  16974.49
3956.01580290107  16751.9
3956.04748667569  16575.55
3956.07916790974  16631.13
3956.11084660309  16554.42
3956.14252275566  16305.38
3956.17419636732  16324.7
3956.20586743798  16300.21
3956.23753596754  16233.61
3956.26920195588  16137.26
3956.3008654029  16034.74
3956.3325263085  15947.88
3956.36418467257  16058.03
3956.395840495  16070.44
3956.4274937757  16440.04
3956.45914451455  15988.18
3956.49079271145  16097.14
3956.5224383663  16100.44
3956.55408147899  15980.52
3956.58572204942  16331.2
3956.61736007748  16555.35
3956.64899556307  16054.22
3956.68062850608  16323.87
3956.71225890642  16307.21
3956.74388676396  16047.67
3956.77551207862  16231.12
3956.80713485029  16146.26
3956.83875507885  16326.
3956.87037276422  16383.28
3956.90198790628  16511.75
3956.93360050493  15968.84
3956.96521056007  16174.68
3956.99681807159  15878.13
3957.02842303939  15995.21
3957.06002546337  16220.33
3957.09162534342  16218.97
3957.12322267943  15971.42
3957.15481747132  15908.09
3957.18640971896  16041.36
3957.21799942226  15760.84
3957.24958658112  15922.58
3957.28117119543  15874.82
3957.31275326509  15876.32
3957.34433278999  15735.07
3957.37590977004  15785.69
3957.40748420513  15866.34
3957.43905609516  15736.57
3957.47062544002  15683.58
3957.50219223961  15598.93
3957.53375649383  15475.64
3957.56531820257  15470.56
3957.59687736574  15399.2
3957.62843398324  15498.64
3957.65998805495  15270.38
3957.69153958077  15359.01
3957.72308856062  15510.93
3957.75463499437  15404.92
3957.78617888194  15443.52
3957.81772022321  15494.41
3957.84925901809  15342.68
3957.88079526647  15177.48
3957.91232896825  15216.42
3957.94386012334  14922.95
3957.97538873162  14998.2
3958.006914793  15259.32
3958.03843830738  15001.45
3958.06995927465  14723.5
3958.10147769471  15091.26
3958.13299356746  15204.81
3958.1645068928  15030.9
3958.19601767063  14843.96
3958.22752590085  14748.62
3958.25903158335  14858.17
3958.29053471804  15083.17
3958.32203530481  15010.25
3958.35353334356  14744.75
3958.3850288342  15011.36
3958.41652177662  14868.23
3958.44801217071  14787.
3958.47950001639  14701.37
3958.51098531355  14654.06
3958.54246806208  14533.36
3958.57394826189  14557.25
3958.60542591288  14326.59
3958.63690101495  14542.39
3958.66837356799  14316.31
3958.69984357191  14541.27
3958.73131102661  14567.92
3958.76277593198  14505.77
3958.79423828792  14307.93
3958.82569809435  14509.12
3958.85715535115  14512.5
3958.88861005823  14385.07
3958.92006221548  14123.05
3958.95151182281  14145.81
3958.98295888011  14387.94
3959.0144033873  14154.42
3959.04584534426  14017.07
3959.0772847509  14178.39
3959.10872160712  14166.97
3959.14015591282  13826.23
3959.17158766791  14171.89
3959.20301687227  13909.25
3959.23444352581  13875.07
3959.26586762844  14064.36
3959.29728918005  13746.5
3959.32870818055  13982.77
3959.36012462983  13958.53
3959.3915385278  13655.04
3959.42294987436  13724.09
3959.45435866941  13821.52
3959.48576491285  13745.4
3959.51716860459  13751.18
3959.54856974452  13509.41
3959.57996833254  13479.58
3959.61136436857  13534.13
3959.64275785249  13510.62
3959.67414878421  13754.96
3959.70553716364  13632.98
3959.73692299067  13572.58
3959.76830626521  13574.46
3959.79968698716  13433.69
3959.83106515642  13424.53
3959.86244077289  13145.11
3959.89381383647  13263.45
3959.92518434708  13390.26
3959.9565523046  13055.51
3959.98791770895  13445.95
3960.01928056002  13064.62
3960.05064085773  13110.77
3960.08199860196  13123.31
3960.11335379262  13005.28
3960.14470642962  12797.81
3960.17605651286  13101.95
3960.20740404224  13046.06
3960.23874901766  12865.27
3960.27009143903  12865.76
3960.30143130625  12797.16
3960.33276861923  12966.45
3960.36410337786  12892.62
3960.39543558205  12639.59
3960.42676523171  12769.86
3960.45809232673  12308.67
3960.48941686702  12452.87
3960.52073885249  12456.82
3960.55205828304  12510.95
3960.58337515856  12422.07
3960.61468947897  12289.15
3960.64600124417  12400.88
3960.67731045406  12557.01
3960.70861710855  12428.2
3960.73992120754  12487.64
3960.77122275094  12345.25
3960.80252173864  12187.3
3960.83381817055  11845.11
3960.86511204659  11737.15
3960.89640336664  11849.5
3960.92769213062  11616.54
3960.95897833843  11240.87
3960.99026198997  11212.31
3961.02154308516  11431.84
3961.05282162389  11214.25
3961.08409760606  10942.65
3961.11537103159  10977.68
3961.14664190038  10917.83
3961.17791021234  11082.33
3961.20917596736  10928.53
3961.24043916535  10830.13
3961.27169980622  10845.17
3961.30295788988  11098.9
3961.33421341622  10974.45
3961.36546638516  11163.8
3961.3967167966  11357.2
3961.42796465045  11419.87
3961.4592099466  11353.27
3961.49045268497  11857.55
3961.52169286546  11721.56
3961.55293048798  11494.39
3961.58416555244  11836.85
3961.61539805873  11138.26
3961.64662800676  11335.46
3961.67785539645  11357.97
3961.70908022769  11707.74
3961.7403025004  11588.49
3961.77152221448  11247.35
3961.80273936983  11235.15
3961.83395396636  11298.88
3961.86516600398  11377.45
3961.89637548259  11303.74
3961.92758240211  11341.13
3961.95878676243  11075.08
3961.98998856347  11299.37
3962.02118780513  11230.09
3962.05238448731  11266.22
3962.08357860993  11345.48
3962.11477017289  11130.41
3962.1459591761  10859.11
3962.17714561946  10884.63
3962.20832950289  11067.14
3962.23951082628  11093.86
3962.27068958955  10755.45
3962.30186579261  10862.17
3962.33303943535  10851.67
3962.36421051769  10874.88
3962.39537903954  10904.02
3962.42654500081  10693.3
3962.45770840139  10995.39
3962.4888692412  10977.84
3962.52002752015  10960.38
3962.55118323814  10567.73
3962.58233639509  10788.34
3962.61348699089  10921.29
3962.64463502546  10632.62
3962.67578049871  10500.5
3962.70692341054  10685.88
3962.73806376086  10440.56
3962.76920154959  10707.68
3962.80033677662  10473.11
3962.83146944187  10340.79
3962.86259954525  10398.81
3962.89372708666  10585.21
3962.92485206601  10491.28
3962.95597448321  10572.78
3962.98709433817  10492.33
3963.0182116308  10428.27
3963.04932636101  10294.38
3963.08043852871  10298.53
3963.1115481338  10156.75
3963.14265517619  10416.51
3963.1737596558  10110.03
3963.20486157253  10065.32
3963.2359609263  10253.93
3963.267057717  9892.975
3963.29815194455  10273.3
3963.32924360887  9801.813
3963.36033270985  9764.615
3963.39141924741  9692.329
3963.42250322146  10122.57
3963.45358463191  10089.16
3963.48466347867  9820.354
3963.51573976165  10056.98
3963.54681348075  9894.017
3963.57788463589  9868.144
3963.60895322697  9812.084
3963.64001925392  9897.907
3963.67108271663  9861.205
3963.70214361502  9602.753
3963.733201949  9692.688
3963.76425771848  9500.034
3963.79531092336  9632.366
3963.82636156357  9772.534
3963.85740963901  9533.723
3963.88845514958  9368.459
3963.91949809521  9466.436
3963.9505384758  9145.001
3963.98157629126  9438.105
3964.0126115415  9509.005
3964.04364422644  9200.044
3964.07467434599  9316.769
3964.10570190005  9125.922
3964.13672688854  9174.752
3964.16774931136  9152.054
3964.19876916844  9206.015
3964.22978645968  8877.825
3964.26080118499  8891.348
3964.29181334429  8844.063
3964.32282293748  8894.896
3964.35382996448  8915.227
3964.3848344252  8997.587
3964.41583631954  9252.867
3964.44683564743  8949.371
3964.47783240878  8945.131
3964.50882660349  8626.852
3964.53981823148  8712.071
3964.57080729265  8687.656
3964.60179378693  8557.263
3964.63277771423  8805.569
3964.66375907445  8430.332
3964.69473786751  8585.937
3964.72571409332  8677.39
3964.75668775179  8585.17
3964.78765884284  8234.215
3964.81862736638  8246.548
3964.84959332232  8418.311
3964.88055671058  8305.634
3964.91151753106  8480.379
3964.94247578368  8369.637
3964.97343146835  8171.54
3965.00438458499  8340.415
3965.0353351335  8122.093
3965.06628311381  8054.4
3965.09722852582  8030.81
3965.12817136945  8080.712
3965.15911164461  7838.808
3965.19004935121  7941.908
3965.22098448917  8060.634
3965.2519170584  8112.688
3965.28284705882  7842.199
3965.31377449034  7889.813
3965.34469935286  7966.576
3965.37562164632  7787.276
3965.40654137061  7877.774
3965.43745852565  7664.337
3965.46837311136  7658.343
3965.49928512766  7872.557
3965.53019457445  7663.238
3965.56110145165  7493.044
3965.59200575917  7423.363
3965.62290749693  7481.046
3965.65380666484  7614.357
3965.68470326281  7372.385
3965.71559729077  7731.952
3965.74648874863  7664.041
3965.77737763629  7602.901
3965.80826395368  7392.156
3965.83914770071  7298.974
3965.87002887729  7136.646
3965.90090748334  7119.182
3965.93178351877  7253.186
3965.96265698351  7118.525
3965.99352787745  7216.916
3966.02439620053  7174.833
3966.05526195265  6982.32
3966.08612513372  7021.451
3966.11698574368  6917.975
3966.14784378242  7124.204
3966.17869924987  7083.418
3966.20955214594  6958.271
3966.24040247054  6831.605
3966.2712502236  6751.118
3966.30209540503  6901.144
3966.33293801474  6529.2
3966.36377805264  6575.803
3966.39461551867  6799.031
3966.42545041272  6346.398
3966.45628273472  6597.467
3966.48711248458  6608.497
3966.51793966223  6838.068
3966.54876426756  6537.083
3966.57958630051  6540.973
3966.61040576099  6698.828
3966.64122264892  6458.014
3966.6720369642  6150.567
3966.70284870676  6302.355
3966.73365787651  6345.55
3966.76446447338  6185.416
3966.79526849727  6241.083
3966.82606994811  6084.642
3966.85686882581  6205.032
3966.88766513029  6004.899
3966.91845886146  6365.52
3966.94925001924  6244.455
3966.98003860355  5801.607
3967.01082461431  5986.234
3967.04160805143  6110.284
3967.07238891484  5773.119
3967.10316720444  5781.985
3967.13394292015  5827.518
3967.1647160619  5816.915
3967.1954866296  5694.37
3967.22625462317  5816.063
3967.25702004253  5846.479
3967.28778288759  5722.727
3967.31854315827  5236.592
3967.34930085449  5477.182
3967.38005597617  5595.38
3967.41080852322  5451.851
3967.44155849557  5280.706
3967.47230589313  5405.183
3967.50305071582  5246.959
3967.53379296356  5293.342
3967.56453263626  5222.022
3967.59526973386  5119.328
3967.62600425625  5269.71
3967.65673620337  5076.861
3967.68746557512  4890.953
3967.71819237144  4763.187
3967.74891659223  4775.601
3967.77963823743  4675.034
3967.81035730693  4539.393
3967.84107380068  4112.475
3967.87178771857  4018.725
3967.90249906054  3029.25
3967.9332078265  3612.19
3967.96391401638  3287.575
3967.99461763008  3098.062
3968.02531866754  3117.337
3968.05601712866  2872.299
3968.08671301337  2943.676
3968.11740632159  2869.134
3968.14809705324  2923.89
3968.17878520823  2891.306
3968.2094707865  3052.711
3968.24015378795  3214.91
3968.27083421251  3284.939
3968.30151206009  3253.187
3968.33218733062  3636.222
3968.36286002402  3739.971
3968.39353014021  3789.602
3968.4241976791  4072.45
3968.45486264062  4020.658
3968.48552502469  4205.381
3968.51618483122  4205.203
3968.54684206015  4064.593
3968.57749671138  3812.963
3968.60814878485  3943.972
3968.63879828046  3950.928
3968.66944519815  3901.322
3968.70008953782  4092.773
3968.73073129941  3983.458
3968.76137048284  4018.575
3968.79200708802  3963.46
3968.82264111487  3888.489
3968.85327256332  3999.069
3968.88390143329  3751.061
3968.9145277247  3982.976
3968.94515143747  3790.974
3968.97577257152  3792.568
3969.00639112677  3692.776
3969.03700710315  3748.58
3969.06762050057  3649.069
3969.09823131896  3625.469
3969.12883955824  3530.688
3969.15944521834  3402.176
3969.19004829916  3277.468
3969.22064880064  3398.995
3969.2512467227  3337.116
3969.28184206526  3303.923
3969.31243482824  3322.329
3969.34302501156  3091.625
3969.37361261514  3013.491
3969.40419763892  3024.729
3969.4347800828  2699.365
3969.46535994672  3046.36
3969.49593723059  2762.409
3969.52651193434  2662.73
3969.55708405789  2556.49
3969.58765360116  2377.819
3969.61822056408  2436.784
3969.64878494656  2527.876
3969.67934674854  2544.129
3969.70990596993  2350.286
3969.74046261066  2362.209
3969.77101667065  2628.327
3969.80156814982  2400.674
3969.83211704809  2553.096
3969.8626633654  2639.663
3969.89320710166  2691.294
3969.9237482568  2929.947
3969.95428683073  2776.312
3969.98482282339  2791.404
3970.0153562347  3119.93
3970.04588706457  2835.165
3970.07641531294  3099.685
3970.10694097973  3259.338
3970.13746406486  3121.095
3970.16798456826  3382.337
3970.19850248985  3327.447
3970.22901782954  3519.033
3970.25953058728  3387.423
3970.29004076298  3324.331
3970.32054835657  3573.718
3970.35105336796  3659.385
3970.3815557971  3700.333
3970.41205564389  3705.362
3970.44255290826  3268.018
3970.47304759014  3762.951
3970.50353968946  3746.323
3970.53402920613  3824.26
3970.56451614009  3882.266
3970.59500049125  3784.233
3970.62548225955  3750.77
3970.6559614449  4041.141
3970.68643804723  3839.917
3970.71691206648  3873.207
3970.74738350255  4032.851
3970.77785235538  4189.005
3970.8083186249  4049.74
3970.83878231102  3888.344
3970.86924341368  4044.92
3970.89970193279  4263.105
3970.93015786829  4083.03
3970.9606112201  4055.069
3970.99106198815  3843.597
3971.02151017236  4332.517
3971.05195577265  4262.362
3971.08239878896  4225.692
3971.11283922121  4383.852
3971.14327706932  4313.828
3971.17371233323  4513.754
3971.20414501285  4377.54
3971.23457510811  4426.854
