4034.03349415859  34583.76
4034.07082910477  35755.02
4034.1081617069  34115.66
4034.1454919648  36260.88
4034.18281987825  34945.14
4034.22014544705  36214.14
4034.25746867101  35140.12
4034.29478954992  36219.7
4034.33210808357  35618.86
4034.36942427177  36206.91
4034.40673811432  36802.38
4034.44404961102  37111.51
4034.48135876165  35700.15
4034.51866556603  36049.75
4034.55597002395  35801.62
4034.59327213521  37519.8
4034.63057189961  36479.61
4034.66786931695  38287.37
4034.70516438702  36724.93
4034.74245710964  36244.21
4034.77974748458  35474.52
4034.81703551166  36857.01
4034.85432119067  36669.01
4034.89160452141  35871.34
4034.92888550369  35773.89
4034.9661641373  37745.97
4035.00344042204  36937.32
4035.04071435771  36098.68
4035.0779859441  35444.09
4035.11525518103  35451.7
4035.15252206829  37342.88
4035.18978660567  36560.71
4035.22704879298  35684.2
4035.26430863002  36244.09
4035.30156611658  34678.56
4035.33882125248  36207.78
4035.37607403749  35683.76
4035.41332447144  36199.76
4035.45057255411  35343.2
4035.48781828531  36725.68
4035.52506166484  36720.74
4035.5623026925  38803.37
4035.59954136808  36773.73
4035.63677769138  37563.38
4035.67401166222  37129.39
4035.71124328038  37211.66
4035.74847254568  36949.55
4035.7856994579  37616.16
4035.82292401685  38359.34
4035.86014622232  37903.42
4035.89736607413  37600.14
4035.93458357207  37512.47
4035.97179871594  38021.09
4036.00901150554  38631.46
4036.04622194068  36934.28
4036.08343002115  36640.7
4036.12063574675  35795.21
4036.15783911729  37264.05
4036.19504013256  36563.98
4036.23223879237  37763.01
4036.26943509652  37468.86
4036.30662904481  37376.43
4036.34382063704  37347.55
4036.38100987301  38517.02
4036.41819675252  36598.58
4036.45538127538  36919.62
4036.49256344138  38058.4
4036.52974325032  37447.37
4036.56692070202  37707.46
4036.60409579626  37159.23
4036.64126853286  38250.91
4036.67843891161  36907.19
4036.71560693231  37836.5
4036.75277259476  37100.68
4036.78993589878  36874.54
4036.82709684415  38038.68
4036.86425543068  37783.23
4036.90141165818  38077.73
4036.93856552644  36958.67
4036.97571703527  37788.61
4037.01286618446  37750.36
4037.05001297383  39039.99
4037.08715740317  36895.52
4037.12429947228  39163.73
4037.16143918097  37833.73
4037.19857652904  37864.93
4037.23571151629  36938.81
4037.27284414252  38706.05
4037.30997440754  37853.6
4037.34710231115  38350.99
4037.38422785315  37293.41
4037.42135103334  37615.88
4037.45847185152  37433.75
4037.49559030751  37168.27
4037.5327064011  37277.61
4037.56982013209  37126.51
4037.60693150028  38085.61
4037.64404050549  37103.16
4037.68114714751  35893.16
4037.71825142614  37904.48
4037.75535334119  37197.23
4037.79245289246  38006.24
4037.82955007976  37537.22
4037.86664490288  37763.61
4037.90373736164  37503.46
4037.94082745582  37944.33
4037.97791518525  38016.23
4038.01500054971  37657.57
4038.05208354901  36892.86
4038.08916418297  38296.48
4038.12624245137  37808.52
4038.16331835403  37384.95
4038.20039189074  37590.02
4038.23746306131  38227.71
4038.27453186555  38392.66
4038.31159830325  37532.45
4038.34866237423  37821.39
4038.38572407828  38430.25
4038.42278341521  37556.2
4038.45984038483  37501.43
4038.49689498693  36639.27
4038.53394722132  38044.84
4038.5709970878  37103.72
4038.60804458619  38492.34
4038.64508971628  38962.45
4038.68213247787  37698.09
4038.71917287077  38557.28
4038.75621089479  38706.29
4038.79324654974  38338.36
4038.8302798354  38493.18
4038.86731075159  38285.58
4038.90433929812  38183.47
4038.94136547478  38739.71
4038.97838928138  37904.76
4039.01541071774  39011.95
4039.05242978364  39348.29
4039.08944647889  37964.69
4039.12646080331  38459.87
4039.16347275669  38493.43
4039.20048233885  39258.89
4039.23748954958  38113.04
4039.27449438868  39168.45
4039.31149685598  38411.6
4039.34849695126  38304.6
4039.38549467433  38934.87
4039.42249002501  38897.45
4039.45948300309  38874.8
4039.49647360838  38485.37
4039.53346184069  38651.
4039.57044769981  38962.08
4039.60743118557  38898.3
4039.64441229775  39095.82
4039.68139103617  38244.35
4039.71836740064  38927.52
4039.75534139095  39392.7
4039.79231300691  39015.15
4039.82928224834  38577.2
4039.86624911502  38249.55
4039.90321360678  38193.97
4039.94017572342  38818.23
4039.97713546474  39214.42
4040.01409283054  38595.18
4040.05104782064  38931.27
4040.08800043484  38520.18
4040.12495067294  39065.33
4040.16189853476  38324.
4040.19884402009  39065.41
4040.23578712875  38560.38
4040.27272786054  38396.82
4040.30966621527  38325.14
4040.34660219273  38519.17
4040.38353579275  39267.84
4040.42046701513  39140.3
4040.45739585966  38980.07
4040.49432232616  38951.72
4040.53124641444  38911.53
4040.5681681243  38902.04
4040.60508745555  39082.09
4040.642004408  38571.64
4040.67891898144  38822.54
4040.7158311757  38282.86
4040.75274099056  38389.7
4040.78964842586  38945.27
4040.82655348138  38863.62
4040.86345615693  38164.53
4040.90035645233  38101.14
4040.93725436738  39423.7
4040.97414990189  39304.81
4041.01104305566  38452.69
4041.04793382851  38561.9
4041.08482222023  38950.85
4041.12170823064  38811.95
4041.15859185954  38391.53
4041.19547310675  38482.52
4041.23235197206  38782.86
4041.26922845529  38553.58
4041.30610255624  38965.66
4041.34297427472  38860.69
4041.37984361054  39597.01
4041.41671056351  38791.86
4041.45357513343  39424.22
4041.49043732012  39377.8
4041.52729712337  38727.72
4041.564154543  39093.8
4041.60100957882  38154.71
4041.63786223063  39351.43
4041.67471249824  39674.61
4041.71156038147  38734.53
4041.74840588011  39604.8
4041.78524899397  38886.95
4041.82208972287  39299.19
4041.85892806662  39523.04
4041.89576402501  38968.73
4041.93259759787  39103.66
4041.96942878499  38410.75
4042.00625758618  38883.1
4042.04308400127  39498.04
4042.07990803004  38996.68
4042.11672967232  38543.53
4042.15354892791  39193.96
4042.19036579661  38698.79
4042.22718027825  38901.32
4042.26399237262  39300.54
4042.30080207953  39496.08
4042.33760939881  39648.48
4042.37441433024  39575.79
4042.41121687365  40128.09
4042.44801702884  39258.45
4042.48481479561  39709.36
4042.52161017379  39466.66
4042.55840316318  39737.62
4042.59519376359  38493.2
4042.63198197482  38924.68
4042.66876779669  39742.15
4042.705551229  39031.74
4042.74233227157  39362.37
4042.77911092421  39452.21
4042.81588718672  39946.31
4042.85266105891  39967.09
4042.8894325406  39941.71
4042.92620163159  39842.4
4042.9629683317  38838.81
4042.99973264073  38821.5
4043.03649455848  39314.86
4043.07325408479  39455.48
4043.11001121944  39480.49
4043.14676596226  39683.12
4043.18351831305  39593.48
4043.22026827162  39310.88
4043.25701583778  39826.27
4043.29376101135  39378.46
4043.33050379213  39733.38
4043.36724417993  39471.04
4043.40398217457  39733.84
4043.44071777584  39097.54
4043.47745098358  39719.02
4043.51418179758  39407.44
4043.55091021765  38614.98
4043.58763624361  39540.01
4043.62435987526  39317.59
4043.66108111242  40078.25
4043.6977999549  39315.85
4043.73451640251  39528.02
4043.77123045505  39654.97
4043.80794211235  39090.64
4043.8446513742  39217.49
4043.88135824043  39716.42
4043.91806271084  39721.47
4043.95476478524  39835.1
4043.99146446345  39369.5
4044.02816174527  39505.94
4044.06485663052  38634.32
4044.10154911901  38969.59
4044.13823921055  39283.08
4044.17492690494  38691.81
4044.21161220201  39419.63
4044.24829510156  39431.05
4044.28497560341  40208.35
4044.32165370736  39152.84
4044.35832941323  39477.98
4044.39500272083  39445.73
4044.43167362997  39679.01
4044.46834214047  39247.05
4044.50500825213  39334.51
4044.54167196476  39605.42
4044.57833327818  39842.29
4044.6149921922  39548.81
4044.65164870664  39862.69
4044.68830282129  39688.78
4044.72495453599  39754.71
4044.76160385053  39431.73
4044.79825076473  40259.29
4044.8348952784  39855.45
4044.87153739136  39543.66
4044.90817710341  40057.29
4044.94481441438  39724.52
4044.98144932406  39511.09
4045.01808183228  39387.27
4045.05471193884  38873.48
4045.09133964356  38672.2
4045.12796494626  38857.09
4045.16458784673  37604.95
4045.20120834481  36985.46
4045.23782644029  35653.99
4045.27444213299  34369.23
4045.31105542273  34120.92
4045.34766630932  33420.23
4045.38427479256  33756.64
4045.42088087228  32886.18
4045.45748454829  33432.28
4045.49408582039  33802.59
4045.53068468841  33733.16
4045.56728115215  34350.25
4045.60387521144  34728.22
4045.64046686607  35529.36
4045.67705611587  35928.5
4045.71364296064  37283.45
4045.75022740021  38448.08
4045.78680943439  39668.66
4045.82338906298  39892.79
4045.8599662858  39690.56
4045.89654110267  39726.55
4045.9331135134  39932.03
4045.96968351781  40513.06
4046.0062511157  39867.49
4046.04281630689  39838.04
4046.07937909119  40003.01
4046.11593946842  40164.77
4046.1524974384  40127.5
4046.18905300093  39744.65
4046.22560615583  39672.43
4046.26215690291  39960.39
4046.29870524199  39864.91
4046.33525117289  40054.57
4046.37179469541  40188.59
4046.40833580937  39892.43
4046.44487451458  39859.94
4046.48141081087  40395.95
4046.51794469804  39596.73
4046.5544761759  39606.5
4046.59100524428  39831.48
4046.62753190299  40360.4
4046.66405615184  39945.39
4046.70057799064  40190.53
4046.73709741922  40029.17
4046.77361443737  40545.89
4046.81012904494  39520.79
4046.84664124171  39918.86
4046.88315102751  40759.92
4046.91965840217  39954.63
4046.95616336548  39778.34
4046.99266591726  40286.2
4047.02916605734  40414.18
4047.06566378551  39544.69
4047.10215910161  40313.31
4047.13865200545  40158.61
4047.17514249684  39664.
4047.21163057559  39824.86
4047.24811624152  40331.18
4047.28459949445  39968.8
4047.32108033419  39612.67
4047.35755876056  39725.6
4047.39403477337  40551.93
4047.43050837244  40568.38
4047.46697955758  39481.
4047.50344832861  40180.25
4047.53991468535  40295.32
4047.57637862761  39986.03
4047.61284015521  39376.46
4047.64929926796  39695.8
4047.68575596568  40415.27
4047.72221024819  40435.74
4047.75866211529  40304.97
4047.79511156682  40427.99
4047.83155860257  40361.22
4047.86800322237  40637.81
4047.90444542605  40125.68
4047.9408852134  39737.5
4047.97732258425  40159.13
4048.01375753841  39803.19
4048.05019007571  40019.09
4048.08662019595  40046.74
4048.12304789895  39311.55
4048.15947318454  39941.68
4048.19589605252  40120.04
4048.23231650271  39709.92
4048.26873453494  39731.71
4048.30515014901  39649.51
4048.34156334475  39233.75
4048.37797412197  39158.17
4048.41438248048  39463.03
4048.45078842011  39201.91
4048.48719194067  39092.61
4048.52359304197  38402.8
4048.55999172384  39178.59
4048.5963879861  39518.99
4048.63278182855  39562.25
4048.66917325102  39219.88
4048.70556225333  39538.88
4048.74194883528  39506.13
4048.77833299671  40191.24
4048.81471473742  39845.98
4048.85109405723  39821.44
4048.88747095597  39898.77
4048.92384543344  40176.82
4048.96021748947  40642.54
4048.99658712387  40149.92
4049.03295433647  39638.12
4049.06931912708  40605.68
4049.10568149551  39900.38
4049.14204144158  40013.21
4049.17839896512  39845.69
4049.21475406594  39998.31
4049.25110674386  40148.95
4049.28745699869  40568.93
4049.32380483026  40048.28
4049.36015023838  40241.02
4049.39649322288  40161.18
4049.43283378356  40286.04
4049.46917192025  40420.3
4049.50550763276  40315.43
4049.54184092092  40554.02
4049.57817178455  40388.03
4049.61450022345  40417.17
4049.65082623745  40292.77
4049.68714982637  40351.19
4049.72347099003  40353.53
4049.75978972824  39894.
4049.79610604083  40204.01
4049.83241992761  40092.36
4049.8687313884  40333.58
4049.90504042302  40165.1
4049.9413470313  40330.89
4049.97765121304  40063.16
4050.01395296806  40243.52
4050.05025229619  40132.49
4050.08654919725  39762.79
4050.12284367106  39687.66
4050.15913571742  40302.04
4050.19542533617  39877.68
4050.23171252712  40468.86
4050.2679972901  39633.37
4050.30427962491  39728.6
4050.34055953139  40369.24
4050.37683700934  40776.23
4050.41311205859  39882.46
4050.44938467897  40129.71
4050.48565487028  40051.06
4050.52192263235  39755.66
4050.55818796499  40591.49
4050.59445086804  40059.52
4050.6307113413  40028.42
4050.6669693846  40108.01
4050.70322499776  40370.73
4050.73947818059  39731.57
4050.77572893292  40618.33
4050.81197725457  40197.5
4050.84822314535  39525.77
4050.8844666051  39711.29
4050.92070763362  40134.66
4050.95694623073  40315.4
4050.99318239627  40086.38
4051.02941613004  39984.73
4051.06564743188  40250.07
4051.10187630159  40169.84
4051.138102739  40219.92
4051.17432674393  39915.72
4051.21054831621  40599.27
4051.24676745564  39687.77
4051.28298416206  40233.5
4051.31919843528  39328.56
4051.35541027512  39997.1
4051.39161968141  39649.13
4051.42782665396  39083.96
4051.4640311926  39144.92
4051.50023329715  39211.02
4051.53643296743  39372.75
4051.57263020325  39932.85
4051.60882500444  39722.12
4051.64501737083  39201.54
4051.68120730223  39689.45
4051.71739479846  39637.9
4051.75357985935  39390.86
4051.78976248471  40030.55
4051.82594267437  39761.14
4051.86212042815  39765.98
4051.89829574588  40068.82
4051.93446862736  40290.18
4051.97063907243  40089.08
4052.0068070809  40179.43
4052.04297265261  39567.14
4052.07913578736  39952.02
4052.11529648498  40249.11
4052.15145474529  40113.04
4052.18761056812  40217.73
4052.22376395329  39740.09
4052.25991490061  40083.29
4052.29606340991  39774.61
4052.33220948102  39906.2
4052.36835311375  40064.93
4052.40449430793  40151.23
4052.44063306338  39957.66
4052.47676937991  40141.56
4052.51290325736  39927.38
4052.54903469555  40105.92
4052.5851636943  39802.85
4052.62129025342  40451.15
4052.65741437275  40403.21
4052.69353605211  40179.05
4052.72965529131  39953.79
4052.76577209018  39538.38
4052.80188644855  40098.7
4052.83799836624  39999.95
4052.87410784306  40254.55
4052.91021487885  40316.61
4052.94631947342  39945.82
4052.9824216266  40461.05
4053.0185213382  40017.69
4053.05461860807  40116.73
4053.09071343601  39679.75
4053.12680582185  39646.2
4053.16289576541  39264.55
4053.19898326652  39273.2
4053.235068325  38663.09
4053.27115094067  38404.2
4053.30723111336  38520.09
4053.34330884289  38144.19
4053.37938412908  38666.68
4053.41545697176  38560.16
4053.45152737075  38542.03
4053.48759532587  38027.74
4053.52366083695  38291.43
4053.55972390382  38579.09
4053.59578452628  38160.3
4053.63184270418  38767.1
4053.66789843733  38727.17
4053.70395172555  38651.7
4053.74000256868  38806.45
4053.77605096652  39207.64
4053.81209691892  39364.26
4053.84814042569  39847.02
4053.88418148666  39582.79
4053.92022010165  38884.15
4053.95625627048  39990.
4053.99228999298  40098.44
4054.02832126898  40074.56
4054.0643500983  39930.38
4054.10037648075  39935.93
4054.13640041617  40020.96
4054.17242190439  39914.27
4054.20844094522  40279.38
4054.24445753849  40231.75
4054.28047168403  39498.1
4054.31648338166  39839.81
4054.3524926312  39875.59
4054.38849943248  40027.14
4054.42450378533  39824.22
4054.46050568956  39838.51
4054.49650514501  40152.95
4054.5325021515  39665.61
4054.56849670885  39484.28
4054.6044888169  39594.
4054.64047847545  39949.17
4054.67646568435  39494.99
4054.71245044341  40371.89
4054.74843275246  40280.41
4054.78441261133  39499.12
4054.82039001984  39169.8
4054.85636497781  39916.61
4054.89233748508  40115.09
4054.92830754147  39826.55
4054.96427514679  39617.04
4055.00024030089  39756.16
4055.03620300358  39412.54
4055.07216325469  39926.16
4055.10812105404  40231.54
4055.14407640147  39721.28
4055.1800292968  39419.85
4055.21597973984  39395.03
4055.25192773044  39737.97
4055.28787326841  40204.2
4055.32381635359  39171.77
4055.35975698579  39845.39
4055.39569516484  39959.59
4055.43163089058  39764.86
4055.46756416282  39493.25
4055.50349498139  39536.76
4055.53942334612  39975.3
4055.57534925684  39507.68
4055.61127271337  39645.37
4055.64719371553  39655.93
4055.68311226317  39305.06
4055.71902835609  39647.36
4055.75494199413  39731.48
4055.79085317711  39448.63
4055.82676190486  39685.75
4055.86266817722  39512.33
4055.89857199399  39445.31
4055.93447335502  39969.25
4055.97037226013  39548.86
4056.00626870915  39327.5
4056.04216270189  39531.89
4056.0780542382  39748.44
4056.11394331789  39585.41
4056.14982994079  39128.79
4056.18571410674  39760.07
4056.22159581555  39332.08
4056.25747506707  39827.54
4056.2933518611  39359.89
4056.32922619748  39629.58
4056.36509807604  39846.
4056.40096749661  39567.66
4056.43683445901  39891.39
4056.47269896307  39609.14
4056.50856100862  39352.27
4056.54442059548  40069.91
4056.58027772349  39560.69
4056.61613239247  39943.9
4056.65198460224  40282.33
4056.68783435265  39256.25
4056.72368164351  39391.98
4056.75952647465  39779.66
4056.7953688459  39785.85
4056.8312087571  39596.07
4056.86704620806  38739.02
4056.90288119861  39063.62
4056.93871372859  38784.98
4056.97454379782  38777.9
4057.01037140613  38792.97
4057.04619655335  38365.88
4057.0820192393  38717.02
4057.11783946382  38489.11
4057.15365722674  38749.8
4057.18947252787  38589.45
4057.22528536706  38078.47
4057.26109574413  38750.49
4057.2969036589  38857.93
4057.33270911121  39116.04
4057.36851210089  39118.76
4057.40431262776  39407.06
4057.44011069166  39249.94
4057.47590629241  39210.3
4057.51169942984  39359.66
4057.54749010378  38913.08
4057.58327831406  39323.37
4057.61906406051  39552.5
4057.65484734295  39417.97
4057.69062816123  39474.01
4057.72640651516  40109.5
4057.76218240457  39736.7
4057.7979558293  39208.48
4057.83372678918  39368.31
4057.86949528403  39585.78
4057.90526131368  39556.41
4057.94102487797  39063.48
4057.97678597671  39395.21
4058.01254460976  39269.81
4058.04830077692  39373.86
4058.08405447803  39179.92
4058.11980571293  39143.56
4058.15555448144  39465.79
4058.19130078338  39206.27
4058.2270446186  38951.3
4058.26278598692  39264.91
4058.29852488818  39790.27
4058.33426132219  39248.14
4058.3699952888  39456.66
4058.40572678782  39191.91
4058.4414558191  39647.83
4058.47718238246  39392.14
4058.51290647774  39863.52
4058.54862810475  39690.3
4058.58434726334  39331.05
4058.62006395334  39517.93
4058.65577817457  39334.76
4058.69148992686  39370.5
4058.72719921005  39432.93
4058.76290602396  39464.75
4058.79861036843  39858.74
4058.83431224329  39061.7
4058.87001164837  39660.19
4058.9057085835  39071.4
4058.94140304851  39801.68
4058.97709504322  39034.3
4059.01278456748  39398.61
4059.04847162112  40007.56
4059.08415620396  39564.49
4059.11983831583  39623.93
4059.15551795657  39196.08
4059.19119512601  39767.32
4059.22686982398  39577.41
4059.26254205031  39169.1
4059.29821180483  39359.51
4059.33387908737  39267.41
4059.36954389777  39181.27
4059.40520623586  39535.
4059.44086610146  39506.87
4059.47652349441  39462.8
4059.51217841454  39087.64
4059.54783086169  38698.11
4059.58348083569  39093.86
4059.61912833635  39475.12
4059.65477336353  39061.82
4059.69041591705  39085.11
4059.72605599674  39689.82
4059.76169360243  39653.86
4059.79732873396  39372.18
4059.83296139116  39671.24
4059.86859157386  39173.41
4059.9042192819  39407.22
4059.93984451509  39390.55
4059.97546727329  39435.45
4060.01108755631  38870.54
4060.046705364  39215.02
4060.08232069618  38962.68
4060.11793355269  39036.37
4060.15354393336  39382.82
4060.18915183802  39148.95
4060.22475726651  39251.03
4060.26036021865  39087.9
4060.29596069429  39427.63
4060.33155869325  39022.54
4060.36715421536  39144.68
4060.40274726046  39140.02
4060.43833782839  39063.76
4060.47392591896  39098.04
4060.50951153203  39134.68
4060.54509466742  38622.62
4060.58067532496  38880.36
4060.61625350449  39203.22
4060.65182920584  39245.83
4060.68740242884  39331.04
4060.72297317333  39397.25
4060.75854143914  39280.68
4060.7941072261  39097.7
4060.82967053405  39681.11
4060.86523136282  39177.86
4060.90078971225  38741.
4060.93634558216  39245.43
4060.97189897239  39103.24
4061.00744988278  39246.29
4061.04299831316  38873.49
4061.07854426336  39157.99
4061.11408773322  38957.56
4061.14962872257  39208.23
4061.18516723124  38966.27
4061.22070325907  38799.
4061.25623680589  38928.29
4061.29176787154  38812.99
4061.32729645585  38818.79
4061.36282255866  38945.82
4061.39834617979  39001.82
4061.43386731909  39083.15
4061.46938597638  39135.68
4061.50490215151  39064.7
4061.5404158443  38959.76
4061.57592705459  38313.47
4061.61143578222  38580.22
4061.64694202702  38633.85
4061.68244578882  38553.13
4061.71794706746  38855.71
4061.75344586278  39128.29
4061.7889421746  39048.1
4061.82443600277  38547.65
4061.85992734711  38613.86
4061.89541620747  38990.
4061.93090258368  38241.36
4061.96638647557  38847.88
4062.00186788298  38515.95
4062.03734680574  38273.73
4062.07282324369  38436.9
4062.10829719666  38078.36
4062.14376866449  38904.2
4062.17923764702  39169.21
4062.21470414407  38520.85
4062.25016815549  38827.09
4062.28562968111  38367.41
4062.32108872076  38952.19
4062.35654527429  38777.33
4062.39199934152  38541.
4062.4274509223  38872.06
4062.46290001645  38993.53
4062.49834662382  39079.17
4062.53379074424  38549.5
4062.56923237754  38531.85
4062.60467152356  38799.41
4062.64010818214  38530.4
4062.67554235311  38750.91
4062.71097403632  38646.27
4062.74640323158  38621.93
4062.78182993875  37869.78
4062.81725415765  38645.12
4062.85267588813  38444.39
4062.88809513002  38168.34
4062.92351188316  37297.69
4062.95892614737  36807.19
4062.99433792251  35913.15
4063.0297472084  34890.45
4063.06515400488  34684.93
4063.10055831179  33517.61
4063.13596012897  33696.34
4063.17135945624  33693.28
4063.20675629346  33696.43
4063.24215064045  33751.5
4063.27754249705  33748.11
4063.3129318631  34173.71
4063.34831873843  34170.66
4063.38370312289  34453.2
4063.41908501631  34872.29
4063.45446441852  35886.02
4063.48984132936  36603.98
4063.52521574868  37142.77
4063.5605876763  37850.88
4063.59595711207  38607.42
4063.63132405582  38572.23
4063.66668850739  38229.63
4063.70205046661  38013.23
4063.73740993333  38124.59
4063.77276690738  37966.5
4063.8081213886  38586.04
4063.84347337683  38370.16
4063.8788228719  38002.71
4063.91416987365  38353.8
4063.94951438192  38177.25
4063.98485639655  38180.42
4064.02019591737  38278.94
4064.05553294422  38288.9
4064.09086747695  38320.48
4064.12619951539  38360.37
4064.16152905937  38155.61
4064.19685610873  38130.62
4064.23218066332  38359.57
4064.26750272297  38457.77
4064.30282228751  37950.81
4064.3381393568  38229.4
4064.37345393066  38132.32
4064.40876600893  38469.61
4064.44407559146  38515.39
4064.47938267807  38326.
4064.51468726862  38511.91
4064.54998936293  38584.85
4064.58528896084  38092.68
4064.62058606221  37973.88
4064.65588066685  38085.52
4064.69117277462  38099.11
4064.72646238534  38165.87
4064.76174949887  38391.3
4064.79703411504  37239.
4064.83231623368  38050.36
4064.86759585463  38018.39
4064.90287297775  37883.61
4064.93814760285  38093.08
4064.97341972979  37929.21
4065.00868935841  38027.
4065.04395648853  38045.79
4065.07922112  37903.57
4065.11448325267  37679.04
4065.14974288636  37454.56
4065.18500002092  38257.5
4065.22025465619  37733.32
4065.25550679201  38268.82
4065.29075642821  37678.46
4065.32600356464  38011.66
4065.36124820114  37349.48
4065.39649033754  38088.34
4065.43172997369  38269.47
4065.46696710942  38195.54
4065.50220174457  37996.8
4065.537433879  37813.32
4065.57266351252  37971.65
4065.607890645  37924.24
4065.64311527625  37975.93
4065.67833740614  37839.09
4065.71355703448  38092.19
4065.74877416113  37345.66
4065.78398878593  37919.41
4065.81920090871  37720.77
4065.85441052932  37507.82
4065.88961764759  38150.97
4065.92482226337  37722.43
4065.96002437649  37997.82
4065.99522398681  37454.61
4066.03042109415  37645.16
4066.06561569836  37668.22
4066.10080779928  38041.82
4066.13599739674  37583.16
4066.1711844906  37485.7
4066.20636908069  37843.34
4066.24155116685  37256.78
4066.27673074892  37054.13
4066.31190782675  37624.44
4066.34708240017  37282.97
4066.38225446903  37322.58
4066.41742403317  36929.21
4066.45259109242  36835.95
4066.48775564663  36618.57
4066.52291769564  36520.44
4066.55807723929  36289.12
4066.59323427743  35983.05
4066.62838880988  36487.46
4066.66354083651  35810.15
4066.69869035714  36059.58
4066.73383737162  36253.82
4066.76898187979  36032.07
4066.80412388149  36235.13
4066.83926337656  36528.06
4066.87440036485  36625.07
4066.90953484619  37126.1
4066.94466682043  37154.86
4066.97979628741  37053.99
4067.01492324698  37365.13
4067.05004769896  37699.5
4067.08516964322  38011.77
4067.12028907958  37569.09
4067.15540600789  37330.7
4067.19052042799  37336.13
4067.22563233973  37416.96
4067.26074174294  37381.52
4067.29584863747  37168.71
4067.33095302316  36921.71
4067.36605489986  37064.23
4067.4011542674  37367.96
4067.43625112563  37115.3
4067.47134547438  36462.68
4067.50643731352  36796.
4067.54152664286  37180.27
4067.57661346227  36506.18
4067.61169777157  37026.51
4067.64677957062  36999.29
4067.68185885926  36697.39
4067.71693563732  37210.68
4067.75200990466  37023.
4067.78708166111  36995.22
4067.82215090652  36954.53
4067.85721764074  37370.98
4067.89228186359  37439.29
4067.92734357493  37436.74
4067.96240277461  37832.7
4067.99745946245  37440.59
4068.03251363832  37304.25
4068.06756530204  37582.54
4068.10261445347  37104.61
4068.13766109244  37468.78
4068.1727052188  37064.11
4068.2077468324  37076.25
4068.24278593308  37257.4
4068.27782252067  37286.02
4068.31285659503  37277.37
4068.347888156  37264.19
4068.38291720342  37579.57
4068.41794373714  37358.66
4068.452967757  37326.38
4068.48798926283  37410.84
4068.5230082545  37309.96
4068.55802473184  37126.14
4068.5930386947  37057.21
4068.62805014291  37168.14
4068.66305907633  37272.17
4068.69806549479  37318.35
4068.73306939815  37190.63
4068.76807078624  37424.29
4068.80306965892  37288.37
4068.83806601601  36990.
4068.87305985738  36731.66
4068.90805118287  37064.45
4068.94303999231  37006.07
4068.97802628555  36806.73
4069.01301006244  36964.3
4069.04799132283  37014.23
4069.08297006655  37306.45
4069.11794629345  36805.89
4069.15292000338  36673.13
4069.18789119618  36944.14
4069.2228598717  36874.15
4069.25782602977  37171.84
4069.29278967026  37205.52
4069.32775079299  36930.53
4069.36270939782  37011.49
4069.39766548459  36704.8
4069.43261905315  36327.16
4069.46757010334  36892.71
4069.50251863501  36816.16
4069.537464648  36671.85
4069.57240814216  36650.71
4069.60734911733  36572.45
4069.64228757336  36476.18
4069.67722351009  36636.9
4069.71215692738  36859.11
4069.74708782506  36874.15
4069.78201620298  37088.5
4069.81694206098  36609.19
4069.85186539892  36614.73
4069.88678621664  36665.07
4069.92170451398  36772.51
4069.95662029079  36811.58
4069.99153354692  37073.48
4070.02644428221  36551.36
4070.06135249651  36770.71
4070.09625818966  36696.88
4070.13116136151  36510.64
4070.16606201191  36594.9
4070.2009601407  36209.45
4070.23585574773  36459.
4070.27074883285  36557.93
4070.3056393959  36367.74
4070.34052743672  36351.31
4070.37541295517  36150.89
4070.41029595109  35989.97
4070.44517642433  36251.54
4070.48005437474  36380.97
4070.51492980215  36442.62
4070.54980270642  36455.48
4070.5846730874  36084.76
4070.61954094493  36484.62
4070.65440627885  36279.17
4070.68926908902  36468.48
4070.72412937529  36485.16
4070.75898713749  36210.63
4070.79384237548  36271.89
4070.8286950891  36442.52
4070.8635452782  36834.63
4070.89839294263  36442.95
4070.93323808224  36149.18
4070.96808069686  36017.5
4071.00292078636  36111.27
4071.03775835057  36276.66
4071.07259338935  34952.51
4071.10742590254  34500.36
4071.14225588999  34063.82
4071.17708335154  33710.9
4071.21190828705  32782.37
4071.24673069637  32884.22
4071.28155057933  32205.5
4071.31636793579  32283.9
4071.35118276559  32744.45
4071.38599506859  32435.71
4071.42080484463  32402.09
4071.45561209356  32694.84
4071.49041681523  33031.03
4071.52521900948  32732.09
4071.56001867616  33519.39
4071.59481581513  33920.38
4071.62961042623  34795.35
4071.6644025093  35059.04
4071.69919206421  36028.49
4071.73397909078  36184.37
4071.76876358888  36042.6
4071.80354555835  36140.97
4071.83832499904  36398.08
4071.8731019108  35944.71
4071.90787629348  36089.59
4071.94264814692  35558.73
4071.97741747098  35745.7
4072.01218426551  35946.3
4072.04694853034  35853.16
4072.08171026533  35878.44
4072.11646947034  36067.1
4072.1512261452  35803.65
4072.18598028977  35736.57
4072.2207319039  35881.6
4072.25548098743  35921.14
4072.29022754022  35921.81
4072.32497156211  35953.34
4072.35971305296  36025.15
4072.39445201261  35941.59
4072.42918844091  35567.54
4072.46392233771  35790.64
4072.49865370286  36076.62
4072.53338253622  36102.46
4072.56810883762  36108.83
4072.60283260692  35983.3
4072.63755384397  36182.82
4072.67227254862  35837.57
4072.70698872072  36200.54
4072.74170236011  36107.33
4072.77641346666  35869.91
4072.81112204019  36098.05
4072.84582808058  36323.35
4072.88053158767  36123.34
4072.9152325613  35513.52
4072.94993100133  35745.2
4072.98462690761  35509.86
4073.01932027999  35997.25
4073.05401111831  35834.59
4073.08869942243  35404.65
4073.1233851922  35597.61
4073.15806842747  35667.94
4073.19274912809  35865.04
4073.2274272939  35796.31
4073.26210292477  35492.99
4073.29677602054  35275.27
4073.33144658106  35549.43
4073.36611460617  35600.12
4073.40078009575  35555.5
4073.43544304962  35496.23
4073.47010346765  35048.02
4073.50476134969  35825.56
4073.53941669557  35084.58
4073.57406950517  35641.53
4073.60871977832  35529.65
4073.64336751488  35476.55
4073.6780127147  35279.11
4073.71265537763  35575.31
4073.74729550353  34814.82
4073.78193309223  35299.21
4073.8165681436  35769.25
4073.85120065748  35556.11
4073.88583063373  35582.42
4073.9204580722  35209.79
4073.95508297274  35542.43
4073.9897053352  35350.59
4074.02432515943  35253.36
4074.05894244528  35430.36
4074.09355719261  35602.39
4074.12816940127  35394.18
4074.16277907111  35702.67
4074.19738620197  35146.38
4074.23199079372  35261.52
4074.26659284621  34996.43
4074.30119235928  35501.15
4074.33578933279  35357.59
4074.37038376659  35327.72
4074.40497566053  35004.26
4074.43956501446  35163.65
4074.47415182825  35132.93
4074.50873610173  35295.23
4074.54331783476  35126.01
4074.57789702719  34919.24
4074.61247367889  34914.48
4074.64704778969  34992.09
4074.68161935945  35068.18
4074.71618838802  34901.41
4074.75075487526  35044.39
4074.78531882101  35111.3
4074.81988022514  35122.02
4074.85443908749  35068.05
4074.88899540792  34593.75
4074.92354918627  34778.89
4074.95810042241  35004.24
4074.99264911618  34851.48
4075.02719526744  35110.26
4075.06173887604  34898.52
4075.09627994184  34703.45
4075.13081846468  34892.3
4075.16535444442  34645.12
4075.19988788091  34873.06
4075.23441877401  34594.03
4075.26894712357  34864.84
4075.30347292944  34974.93
4075.33799619147  34913.89
4075.37251690953  34881.6
4075.40703508346  35149.28
4075.44155071311  34731.39
4075.47606379835  34683.23
4075.51057433902  34658.26
4075.54508233497  34823.16
4075.57958778607  34937.39
4075.61409069216  34629.51
4075.6485910531  34802.6
4075.68308886874  34615.5
4075.71758413893  34883.42
4075.75207686354  34648.15
4075.78656704241  34576.34
4075.8210546754  34763.36
4075.85553976236  34681.12
4075.89002230315  34415.3
4075.92450229762  34391.95
4075.95897974562  34601.68
4075.99345464701  34517.38
4076.02792700164  34337.84
4076.06239680937  34114.3
4076.09686407005  34045.69
4076.13132878354  34398.71
4076.16579094969  33801.48
4076.20025056836  33691.37
4076.2347076394  34006.04
4076.26916216266  34041.18
4076.30361413799  33713.71
4076.33806356527  33693.04
4076.37251044433  33770.94
4076.40695477504  33639.77
4076.44139655724  33742.47
4076.4758357908  33681.14
4076.51027247556  33746.61
4076.5447066114  33801.9
4076.57913819814  34242.21
4076.61356723567  34462.22
4076.64799372382  34260.7
4076.68241766245  34324.23
4076.71683905143  34302.79
4076.7512578906  34165.52
4076.78567417982  34423.38
4076.82008791895  34174.6
4076.85449910783  33938.09
4076.88890774633  34357.73
4076.92331383431  34076.5
4076.95771737161  34173.34
4076.9921183581  33932.64
4077.02651679362  33400.78
4077.06091267804  33296.51
4077.09530601121  32413.75
4077.12969679299  31710.58
4077.16408502323  31043.55
4077.19847070179  30794.46
4077.23285382852  31169.
4077.26723440328  31081.55
4077.30161242593  30876.79
4077.33598789633  30664.12
4077.37036081431  30847.48
4077.40473117976  31000.37
4077.43909899252  30985.42
4077.47346425244  31005.34
4077.50782695939  31034.85
4077.54218711322  31484.87
4077.57654471378  32073.1
4077.61089976095  32651.46
4077.64525225455  33041.11
4077.67960219447  33609.95
4077.71394958055  33518.37
4077.74829441265  33975.7
4077.78263669062  33703.18
4077.81697641433  33744.11
4077.85131358363  33870.59
4077.88564819838  33797.98
4077.91998025843  33603.18
4077.95430976365  33704.92
4077.98863671388  34035.11
4078.02296110898  33999.21
4078.05728294882  33522.5
4078.09160223325  34121.65
4078.12591896213  33759.37
4078.16023313531  33546.15
4078.19454475265  33548.55
4078.22885381401  33628.32
4078.26316031925  34118.15
4078.29746426822  33725.18
4078.33176566079  33593.37
4078.3660644968  33735.18
4078.40036077612  33330.02
4078.4346544986  34010.7
4078.46894566411  33716.32
4078.50323427249  33687.46
4078.53752032362  33534.11
4078.57180381734  33862.42
4078.60608475351  33417.
4078.64036313199  33636.72
4078.67463895265  33610.97
4078.70891221533  33421.34
4078.7431829199  33263.67
4078.77745106621  33561.93
4078.81171665412  33376.15
4078.84597968349  33126.23
4078.88024015418  33198.64
4078.91449806605  33250.96
4078.94875341896  33360.3
4078.98300621275  32884.81
4079.0172564473  32783.
4079.05150412247  33039.2
4079.0857492381  32811.15
4079.11999179406  33400.46
4079.1542317902  33248.46
4079.18846922639  33324.11
4079.22270410249  33000.83
4079.25693641834  33090.94
4079.29116617382  32911.46
4079.32539336879  32876.3
4079.35961800309  33051.86
4079.39384007659  33029.97
4079.42805958914  32570.76
4079.46227654062  32727.58
4079.49649093087  32937.22
4079.53070275976  32868.59
4079.56491202714  32795.96
4079.59911873287  32895.76
4079.63332287682  33146.81
4079.66752445884  32888.53
4079.7017234788  32768.71
4079.73591993654  33000.41
4079.77011383194  32727.54
4079.80430516485  32841.35
4079.83849393513  33012.85
4079.87268014264  32680.92
4079.90686378723  32813.47
4079.94104486878  32831.78
4079.97522338714  32614.86
4080.00939934217  32226.72
4080.04357273373  32733.2
4080.07774356167  32479.29
4080.11191182587  32734.21
4080.14607752618  32876.79
4080.18024066245  32591.28
4080.21440123456  32420.99
4080.24855924235  32301.21
4080.2827146857  32429.62
4080.31686756445  32486.69
4080.35101787848  32750.72
4080.38516562764  32696.2
4080.41931081179  32245.01
4080.45345343079  32490.96
4080.48759348451  32612.14
4080.5217309728  32426.04
4080.55586589552  32401.87
4080.58999825254  32438.93
4080.62412804372  32004.17
4080.65825526891  32325.17
4080.69237992798  31957.12
4080.72650202078  32411.93
4080.76062154719  32091.2
4080.79473850706  32153.89
4080.82885290025  32310.96
4080.86296472662  32370.7
4080.89707398603  31689.95
4080.93118067835  32459.83
4080.96528480343  31933.91
4080.99938636114  31447.91
4081.03348535134  32019.98
4081.06758177389  32009.
4081.10167562865  32274.74
4081.13576691549  32029.98
4081.16985563426  31638.85
4081.20394178482  32528.35
4081.23802536704  32067.74
4081.27210638078  31877.21
4081.30618482591  32014.2
4081.34026070227  32103.66
4081.37433400974  31714.03
4081.40840474818  32072.58
4081.44247291744  32057.94
4081.47653851739  31771.87
4081.5106015479  32132.48
4081.54466200882  31853.73
4081.57871990001  31946.1
4081.61277522135  31859.81
4081.64682797269  31660.22
4081.68087815388  31499.2
4081.71492576481  31367.27
4081.74897080532  31633.55
4081.78301327528  31452.59
4081.81705317455  31266.47
4081.851090503  31648.86
4081.88512526049  31605.25
4081.91915744687  31639.49
4081.95318706202  31207.97
4081.98721410579  31308.95
4082.02123857806  31768.22
4082.05526047867  31260.17
4082.0892798075  31077.88
4082.1232965644  31582.83
4082.15731074924  31499.54
4082.19132236188  31404.27
4082.22533140219  31151.86
4082.25933787003  31392.78
4082.29334176526  31338.08
4082.32734308774  31434.08
4082.36134183735  31138.07
4082.39533801393  31345.63
4082.42933161736  30765.83
4082.46332264749  31230.45
4082.4973111042  31079.83
4082.53129698734  30996.
4082.56528029678  31101.76
4082.59926103238  30829.66
4082.63323919401  30923.26
4082.66721478152  31114.21
4082.70118779479  30908.36
4082.73515823367  30678.36
4082.76912609803  30507.33
4082.80309138774  31089.12
4082.83705410266  31179.66
4082.87101424265  30708.41
4082.90497180757  31006.32
4082.93892679729  30632.96
4082.97287921168  30952.92
4083.00682905059  30800.06
4083.0407763139  30925.99
4083.07472100146  30516.06
4083.10866311314  30428.46
4083.14260264881  30654.33
4083.17653960833  30773.74
4083.21047399156  30821.58
4083.24440579837  30437.15
4083.27833502862  30687.37
4083.31226168218  30515.85
4083.34618575891  30409.27
4083.38010725868  30519.43
4083.41402618134  30676.44
4083.44794252678  30164.02
4083.48185629484  30384.66
4083.5157674854  30394.87
4083.54967609832  30313.19
4083.58358213346  30556.88
4083.6174855907  30100.55
4083.65138646989  30360.53
4083.6852847709  30307.31
4083.7191804936  30315.61
4083.75307363784  30320.95
4083.7869642035  30496.32
4083.82085219045  30255.32
4083.85473759854  30072.5
4083.88862042764  29956.86
4083.92250067762  30037.96
4083.95637834834  29808.19
4083.99025343967  30083.4
4084.02412595148  29650.33
4084.05799588362  29923.28
4084.09186323597  29520.92
4084.12572800839  30010.58
4084.15959020074  29769.36
4084.1934498129  30028.07
4084.22730684472  29879.88
4084.26116129608  29656.09
4084.29501316684  29554.29
4084.32886245687  29743.19
4084.36270916603  29967.44
4084.39655329418  29830.96
4084.4303948412  29710.65
4084.46423380695  29720.01
4084.4980701913  29691.17
4084.53190399411  29689.03
4084.56573521525  29652.2
4084.59956385458  29578.85
4084.63338991198  29444.83
4084.6672133873  29379.77
4084.70103428043  29278.73
4084.73485259121  29244.59
4084.76866831952  29236.46
4084.80248146522  29215.66
4084.83629202819  29593.61
4084.87010000828  29482.86
4084.90390540537  29401.46
4084.93770821933  29274.82
4084.97150845001  28942.64
4085.00530609729  29166.16
4085.03910116102  28987.62
4085.07289364109  29203.23
4085.10668353736  29093.62
4085.14047084969  29092.42
4085.17425557796  29256.97
4085.20803772202  29267.09
4085.24181728174  28969.79
4085.275594257  29117.35
4085.30936864766  29376.51
4085.34314045359  29047.31
4085.37690967466  29058.43
4085.41067631072  29026.43
4085.44444036166  28452.71
4085.47820182734  28922.82
4085.51196070762  29091.68
4085.54571700237  28738.51
4085.57947071147  29151.89
4085.61322183478  28710.17
4085.64697037216  28465.26
4085.68071632349  28631.68
4085.71445968863  28681.63
4085.74820046746  28782.8
4085.78193865983  28593.84
4085.81567426562  28574.35
4085.84940728469  28379.4
4085.88313771692  28485.13
4085.91686556217  28328.7
4085.95059082031  28366.9
4085.98431349121  28357.96
4086.01803357473  28444.61
4086.05175107075  28371.22
4086.08546597913  28628.03
4086.11917829975  28471.
4086.15288803247  28548.55
4086.18659517716  28416.84
4086.22029973368  28515.47
4086.25400170191  28107.08
4086.28770108172  28354.12
4086.32139787297  28474.51
4086.35509207553  27808.12
4086.38878368928  28344.58
4086.42247271408  28309.31
4086.4561591498  28196.77
4086.48984299631  27887.94
4086.52352425348  27868.9
4086.55720292117  27860.35
4086.59087899926  27985.4
4086.62455248762  27849.2
4086.65822338612  28193.43
4086.69189169461  27783.19
4086.72555741298  27883.32
4086.7592205411  27611.
4086.79288107883  27715.47
4086.82653902604  27820.1
4086.86019438261  27795.
4086.89384714839  27610.39
4086.92749732327  27946.77
4086.96114490711  27671.43
4086.99478989978  27726.29
4087.02843230115  27242.67
4087.06207211109  27617.88
4087.09570932948  27346.79
4087.12934395617  27686.02
4087.16297599104  27286.29
4087.19660543397  27209.39
4087.23023228482  27408.63
4087.26385654345  27081.71
4087.29747820975  27344.25
4087.33109728358  27178.07
4087.36471376482  27436.09
4087.39832765332  27070.91
4087.43193894897  27406.27
4087.46554765163  27397.16
4087.49915376118  26810.24
4087.53275727748  26958.28
4087.5663582004  27226.97
4087.59995652982  27036.33
4087.63355226561  27433.46
4087.66714540763  27051.77
4087.70073595576  27238.29
4087.73432390987  26822.56
4087.76790926983  27005.94
4087.80149203551  26958.25
4087.83507220678  26770.62
4087.86864978352  26747.77
4087.90222476559  26521.76
4087.93579715286  26618.25
4087.96936694521  26597.53
4088.0029341425  26742.18
4088.03649874462  26945.54
4088.07006075142  26859.08
4088.10362016278  26611.49
4088.13717697858  26881.69
4088.17073119868  26619.6
4088.20428282296  26439.17
4088.23783185129  26231.43
4088.27137828353  26424.61
4088.30492211956  26282.42
4088.33846335926  26297.54
4088.37200200249  26290.89
4088.40553804912  26263.45
4088.43907149903  26299.73
4088.4726023521  26189.21
4088.50613060818  26168.73
4088.53965626716  26038.62
4088.5731793289  26244.39
4088.60669979328  26381.52
4088.64021766017  26025.02
4088.67373292944  26069.1
4088.70724560097  25852.52
4088.74075567462  25888.52
4088.77426315027  25549.17
4088.80776802779  25698.81
4088.84127030706  26001.19
4088.87476998794  25911.29
4088.90826707031  25672.09
4088.94176155404  25982.38
4088.975253439  25695.3
4089.00874272508  25540.52
4089.04222941213  25499.14
4089.07571350003  25693.12
4089.10919498866  25493.84
4089.14267387788  25702.4
4089.17615016758  25521.73
4089.20962385762  25384.32
4089.24309494787  25529.89
4089.27656343822  25303.14
4089.31002932852  25095.51
4089.34349261867  25165.08
4089.37695330852  25156.04
4089.41041139795  25422.62
4089.44386688684  25321.73
4089.47731977506  25127.33
4089.51077006248  25009.66
4089.54421774898  24858.13
4089.57766283443  25045.6
4089.6111053187  24790.67
4089.64454520166  24993.05
4089.6779824832  24717.51
4089.71141716318  24612.12
4089.74484924147  24743.72
4089.77827871796  24472.06
4089.81170559251  24651.85
4089.845129865  24672.64
4089.87855153531  24542.07
4089.9119706033  24329.37
4089.94538706885  24593.85
4089.97880093184  24384.16
4090.01221219213  24646.65
4090.04562084961  24113.49
4090.07902690415  24031.21
4090.11243035562  24277.11
4090.14583120389  24297.62
4090.17922944884  24359.7
4090.21262509035  23964.66
4090.24601812829  24015.29
4090.27940856253  24098.08
4090.31279639295  24333.42
4090.34618161942  24244.05
4090.37956424182  24366.75
4090.41294426002  23963.52
4090.4463216739  24068.29
4090.47969648333  23964.39
4090.51306868819  23629.81
4090.54643828834  23909.39
4090.57980528368  23695.92
4090.61316967406  23362.99
4090.64653145937  23546.37
4090.67989063949  23785.06
4090.71324721428  23657.25
4090.74660118362  23381.05
4090.77995254738  23749.92
4090.81330130545  23357.53
4090.8466474577  23311.39
4090.879991004  23110.74
4090.91333194423  23483.85
4090.94667027826  23331.16
4090.98000600597  23437.39
4091.01333912724  23454.15
4091.04666964193  23217.98
4091.07999754993  23183.23
4091.11332285112  22846.49
4091.14664554536  22803.7
4091.17996563253  22902.07
4091.21328311252  23162.82
4091.24659798519  22929.82
4091.27991025041  22864.5
4091.31321990808  22652.86
4091.34652695806  22883.31
4091.37983140023  22746.22
4091.41313323446  22960.84
4091.44643246064  22679.86
4091.47972907863  22859.98
4091.51302308831  22479.36
4091.54631448957  22901.93
4091.57960328227  22406.44
4091.6128894663  22322.19
4091.64617304152  22140.41
4091.67945400782  22469.48
4091.71273236508  22070.58
4091.74600811316  22440.88
4091.77928125195  22142.26
4091.81255178132  22223.41
4091.84581970115  22599.31
4091.87908501131  22150.62
4091.91234771169  21996.67
4091.94560780216  21936.11
4091.9788652826  21984.26
4092.01212015288  22094.23
4092.04537241287  21560.71
4092.07862206247  21951.06
4092.11186910155  21751.03
4092.14511352997  21794.88
4092.17835534763  21700.41
4092.21159455439  21598.77
4092.24483115013  21798.25
4092.27806513474  21718.74
4092.31129650809  21644.83
4092.34452527005  21685.91
4092.3777514205  21518.25
4092.41097495933  21625.9
4092.44419588641  21116.95
4092.47741420161  21091.93
4092.51062990482  21295.78
4092.54384299591  21076.49
4092.57705347476  21412.37
4092.61026134125  20932.87
4092.64346659525  21086.99
4092.67666923665  21127.13
4092.70986926532  20935.14
4092.74306668114  20928.15
4092.77626148399  21177.97
4092.80945367374  20943.91
4092.84264325028  20779.34
4092.87583021348  20756.11
4092.90901456322  20734.81
4092.94219629938  20717.24
4092.97537542184  20736.59
4093.00855193047  20458.96
4093.04172582516  20585.86
4093.07489710578  20582.1
4093.10806577222  20450.78
4093.14123182434  20428.98
4093.17439526203  20520.85
4093.20755608517  20263.72
4093.24071429364  20201.32
4093.27386988731  20184.45
4093.30702286607  20111.36
4093.34017322978  19935.61
4093.37332097835  20073.66
4093.40646611163  20061.3
4093.43960862951  20064.34
4093.47274853187  19745.43
4093.50588581859  20224.45
4093.53902048955  19719.51
4093.57215254462  19721.39
4093.60528198369  19527.67
4093.63840880664  19689.95
4093.67153301334  19600.06
4093.70465460368  19198.38
4093.73777357752  19870.39
4093.77088993477  19434.11
4093.80400367528  19374.95
4093.83711479895  19309.58
4093.87022330565  19268.12
4093.90332919526  19388.27
4093.93643246767  18979.02
4093.96953312275  19095.75
4094.00263116037  19122.09
4094.03572658043  18753.98
4094.0688193828  19091.83
4094.10190956737  19040.57
4094.134997134  18780.61
4094.16808208258  19111.66
4094.201164413  18618.56
4094.23424412513  18592.95
4094.26732121885  18934.35
4094.30039569405  18843.61
4094.33346755059  18432.34
4094.36653678837  18346.75
4094.39960340727  18734.72
4094.43266740716  18625.93
4094.46572878792  18468.84
4094.49878754944  18395.5
4094.5318436916  18359.81
4094.56489721427  18257.13
4094.59794811734  18025.46
4094.63099640069  18154.89
4094.6640420642  18229.96
4094.69708510775  17989.89
4094.73012553122  18144.78
4094.76316333449  18009.19
4094.79619851744  18016.52
4094.82923107996  18163.71
4094.86226102193  17791.54
4094.89528834322  17662.5
4094.92831304371  17664.46
4094.9613351233  17714.25
4094.99435458186  17463.87
4095.02737141927  18010.32
4095.06038563541  17592.03
4095.09339723017  17306.13
4095.12640620342  17571.38
4095.15941255505  17548.09
4095.19241628494  17377.27
4095.22541739297  17310.15
4095.25841587903  17061.46
4095.29141174299  17285.53
4095.32440498473  17072.96
4095.35739560415  16792.58
4095.39038360111  16987.05
4095.4233689755  16970.25
4095.45635172721  16742.49
4095.48933185612  16953.96
4095.5223093621  16635.15
4095.55528424504  16918.86
4095.58825650483  16620.47
4095.62122614134  16588.15
4095.65419315445  16652.84
4095.68715754406  16814.73
4095.72011931004  16407.41
4095.75307845227  16407.85
4095.78603497064  16257.36
4095.81898886503  16316.57
4095.85194013531  16303.
4095.88488878139  16158.68
4095.91783480313  16169.3
4095.95077820042  16243.82
4095.98371897314  16007.78
4096.01665712118  15890.47
4096.04959264441  15711.31
4096.08252554273  15916.35
4096.11545581601  15705.22
4096.14838346414  15935.81
4096.18130848699  15698.49
4096.21423088446  15607.
4096.24715065643  15645.83
4096.28006780278  15512.23
4096.31298232339  15572.56
4096.34589421814  15503.31
4096.37880348692  15493.66
4096.41171012962  15254.98
4096.44461414611  15162.42
4096.47751553629  15216.34
4096.51041430002  15186.5
4096.5433104372  15232.47
4096.57620394772  15029.72
4096.60909483144  15179.98
4096.64198308827  14877.49
4096.67486871808  14887.41
4096.70775172075  14832.18
4096.74063209617  14796.3
4096.77350984422  14861.53
4096.8063849648  14778.3
4096.83925745777  14690.68
4096.87212732302  14724.19
4096.90499456045  14623.47
4096.93785916993  14407.01
4096.97072115135  14141.43
4097.00358050459  14592.65
4097.03643722954  14272.07
4097.06929132607  14236.95
4097.10214279409  14279.99
4097.13499163346  14224.16
4097.16783784407  13919.74
4097.20068142582  14221.21
4097.23352237857  14199.45
4097.26636070223  14264.81
4097.29919639667  13840.76
4097.33202946177  14093.95
4097.36485989743  14004.48
4097.39768770352  13686.62
4097.43051287993  13793.52
4097.46333542656  13674.47
4097.49615534327  13702.66
4097.52897262996  13370.73
4097.56178728651  13515.91
4097.59459931281  13600.88
4097.62740870873  13181.53
4097.66021547418  13333.19
4097.69301960903  13188.67
4097.72582111317  13221.73
4097.75861998648  13367.42
4097.79141622885  13093.31
4097.82420984016  13004.33
4097.8570008203  12965.71
4097.88978916916  12826.9
4097.92257488661  12686.73
4097.95535797256  12942.13
4097.98813842687  12774.8
4098.02091624945  12517.91
4098.05369144017  12506.58
4098.08646399891  12815.84
4098.11923392557  12413.51
4098.15200122004  12319.89
4098.18476588219  12454.04
4098.21752791191  12234.69
4098.25028730909  12368.55
4098.28304407362  12300.07
4098.31579820538  11973.95
4098.34854970425  12076.57
4098.38129857013  11854.
4098.41404480291  11825.86
4098.44678840245  12122.12
4098.47952936866  11868.07
4098.51226770143  11766.27
4098.54500340062  11743.9
4098.57773646614  11696.98
4098.61046689787  11307.24
4098.6431946957  11765.87
4098.6759198595  11473.95
4098.70864238918  11447.45
4098.74136228462  11299.42
4098.77407954569  11291.2
4098.8067941723  11203.04
4098.83950616432  11203.65
4098.87221552165  11211.38
4098.90492224417  11187.27
4098.93762633176  10952.33
4098.97032778432  11042.23
4099.00302660174  10737.09
4099.03572278389  11033.47
4099.06841633067  10761.81
4099.10110724197  10633.19
4099.13379551766  10702.81
4099.16648115765  10712.45
4099.19916416181  10660.65
4099.23184453004  10426.4
4099.26452226221  10524.69
4099.29719735823  10459.01
4099.32986981797  10229.05
4099.36253964133  9999.095
4099.39520682819  10292.41
4099.42787137844  10095.76
4099.46053329197  10087.68
4099.49319256867  10164.58
4099.52584920841  9725.598
4099.55850321111  10054.4
4099.59115457663  9802.316
4099.62380330487  9761.799
4099.65644939571  9670.378
4099.68909284905  9727.289
4099.72173366477  9608.316
4099.75437184276  9477.112
4099.78700738292  9181.909
4099.81964028512  9269.363
4099.85227054925  9385.052
4099.88489817521  9277.141
4099.91752316289  9194.71
4099.95014551216  9160.176
4099.98276522293  9069.536
4100.01538229507  8961.694
4100.04799672848  8821.023
4100.08060852305  8982.69
4100.11321767867  8732.895
4100.14582419522  8796.694
4100.17842807259  8628.747
4100.21102931067  8396.515
4100.24362790936  8558.166
4100.27622386853  8275.64
4100.30881718809  8286.124
4100.34140786791  8300.39
4100.37399590789  8333.846
4100.40658130791  8264.509
4100.43916406788  8185.646
4100.47174418767  8137.56
4100.50432166717  7922.968
4100.53689650628  7863.293
4100.56946870488  7714.481
4100.60203826287  7729.51
4100.63460518012  7679.91
4100.66716945654  7769.33
4100.69973109202  7578.995
4100.73229008643  7326.443
4100.76484643968  7191.396
4100.79740015165  7200.523
4100.82995122223  7245.1
4100.86249965131  6877.9
4100.89504543879  6566.218
4100.92758858454  6749.692
4100.96012908847  6500.429
4100.99266695045  6279.927
4101.02520217039  6010.94
4101.05773474818  5826.396
4101.09026468369  5609.569
4101.12279197683  5584.288
4101.15531662748  5215.084
4101.18783863553  5083.052
4101.22035800088  5025.668
4101.25287472341  4848.709
4101.28538880301  4734.019
4101.31790023958  4553.394
4101.35040903301  4695.147
4101.38291518319  4729.083
4101.41541869  4712.122
4101.44791955334  4818.558
4101.4804177731  4851.415
4101.51291334917  4994.283
4101.54540628144  5118.613
4101.5778965698  5395.418
4101.61038421415  5564.148
4101.64286921437  5678.233
4101.67535157035  5863.037
4101.70783128199  5995.142
4101.74030834918  6209.84
4101.77278277181  6591.851
4101.80525454977  6696.626
4101.83772368295  6855.569
4101.87019017124  6862.95
4101.90265401454  7072.689
4101.93511521273  7061.812
4101.96757376572  7211.825
4102.00002967337  7447.086
4102.03248293561  7561.645
4102.0649335523  7444.359
4102.09738152335  7472.086
4102.12982684864  7617.942
4102.16226952807  7799.009
4102.19470956153  7762.057
4102.22714694892  7707.857
4102.25958169012  7818.449
4102.29201378502  7874.855
4102.32444323352  8137.583
4102.35687003551  8055.25
4102.38929419088  8122.333
4102.42171569953  8490.589
4102.45413456135  8293.616
4102.48655077622  8224.787
4102.51896434404  8631.063
4102.55137526471  8519.767
4102.58378353812  8502.479
4102.61618916415  8549.001
4102.64859214271  8562.967
4102.68099247368  8829.903
4102.71339015695  8899.401
4102.74578519243  8653.03
4102.77817757999  9051.459
4102.81056731955  9174.68
4102.84295441098  9083.138
4102.87533885418  9038.188
4102.90772064904  9086.736
4102.94009979546  9031.298
4102.97247629333  9075.371
4103.00485014255  9371.084
4103.037221343  9553.547
4103.06958989458  9334.755
4103.10195579718  9512.439
4103.1343190507  9501.291
4103.16667965502  9646.942
4103.19903761005  9808.015
4103.23139291568  9973.218
4103.26374557179  9930.587
4103.29609557829  9835.686
4103.32844293506  9921.146
4103.36078764201  9997.163
4103.39312969901  10009.39
4103.42546910598  10450.79
4103.4578058628  10197.29
4103.49013996936  10173.51
4103.52247142555  10188.71
4103.55480023129  10225.34
4103.58712638645  10092.71
4103.61944989093  10280.43
4103.65177074463  10467.15
4103.68408894743  10337.99
4103.71640449924  10685.
4103.74871739995  10721.07
4103.78102764944  10703.41
4103.81333524762  10729.72
4103.84564019439  10606.17
4103.87794248963  10680.73
4103.91024213323  10744.51
4103.9425391251  10966.81
4103.97483346513  10978.74
4104.00712515322  11000.49
4104.03941418924  10967.25
4104.07170057311  11086.13
4104.10398430472  10782.09
4104.13626538396  11226.71
4104.16854381073  11251.64
4104.20081958491  11474.22
4104.23309270642  11423.16
4104.26536317513  11138.04
4104.29763099095  11187.82
4104.32989615377  11659.95
4104.36215866349  11327.53
4104.39441852  11584.83
4104.4266757232  11575.36
4104.45893027297  11702.19
4104.49118216923  11623.7
4104.52343141186  11902.46
4104.55567800076  11683.82
4104.58792193582  11774.75
4104.62016321694  11971.11
4104.65240184401  11879.4
4104.68463781693  11894.61
4104.7168711356  11897.83
4104.74910179991  11953.5
4104.78132980976  12031.46
4104.81355516504  11977.64
4104.84577786566  12081.34
4104.87799791149  11919.52
4104.91021530245  11987.09
4104.94243003842  12335.23
4104.97464211931  12412.94
4105.006851545  12471.54
4105.0390583154  12448.01
4105.0712624304  12448.23
4105.1034638899  12808.44
4105.13566269379  12619.83
4105.16785884197  12738.05
4105.20005233434  12760.03
4105.23224317079  13010.98
4105.26443135121  12994.53
4105.29661687552  12899.
4105.3287997436  13024.95
4105.36097995534  13368.38
4105.39315751065  12892.22
4105.42533240943  13087.31
4105.45750465156  13297.61
4105.48967423695  13333.27
4105.52184116549  13107.27
4105.55400543708  13235.51
4105.58616705162  13110.43
4105.618326009  13125.22
4105.65048230912  13419.5
4105.68263595188  13350.88
4105.71478693717  13527.7
4105.74693526489  13321.29
4105.77908093495  13553.17
4105.81122394723  14050.87
4105.84336430163  13738.44
4105.87550199806  13700.12
4105.9076370364  13998.87
4105.93976941656  13883.53
4105.97189913843  13870.95
4106.00402620191  13987.79
4106.03615060691  14092.02
4106.06827235331  13944.78
4106.10039144101  14182.86
4106.13250786992  14062.45
4106.16462163992  14200.97
4106.19673275092  14264.79
4106.22884120282  14651.43
4106.26094699551  14488.99
4106.29305012889  14069.14
4106.32515060286  14393.49
4106.35724841732  14275.17
4106.38934357217  14360.34
4106.42143606729  14208.6
4106.4535259026  14592.04
4106.485613078  14683.65
4106.51769759336  14840.06
4106.54977944861  14911.11
4106.58185864363  14756.4
4106.61393517833  15048.49
4106.6460090526  14993.59
4106.67808026634  14915.32
4106.71014881945  15038.41
4106.74221471182  15106.1
4106.77427794337  15307.18
4106.80633851398  15146.31
4106.83839642355  14948.15
4106.87045167199  15083.85
4106.90250425919  15143.91
4106.93455418505  15469.21
4106.96660144948  15220.34
4106.99864605236  15153.33
4107.0306879936  15327.52
4107.0627272731  15789.39
4107.09476389076  15383.68
4107.12679784647  15653.68
4107.15882914014  15557.82
4107.19085777166  15476.01
4107.22288374094  15473.91
4107.25490704787  15464.39
4107.28692769235  15542.97
4107.31894567429  15593.34
4107.35096099358  15349.67
4107.38297365012  15925.13
4107.41498364381  15887.78
4107.44699097455  16133.
4107.47899564225  15959.72
4107.51099764679  15713.54
4107.54299698809  16195.37
4107.57499366604  15950.5
4107.60698768053  16244.76
4107.63897903148  16325.81
4107.67096771878  16232.23
4107.70295374233  16481.47
4107.73493710203  16003.55
4107.76691779779  15993.98
4107.79889582949  16351.48
4107.83087119705  16368.2
4107.86284390036  16439.94
4107.89481393932  16224.2
4107.92678131383  16382.34
4107.9587460238  16556.89
4107.99070806912  16588.76
4108.0226674497  16426.34
4108.05462416543  16673.36
4108.08657821621  16758.86
4108.11852960196  16657.57
4108.15047832256  16828.17
4108.18242437792  16671.08
4108.21436776794  16841.4
4108.24630849252  16771.2
4108.27824655157  16982.28
4108.31018194497  16704.21
4108.34211467264  17302.14
4108.37404473447  16853.99
4108.40597213037  17431.14
4108.43789686023  16989.41
4108.46981892396  17157.15
4108.50173832146  17120.88
4108.53365505263  16828.69
4108.56556911738  17202.93
4108.5974805156  16889.36
4108.62938924719  17383.13
4108.66129531206  17313.05
4108.69319871011  17344.3
4108.72509944124  17043.4
4108.75699750535  17091.49
4108.78889290234  17443.6
4108.82078563212  17186.27
4108.85267569459  17655.4
4108.88456308964  17776.18
4108.91644781718  17793.26
4108.94832987712  17061.56
4108.98020926936  17364.36
4109.01208599379  17858.54
4109.04396005032  18267.81
4109.07583143885  17662.75
4109.10770015928  17305.27
4109.13956621152  17465.4
4109.17142959547  17516.75
4109.20329031103  17547.2
4109.2351483581  17205.77
4109.26700373659  17745.32
4109.2988564464  17944.23
4109.33070648742  17608.91
4109.36255385957  18032.29
4109.39439856275  17740.54
4109.42624059685  17637.6
4109.45807996179  17671.31
4109.48991665745  18114.69
4109.52175068376  17803.91
4109.5535820406  18196.61
4109.58541072789  18321.87
4109.61723674553  17936.9
4109.64906009341  18221.25
4109.68088077144  18110.88
4109.71269877953  18361.95
4109.74451411758  18299.28
4109.77632678549  18528.14
4109.80813678316  17833.78
4109.83994411051  18025.25
4109.87174876742  18671.38
4109.90355075381  18451.57
4109.93535006958  18712.13
4109.96714671463  18474.66
4109.99894068886  18630.42
4110.03073199219  18620.37
4110.0625206245  18824.44
4110.09430658572  18002.32
4110.12608987573  18975.37
4110.15787049445  18390.08
4110.18964844178  18317.67
4110.22142371761  18755.03
4110.25319632187  18700.94
4110.28496625444  18440.51
4110.31673351524  18766.91
4110.34849810416  18826.72
4110.38026002112  18761.75
4110.41201926601  18537.47
4110.44377583875  18554.8
4110.47552973922  18840.52
4110.50728096735  19381.25
4110.53902952304  18446.79
4110.57077540618  18903.21
4110.60251861668  18843.38
4110.63425915445  18779.29
4110.66599701939  19095.23
4110.69773221141  18578.5
4110.72946473041  19097.51
4110.76119457629  19330.2
4110.79292174897  19211.96
4110.82464624834  19248.55
4110.85636807431  19627.8
4110.88808722679  19198.05
4110.91980370567  19472.84
4110.95151751087  19565.61
4110.98322864229  19496.08
4111.01493709984  19311.64
4111.04664288342  19817.47
4111.07834599293  19366.92
4111.11004642828  19553.85
4111.14174418938  19842.84
4111.17343927613  19269.73
4111.20513168844  19402.3
4111.23682142621  19974.35
4111.26850848935  19234.61
4111.30019287777  19464.14
4111.33187459136  19298.38
4111.36355363003  19547.59
4111.3952299937  19303.39
4111.42690368226  19530.12
4111.45857469563  20262.74
4111.4902430337  20335.59
4111.52190869638  20292.92
4111.55357168359  19810.31
4111.58523199522  19879.71
4111.61688963118  20083.56
4111.64854459139  20496.94
4111.68019687573  19776.81
4111.71184648412  19876.41
4111.74349341647  20022.05
4111.77513767269  20242.64
4111.80677925267  20328.64
4111.83841815632  20205.53
4111.87005438356  20089.62
4111.90168793429  20218.61
4111.93331880841  20220.34
4111.96494700583  20434.34
4111.99657252646  20406.88
4112.0281953702  20094.81
4112.05981553697  20544.13
4112.09143302666  20333.12
4112.12304783919  20589.58
4112.15465997446  20484.59
4112.18626943237  20552.86
4112.21787621285  20823.12
4112.24948031578  20126.8
4112.28108174108  20159.35
4112.31268048866  20471.55
4112.34427655843  20176.7
4112.37586995028  20011.91
4112.40746066413  20507.53
4112.43904869989  20785.37
4112.47063405746  19823.54
4112.50221673675  20436.35
4112.53379673766  20724.12
4112.56537406012  20689.49
4112.59694870401  21033.
4112.62852066925  20634.27
4112.66008995575  20929.62
4112.69165656342  20371.27
4112.72322049215  20886.28
4112.75478174187  20525.77
4112.78634031248  21129.51
4112.81789620389  21026.92
4112.84944941599  20731.59
4112.88099994871  20929.08
4112.91254780195  20841.9
4112.94409297562  20931.04
4112.97563546963  20685.21
4113.00717528387  21098.76
4113.03871241828  21010.71
4113.07024687274  20510.74
4113.10177864717  21045.9
4113.13330774148  21080.68
4113.16483415557  21154.6
4113.19635788936  21482.5
4113.22787894275  20771.01
4113.25939731565  20762.94
4113.29091300797  21185.28
