4183.6614507526  45846.58
4183.70017360267  46744.15
4183.73889400662  45757.01
4183.77761196426  46143.23
4183.81632747541  45440.31
4183.85504053987  45893.02
4183.89375115746  45580.47
4183.93245932799  46690.75
4183.97116505127  45755.1
4184.00986832712  45696.43
4184.04856915534  46243.17
4184.08726753574  46393.77
4184.12596346815  45592.57
4184.16465695236  47195.43
4184.20334798819  46956.84
4184.24203657545  46066.61
4184.28072271396  46411.87
4184.31940640353  45907.12
4184.35808764396  46001.15
4184.39676643508  46131.8
4184.43544277668  45501.59
4184.47411666859  46744.95
4184.51278811062  47503.23
4184.55145710257  46305.08
4184.59012364426  46182.41
4184.62878773551  46553.19
4184.66744937612  46008.44
4184.70610856591  46642.14
4184.74476530469  45793.04
4184.78341959226  47360.1
4184.82207142845  46618.4
4184.86072081307  46212.11
4184.89936774593  46874.78
4184.93801222684  47528.
4184.97665425561  46040.13
4185.01529383205  46359.18
4185.05393095598  47086.16
4185.09256562722  48259.2
4185.13119784557  47569.04
4185.16982761084  46844.74
4185.20845492286  46861.92
4185.24707978142  47016.6
4185.28570218635  48033.67
4185.32432213746  48036.31
4185.36293963455  46614.92
4185.40155467745  46663.58
4185.44016726597  47537.55
4185.47877739991  46283.33
4185.5173850791  47312.89
4185.55599030334  47091.07
4185.59459307245  46998.24
4185.63319338624  48117.74
4185.67179124453  47670.58
4185.71038664712  46880.58
4185.74897959383  46373.29
4185.78757008448  46996.77
4185.82615811887  47411.25
4185.86474369683  47518.76
4185.90332681816  47425.84
4185.94190748267  46727.75
4185.98048569019  47693.51
4186.01906144052  46452.21
4186.05763473348  46716.65
4186.09620556888  46999.59
4186.13477394653  46839.43
4186.17333986626  47387.18
4186.21190332786  47040.41
4186.25046433117  47374.18
4186.28902287598  47269.39
4186.32757896211  47051.59
4186.36613258938  46757.41
4186.40468375761  47266.57
4186.4432324666  45971.45
4186.48177871616  46874.27
4186.52032250613  46335.21
4186.55886383629  45768.45
4186.59740270648  46355.93
4186.63593911651  46438.96
4186.67447306618  46201.82
4186.71300455531  46639.43
4186.75153358373  46989.21
4186.79006015123  47085.59
4186.82858425765  45995.54
4186.86710590278  47212.22
4186.90562508645  46756.02
4186.94414180846  47492.3
4186.98265606864  46661.55
4187.0211678668  46411.94
4187.05967720275  47669.42
4187.09818407631  47555.54
4187.13668848729  46455.54
4187.1751904355  45558.3
4187.21368992077  46331.71
4187.2521869429  46787.39
4187.29068150171  46430.02
4187.32917359702  44853.4
4187.36766322863  45912.04
4187.40615039637  46117.24
4187.44463510006  47276.59
4187.48311733949  46732.87
4187.5215971145  46283.57
4187.56007442489  45677.87
4187.59854927047  45905.44
4187.63702165107  46273.71
4187.67549156651  47286.05
4187.71395901659  47141.48
4187.75242400112  47673.67
4187.79088651993  47275.59
4187.82934657284  47544.68
4187.86780415964  47696.28
4187.90625928017  46832.75
4187.94471193424  47155.37
4187.98316212165  48092.79
4188.02160984223  47550.18
4188.0600550958  46929.52
4188.09849788216  48463.02
4188.13693820114  47685.91
4188.17537605255  48250.59
4188.2138114362  47520.42
4188.25224435191  47607.45
4188.2906747995  48197.05
4188.32910277878  46882.93
4188.36752828957  47852.28
4188.40595133168  47470.46
4188.44437190492  47574.84
4188.48279000913  47156.99
4188.5212056441  46592.47
4188.55961880967  46928.58
4188.59802950563  48236.12
4188.63643773182  46880.79
4188.67484348804  48224.03
4188.71324677411  47474.28
4188.75164758984  48051.27
4188.79004593507  47648.07
4188.82844180959  47349.83
4188.86683521322  48052.33
4188.90522614579  47682.15
4188.94361460711  48093.
4188.98200059699  46982.62
4189.02038411526  48194.75
4189.05876516172  48111.09
4189.0971437362  48147.88
4189.1355198385  48328.38
4189.17389346846  47862.3
4189.21226462587  48405.31
4189.25063331057  48019.48
4189.28899952237  47462.6
4189.32736326108  46990.04
4189.36572452652  46884.7
4189.4040833185  47332.24
4189.44243963686  47617.14
4189.48079348139  47166.05
4189.51914485192  48256.42
4189.55749374826  48446.47
4189.59584017024  48257.52
4189.63418411767  48587.74
4189.67252559036  48282.41
4189.71086458813  48065.28
4189.74920111081  47103.96
4189.7875351582  49071.19
4189.82586673013  47636.55
4189.86419582641  47413.8
4189.90252244685  48446.68
4189.94084659129  48039.16
4189.97916825952  48396.69
4190.01748745138  47548.36
4190.05580416667  47247.77
4190.09411840522  48071.76
4190.13243016685  47839.71
4190.17073945136  47574.33
4190.20904625859  47716.34
4190.24735058834  48098.05
4190.28565244043  47743.33
4190.32395181468  48212.31
4190.36224871092  47636.42
4190.40054312895  48584.06
4190.43883506859  48949.43
4190.47712452967  47828.1
4190.51541151199  48753.94
4190.55369601539  48246.25
4190.59197803967  49082.61
4190.63025758465  47873.66
4190.66853465016  48451.68
4190.706809236  47968.72
4190.74508134201  48117.68
4190.78335096799  48459.34
4190.82161811376  48004.73
4190.85988277915  47870.62
4190.89814496396  47375.29
4190.93640466803  47167.22
4190.97466189117  47823.42
4191.01291663319  46460.39
4191.05116889391  46544.47
4191.08941867316  47584.05
4191.12766597074  46845.43
4191.16591078649  47837.42
4191.20415312021  47083.31
4191.24239297174  47504.62
4191.28063034087  47340.05
4191.31886522744  48185.22
4191.35709763126  48640.16
4191.39532755216  48307.71
4191.43355498994  48924.91
4191.47177994443  47875.92
4191.51000241545  48502.79
4191.54822240282  49034.95
4191.58643990635  47871.63
4191.62465492587  48332.9
4191.66286746119  47600.19
4191.70107751213  48567.72
4191.73928507851  48578.53
4191.77749016015  48226.67
4191.81569275688  48899.14
4191.8538928685  48735.14
4191.89209049484  48714.12
4191.93028563571  48190.28
4191.96847829094  48666.21
4192.00666846035  48724.64
4192.04485614376  48743.58
4192.08304134097  47850.55
4192.12122405183  47857.15
4192.15940427613  48193.9
4192.19758201371  48623.99
4192.23575726438  48361.27
4192.27393002796  48796.3
4192.31210030428  48291.95
4192.35026809315  48647.6
4192.38843339438  48892.14
4192.42659620781  48793.21
4192.46475653325  48537.83
4192.50291437051  48512.65
4192.54106971943  48660.86
4192.57922257982  49217.54
4192.6173729515  48632.61
4192.65552083429  48317.05
4192.69366622801  48664.55
4192.73180913247  48540.41
4192.76994954751  47912.61
4192.80808747294  47876.55
4192.84622290858  49025.68
4192.88435585424  48496.87
4192.92248630976  48522.94
4192.96061427495  48259.36
4192.99873974963  48467.94
4193.03686273362  48239.96
4193.07498322675  48482.36
4193.11310122883  48661.89
4193.15121673967  48594.99
4193.18932975911  48301.87
4193.22744028697  48948.68
4193.26554832306  48668.12
4193.3036538672  48844.14
4193.34175691922  48230.91
4193.37985747894  48685.06
4193.41795554617  49488.14
4193.45605112074  47571.46
4193.49414420247  48387.92
4193.53223479118  48302.14
4193.57032288669  49139.14
4193.60840848881  48727.95
4193.64649159738  48534.92
4193.68457221222  48779.73
4193.72265033313  48778.55
4193.76072595995  48532.37
4193.7987990925  48550.77
4193.83686973059  49140.32
4193.87493787405  49318.5
4193.9130035227  48102.33
4193.95106667636  48389.16
4193.98912733486  48507.54
4194.027185498  49083.02
4194.06524116562  48440.83
4194.10329433754  48942.6
4194.14134501357  48451.31
4194.17939319354  48695.8
4194.21743887728  48402.66
4194.25548206459  48187.56
4194.2935227553  48060.81
4194.33156094925  47947.07
4194.36959664623  48339.96
4194.40762984609  48614.2
4194.44566054864  48053.14
4194.48368875369  49392.26
4194.52171446108  48859.91
4194.55973767063  48865.52
4194.59775838215  48983.82
4194.63577659547  48682.35
4194.67379231041  48480.94
4194.7118055268  48569.18
4194.74981624445  48206.62
4194.78782446318  49021.
4194.82583018283  48065.18
4194.86383340321  48577.21
4194.90183412413  47706.65
4194.93983234544  48371.23
4194.97782806694  47863.62
4195.01582128846  47614.06
4195.05381200983  47897.16
4195.09180023086  48099.35
4195.12978595137  48303.16
4195.1677691712  47504.35
4195.20574989015  48721.81
4195.24372810806  48310.79
4195.28170382475  48561.93
4195.31967704004  48591.45
4195.35764775375  48278.34
4195.3956159657  48435.34
4195.43358167572  49010.36
4195.47154488364  48704.98
4195.50950558926  48199.45
4195.54746379242  48470.22
4195.58541949294  48278.96
4195.62337269064  48732.89
4195.66132338534  48415.53
4195.69927157687  48677.27
4195.73721726505  48368.66
4195.7751604497  48743.8
4195.81310113065  48521.44
4195.85103930772  47959.77
4195.88897498073  48660.68
4195.92690814951  49181.77
4195.96483881388  48837.88
4196.00276697365  48836.46
4196.04069262867  48896.
4196.07861577874  48310.
4196.11653642369  48659.02
4196.15445456335  48937.27
4196.19237019754  48817.43
4196.23028332608  48471.
4196.26819394879  49307.29
4196.30610206551  48778.02
4196.34400767604  49158.37
4196.38191078023  49400.73
4196.41981137788  48546.19
4196.45770946883  48964.73
4196.4956050529  49033.93
4196.53349812991  48852.18
4196.57138869968  48857.87
4196.60927676204  48836.97
4196.64716231681  49703.45
4196.68504536382  49296.04
4196.72292590289  49060.85
4196.76080393385  49000.79
4196.79867945651  48999.08
4196.83655247071  49353.35
4196.87442297626  49334.71
4196.912290973  48707.14
4196.95015646074  49452.48
4196.98801943931  49943.22
4197.02587990853  48915.79
4197.06373786823  49215.77
4197.10159331824  49370.17
4197.13944625837  48754.47
4197.17729668845  48458.68
4197.2151446083  48674.56
4197.25299001776  49253.99
4197.29083291664  49443.5
4197.32867330477  49142.78
4197.36651118197  48709.14
4197.40434654808  48902.49
4197.4421794029  48894.23
4197.48000974627  49186.12
4197.51783757802  49439.99
4197.55566289796  48803.64
4197.59348570592  48323.57
4197.63130600173  48404.79
4197.66912378521  48299.59
4197.70693905619  47908.14
4197.74475181449  47440.46
4197.78256205994  47091.02
4197.82036979235  47485.5
4197.85817501157  47825.69
4197.8959777174  47768.89
4197.93377790969  47642.22
4197.97157558824  47330.91
4198.00937075289  47286.52
4198.04716340347  47590.66
4198.08495353979  47535.78
4198.12274116168  47498.86
4198.16052626898  48343.18
4198.1983088615  48347.32
4198.23608893906  48594.74
4198.27386650151  48825.73
4198.31164154865  48783.99
4198.34941408032  48350.33
4198.38718409634  48775.22
4198.42495159653  48208.78
4198.46271658073  47911.94
4198.50047904876  47397.75
4198.53823900045  46606.79
4198.57599643561  47119.04
4198.61375135408  46452.71
4198.65150375568  46577.07
4198.68925364024  46833.25
4198.72700100758  46536.96
4198.76474585753  46912.91
4198.80248818992  46999.1
4198.84022800457  46959.99
4198.8779653013  46995.99
4198.91570007995  47542.1
4198.95343234034  47526.16
4198.9911620823  47761.47
4199.02888930565  48342.19
4199.06661401021  48769.49
4199.10433619583  48697.07
4199.14205586231  49546.95
4199.17977300949  48884.6
4199.2174876372  49184.7
4199.25519974525  48864.85
4199.29290933349  49166.3
4199.33061640172  49187.18
4199.36832094979  49268.09
4199.40602297751  49338.52
4199.44372248472  48738.7
4199.48141947123  49508.36
4199.51911393689  49501.61
4199.55680588151  49427.61
4199.59449530492  48800.19
4199.63218220694  49021.77
4199.66986658741  48860.27
4199.70754844615  48686.46
4199.74522778299  48791.66
4199.78290459775  49070.86
4199.82057889026  49455.09
4199.85825066036  48991.67
4199.89591990786  48726.38
4199.93358663259  48827.23
4199.97125083438  48757.86
4200.00891251306  48943.41
4200.04657166846  49381.66
4200.08422830039  48655.36
4200.1218824087  48884.84
4200.1595339932  49684.09
4200.19718305373  49316.07
4200.23482959011  48417.75
4200.27247360217  48373.79
4200.31011508973  49232.53
4200.34775405263  48792.29
4200.38539049069  48146.11
4200.42302440374  48762.52
4200.4606557916  49003.98
4200.49828465412  48845.23
4200.5359109911  48926.07
4200.57353480238  48453.04
4200.61115608779  48661.19
4200.64877484716  48474.31
4200.68639108031  49183.96
4200.72400478707  49074.98
4200.76161596727  49204.29
4200.79922462074  48799.18
4200.83683074731  48927.57
4200.87443434679  49045.18
4200.91203541903  48329.55
4200.94963396385  48543.47
4200.98722998108  49297.87
4201.02482347054  49259.31
4201.06241443207  48705.64
4201.10000286549  49371.95
4201.13758877063  48707.92
4201.17517214732  48895.18
4201.21275299539  49216.5
4201.25033131466  48958.17
4201.28790710497  49099.05
4201.32548036614  47952.72
4201.36305109801  48078.9
4201.40061930039  47813.02
4201.43818497312  47302.45
4201.47574811603  45996.25
4201.51330872895  46867.77
4201.5508668117  46393.03
4201.58842236412  46692.92
4201.62597538603  46548.3
4201.66352587726  46328.21
4201.70107383764  46531.97
4201.738619267  46722.37
4201.77616216517  46226.92
4201.81370253197  46076.36
4201.85124036724  46684.21
4201.88877567081  47216.87
4201.9263084425  47562.86
4201.96383868214  48560.24
4202.00136638957  48672.88
4202.03889156461  48552.25
4202.07641420709  48947.16
4202.11393431684  48855.98
4202.15145189369  48906.02
4202.18896693748  48903.09
4202.22647944802  48686.39
4202.26398942514  49026.36
4202.30149686869  48662.63
4202.33900177848  49127.18
4202.37650415435  48715.45
4202.41400399612  49341.86
4202.45150130363  49176.7
4202.48899607671  49021.29
4202.52648831518  49478.98
4202.56397801888  48587.41
4202.60146518763  49144.36
4202.63894982127  48964.2
4202.67643191962  49190.01
4202.71391148251  49541.46
4202.75138850978  49173.23
4202.78886300126  49024.55
4202.82633495676  48933.08
4202.86380437613  49263.76
4202.9012712592  49408.73
4202.93873560579  48931.41
4202.97619741574  48829.31
4203.01365668887  48674.86
4203.05111342502  49305.96
4203.08856762401  49105.32
4203.12601928567  49769.54
4203.16346840985  49578.43
4203.20091499636  48635.93
4203.23835904503  49331.12
4203.27580055571  49068.64
4203.31323952821  49157.87
4203.35067596237  49378.41
4203.38810985802  48393.79
4203.42554121499  48623.71
4203.4629700331  48232.87
4203.5003963122  48906.36
4203.53782005211  48843.41
4203.57524125266  48904.23
4203.61265991369  48516.77
4203.65007603502  48949.25
4203.68748961649  48737.46
4203.72490065792  48929.3
4203.76230915914  48838.15
4203.79971512  48944.19
4203.83711854031  48761.16
4203.87451941991  48763.52
4203.91191775863  48580.72
4203.94931355631  49120.92
4203.98670681277  49122.46
4204.02409752784  49035.82
4204.06148570136  49052.3
4204.09887133315  49086.42
4204.13625442305  48884.84
4204.1736349709  49332.07
4204.21101297651  48839.48
4204.24838843972  49381.47
4204.28576136037  48896.67
4204.32313173829  48758.23
4204.3604995733  49127.68
4204.39786486524  48384.68
4204.43522761394  49029.76
4204.47258781923  49169.01
4204.50994548094  48779.68
4204.54730059891  48737.47
4204.58465317297  48675.16
4204.62200320294  48884.73
4204.65935068866  48583.25
4204.69669562997  48724.11
4204.73403802669  48041.94
4204.77137787866  48867.99
4204.8087151857  48790.26
4204.84604994766  48474.77
4204.88338216436  48560.
4204.92071183563  48364.16
4204.95803896131  47900.84
4204.99536354123  48615.36
4205.03268557521  48897.57
4205.07000506311  48174.88
4205.10732200473  47880.72
4205.14463639992  48818.75
4205.18194824852  48708.53
4205.21925755034  48908.35
4205.25656430523  48335.93
4205.29386851303  48855.68
4205.33117017354  48140.8
4205.36846928662  49266.01
4205.4057658521  48895.33
4205.4430598698  49169.32
4205.48035133957  48448.93
4205.51764026123  48710.11
4205.55492663461  49272.96
4205.59221045955  48881.58
4205.62949173588  48963.
4205.66677046344  48981.61
4205.70404664205  48801.09
4205.74132027156  49031.61
4205.77859135178  48791.56
4205.81585988256  48931.37
4205.85312586374  48918.52
4205.89038929513  48625.26
4205.92765017658  48527.67
4205.96490850791  48320.86
4206.00216428897  48666.99
4206.03941751959  48899.17
4206.07666819959  49003.58
4206.11391632881  48796.13
4206.15116190709  48780.28
4206.18840493425  48749.61
4206.22564541014  48388.74
4206.26288333458  49380.43
4206.30011870741  48987.78
4206.33735152846  48903.56
4206.37458179756  48884.39
4206.41180951456  48947.45
4206.44903467928  48358.81
4206.48625729155  48791.26
4206.52347735121  48531.44
4206.5606948581  48520.96
4206.59790981205  48724.45
4206.63512221288  48787.17
4206.67233206044  48614.44
4206.70953935456  48526.18
4206.74674409508  48707.72
4206.78394628182  48693.77
4206.82114591462  48807.88
4206.85834299332  48808.44
4206.89553751774  48241.48
4206.93272948773  49015.71
4206.96991890312  48557.04
4207.00710576373  48535.51
4207.04429006942  48728.07
4207.08147182  48623.71
4207.11865101532  48858.57
4207.15582765521  48263.88
4207.1930017395  49044.54
4207.23017326802  48774.02
4207.26734224062  48507.3
4207.30450865713  48842.7
4207.34167251738  48688.43
4207.3788338212  48871.84
4207.41599256843  48843.95
4207.45314875891  48603.78
4207.49030239246  48604.62
4207.52745346893  48728.36
4207.56460198815  48730.54
4207.60174794995  48571.64
4207.63889135418  48918.36
4207.67603220065  48473.51
4207.71317048921  48721.25
4207.7503062197  48595.81
4207.78743939195  49097.69
4207.82457000578  48946.74
4207.86169806105  48879.33
4207.89882355758  48481.88
4207.93594649521  47972.5
4207.97306687377  48670.7
4208.0101846931  48748.21
4208.04729995304  48055.91
4208.08441265341  48259.24
4208.12152279406  48447.85
4208.15863037482  48909.27
4208.19573539552  48535.25
4208.23283785601  48429.77
4208.26993775611  48585.56
4208.30703509566  48180.12
4208.3441298745  48776.14
4208.38122209247  48491.25
4208.41831174939  48354.96
4208.45539884511  48723.14
4208.49248337945  48832.15
4208.52956535227  48316.38
4208.56664476338  48469.74
4208.60372161263  48392.47
4208.64079589985  48640.18
4208.67786762489  48486.53
4208.71493678757  48799.23
4208.75200338772  48074.16
4208.7890674252  48243.68
4208.82612889983  48306.94
4208.86318781144  48983.97
4208.90024415989  48353.1
4208.93729794499  48877.09
4208.97434916659  48493.99
4209.01139782452  49005.57
4209.04844391863  48825.27
4209.08548744873  48648.94
4209.12252841469  49033.23
4209.15956681632  49094.62
4209.19660265346  48582.64
4209.23363592596  48788.91
4209.27066663364  48614.2
4209.30769477635  48232.37
4209.34472035392  48260.96
4209.38174336619  48512.36
4209.41876381299  48607.96
4209.45578169417  48545.07
4209.49279700955  48363.48
4209.52980975897  49008.4
4209.56681994228  48538.18
4209.6038275593  48785.86
4209.64083260988  48359.86
4209.67783509385  47794.34
4209.71483501105  48435.61
4209.75183236132  48048.15
4209.78882714448  48177.34
4209.82581936039  48056.63
4209.86280900887  47923.25
4209.89979608977  48021.96
4209.93678060292  48535.15
4209.97376254815  47682.96
4210.01074192532  47726.9
4210.04771873424  48101.05
4210.08469297476  47792.56
4210.12166464673  48178.86
4210.15863374996  48389.95
4210.19560028431  48002.17
4210.23256424961  48569.73
4210.26952564569  48146.62
4210.3064844724  48215.56
4210.34344072957  48276.67
4210.38039441704  48876.08
4210.41734553464  48234.12
4210.45429408223  48491.93
4210.49124005962  48215.98
4210.52818346667  48251.29
4210.5651243032  48580.63
4210.60206256906  48270.75
4210.63899826408  48676.3
4210.6759313881  48130.68
4210.71286194097  48113.12
4210.74978992251  48847.59
4210.78671533256  48239.18
4210.82363817098  48562.36
4210.86055843758  48647.98
4210.89747613221  48534.87
4210.93439125471  48365.61
4210.97130380491  48469.17
4211.00821378266  47934.76
4211.0451211878  48216.94
4211.08202602015  48293.09
4211.11892827956  48412.34
4211.15582796588  48789.85
4211.19272507892  48374.72
4211.22961961854  48591.48
4211.26651158458  48347.82
4211.30340097686  48551.54
4211.34028779524  48262.37
4211.37717203955  48203.27
4211.41405370962  48410.73
4211.45093280529  47730.79
4211.48780932642  48296.09
4211.52468327282  48557.08
4211.56155464435  48362.84
4211.59842344084  48508.49
4211.63528966213  48457.98
4211.67215330806  48602.55
4211.70901437847  48020.29
4211.74587287319  48311.66
4211.78272879207  47960.12
4211.81958213495  48267.84
4211.85643290165  48351.88
4211.89328109203  47782.63
4211.93012670593  48360.66
4211.96696974317  48026.57
4212.00381020361  48310.69
4212.04064808707  48379.39
4212.07748339341  49008.16
4212.11431612245  48563.12
4212.15114627405  48174.34
4212.18797384802  48145.
4212.22479884423  48038.19
4212.2616212625  48598.85
4212.29844110268  48015.6
4212.3352583646  47954.01
4212.37207304811  48039.91
4212.40888515305  48731.02
4212.44569467925  48671.24
4212.48250162655  48508.33
4212.5193059948  48060.3
4212.55610778383  48647.03
4212.59290699348  48366.87
4212.6297036236  48720.82
4212.66649767402  48525.24
4212.70328914458  47933.09
4212.74007803513  48223.69
4212.7768643455  48211.25
4212.81364807553  48303.26
4212.85042922507  48374.98
4212.88720779395  48337.64
4212.92398378202  48840.39
4212.96075718911  48269.18
4212.99752801506  48264.68
4213.03429625972  48133.46
4213.07106192292  47894.71
4213.10782500451  47827.47
4213.14458550432  48379.81
4213.1813434222  48450.16
4213.21809875799  48025.8
4213.25485151152  48539.76
4213.29160168264  48206.52
4213.32834927119  48337.37
4213.36509427701  48478.39
4213.40183669994  48447.91
4213.43857653982  48001.16
4213.47531379648  47476.23
4213.51204846979  48230.11
4213.54878055956  48344.54
4213.58551006564  47930.62
4213.62223698788  48523.31
4213.65896132612  48075.58
4213.69568308019  47600.12
4213.73240224994  47904.13
4213.76911883521  48426.33
4213.80583283583  48350.66
4213.84254425166  47876.6
4213.87925308253  47992.06
4213.91595932828  48054.2
4213.95266298875  47874.04
4213.98936406379  48068.12
4214.02606255324  48350.38
4214.06275845693  48180.09
4214.09945177471  47890.91
4214.13614250642  48398.51
4214.17283065191  47827.01
4214.20951621101  47773.52
4214.24619918356  48353.14
4214.28287956941  48219.74
4214.3195573684  48138.77
4214.35623258037  48118.48
4214.39290520516  48063.91
4214.42957524261  47989.2
4214.46624269256  47654.2
4214.50290755487  47487.68
4214.53956982936  48019.59
4214.57622951588  48122.68
4214.61288661428  48094.19
4214.64954112438  47955.82
4214.68619304605  47660.55
4214.72284237911  47398.84
4214.75948912341  47753.5
4214.7961332788  47890.29
4214.83277484511  47562.39
4214.86941382219  46103.41
4214.90605020987  45610.46
4214.94268400801  44550.41
4214.97931521644  44502.16
4215.015943835  44741.84
4215.05256986354  44798.46
4215.0891933019  44323.87
4215.12581414993  44405.77
4215.16243240746  44729.04
4215.19904807434  44625.43
4215.2356611504  44655.38
4215.2722716355  44544.34
4215.30887952948  44978.13
4215.34548483217  44984.53
4215.38208754343  45238.19
4215.41868766308  45754.44
4215.45528519099  47183.75
4215.49188012698  47436.39
4215.5284724709  47485.53
4215.5650622226  48045.98
4215.60164938192  47970.3
4215.63823394869  47735.75
4215.67481592277  48136.19
4215.711395304  47648.48
4215.74797209221  48042.52
4215.78454628726  48267.76
4215.82111788898  47980.3
4215.85768689722  47802.82
4215.89425331183  47819.73
4215.93081713264  48162.11
4215.9673783595  47603.45
4216.00393699225  47754.25
4216.04049303073  48169.32
4216.07704647479  47834.19
4216.11359732428  48038.03
4216.15014557903  47883.32
4216.18669123889  48080.13
4216.2232343037  47733.42
4216.25977477331  47641.9
4216.29631264756  47841.39
4216.33284792629  48206.68
4216.36938060934  47777.93
4216.40591069657  47564.66
4216.44243818782  47757.45
4216.47896308292  47607.55
4216.51548538172  47753.91
4216.55200508407  47446.84
4216.58852218981  47327.73
4216.62503669879  47720.12
4216.66154861083  47804.5
4216.69805792581  47691.89
4216.73456464355  47376.71
4216.7710687639  47504.4
4216.8075702867  47717.06
4216.8440692118  47619.
4216.88056553904  47672.65
4216.91705926827  47554.82
4216.95355039934  47353.81
4216.99003893207  47355.02
4217.02652486633  47492.82
4217.06300820195  47636.81
4217.09948893878  47407.17
4217.13596707666  47503.75
4217.17244261544  47415.74
4217.20891555497  47632.79
4217.24538589507  47495.46
4217.28185363562  47410.02
4217.31831877643  47183.32
4217.35478131737  47195.84
4217.39124125827  46670.95
4217.42769859898  47543.15
4217.46415333935  47052.73
4217.50060547922  47730.13
4217.53705501843  47488.79
4217.57350195683  47470.95
4217.60994629427  47499.
4217.64638803058  47647.32
4217.68282716562  47329.46
4217.71926369923  47567.61
4217.75569763126  47796.58
4217.79212896154  47445.85
4217.82855768993  47430.95
4217.86498381627  47788.29
4217.90140734041  47164.02
4217.93782826219  47614.7
4217.97424658145  47665.57
4218.01066229804  47481.85
4218.04707541181  47699.31
4218.08348592261  47357.32
4218.11989383027  47558.79
4218.15629913465  47633.62
4218.19270183558  47385.6
4218.22910193292  47432.37
4218.26549942651  47553.11
4218.30189431619  47124.55
4218.33828660182  47601.83
4218.37467628323  47647.05
4218.41106336028  47636.95
4218.4474478328  47435.11
4218.48382970066  47662.97
4218.52020896368  47479.09
4218.55658562171  47707.98
4218.59295967461  47419.96
4218.62933112222  47124.32
4218.66569996439  47483.52
4218.70206620095  46910.8
4218.73842983176  46550.98
4218.77479085667  46401.6
4218.81114927551  46607.82
4218.84750508814  46552.11
4218.8838582944  46509.74
4218.92020889414  46522.5
4218.9565568872  46216.1
4218.99290227343  46485.33
4219.02924505268  46275.76
4219.0655852248  45997.39
4219.10192278962  46623.96
4219.138257747  46965.38
4219.17459009678  46801.31
4219.21091983882  46644.12
4219.24724697294  47088.79
4219.28357149902  47365.07
4219.31989341688  47183.05
4219.35621272638  47465.67
4219.39252942736  47339.16
4219.42884351967  47151.75
4219.46515500316  47386.17
4219.50146387768  47088.13
4219.53777014306  47220.69
4219.57407379916  46858.68
4219.61037484583  47220.34
4219.6466732829  47216.58
4219.68296911024  46869.97
4219.71926232768  46919.11
4219.75555293508  46522.49
4219.79184093228  47282.55
4219.82812631912  47154.65
4219.86440909546  46817.19
4219.90068926114  47554.13
4219.93696681602  46853.89
4219.97324175992  47258.18
4220.00951409272  46754.1
4220.04578381424  46918.01
4220.08205092435  47120.45
4220.11831542288  46848.31
4220.15457730968  47057.37
4220.19083658461  47484.71
4220.22709324751  47377.73
4220.26334729822  47362.89
4220.2995987366  47206.5
4220.33584756249  47194.07
4220.37209377575  47223.32
4220.40833737621  47078.73
4220.44457836373  47443.7
4220.48081673815  47304.52
4220.51705249933  46976.5
4220.5532856471  47431.24
4220.58951618133  47428.13
4220.62574410185  47322.97
4220.66196940851  47047.67
4220.69819210117  46828.9
4220.73441217967  47255.7
4220.77062964385  46893.02
4220.80684449358  47039.95
4220.84305672869  46770.84
4220.87926634903  47292.7
4220.91547335446  47047.83
4220.95167774481  47063.94
4220.98787951995  46796.64
4221.02407867971  47148.77
4221.06027522395  47064.09
4221.09646915251  46990.34
4221.13266046525  47334.6
4221.16884916201  47388.48
4221.20503524264  46872.2
4221.24121870698  47274.7
4221.2773995549  46896.79
4221.31357778623  47065.71
4221.34975340083  46807.39
4221.38592639854  47169.34
4221.42209677921  47162.06
4221.4582645427  46841.44
4221.49442968885  46840.18
4221.53059221751  46807.6
4221.56675212852  46647.17
4221.60290942175  46569.52
4221.63906409703  46801.84
4221.67521615422  46854.17
4221.71136559316  46253.38
4221.74751241371  46704.11
4221.78365661571  46314.07
4221.81979819902  46551.06
4221.85593716348  46480.55
4221.89207350894  46565.18
4221.92820723525  46478.87
4221.96433834226  46619.87
4222.00046682983  46522.23
4222.03659269779  46826.84
4222.072715946  46637.35
4222.10883657432  46433.63
4222.14495458258  46705.66
4222.18106997063  46601.82
4222.21718273834  46715.75
4222.25329288554  46845.85
4222.28940041209  46744.38
4222.32550531784  47090.79
4222.36160760264  46666.68
4222.39770726633  46235.91
4222.43380430877  46105.59
4222.46989872981  46636.87
4222.5059905293  46705.5
4222.54207970708  47115.39
4222.57816626301  46738.9
4222.61425019693  46357.18
4222.65033150871  46722.86
4222.68641019818  46936.83
4222.72248626519  46230.25
4222.75855970961  46772.34
4222.79463053127  46752.49
4222.83069873004  46556.42
4222.86676430575  46376.21
4222.90282725826  46456.93
4222.93888758742  46756.19
4222.97494529309  46862.67
4223.0110003751  46995.24
4223.04705283331  46092.57
4223.08310266758  46509.23
4223.11914987775  46833.25
4223.15519446367  46248.14
4223.1912364252  46533.7
4223.22727576218  46581.23
4223.26331247447  46957.58
4223.29934656192  46436.55
4223.33537802437  47005.02
4223.37140686168  46502.41
4223.4074330737  46858.35
4223.44345666027  46317.54
4223.47947762127  46761.25
4223.51549595652  46559.11
4223.55151166588  46228.72
4223.58752474922  46441.02
4223.62353520636  46502.93
4223.65954303717  46604.31
4223.69554824151  46209.9
4223.73155081921  46445.83
4223.76755077013  46188.48
4223.80354809412  45877.34
4223.83954279104  46345.97
4223.87553486073  45822.29
4223.91152430305  46201.81
4223.94751111784  46281.51
4223.98349530497  46018.87
4224.01947686427  45987.95
4224.05545579561  46276.28
4224.09143209883  46689.7
4224.12740577379  46112.73
4224.16337682033  46444.81
4224.19934523832  45925.11
4224.23531102759  46111.88
4224.27127418801  46148.02
4224.30723471943  46210.84
4224.34319262169  46028.7
4224.37914789465  46044.13
4224.41510053816  46176.79
4224.45105055207  46285.16
4224.48699793624  45875.14
4224.52294269051  45719.54
4224.55888481474  46348.96
4224.59482430879  46094.75
4224.63076117249  46105.81
4224.66669540572  46207.97
4224.70262700831  46030.98
4224.73855598012  46273.51
4224.774482321  46211.58
4224.81040603081  46091.42
4224.8463271094  45961.71
4224.88224555661  46121.66
4224.91816137231  45985.2
4224.95407455634  45748.3
4224.98998510856  45890.97
4225.02589302882  45955.79
4225.06179831698  45894.02
4225.09770097288  46067.9
4225.13360099637  45510.83
4225.16949838732  46240.77
4225.20539314557  45976.7
4225.24128527098  45959.19
4225.2771747634  46060.04
4225.31306162268  46132.64
4225.34894584867  46312.18
4225.38482744124  46137.66
4225.42070640022  46586.1
4225.45658272548  46118.5
4225.49245641687  46634.91
4225.52832747424  45824.46
4225.56419589744  46483.75
4225.60006168633  46244.76
4225.63592484076  46464.65
4225.67178536058  46360.77
4225.70764324565  46457.69
4225.74349849582  46081.37
4225.77935111095  46281.71
4225.81520109088  45915.19
4225.85104843547  46654.69
4225.88689314458  46399.62
4225.92273521805  45812.43
4225.95857465575  46195.91
4225.99441145752  46014.75
4226.03024562322  45147.88
4226.0660771527  44404.32
4226.10190604582  42954.9
4226.13773230242  42549.88
4226.17355592237  41650.68
4226.20937690552  41300.32
4226.24519525172  41536.62
4226.28101096083  41188.51
4226.31682403269  41318.03
4226.35263446717  41429.93
4226.38844226412  41142.79
4226.42424742338  41535.64
4226.46004994482  41182.68
4226.4958498283  41180.55
4226.53164707365  42351.86
4226.56744168075  42677.87
4226.60323364943  43284.63
4226.63902297957  44055.92
4226.674809671  44890.42
4226.71059372359  45306.61
4226.74637513719  45291.35
4226.78215391165  44877.51
4226.81793004684  44326.42
4226.85370354259  44355.52
4226.88947439877  44216.22
4226.92524261524  44380.49
4226.96100819184  43851.03
4226.99677112844  44196.96
4227.03253142488  44596.77
4227.06828908102  44080.58
4227.10404409672  44398.11
4227.13979647183  44100.66
4227.17554620621  43983.57
4227.2112932997  44568.29
4227.24703775217  44528.58
4227.28277956348  44829.34
4227.31851873346  45059.36
4227.35425526199  45903.01
4227.38998914891  46113.38
4227.42572039409  46258.77
4227.46144899737  46296.32
4227.49717495861  46173.96
4227.53289827767  45899.86
4227.5686189544  46468.2
4227.60433698866  46027.13
4227.64005238029  45918.21
4227.67576512917  46134.27
4227.71147523514  45774.42
4227.74718269806  46039.63
4227.78288751778  45881.04
4227.81858969416  46083.27
4227.85428922706  45823.55
4227.88998611633  45590.96
4227.92568036182  45800.62
4227.9613719634  45706.1
4227.99706092091  45517.91
4228.03274723422  45756.48
4228.06843090318  45528.13
4228.10411192764  45854.94
4228.13979030746  45659.01
4228.17546604251  45651.52
4228.21113913262  45491.58
4228.24680957766  45639.39
4228.28247737749  45949.23
4228.31814253196  46094.95
4228.35380504092  46159.65
4228.38946490424  46239.56
4228.42512212177  45930.82
4228.46077669337  46076.73
4228.49642861888  46061.63
4228.53207789818  46038.88
4228.56772453111  46233.87
4228.60336851753  46176.6
4228.63900985729  46185.36
4228.67464855026  45891.75
4228.7102845963  45691.66
4228.74591799524  46098.91
4228.78154874696  46065.82
4228.81717685131  45827.12
4228.85280230815  46140.55
4228.88842511733  46520.97
4228.92404527871  45767.01
4228.95966279215  46036.06
4228.9952776575  45882.5
4229.03088987462  46127.64
4229.06649944336  45740.76
4229.10210636359  45807.25
4229.13771063516  45947.27
4229.17331225793  45379.74
4229.20891123176  45844.14
4229.24450755649  46021.65
4229.280101232  45692.95
4229.31569225813  45975.94
4229.35128063474  45947.46
4229.38686636169  45875.01
4229.42244943884  46142.05
4229.45802986605  45991.59
4229.49360764316  45667.52
4229.52918277005  45978.45
4229.56475524656  45889.29
4229.60032507256  45895.61
4229.6358922479  45797.29
4229.67145677244  46123.47
4229.70701864603  46098.11
4229.74257786854  46059.25
4229.77813443982  46157.7
4229.81368835973  45862.52
4229.84923962812  46004.28
4229.88478824486  45792.83
4229.9203342098  45858.17
4229.95587752281  45374.05
4229.99141818373  46054.8
4230.02695619242  45706.53
4230.06249154875  45807.97
4230.09802425258  45141.33
4230.13355430375  45992.89
4230.16908170213  45538.06
4230.20460644757  45967.48
4230.24012853994  45805.51
4230.27564797909  45850.3
4230.31116476488  45370.5
4230.34667889717  46125.28
4230.38219037582  45513.61
4230.41769920067  45797.77
4230.45320537161  45682.86
4230.48870888847  45560.28
4230.52420975113  45523.23
4230.55970795943  46104.3
4230.59520351324  45683.41
4230.63069641241  45555.87
4230.66618665681  45571.29
4230.70167424629  45767.76
4230.7371591807  45715.64
4230.77264145992  45690.95
4230.8081210838  45460.05
4230.84359805219  45639.07
4230.87907236496  45554.76
4230.91454402197  45541.69
4230.95001302306  45601.34
4230.98547936811  45789.77
4231.02094305697  45448.94
4231.0564040895  45618.92
4231.09186246556  45698.99
4231.127318185  45848.41
4231.1627712477  45518.31
4231.1982216535  45901.41
4231.23366940226  45571.73
4231.26911449385  45374.8
4231.30455692812  45486.55
4231.33999670494  45581.53
4231.37543382415  45541.94
4231.41086828563  45907.25
4231.44630008923  45411.96
4231.4817292348  45751.44
4231.51715572222  45997.68
4231.55257955134  45835.07
4231.58800072201  45770.87
4231.6234192341  45457.43
4231.65883508747  45658.41
4231.69424828198  45583.88
4231.72965881748  45410.37
4231.76506669384  45267.89
4231.80047191092  45592.99
4231.83587446857  45559.05
4231.87127436666  45148.49
4231.90667160504  45387.84
4231.94206618358  45350.48
4231.97745810213  45495.45
4232.01284736056  45685.95
4232.04823395873  45531.64
4232.08361789649  45608.87
4232.1189991737  45506.53
4232.15437779023  45266.51
4232.18975374594  45627.53
4232.22512704068  45195.
4232.26049767431  45475.2
4232.29586564671  45488.69
4232.33123095772  45424.41
4232.3665936072  45164.16
4232.40195359503  44213.37
4232.43731092105  44445.07
4232.47266558513  43924.51
4232.50801758713  42052.36
4232.5433669269  40715.3
4232.57871360432  39422.6
4232.61405761923  38303.5
4232.64939897151  37339.52
4232.68473766101  37094.39
4232.72007368759  36526.04
4232.75540705111  36757.09
4232.79073775144  36558.05
4232.82606578843  36740.57
4232.86139116194  36845.29
4232.89671387184  37340.59
4232.93203391799  37295.56
4232.96735130025  38703.73
4233.00266601847  39370.6
4233.03797807253  40698.59
4233.07328746227  41955.26
4233.10859418757  42892.01
4233.14389824829  43171.65
4233.17919964427  43920.02
4233.21449837539  44151.25
4233.24979444151  44220.19
4233.28508784249  43831.52
4233.32037857818  44387.62
4233.35566664846  44558.24
4233.39095205318  44322.
4233.4262347922  44310.94
4233.46151486539  44851.29
4233.4967922726  44938.39
4233.53206701371  44637.41
4233.56733908856  45138.07
4233.60260849703  44968.49
4233.63787523897  45221.65
4233.67313931424  44947.26
4233.70840072271  45260.12
4233.74365946423  45262.09
4233.77891553868  45254.58
4233.81416894591  45263.37
4233.84941968578  45051.14
4233.88466775816  45146.16
4233.91991316291  45251.54
4233.95515589989  45349.59
4233.99039596896  45304.41
4234.02563336998  44846.87
4234.06086810282  45302.76
4234.09610016734  45229.88
4234.13132956339  44886.58
4234.16655629085  45076.52
4234.20178034958  45192.3
4234.23700173943  45442.2
4234.27222046027  45291.77
4234.30743651197  44901.86
4234.34264989437  45499.96
4234.37786060736  45182.31
4234.41306865078  44862.04
4234.44827402451  45343.12
4234.4834767284  44770.8
4234.51867676232  45062.92
4234.55387412612  44929.14
4234.58906881968  45032.55
4234.62426084286  44802.6
4234.65945019551  44975.3
4234.6946368775  45308.27
4234.72982088869  45129.32
4234.76500222896  44636.36
4234.80018089815  44793.47
4234.83535689613  44821.71
4234.87053022277  44607.54
4234.90570087792  44751.86
4234.94086886146  44877.63
4234.97603417324  44988.77
4235.01119681313  44805.57
4235.04635678099  44774.73
4235.08151407668  45125.07
4235.11666870007  45016.14
4235.15182065102  45002.21
4235.18696992939  44871.62
4235.22211653505  44886.24
4235.25726046786  44189.18
4235.29240172768  44029.68
4235.32754031438  43362.75
4235.36267622782  42887.86
4235.39780946787  43198.32
4235.43294003438  42975.41
4235.46806792722  43465.34
4235.50319314626  43317.86
4235.53831569136  43186.96
4235.57343556238  43217.88
4235.60855275918  43268.53
4235.64366728164  43070.33
4235.67877912961  43263.56
4235.71388830295  42935.93
4235.74899480154  43203.05
4235.78409862524  43681.21
4235.8191997739  44015.08
4235.85429824739  44148.27
4235.88939404559  44092.65
4235.92448716834  44561.66
4235.95957761552  44671.86
4235.99466538699  44702.34
4236.02975048262  44885.19
4236.06483290226  44843.85
4236.09991264579  44604.21
4236.13498971306  45086.04
4236.17006410395  44620.62
4236.2051358183  45062.96
4236.240204856  44322.61
4236.27527121691  45022.87
4236.31033490088  44618.36
4236.34539590779  44673.09
4236.38045423749  44797.55
4236.41550988986  44500.23
4236.45056286476  44863.36
4236.48561316205  44687.7
4236.52066078159  44787.03
4236.55570572326  44794.44
4236.59074798691  44592.24
4236.62578757241  44955.83
4236.66082447964  44867.44
4236.69585870844  44840.47
4236.73089025869  44243.53
4236.76591913024  44941.09
4236.80094532298  44097.25
4236.83596883676  44792.67
4236.87098967144  44794.52
4236.90600782689  44788.14
4236.94102330298  44946.86
4236.97603609957  44559.8
4237.01104621653  44943.82
4237.04605365372  44866.33
4237.08105841101  44729.88
4237.11606048826  44447.4
4237.15105988534  44703.34
4237.18605660212  44487.25
4237.22105063845  44658.38
4237.25604199421  45059.32
4237.29103066926  44293.2
4237.32601666347  44765.92
4237.36099997669  44395.05
4237.39598060881  44682.41
4237.43095855968  44287.04
4237.46593382916  44231.08
4237.50090641713  43972.5
4237.53587632345  44785.97
4237.57084354799  44708.04
4237.60580809061  44375.51
4237.64076995117  44738.7
4237.67572912956  44527.8
4237.71068562562  44403.57
4237.74563943922  44710.33
4237.78059057024  44203.81
4237.81553901854  44082.52
4237.85048478398  44096.45
4237.88542786643  44420.37
4237.92036826576  44215.58
4237.95530598184  44460.99
4237.99024101452  43938.43
4238.02517336367  44307.03
4238.06010302917  44761.73
4238.09503001088  44497.34
4238.12995430866  43937.05
4238.16487592239  44388.48
4238.19979485192  43897.38
4238.23471109712  44143.98
4238.26962465787  44224.28
4238.30453553403  43892.08
4238.33944372545  43912.82
4238.37434923203  43992.38
4238.4092520536  43688.18
4238.44415219006  43645.56
4238.47904964125  43561.04
4238.51394440705  43927.89
4238.54883648733  43716.03
4238.58372588195  43725.
4238.61861259078  43525.82
4238.65349661369  43472.27
4238.68837795053  43656.9
4238.72325660119  44118.77
4238.75813256553  44034.28
4238.79300584341  44292.59
4238.8278764347  44043.49
4238.86274433927  44233.21
4238.89760955699  44349.27
4238.93247208772  44391.32
4238.96733193134  44269.48
4239.0021890877  44116.36
4239.03704355667  44125.44
4239.07189533813  44070.27
4239.10674443194  44286.43
4239.14159083797  44115.91
4239.17643455608  44491.24
4239.21127558615  44084.45
4239.24611392804  44496.47
4239.28094958162  43787.13
4239.31578254675  44238.91
4239.35061282331  44169.67
4239.38544041116  44261.32
4239.42026531017  43946.63
4239.4550875202  44032.09
4239.48990704114  44332.3
4239.52472387284  44175.55
4239.55953801516  44376.02
4239.59434946799  44018.1
4239.62915823118  43824.86
4239.66396430462  43620.53
4239.69876768815  44184.63
4239.73356838166  43839.83
4239.768366385  44045.91
4239.80316169806  44025.92
4239.83795432069  44416.87
4239.87274425277  44203.86
4239.90753149416  44444.52
4239.94231604473  43840.03
4239.97709790435  43542.85
4240.01187707289  43864.59
4240.04665355022  43907.25
4240.08142733621  43910.41
4240.11619843072  43902.4
4240.15096683362  44163.57
4240.18573254478  43781.05
4240.22049556407  44005.16
4240.25525589136  43695.73
4240.29001352653  43771.93
4240.32476846942  43828.89
4240.35952071992  44270.64
4240.3942702779  44098.75
4240.42901714322  43845.39
4240.46376131575  43907.45
4240.49850279536  43811.51
4240.53324158193  44029.64
4240.56797767531  43924.57
4240.60271107538  43975.08
4240.63744178201  44035.04
4240.67216979506  43849.13
4240.70689511442  44021.94
4240.74161773993  44033.22
4240.77633767148  43433.89
4240.81105490894  43747.55
4240.84576945216  43851.39
4240.88048130103  43954.74
4240.91519045542  43897.99
4240.94989691518  44045.
4240.98460068019  43648.48
4241.01930175033  43891.33
4241.05400012545  43659.17
4241.08869580544  43798.25
4241.12338879015  43897.99
4241.15807907946  44022.7
4241.19276667325  43609.36
4241.22745157137  43566.8
4241.2621337737  43445.52
4241.2968132801  43783.11
4241.33149009046  43991.87
4241.36616420463  43710.43
4241.4008356225  44063.25
4241.43550434392  43839.
4241.47017036876  43698.03
4241.50483369691  43911.72
4241.53949432822  43484.5
4241.57415226258  43606.86
4241.60880749984  43912.77
4241.64346003988  43515.11
4241.67810988257  43055.51
4241.71275702778  42628.21
4241.74740147537  42338.07
4241.78204322523  42305.33
4241.81668227722  41798.71
4241.85131863121  41732.95
4241.88595228708  41734.97
4241.92058324468  41909.77
4241.95521150389  41840.3
4241.9898370646  41346.5
4242.02445992665  41797.66
4242.05908008993  41447.59
4242.0936975543  41751.54
4242.12831231964  41217.05
4242.16292438581  41941.96
4242.1975337527  41556.68
4242.23214042016  42197.79
4242.26674438807  42460.61
4242.3013456563  43027.
4242.33594422472  43960.08
4242.37054009321  43622.3
4242.40513326162  43671.07
4242.43972372985  43683.92
4242.47431149774  43246.42
4242.50889656519  43662.01
4242.54347893205  43382.32
4242.5780585982  43351.13
4242.61263556351  43748.96
4242.64720982785  43120.46
4242.6817813911  43598.45
4242.71635025312  43477.43
4242.75091641379  43626.52
4242.78547987297  43122.68
4242.82004063054  43598.41
4242.85459868637  43453.78
4242.88915404034  43684.46
4242.9237066923  43278.88
4242.95825664215  43233.52
4242.99280388974  43543.47
4243.02734843495  43505.67
4243.06189027764  43350.37
4243.0964294177  43454.93
4243.130965855  43566.73
4243.1654995894  43790.24
4243.20003062078  43554.83
4243.234558949  43474.27
4243.26908457395  43321.3
4243.30360749549  43682.98
4243.3381277135  43323.06
4243.37264522785  43789.64
4243.4071600384  43305.85
4243.44167214504  43383.95
4243.47618154763  43099.15
4243.51068824605  43596.25
4243.54519224017  43623.51
4243.57969352986  43288.05
4243.61419211499  43511.89
4243.64868799544  43621.26
4243.68318117107  43427.23
4243.71767164177  43875.42
4243.7521594074  43259.63
4243.78664446783  43314.79
4243.82112682295  43552.89
4243.85560647261  43124.3
4243.8900834167  43003.87
4243.92455765509  43381.81
4243.95902918764  43624.04
4243.99349801424  43273.68
4244.02796413475  43370.93
4244.06242754905  43593.27
4244.09688825701  43505.4
4244.1313462585  43537.34
4244.16580155339  43381.64
4244.20025414157  43262.05
4244.2347040229  43402.03
4244.26915119726  43555.2
4244.30359566451  43224.94
4244.33803742453  43446.76
4244.3724764772  43245.23
4244.40691282239  43156.2
4244.44134645997  42745.27
4244.47577738981  43640.12
4244.51020561179  42977.74
4244.54463112578  43416.84
4244.57905393166  43191.82
4244.6134740293  43333.01
4244.64789141856  43391.
4244.68230609933  42950.53
4244.71671807148  42918.77
4244.75112733488  43755.1
4244.78553388941  42993.71
4244.81993773494  43484.78
4244.85433887134  43138.35
4244.88873729849  43357.16
4244.92313301625  43054.37
4244.95752602451  42754.91
4244.99191632314  43262.88
4245.02630391202  42917.04
4245.06068879101  43121.7
4245.09507095998  43054.15
4245.12945041883  43156.96
4245.16382716741  43345.35
4245.1982012056  43229.71
4245.23257253328  43373.77
4245.26694115032  43236.5
4245.3013070566  42897.05
4245.33567025198  43204.95
4245.37003073635  43256.98
4245.40438850957  43426.1
4245.43874357153  43304.5
4245.47309592209  43616.69
4245.50744556113  42902.11
4245.54179248853  42921.43
4245.57613670416  43173.38
4245.61047820789  42744.14
4245.6448169996  43382.96
4245.67915307916  43071.61
4245.71348644645  43073.56
4245.74781710134  43110.11
4245.78214504371  42695.88
4245.81647027344  42894.11
4245.85079279039  42903.91
4245.88511259443  43309.16
4245.91942968546  43306.89
4245.95374406334  43390.93
4245.98805572795  42908.04
4246.02236467915  42562.01
4246.05667091683  42810.71
4246.09097444087  42533.21
4246.12527525113  42307.89
4246.15957334749  41336.61
4246.19386872983  41129.5
4246.22816139802  40356.61
4246.26245135193  39360.18
4246.29673859145  39642.87
4246.33102311645  38952.45
4246.3653049268  39561.39
4246.39958402237  39320.71
4246.43386040305  39724.63
4246.46813406872  39288.74
4246.50240501923  39264.72
4246.53667325448  39433.66
4246.57093877433  39388.32
4246.60520157866  39522.26
4246.63946166735  40133.33
4246.67371904028  40575.48
4246.70797369731  41108.64
4246.74222563832  41257.05
4246.7764748632  41618.55
4246.81072137181  42108.76
4246.84496516403  41827.73
4246.87920623975  42472.86
4246.91344459882  42128.3
4246.94768024114  42006.9
4246.98191316657  41946.34
4247.01614337499  42112.03
4247.05037086628  42210.85
4247.08459564031  42112.57
4247.11881769696  42225.61
4247.15303703611  42222.32
4247.18725365764  42183.29
4247.2214675614  42392.37
4247.2556787473  42275.04
4247.2898872152  42590.14
4247.32409296498  42202.02
4247.3582959965  42329.67
4247.39249630966  42793.97
4247.42669390433  42354.39
4247.46088878038  42914.51
4247.49508093769  42864.09
4247.52927037614  42872.21
4247.5634570956  42449.69
4247.59764109596  42664.85
4247.63182237708  42441.21
4247.66600093884  42571.08
4247.70017678112  42718.18
4247.7343499038  42998.34
4247.76852030676  42087.05
4247.80268798987  42448.45
4247.836852953  42248.91
4247.87101519604  42586.68
4247.90517471886  42669.48
4247.93933152135  42465.88
4247.97348560336  42909.25
4248.0076369648  42419.52
4248.04178560552  43006.05
4248.07593152541  42610.13
4248.11007472434  43282.37
4248.1442152022  42963.54
4248.17835295886  42851.88
4248.2124879942  42022.95
4248.24662030809  42620.07
4248.28074990041  42924.98
4248.31487677104  42960.48
4248.34900091986  42836.91
4248.38312234674  42868.55
4248.41724105156  42947.8
4248.45135703421  41895.39
4248.48547029455  42639.16
4248.51958083246  42727.23
4248.55368864783  42446.79
4248.58779374054  42427.3
4248.62189611045  42460.09
4248.65599575744  42687.61
4248.6900926814  42795.8
4248.7241868822  42644.54
4248.75827835972  42215.52
4248.79236711384  42219.66
4248.82645314444  42327.79
4248.86053645139  42696.12
4248.89461703457  42374.31
4248.92869489386  42758.03
4248.96277002914  42597.7
4248.99684244029  42651.24
4249.03091212718  42564.84
4249.0649790897  42198.81
4249.09904332771  42976.51
4249.13310484111  42565.57
4249.16716362977  42188.29
4249.20121969356  42598.16
4249.23527303237  42346.27
4249.26932364608  42082.41
4249.30337153455  42654.92
4249.33741669768  42536.62
4249.37145913533  42125.46
4249.4054988474  42221.66
4249.43953583375  42147.55
4249.47357009427  41722.35
4249.50760162883  41249.8
4249.54163043732  40941.54
4249.57565651961  41440.18
4249.60967987558  41323.32
4249.64370050511  40890.
4249.67771840807  41128.63
4249.71173358436  40950.72
4249.74574603385  41242.95
4249.77975575641  40909.35
4249.81376275192  40853.43
4249.84776702027  40763.55
4249.88176856134  41228.09
4249.915767375  41090.78
4249.94976346113  41295.64
4249.98375681961  41110.31
4250.01774745032  41393.36
4250.05173535314  41848.72
4250.08572052795  41390.14
4250.11970297464  41318.9
4250.15368269307  40926.54
4250.18765968312  40710.4
4250.22163394469  40889.87
4250.25560547764  40200.59
4250.28957428186  40271.33
4250.32354035723  40437.41
4250.35750370362  40529.32
4250.39146432092  40625.01
4250.42542220901  40244.82
4250.45937736776  39893.59
4250.49332979706  40258.13
4250.52727949678  40531.62
4250.56122646681  40207.28
4250.59517070702  40526.65
4250.6291122173  40528.93
4250.66305099753  41129.66
4250.69698704758  41550.16
4250.73092036734  41596.73
4250.76485095668  42046.25
4250.79877881549  42121.53
4250.83270394364  41991.51
4250.86662634102  41533.58
4250.90054600751  42509.79
4250.93446294299  42276.98
4250.96837714733  42264.59
4251.00228862043  42142.31
4251.03619736215  42373.68
4251.07010337238  42186.89
4251.104006651  41624.43
4251.13790719789  42121.39
4251.17180501293  42066.51
4251.205700096  41585.19
4251.23959244699  41673.65
4251.27348206576  42082.05
4251.30736895221  42176.45
4251.34125310622  41692.53
4251.37513452766  41989.9
4251.40901321642  42132.25
4251.44288917237  41768.32
4251.4767623954  41700.08
4251.5106328854  42176.33
4251.54450064223  42068.18
4251.57836566578  42051.39
4251.61222795594  42391.1
4251.64608751258  41658.77
4251.67994433558  41848.71
4251.71379842483  41625.66
4251.74764978021  42314.51
4251.78149840159  41702.86
4251.81534428886  42129.45
4251.84918744191  41794.71
4251.88302786061  42093.94
4251.91686554484  41680.3
4251.95070049449  41388.12
4251.98453270943  42157.67
4252.01836218955  41204.87
4252.05218893474  41067.71
4252.08601294486  41215.93
4252.11983421981  42137.88
4252.15365275946  41261.35
4252.1874685637  41465.7
4252.22128163241  41307.55
4252.25509196547  41683.97
4252.28889956276  41498.
4252.32270442416  41231.98
4252.35650654956  41213.73
4252.39030593884  41437.36
4252.42410259188  40947.04
4252.45789650856  41296.46
4252.49168768876  41715.07
4252.52547613238  41720.98
4252.55926183927  41808.25
4252.59304480934  41504.7
4252.62682504247  41704.48
4252.66060253852  41879.39
4252.6943772974  41860.47
4252.72814931897  41896.7
4252.76191860313  41500.75
4252.79568514975  41803.33
4252.82944895871  41931.68
4252.86321002991  41326.98
4252.89696836322  41523.39
4252.93072395852  41542.57
4252.9644768157  42329.74
4252.99822693464  42206.41
4253.03197431522  41810.58
4253.06571895733  41498.47
4253.09946086084  41725.08
4253.13320002565  41969.08
4253.16693645163  41886.9
4253.20067013866  41642.53
4253.23440108664  41863.42
4253.26812929544  41639.46
4253.30185476494  41960.02
4253.33557749502  41969.72
4253.36929748558  41800.16
4253.4030147365  41349.8
4253.43672924765  41523.13
4253.47044101892  41118.46
4253.5041500502  41935.72
4253.53785634136  41806.4
4253.5715598923  42056.1
4253.60526070288  41474.52
4253.638958773  40591.9
4253.67265410255  40640.53
4253.7063466914  40547.79
4253.74003653943  40398.32
4253.77372364653  40211.12
4253.80740801259  40703.83
4253.84108963749  40627.48
4253.87476852111  40466.25
4253.90844466333  40427.78
4253.94211806404  40231.55
4253.97578872312  40905.93
4254.00945664046  40077.74
4254.04312181594  39620.21
4254.07678424944  40400.22
4254.11044394085  40140.77
4254.14410089006  40011.75
4254.17775509694  40455.27
4254.21140656137  40155.57
4254.24505528325  40716.05
4254.27870126246  40912.48
4254.31234449888  41336.21
4254.34598499239  41219.02
4254.37962274289  41320.41
4254.41325775025  41343.77
4254.44689001435  41377.51
4254.48051953509  41891.43
4254.51414631235  41513.64
4254.54777034601  41565.52
4254.58139163595  41236.37
4254.61501018206  41158.33
4254.64862598423  41604.1
4254.68223904234  41057.09
4254.71584935627  41295.58
4254.74945692591  41649.37
4254.78306175114  41204.41
4254.81666383184  41277.34
4254.85026316792  41601.33
4254.88385975923  41332.47
4254.91745360568  41412.48
4254.95104470715  40903.64
4254.98463306352  41322.87
4255.01821867467  40882.72
4255.05180154049  41269.56
4255.08538166087  41072.71
4255.11895903569  41697.56
4255.15253366484  41679.93
4255.1861055482  41469.43
4255.21967468565  41399.47
4255.25324107709  41598.68
4255.28680472239  41034.12
4255.32036562144  41400.54
4255.35392377413  40959.52
4255.38747918034  41590.
4255.42103183996  41377.32
4255.45458175288  41392.38
4255.48812891897  40970.52
4255.52167333813  41139.76
4255.55521501023  41141.27
4255.58875393517  41654.45
4255.62229011283  41578.11
4255.65582354309  41397.73
4255.68935422585  40480.79
4255.72288216098  41510.
4255.75640734838  41277.72
4255.78992978792  41494.89
4255.8234494795  40885.11
4255.856966423  41595.13
4255.89048061831  41044.56
4255.92399206531  40593.52
4255.95750076388  40982.66
4255.99100671392  41004.91
4256.02450991531  41237.29
4256.05801036794  41077.01
4256.09150807168  41615.05
4256.12500302644  41350.69
4256.15849523209  41198.67
4256.19198468851  41509.69
4256.22547139561  41405.77
4256.25895535326  40845.24
4256.29243656135  40923.08
4256.32591501976  40319.09
4256.35939072839  40642.27
4256.39286368711  40685.31
4256.42633389582  40502.55
4256.4598013544  41609.
4256.49326606273  40897.1
4256.52672802071  41506.44
4256.56018722823  41595.94
4256.59364368515  41202.36
4256.62709739139  40495.52
4256.66054834681  41136.62
4256.69399655132  40001.24
4256.72744200478  40870.4
4256.7608847071  41174.3
4256.79432465815  41471.27
4256.82776185784  40255.46
4256.86119630603  40898.7
4256.89462800262  40761.62
4256.9280569475  41311.9
4256.96148314055  41279.46
4256.99490658166  40470.62
4257.02832727071  41223.26
4257.06174520761  40744.53
4257.09516039222  41044.48
4257.12857282444  40839.57
4257.16198250416  40615.76
4257.19538943126  41048.7
4257.22879360563  40871.93
4257.26219502716  41351.39
4257.29559369573  41099.59
4257.32898961124  41131.25
4257.36238277357  40758.48
4257.39577318261  40643.09
4257.42916083824  40773.66
4257.46254574035  40897.62
4257.49592788884  40457.26
4257.52930728358  40635.58
4257.56268392447  40151.27
4257.5960578114  40229.39
4257.62942894424  40238.51
4257.66279732289  39751.15
4257.69616294725  40002.68
4257.72952581719  40074.43
4257.76288593259  39697.89
4257.79624329337  40012.83
4257.82959789939  39682.91
4257.86294975055  39231.81
4257.89629884673  40172.45
4257.92964518783  40561.07
4257.96298877373  39809.7
4257.99632960432  40132.7
4258.02966767948  39724.91
4258.06300299911  40110.15
4258.0963355631  40380.77
4258.12966537133  40876.51
4258.16299242369  40741.98
4258.19631672008  40620.21
4258.22963826037  40620.12
4258.26295704445  40082.79
4258.29627307223  40547.12
4258.32958634357  40815.55
4258.36289685838  40347.17
4258.39620461654  40793.98
4258.42950961794  40341.32
4258.46281186247  40733.17
4258.49611135001  40694.71
4258.52940808047  40151.08
4258.56270205372  40610.09
4258.59599326965  41124.51
4258.62928172815  40760.96
4258.66256742912  40637.09
4258.69585037243  40082.72
4258.72913055799  40280.21
4258.76240798567  40635.8
4258.79568265537  40505.63
4258.82895456699  40436.42
4258.86222372039  40732.64
4258.89549011548  40115.29
4258.92875375215  40449.57
4258.96201463028  40645.1
4258.99527274976  40432.7
4259.02852811049  40232.71
4259.06178071235  40687.77
4259.09503055523  40926.5
4259.12827763902  40702.32
4259.16152196361  40827.26
4259.19476352889  40727.86
4259.22800233475  40741.7
4259.26123838108  41266.76
4259.29447166778  40724.37
4259.32770219471  40933.06
4259.36092996179  40600.8
4259.39415496889  40554.56
4259.42737721592  40636.41
4259.46059670275  40089.5
4259.49381342927  40237.12
4259.52702739539  40469.05
4259.56023860098  40276.94
4259.59344704594  40474.58
4259.62665273016  40368.68
4259.65985565353  40782.09
4259.69305581593  40187.73
4259.72625321726  40357.55
4259.75944785741  39930.4
4259.79263973627  40068.11
4259.82582885373  39539.3
4259.85901520967  38026.62
4259.892198804  38736.28
4259.92537963659  37790.25
4259.95855770734  38090.89
4259.99173301615  37753.42
4260.0249055629  37735.5
4260.05807534747  38158.62
4260.09124236977  37727.8
4260.12440662968  37873.73
4260.1575681271  37937.6
4260.19072686191  37718.57
4260.223882834  37505.33
4260.25703604327  38126.04
4260.2901864896  38461.57
4260.3233341729  39019.17
4260.35647909304  39369.69
4260.38962124992  40054.21
4260.42276064342  39492.53
4260.45589727345  40143.94
4260.48903113989  40656.29
4260.52216224264  40532.23
4260.55529058157  40704.88
4260.58841615659  40676.49
4260.62153896759  40845.07
4260.65465901446  40330.02
4260.68777629708  40458.36
4260.72089081535  41009.75
4260.75400256917  40223.21
4260.78711155841  40598.66
4260.82021778298  40173.6
4260.85332124277  40366.07
4260.88642193766  40874.07
4260.91951986755  40438.32
4260.95261503233  40292.53
4260.98570743189  40730.75
4261.01879706613  40866.43
4261.05188393492  40647.89
4261.08496803818  41228.21
4261.11804937578  40770.31
4261.15112794762  40300.21
4261.18420375359  40627.5
4261.21727679359  39625.82
4261.2503470675  39864.86
4261.28341457522  39853.23
4261.31647931664  39081.31
4261.34954129165  38730.74
4261.38260050014  38863.91
4261.415656942  39192.59
4261.44871061714  38884.6
4261.48176152543  38985.62
4261.51480966678  39189.07
4261.54785504106  39137.55
4261.58089764819  38887.23
4261.61393748804  38968.59
4261.64697456051  38655.21
4261.68000886549  39042.28
4261.71304040288  39515.96
4261.74606917257  39213.12
4261.77909517445  38827.83
4261.81211840841  39934.46
4261.84513887434  40488.27
4261.87815657215  39654.61
4261.91117150171  39784.36
4261.94418366292  40665.84
4261.97719305569  40603.11
4262.01019967989  39963.23
4262.04320353542  40270.82
4262.07620462217  40185.48
4262.10920294004  40270.77
4262.14219848892  40233.37
4262.17519126871  40484.57
4262.20818127929  40111.52
4262.24116852055  40535.88
4262.2741529924  40444.15
4262.30713469473  40448.82
4262.34011362742  40044.15
4262.37308979037  40774.54
4262.40606318348  40566.29
4262.43903380663  40359.49
4262.47200165972  40056.71
4262.50496674265  40181.67
4262.53792905531  40613.41
4262.57088859758  40287.44
4262.60384536937  40003.68
4262.63679937057  40152.38
4262.66975060106  40589.75
4262.70269906075  40389.67
4262.73564474953  40155.25
4262.76858766729  39970.95
4262.80152781393  40216.74
4262.83446518933  40228.93
4262.8673997934  39045.39
4262.90033162602  40052.03
4262.93326068709  40164.38
4262.96618697651  39766.15
4262.99911049416  40299.96
4263.03203123994  40438.62
4263.06494921375  39723.64
4263.09786441548  39935.87
4263.13077684502  40122.25
4263.16368650227  40015.85
4263.19659338712  39735.5
4263.22949749947  39742.29
4263.26239883921  40401.63
4263.29529740623  39473.37
4263.32819320042  39686.96
4263.36108622169  39897.54
4263.39397646993  40350.55
4263.42686394503  39361.96
4263.45974864688  39621.34
4263.49263057538  39749.71
4263.52550973043  39805.44
4263.55838611192  39618.06
4263.59125971974  39486.44
4263.62413055378  40171.61
4263.65699861395  39379.66
4263.68986390014  39881.31
4263.72272641223  39740.81
4263.75558615014  39657.8
4263.78844311374  40166.2
4263.82129730294  39770.29
4263.85414871763  39970.39
4263.88699735771  40087.48
4263.91984322307  39389.68
4263.9526863136  40114.34
4263.9855266292  39524.78
4264.01836416977  40385.08
4264.0511989352  40028.99
4264.08403092538  40568.74
4264.11686014021  39536.43
4264.1496865796  39544.74
4264.18251024341  39107.78
4264.21533113157  40104.97
4264.24814924396  39524.88
4264.28096458048  39960.81
4264.31377714101  39547.63
4264.34658692547  39532.09
4264.37939393374  39102.14
4264.41219816571  40346.64
4264.44499962129  39707.5
4264.47779830037  39174.82
4264.51059420284  39754.28
4264.54338732861  39516.98
4264.57617767756  40147.69
4264.60896524959  40025.3
4264.6417500446  39443.14
4264.67453206248  39562.61
4264.70731130313  39547.65
4264.74008776645  39095.02
4264.77286145233  38485.17
4264.80563236066  39530.4
4264.83840049135  40011.72
4264.87116584429  39929.25
4264.90392841937  39088.63
4264.93668821649  39233.51
4264.96944523554  39615.61
4265.00219947644  39977.91
4265.03495093905  39657.92
4265.0676996233  39451.76
4265.10044552906  39360.39
4265.13318865625  39412.52
4265.16592900475  39340.91
4265.19866657446  38822.01
4265.23140136527  39028.12
4265.26413337709  39829.48
4265.29686260981  39028.7
4265.32958906332  39649.52
4265.36231273753  39305.08
4265.39503363233  39134.61
4265.42775174761  39471.07
4265.46046708327  39795.83
4265.49317963922  38789.14
4265.52588941534  39564.83
4265.55859641153  39549.59
4265.5913006277  38922.7
4265.62400206372  39874.21
4265.65670071952  39498.15
4265.68939659497  38840.02
4265.72208968998  38475.63
4265.75478000444  39244.3
4265.78746753826  38966.64
4265.82015229132  38918.33
4265.85283426353  39125.45
