4236.02787774138  49628.1
4236.06708579622  49605.45
4236.10629137043  48797.88
4236.14549446382  50082.89
4236.18469507621  50273.
4236.22389320743  49644.98
4236.26308885726  50006.09
4236.30228202554  49867.09
4236.34147271207  49274.91
4236.38066091668  50463.18
4236.41984663917  50943.36
4236.45902987935  49853.71
4236.49821063706  48935.16
4236.53738891209  48902.22
4236.57656470426  50300.2
4236.61573801339  49889.12
4236.65490883928  50059.49
4236.69407718177  49465.3
4236.73324304065  49217.23
4236.77240641575  50663.14
4236.81156730688  49864.7
4236.85072571385  50299.99
4236.88988163647  49636.59
4236.92903507458  49563.75
4236.96818602797  49980.64
4237.00733449646  50123.82
4237.04648047987  48579.06
4237.08562397801  50481.25
4237.1247649907  49869.21
4237.16390351775  50120.3
4237.20303955898  50216.96
4237.2421731142  49406.14
4237.28130418323  50672.57
4237.32043276588  49462.54
4237.35955886196  49392.94
4237.3986824713  49838.66
4237.4378035937  49391.41
4237.47692222899  50509.36
4237.51603837698  50258.34
4237.55515203748  50185.09
4237.5942632103  49479.86
4237.63337189527  50092.82
4237.6724780922  50546.34
4237.71158180091  49963.84
4237.7506830212  49724.11
4237.7897817529  50512.09
4237.82887799582  50196.88
4237.86797174978  50948.93
4237.90706301458  50232.55
4237.94615179006  50199.25
4237.98523807602  50144.88
4238.02432187228  50283.76
4238.06340317865  49678.5
4238.10248199495  51048.95
4238.141558321  50100.86
4238.18063215661  50201.42
4238.2197035016  49802.88
4238.25877235578  49710.44
4238.29783871897  49681.29
4238.33690259099  49579.11
4238.37596397165  49191.48
4238.41502286077  49841.52
4238.45407925816  49592.52
4238.49313316364  49349.63
4238.53218457703  48820.36
4238.57123349813  49265.04
4238.61027992678  49592.51
4238.64932386278  49604.48
4238.68836530595  50552.34
4238.72740425611  50046.23
4238.76644071308  49731.45
4238.80547467666  49592.91
4238.84450614668  50492.86
4238.88353512295  50226.32
4238.92256160529  50118.25
4238.96158559352  50350.78
4239.00060708745  51251.01
4239.03962608689  50049.76
4239.07864259168  50045.14
4239.11765660161  49933.29
4239.15666811652  50538.52
4239.19567713621  50155.
4239.2346836605  50816.33
4239.27368768921  50464.61
4239.31268922216  49753.91
4239.35168825916  50817.52
4239.39068480003  50709.11
4239.42967884458  50599.17
4239.46867039265  50309.93
4239.50765944403  50206.13
4239.54664599855  50497.02
4239.58563005602  50263.68
4239.62461161627  49952.3
4239.6635906791  50588.98
4239.70256724434  50799.33
4239.74154131181  49836.08
4239.78051288131  51260.64
4239.81948195268  51322.97
4239.85844852572  50486.92
4239.89741260025  50552.47
4239.93637417609  49824.6
4239.97533325306  50665.72
4240.01428983097  50591.21
4240.05324390965  50089.68
4240.09219548891  49967.26
4240.13114456856  49694.91
4240.17009114843  50761.21
4240.20903522834  49969.64
4240.24797680809  50974.63
4240.28691588751  50345.16
4240.32585246642  50398.25
4240.36478654463  50722.85
4240.40371812197  50573.63
4240.44264719824  50181.1
4240.48157377327  50062.2
4240.52049784688  50024.57
4240.55941941888  50297.22
4240.59833848908  50733.19
4240.63725505733  50343.13
4240.67616912341  50266.71
4240.71508068717  51018.76
4240.7539897484  50724.95
4240.79289630694  51223.1
4240.8318003626  50376.73
4240.87070191519  50527.39
4240.90960096455  51095.03
4240.94849751047  50557.72
4240.98739155279  50655.05
4241.02628309132  49999.74
4241.06517212589  50497.89
4241.1040586563  50242.41
4241.14294268237  49951.43
4241.18182420394  49551.75
4241.2207032208  51131.02
4241.25957973279  50955.58
4241.29845373972  49582.99
4241.33732524141  49789.19
4241.37619423768  50563.16
4241.41506072834  50700.08
4241.45392471322  50013.16
4241.49278619214  50461.99
4241.53164516491  50348.87
4241.57050163135  50743.91
4241.60935559129  50112.66
4241.64820704453  50731.04
4241.6870559909  48877.61
4241.72590243022  48664.6
4241.76474636231  48289.48
4241.80358778698  48041.39
4241.84242670406  48563.08
4241.88126311337  48203.6
4241.92009701472  47467.51
4241.95892840793  47448.76
4241.99775729282  47095.47
4242.03658366922  47814.09
4242.07540753694  48107.52
4242.11422889579  47989.26
4242.15304774561  48095.84
4242.1918640862  48901.99
4242.23067791739  49108.19
4242.26948923901  48706.69
4242.30829805086  50695.07
4242.34710435276  50069.89
4242.38590814455  49914.24
4242.42470942603  50326.32
4242.46350819702  50571.29
4242.50230445735  50499.3
4242.54109820684  50901.11
4242.5798894453  50387.73
4242.61867817256  50292.91
4242.65746438843  50280.33
4242.69624809274  50577.45
4242.7350292853  50748.65
4242.77380796594  50396.46
4242.81258413447  50775.05
4242.85135779071  50405.11
4242.89012893449  50728.32
4242.92889756563  50628.25
4242.96766368394  50527.14
4243.00642728925  51182.55
4243.04518838136  51526.53
4243.08394696012  50809.65
4243.12270302533  50052.77
4243.16145657682  50442.14
4243.20020761441  49546.25
4243.23895613791  50545.87
4243.27770214715  50666.63
4243.31644564194  51135.98
4243.35518662212  50658.66
4243.39392508749  50958.18
4243.43266103788  50216.45
4243.47139447311  50476.67
4243.51012539301  50254.93
4243.54885379738  50524.56
4243.58757968606  50540.78
4243.62630305885  49996.88
4243.6650239156  50330.83
4243.7037422561  50814.23
4243.74245808019  50458.7
4243.78117138769  50042.84
4243.81988217841  50666.95
4243.85859045218  49570.84
4243.89729620882  49983.98
4243.93599944815  50324.17
4243.97470016998  50487.16
4244.01339837415  50591.77
4244.05209406048  51016.25
4244.09078722877  50156.09
4244.12947787887  50671.6
4244.16816601057  50780.7
4244.20685162372  50363.63
4244.24553471812  50854.96
4244.28421529361  50628.03
4244.32289334999  51009.14
4244.3615688871  51078.78
4244.40024190476  51239.27
4244.43891240278  50385.22
4244.47758038098  50957.17
4244.5162458392  50246.96
4244.55490877724  50543.5
4244.59356919494  51208.49
4244.63222709211  50289.95
4244.67088246857  50771.94
4244.70953532416  50667.96
4244.74818565868  50445.53
4244.78683347196  49930.71
4244.82547876382  50900.2
4244.86412153409  50266.11
4244.90276178259  50145.84
4244.94139950913  51068.36
4244.98003471354  50536.58
4245.01866739564  50323.7
4245.05729755526  50487.4
4245.09592519221  50514.28
4245.13455030632  50571.54
4245.17317289741  50594.96
4245.21179296531  51103.33
4245.25041050982  49914.39
4245.28902553079  50458.7
4245.32763802802  50724.11
4245.36624800135  50075.28
4245.40485545058  50209.46
4245.44346037556  51080.78
4245.48206277609  50704.77
4245.520662652  50413.97
4245.55926000312  51345.6
4245.59785482926  50142.16
4245.63644713025  50576.92
4245.67503690591  50339.15
4245.71362415607  50669.11
4245.75220888054  51800.39
4245.79079107915  50642.54
4245.82937075172  50664.6
4245.86794789808  51454.38
4245.90652251804  50418.38
4245.94509461143  50719.54
4245.98366417807  50113.91
4246.02223121779  50626.05
4246.06079573041  50700.12
4246.09935771575  50010.56
4246.13791717364  49900.35
4246.17647410389  48259.61
4246.21502850633  47574.23
4246.25358038079  47314.3
4246.29212972708  46993.9
4246.33067654504  46518.73
4246.36922083447  46773.69
4246.40776259522  46153.77
4246.44630182709  47011.39
4246.48483852991  45887.39
4246.52337270352  46343.02
4246.56190434772  46998.29
4246.60043346235  46727.56
4246.63896004722  47459.57
4246.67748410216  47963.11
4246.716005627  48735.2
4246.75452462155  49718.29
4246.79304108564  49693.19
4246.8315550191  50167.24
4246.87006642175  49800.39
4246.90857529341  49894.18
4246.9470816339  50035.65
4246.98558544305  49919.59
4247.02408672069  49950.81
4247.06258546664  49753.68
4247.10108168071  50431.96
4247.13957536274  50271.5
4247.17806651254  50488.7
4247.21655512995  50393.91
4247.25504121479  50363.67
4247.29352476688  50508.85
4247.33200578604  50339.99
4247.3704842721  50791.7
4247.40896022489  50789.95
4247.44743364422  51011.98
4247.48590452992  50563.75
4247.52437288182  50373.74
4247.56283869974  50555.51
4247.6013019835  50047.14
4247.63976273293  50800.47
4247.67822094786  50914.84
4247.7166766281  51168.56
4247.75512977349  51058.62
4247.79358038384  50680.05
4247.83202845898  50970.22
4247.87047399873  50871.07
4247.90891700293  50706.1
4247.94735747139  51262.77
4247.98579540395  51218.84
4248.02423080041  51057.77
4248.06266366062  50491.42
4248.10109398439  50545.87
4248.13952177154  50259.17
4248.17794702192  50704.95
4248.21636973533  51193.83
4248.2547899116  51217.75
4248.29320755056  51070.66
4248.33162265203  50877.09
4248.37003521585  51050.11
4248.40844524182  50963.1
4248.44685272979  50706.18
4248.48525767956  50701.16
4248.52366009098  51594.2
4248.56205996386  50952.25
4248.60045729803  50914.4
4248.63885209331  50343.91
4248.67724434954  51023.91
4248.71563406653  50451.8
4248.75402124411  50824.89
4248.7924058821  50393.96
4248.83078798034  50311.51
4248.86916753864  50747.29
4248.90754455684  51639.15
4248.94591903475  50952.97
4248.98429097221  51280.8
4249.02266036903  51102.73
4249.06102722505  50678.97
4249.09939154009  50815.46
4249.13775331398  51325.
4249.17611254654  50714.02
4249.2144692376  51374.77
4249.25282338698  51081.53
4249.29117499451  50517.02
4249.32952406001  50822.8
4249.36787058332  50731.39
4249.40621456425  51069.89
4249.44455600264  50496.65
4249.48289489831  48948.23
4249.52123125108  49618.2
4249.55956506078  49420.55
4249.59789632724  49440.97
4249.63622505028  49738.25
4249.67455122974  49329.13
4249.71287486543  49298.64
4249.75119595718  49595.79
4249.78951450482  49046.59
4249.82783050818  48899.97
4249.86614396708  48728.68
4249.90445488135  50081.68
4249.94276325081  49530.97
4249.98106907529  49266.71
4250.01937235462  50099.7
4250.05767308863  49926.36
4250.09597127713  48989.3
4250.13426691996  49091.75
4250.17256001695  49281.3
4250.21085056792  48989.9
4250.24913857269  48445.91
4250.2874240311  48633.54
4250.32570694297  48796.39
4250.36398730813  48392.61
4250.4022651264  48388.59
4250.44054039761  49066.68
4250.4788131216  48603.55
4250.51708329817  48472.22
4250.55535092718  49172.56
4250.59361600843  48103.23
4250.63187854176  48949.39
4250.67013852699  49520.19
4250.70839596395  50222.96
4250.74665085247  50883.67
4250.78490319238  50848.84
4250.8231529835  50934.04
4250.86140022566  51312.39
4250.89964491868  50544.49
4250.93788706241  51392.43
4250.97612665665  51036.4
4251.01436370124  51054.18
4251.05259819602  50952.36
4251.09083014079  50419.13
4251.1290595354  51375.35
4251.16728637967  50801.18
4251.20551067342  51150.69
4251.24373241649  51333.96
4251.28195160871  50916.43
4251.32016824989  50833.66
4251.35838233987  50431.7
4251.39659387848  50962.44
4251.43480286554  50171.59
4251.47300930088  49603.06
4251.51121318434  51647.23
4251.54941451573  50942.14
4251.58761329489  51049.33
4251.62580952164  50855.57
4251.66400319581  50938.71
4251.70219431722  51438.75
4251.74038288573  51531.14
4251.77856890113  50791.52
4251.81675236327  50378.86
4251.85493327197  51158.93
4251.89311162706  51081.64
4251.93128742837  50931.57
4251.96946067573  50680.02
4252.00763136896  50682.8
4252.0457995079  50343.43
4252.08396509237  50114.42
4252.1221281222  50204.25
4252.16028859722  49899.76
4252.19844651726  50680.85
4252.23660188214  50211.95
4252.2747546917  50366.37
4252.31290494576  49923.16
4252.35105264415  49926.79
4252.38919778671  49992.64
4252.42734037325  50592.23
4252.46548040362  50098.25
4252.50361787763  50680.43
4252.54175279511  50651.78
4252.5798851559  50798.04
4252.61801495983  50503.62
4252.65614220672  50699.87
4252.6942668964  50073.79
4252.7323890287  50982.59
4252.77050860345  50628.37
4252.80862562048  50992.71
4252.84674007962  50741.9
4252.88485198069  50863.11
4252.92296132354  50949.86
4252.96106810797  50785.32
4252.99917233383  50669.1
4253.03727400095  51175.24
4253.07537310915  51023.85
4253.11346965827  51332.59
4253.15156364812  50954.41
4253.18965507855  50860.71
4253.22774394938  50720.42
4253.26583026044  50888.33
4253.30391401156  50312.8
4253.34199520256  51182.94
4253.38007383329  50779.29
4253.41814990357  51007.42
4253.45622341323  50449.32
4253.49429436209  50343.38
4253.53236275  50704.43
4253.57042857677  50642.
4253.60849184224  51024.79
4253.64655254624  50632.95
4253.6846106886  49133.48
4253.72266626914  49602.39
4253.7607192877  49254.98
4253.79876974411  49168.89
4253.83681763819  49510.4
4253.87486296979  49025.27
4253.91290573872  48921.34
4253.95094594482  48951.53
4253.98898358791  49160.96
4254.02701866784  49516.79
4254.06505118442  48933.02
4254.1030811375  49236.25
4254.14110852689  49080.4
4254.17913335243  49273.97
4254.21715561395  49240.46
4254.25517531128  49653.51
4254.29319244426  50341.79
4254.3312070127  50638.84
4254.36921901645  50173.1
4254.40722845532  50669.13
4254.44523532916  50659.3
4254.4832396378  50784.27
4254.52124138106  51423.91
4254.55924055877  51115.09
4254.59723717077  50281.8
4254.63523121688  50397.3
4254.67322269694  51443.77
4254.71121161079  50631.38
4254.74919795824  50811.95
4254.78718173912  50761.09
4254.82516295328  50651.
4254.86314160055  50850.57
4254.90111768074  50518.89
4254.9390911937  50488.5
4254.97706213925  50428.02
4255.01503051723  50291.11
4255.05299632747  50691.54
4255.09095956979  50652.12
4255.12892024403  50507.47
4255.16687835003  50413.18
4255.20483388761  50942.9
4255.2427868566  50388.59
4255.28073725683  51073.02
4255.31868508814  50939.49
4255.35663035036  50092.14
4255.39457304332  50593.36
4255.43251316685  51177.92
4255.47045072078  50789.5
4255.50838570494  50292.8
4255.54631811917  50519.95
4255.5842479633  49924.41
4255.62217523716  50886.24
4255.66009994057  50832.8
4255.69802207338  50242.71
4255.73594163541  50743.66
4255.7738586265  50028.53
4255.81177304647  51051.7
4255.84968489517  50360.07
4255.88759417242  50905.25
4255.92550087804  50718.09
4255.96340501189  51272.49
4256.00130657378  50496.04
4256.03920556355  50655.03
4256.07710198104  50516.16
4256.11499582606  50248.27
4256.15288709846  50453.83
4256.19077579807  50703.55
4256.22866192472  50486.99
4256.26654547825  50621.77
4256.30442645848  50916.95
4256.34230486524  49958.02
4256.38018069838  50447.86
4256.41805395771  50516.58
4256.45592464309  50656.49
4256.49379275432  50562.48
4256.53165829126  50151.89
4256.56952125373  50526.68
4256.60738164156  50569.74
4256.64523945459  50268.15
4256.68309469266  50357.36
4256.72094735558  50319.72
4256.7587974432  50762.87
4256.79664495535  50817.
4256.83448989185  50654.36
4256.87233225255  50842.52
4256.91017203728  50777.05
4256.94800924587  50734.55
4256.98584387815  51014.44
4257.02367593396  50635.76
4257.06150541312  50833.15
4257.09933231548  50971.06
4257.13715664085  50645.14
4257.17497838909  50538.43
4257.21279756002  50516.42
4257.25061415347  50867.57
4257.28842816928  51115.81
4257.32623960728  50394.7
4257.3640484673  50694.27
4257.40185474918  50681.66
4257.43965845275  50161.11
4257.47745957785  50347.99
4257.5152581243  50118.64
4257.55305409194  49828.79
4257.59084748061  49549.76
4257.62863829013  49253.88
4257.66642652035  49219.59
4257.70421217109  49288.84
4257.74199524218  48867.98
4257.77977573348  49083.41
4257.81755364479  49171.56
4257.85532897597  49085.29
4257.89310172684  49423.
4257.93087189723  49235.86
4257.96863948699  49257.25
4258.00640449594  50059.21
4258.04416692393  49775.75
4258.08192677077  50308.14
4258.11968403631  49845.07
4258.15743872038  50566.21
4258.19519082282  49917.55
4258.23294034346  50476.53
4258.27068728213  50499.11
4258.30843163866  50557.56
4258.3461734129  50944.81
4258.38391260468  50336.02
4258.42164921382  51132.35
4258.45938324017  50815.08
4258.49711468355  50736.91
4258.53484354382  50611.05
4258.57256982078  51157.84
4258.61029351429  50724.01
4258.64801462417  50481.82
4258.68573315027  50427.05
4258.72344909241  50862.59
4258.76116245043  50162.84
4258.79887322417  50657.57
4258.83658141346  50729.25
4258.87428701812  49925.88
4258.91199003801  50620.98
4258.94969047295  49991.54
4258.98738832278  50206.84
4259.02508358734  50208.08
4259.06277626645  50010.42
4259.10046635995  50872.23
4259.13815386768  50531.07
4259.17583878947  50358.56
4259.21352112517  50163.94
4259.25120087459  50090.46
4259.28887803758  50923.5
4259.32655261398  50786.57
4259.36422460361  50502.54
4259.40189400632  50473.26
4259.43956082193  50476.09
4259.47722505029  50282.84
4259.51488669123  50398.49
4259.55254574458  50138.28
4259.59020221018  50389.78
4259.62785608787  50137.52
4259.66550737747  50182.62
4259.70315607884  49900.11
4259.74080219179  49753.54
4259.77844571617  49745.23
4259.81608665182  48901.8
4259.85372499856  47917.97
4259.89136075623  47580.52
4259.92899392468  47287.67
4259.96662450373  46944.09
4260.00425249322  46895.55
4260.04187789299  46931.9
4260.07950070287  46766.52
4260.1171209227  47097.83
4260.15473855231  46822.23
4260.19235359154  46819.02
4260.22996604023  47041.63
4260.26757589821  47405.19
4260.30518316532  47744.
4260.34278784139  48090.07
4260.38038992627  48988.33
4260.41798941978  50076.02
4260.45558632176  50056.49
4260.49318063205  50218.22
4260.53077235049  50117.99
4260.5683614769  50373.67
4260.60594801114  50305.19
4260.64353195303  50689.73
4260.6811133024  50286.47
4260.71869205911  50364.24
4260.75626822298  50574.21
4260.79384179384  50314.98
4260.83141277155  50322.91
4260.86898115592  50612.57
4260.90654694681  50056.4
4260.94411014404  50620.24
4260.98167074745  50754.48
4261.01922875688  49954.8
4261.05678417217  50603.86
4261.09433699315  50121.98
4261.13188721966  50735.31
4261.16943485154  50677.7
4261.20697988862  50223.2
4261.24452233074  49509.59
4261.28206217773  49370.47
4261.31959942944  49087.95
4261.3571340857  48484.56
4261.39466614635  48463.54
4261.43219561122  48403.93
4261.46972248015  48785.08
4261.50724675299  48737.26
4261.54476842956  48388.88
4261.58228750971  48658.12
4261.61980399326  48684.9
4261.65731788006  48578.
4261.69482916995  48862.2
4261.73233786276  48825.89
4261.76984395833  49236.55
4261.8073474565  49706.39
4261.8448483571  49730.67
4261.88234665998  50455.96
4261.91984236496  50547.92
4261.9573354719  50123.54
4261.99482598062  50189.47
4262.03231389096  50078.44
4262.06979920276  50551.82
4262.10728191586  50356.74
4262.14476203009  50829.72
4262.1822395453  50226.79
4262.21971446132  50700.12
4262.25718677799  50135.74
4262.29465649515  49857.63
4262.33212361263  50365.63
4262.36958813028  50504.82
4262.40705004792  50417.37
4262.44450936541  50050.36
4262.48196608257  50351.06
4262.51942019925  50458.44
4262.55687171527  50756.8
4262.5943206305  50271.58
4262.63176694475  50354.2
4262.66921065787  50481.18
4262.70665176969  50030.48
4262.74409028006  50233.59
4262.78152618882  50238.02
4262.81895949579  50344.
4262.85639020082  50543.29
4262.89381830375  50780.21
4262.93124380442  50379.84
4262.96866670266  50404.41
4263.00608699832  50322.21
4263.04350469122  50313.57
4263.08091978122  50149.67
4263.11833226815  50457.9
4263.15574215184  50499.25
4263.19314943214  49916.82
4263.23055410889  50340.94
4263.26795618192  50400.16
4263.30535565108  49997.44
4263.34275251619  50408.57
4263.38014677711  50489.27
4263.41753843366  50258.34
4263.4549274857  50102.32
4263.49231393305  50290.02
4263.52969777556  50082.27
4263.56707901306  50172.61
4263.6044576454  50211.44
4263.64183367242  50215.99
4263.67920709394  49970.75
4263.71657790982  50140.3
4263.75394611989  50276.19
4263.79131172399  50378.09
4263.82867472196  50085.31
4263.86603511365  50171.33
4263.90339289887  50155.77
4263.94074807749  50132.01
4263.97810064934  50294.35
4264.01545061425  50557.25
4264.05279797207  50435.82
4264.09014272264  50075.87
4264.12748486579  50124.37
4264.16482440136  49946.32
4264.20216132921  50387.48
4264.23949564915  50017.71
4264.27682736104  50434.46
4264.31415646472  50144.19
4264.35148296002  49856.02
4264.38880684678  50177.67
4264.42612812485  50179.74
4264.46344679406  50050.29
4264.50076285426  50189.39
4264.53807630528  50203.11
4264.57538714696  50171.16
4264.61269537914  49640.96
4264.65000100168  50021.
4264.68730401439  49689.61
4264.72460441713  50137.73
4264.76190220973  50183.48
4264.79919739203  50118.24
4264.83648996389  50721.93
4264.87377992512  50166.61
4264.91106727558  50255.56
4264.94835201511  50460.07
4264.98563414354  50218.14
4265.02291366072  50024.29
4265.06019056649  49782.46
4265.09746486068  49722.24
4265.13473654314  49860.15
4265.17200561371  50449.4
4265.20927207223  50431.15
4265.24653591854  49955.19
4265.28379715248  49674.48
4265.3210557739  50192.55
4265.35831178262  49826.02
4265.39556517849  50168.53
4265.43281596136  50247.91
4265.47006413107  50175.47
4265.50730968745  49962.87
4265.54455263034  49659.79
4265.58179295959  50077.54
4265.61903067504  50147.33
4265.65626577653  49791.25
4265.6934982639  50219.82
4265.730728137  50152.08
4265.76795539565  50192.69
4265.8051800397  49868.89
4265.84240206901  50551.44
4265.87962148339  50143.74
4265.91683828271  49851.48
4265.95405246679  49913.03
4265.99126403549  49741.76
4266.02847298863  49948.95
4266.06567932607  50122.25
4266.10288304764  50013.96
4266.14008415319  50047.58
4266.17728264255  50459.17
4266.21447851558  49865.55
4266.2516717721  50076.21
4266.28886241197  50309.08
4266.32605043502  49980.61
4266.36323584109  49853.76
4266.40041863003  49501.53
4266.43759880168  49760.92
4266.47477635588  49518.62
4266.51195129248  49678.18
4266.5491236113  49725.46
4266.58629331221  49460.2
4266.62346039503  49571.29
4266.66062485961  48897.95
4266.6977867058  49287.09
4266.73494593342  49310.88
4266.77210254234  49292.62
4266.80925653238  49389.36
4266.84640790339  49293.83
4266.88355665522  49332.73
4266.9207027877  49208.37
4266.95784630067  49342.95
4266.99498719399  49952.91
4267.03212546749  49860.82
4267.06926112101  49726.05
4267.1063941544  49864.18
4267.1435245675  49843.69
4267.18065236014  49978.07
4267.21777753219  49947.81
4267.25490008346  49430.29
4267.29202001382  49626.52
4267.3291373231  49861.68
4267.36625201115  49714.15
4267.4033640778  49782.32
4267.44047352289  49613.72
4267.47758034628  49624.72
4267.51468454781  50158.17
4267.55178612732  49532.44
4267.58888508464  49522.11
4267.62598141963  49790.72
4267.66307513213  49596.88
4267.70016622197  50307.71
4267.73725468901  49844.84
4267.77434053308  49567.18
4267.81142375403  50201.04
4267.8485043517  49831.4
4267.88558232594  50009.09
4267.92265767658  49928.14
4267.95973040348  49843.63
4267.99680050647  49353.07
4268.0338679854  50087.5
4268.07093284011  50040.43
4268.10799507044  49994.48
4268.14505467624  49433.52
4268.18211165735  49908.99
4268.21916601361  49439.46
4268.25621774488  49744.59
4268.29326685098  49689.54
4268.33031333177  49179.85
4268.36735718709  49685.76
4268.40439841678  49288.44
4268.44143702069  49142.63
4268.47847299865  49036.39
4268.51550635052  48895.37
4268.55253707613  49224.82
4268.58956517534  49108.48
4268.62659064798  48659.92
4268.6636134939  48531.27
4268.70063371294  48457.62
4268.73765130495  48615.61
4268.77466626976  48480.34
4268.81167860724  48465.17
4268.8486883172  48875.18
4268.88569539952  48569.17
4268.92269985401  48393.02
4268.95970168054  49238.84
4268.99670087895  49060.98
4269.03369744907  48860.45
4269.07069139076  49008.22
4269.10768270385  49209.08
4269.14467138819  49116.45
4269.18165744363  49666.2
4269.21864087001  49239.06
4269.25562166718  49469.94
4269.29259983498  49899.95
4269.32957537325  49809.68
4269.36654828183  49867.65
4269.40351856058  49459.68
4269.44048620934  49902.12
4269.47745122795  49305.43
4269.51441361626  49737.36
4269.55137337411  49409.46
4269.58833050134  49789.93
4269.62528499781  49940.12
4269.66223686335  49286.71
4269.69918609781  49477.05
4269.73613270104  49172.02
4269.77307667288  49608.11
4269.81001801317  49751.88
4269.84695672177  49653.44
4269.88389279851  49324.21
4269.92082624324  49752.18
4269.9577570558  49278.31
4269.99468523605  49628.29
4270.03161078382  49413.
4270.06853369896  49659.12
4270.10545398132  49549.15
4270.14237163074  49462.87
4270.17928664707  48953.14
4270.21619903015  49471.6
4270.25310877982  49367.94
4270.29001589595  49313.83
4270.32692037835  49566.14
4270.36382222689  49374.59
4270.40072144142  49254.26
4270.43761802176  48860.95
4270.47451196778  48892.58
4270.51140327931  48398.14
4270.54829195621  48002.34
4270.58517799831  47914.02
4270.62206140546  48222.52
4270.65894217751  47962.07
4270.69582031431  47733.07
4270.7326958157  47790.55
4270.76956868152  47515.48
4270.80643891163  47929.73
4270.84330650586  47731.98
4270.88017146407  47793.67
4270.9170337861  47712.91
4270.95389347179  47589.43
4270.990750521  47737.74
4271.02760493356  47457.57
4271.06445670933  47556.51
4271.10130584815  46648.8
4271.13815234987  46093.13
4271.17499621433  45029.98
4271.21183744138  44528.09
4271.24867603086  44334.67
4271.28551198263  44556.71
4271.32234529652  44042.95
4271.35917597239  43812.
4271.39600401008  44130.34
4271.43282940944  43980.48
4271.46965217031  44255.8
4271.50647229254  44566.37
4271.54328977598  44823.48
4271.58010462047  45475.12
4271.61691682587  46318.79
4271.65372639201  47263.42
4271.69053331874  47989.19
4271.72733760592  48531.11
4271.76413925338  49108.59
4271.80093826098  49372.31
4271.83773462856  49330.12
4271.87452835597  49063.36
4271.91131944305  49559.43
4271.94810788965  49228.81
4271.98489369563  49233.67
4272.02167686082  49499.16
4272.05845738507  49458.17
4272.09523526824  48841.76
4272.13201051016  49511.91
4272.16878311068  49287.96
4272.20555306966  48943.74
4272.24232038694  49424.
4272.27908506236  49439.31
4272.31584709578  49526.7
4272.35260648703  49159.44
4272.38936323598  49389.3
4272.42611734246  49346.39
4272.46286880633  49277.16
4272.49961762743  49461.38
4272.5363638056  49413.66
4272.5731073407  49214.02
4272.60984823258  49023.3
4272.64658648107  48745.86
4272.68332208604  48182.09
4272.72005504732  48280.86
4272.75678536476  47984.81
4272.79351303822  48112.66
4272.83023806754  47951.64
4272.86696045257  47581.68
4272.90368019315  48035.05
4272.94039728913  48112.07
4272.97711174037  47777.27
4273.01382354671  47934.16
4273.05053270799  47995.81
4273.08723922407  47885.43
4273.1239430948  47819.16
4273.16064432001  47979.26
4273.19734289957  48411.65
4273.23403883331  48707.61
4273.27073212109  49297.93
4273.30742276275  49023.98
4273.34411075815  49136.79
4273.38079610713  49187.62
4273.41747880954  49283.73
4273.45415886523  49495.86
4273.49083627404  49017.86
4273.52751103583  48839.21
4273.56418315045  49435.34
4273.60085261773  49179.67
4273.63751943754  49050.37
4273.67418360971  49257.26
4273.7108451341  49207.55
4273.74750401057  48938.62
4273.78416023894  49361.31
4273.82081381908  49068.43
4273.85746475083  49024.43
4273.89411303405  49241.16
4273.93075866857  49381.34
4273.96740165426  48978.62
4274.00404199095  48955.82
4274.0406796785  48916.18
4274.07731471676  48786.13
4274.11394710557  48521.35
4274.15057684479  48681.5
4274.18720393426  48265.59
4274.22382837384  48059.14
4274.26045016336  47803.32
4274.29706930269  47968.54
4274.33368579167  47927.61
4274.37029963015  47967.13
4274.40691081797  47967.73
4274.443519355  47777.01
4274.48012524107  48219.84
4274.51672847604  47936.14
4274.55332905976  47871.94
4274.58992699208  47661.4
4274.62652227284  47970.7
4274.66311490189  48172.88
4274.69970487909  48537.55
4274.73629220429  48589.99
4274.77287687732  49189.09
4274.80945889806  48516.09
4274.84603826633  48975.14
4274.88261498201  48636.02
4274.91918904492  48096.14
4274.95576045493  47961.77
4274.99232921188  47976.61
4275.02889531562  47856.46
4275.065458766  47534.35
4275.10201956288  47763.34
4275.1385777061  47608.4
4275.17513319552  48030.96
4275.21168603098  47548.
4275.24823621233  47568.66
4275.28478373942  47835.52
4275.32132861211  47629.03
4275.35787083024  47764.64
4275.39441039366  48236.88
4275.43094730223  48562.87
4275.4674815558  49048.12
4275.50401315421  49068.91
4275.54054209731  49055.04
4275.57706838496  49110.14
4275.61359201701  48837.15
4275.6501129933  48649.42
4275.6866313137  48805.59
4275.72314697803  49098.68
4275.75965998617  48946.02
4275.79617033796  48900.83
4275.83267803325  48722.4
4275.86918307189  48507.7
4275.90568545372  48931.45
4275.94218517862  48603.22
4275.97868224641  49158.3
4276.01517665696  49247.41
4276.05166841011  49071.19
4276.08815750572  49296.73
4276.12464394364  48664.94
4276.16112772371  49338.62
4276.19760884579  49247.67
4276.23408730973  49142.03
4276.27056311539  48708.21
4276.3070362626  49320.25
4276.34350675123  49317.38
4276.37997458112  48706.18
4276.41643975213  48523.32
4276.4529022641  48944.52
4276.4893621169  48819.59
4276.52581931036  48725.21
4276.56227384434  49232.19
4276.5987257187  49020.49
4276.63517493328  48854.51
4276.67162148794  49083.14
4276.70806538252  48873.05
4276.74450661688  49114.47
4276.78094519087  49102.18
4276.81738110434  48795.19
4276.85381435715  48655.51
4276.89024494914  48859.75
4276.92667288017  48617.62
4276.96309815008  48802.59
4276.99952075874  48731.43
4277.03594070599  49031.06
4277.07235799168  48532.8
4277.10877261567  48735.93
4277.14518457781  48867.04
4277.18159387795  48666.99
4277.21800051594  48896.8
4277.25440449163  48764.86
4277.29080580488  48673.66
4277.32720445553  48977.49
4277.36360044345  48353.57
4277.39999376848  48709.39
4277.43638443048  48634.2
4277.47277242929  48605.98
4277.50915776477  48599.05
4277.54554043677  48732.31
4277.58192044515  48383.32
4277.61829778975  48472.7
4277.65467247043  48433.79
4277.69104448705  48122.45
4277.72741383945  48532.39
4277.76378052748  48382.84
4277.800144551  47963.57
4277.83650590987  48158.1
4277.87286460392  48006.12
4277.90922063303  48077.14
4277.94557399703  48178.31
4277.98192469579  48453.77
4278.01827272915  48676.69
4278.05461809697  48604.85
4278.0909607991  48778.88
4278.1273008354  48456.82
4278.16363820571  48950.02
4278.19997290989  48673.33
4278.23630494779  48595.12
4278.27263431927  48571.31
4278.30896102418  48844.31
4278.34528506237  48171.34
4278.38160643369  48314.11
4278.41792513801  48798.83
4278.45424117516  48636.43
4278.49055454501  48643.15
4278.5268652474  48547.35
4278.5631732822  48579.71
4278.59947864925  48723.27
4278.63578134841  48681.68
4278.67208137953  48464.34
4278.70837874247  48698.83
4278.74467343707  48755.1
4278.7809654632  48309.39
4278.8172548207  48821.77
4278.85354150943  48510.04
4278.88982552924  48546.89
4278.92610687999  48616.86
4278.96238556153  48673.58
4278.99866157371  47944.32
4279.03493491639  48754.99
4279.07120558942  48817.72
4279.10747359265  48313.82
4279.14373892595  48932.97
4279.18000158916  48408.42
4279.21626158213  48467.23
4279.25251890472  48225.32
4279.28877355679  48638.56
4279.32502553819  48362.87
4279.36127484877  48670.85
4279.39752148838  48077.64
4279.43376545689  48376.31
4279.47000675415  48359.75
4279.50624538  48326.29
4279.54248133431  48420.32
4279.57871461692  48621.06
4279.6149452277  48562.26
4279.65117316649  48502.73
4279.68739843316  48422.95
4279.72362102755  48710.99
4279.75984094952  48216.23
4279.79605819892  48351.35
4279.83227277562  48381.25
4279.86848467946  48063.59
4279.90469391029  48195.17
4279.94090046798  48676.49
4279.97710435238  48452.02
4280.01330556334  48534.61
4280.04950410071  48523.08
4280.08569996436  48663.03
4280.12189315413  48627.65
4280.15808366989  48247.8
4280.19427151148  48593.27
4280.23045667876  48538.47
4280.26663917159  47784.24
4280.30281898983  47983.11
4280.33899613331  48324.79
4280.37517060191  48634.53
4280.41134239547  48532.28
4280.44751151386  48517.46
4280.48367795692  48096.48
4280.51984172452  48457.12
4280.5560028165  48140.34
4280.59216123272  48081.43
4280.62831697305  47881.16
4280.66447003732  48149.22
4280.7006204254  48337.31
4280.73676813715  48485.74
4280.77291317242  48193.76
4280.80905553106  48125.38
4280.84519521293  48413.67
4280.88133221789  48046.01
4280.91746654578  48361.11
4280.95359819648  48408.39
4280.98972716983  48037.68
4281.02585346568  48393.71
4281.06197708391  48478.68
4281.09809802435  48173.73
4281.13421628686  48128.89
4281.17033187131  48265.95
4281.20644477755  48327.53
4281.24255500542  48113.16
4281.2786625548  48227.52
4281.31476742553  48281.09
4281.35086961748  48222.1
4281.38696913049  48279.62
4281.42306596442  48273.58
4281.45916011914  48508.01
4281.49525159449  48467.45
4281.53134039033  48149.02
4281.56742650651  48235.03
4281.60350994291  48270.46
4281.63959069936  48070.94
4281.67566877573  48223.93
4281.71174417188  47521.81
4281.74781688765  47614.64
4281.78388692291  46985.28
4281.81995427751  47053.69
4281.85601895131  47033.97
4281.89208094416  47353.36
4281.92814025593  47233.55
4281.96419688647  47652.36
4282.00025083563  47288.13
4282.03630210327  47158.64
4282.07235068926  47251.11
4282.10839659343  46890.39
4282.14443981566  47015.04
4282.1804803558  47192.71
4282.21651821371  46941.56
4282.25255338923  47122.86
4282.28858588224  47186.71
4282.32461569259  47701.2
4282.36064282012  47377.17
4282.39666726471  47301.61
4282.43268902621  47803.12
4282.46870810447  47471.12
4282.50472449935  47918.87
4282.54073821071  47840.37
4282.5767492384  47553.4
4282.61275758229  47661.13
4282.64876324224  47673.79
4282.68476621808  47695.38
4282.7207665097  47724.12
4282.75676411694  47554.09
4282.79275903965  47671.64
4282.82875127771  47150.33
4282.86474083096  47789.54
4282.90072769926  47462.63
4282.93671188247  48252.12
4282.97269338045  48361.46
4283.00867219306  48208.11
4283.04464832015  48274.52
4283.08062176158  48060.75
4283.1165925172  47583.48
4283.15256058689  48119.94
4283.18852597048  48100.12
4283.22448866785  47507.62
4283.26044867885  47510.8
4283.29640600334  47862.19
4283.33236064117  48136.77
4283.3683125922  47889.5
4283.4042618563  47864.3
4283.44020843332  48081.27
4283.47615232311  47691.87
4283.51209352554  47682.09
4283.54803204046  47367.59
4283.58396786774  47319.76
4283.61990100722  47198.62
4283.65583145877  46929.05
4283.69175922225  46865.98
4283.72768429752  46949.54
4283.76360668442  47334.46
4283.79952638283  47136.05
4283.8354433926  46841.64
4283.87135771359  46897.42
4283.90726934566  47029.05
4283.94317828866  46838.72
4283.97908454245  46865.23
4284.0149881069  46466.75
4284.05088898186  47272.
4284.08678716719  47383.13
4284.12268266275  47290.39
4284.15857546839  47622.66
4284.19446558398  47687.5
4284.23035300938  47907.73
4284.26623774444  47922.62
4284.30211978902  47506.05
4284.33799914299  47908.78
4284.37387580619  47543.21
4284.4097497785  47943.17
4284.44562105976  47507.88
4284.48148964985  47306.72
4284.5173555486  47842.53
4284.5532187559  48087.08
4284.58907927159  47756.16
4284.62493709553  48016.71
4284.66079222759  47549.48
4284.69664466762  47544.05
4284.73249441548  47612.89
4284.76834147103  47410.54
4284.80418583414  47864.36
4284.84002750465  47488.59
4284.87586648244  47772.29
4284.91170276735  47710.86
4284.94753635925  47623.75
4284.983367258  47412.04
4285.01919546346  47572.99
4285.05502097548  47585.37
4285.09084379393  47448.47
4285.12666391867  47472.36
4285.16248134955  47850.98
4285.19829608644  47680.91
4285.2341081292  47408.
4285.26991747768  47518.45
4285.30572413175  47131.66
4285.34152809126  47635.86
4285.37732935608  47669.21
4285.41312792606  47598.02
4285.44892380107  47476.58
4285.48471698097  47713.5
4285.5205074656  47349.55
4285.55629525485  47433.98
4285.59208034856  47243.91
4285.6278627466  47886.96
4285.66364244882  47744.41
4285.69941945509  47599.12
4285.73519376526  47504.79
4285.77096537921  47609.74
4285.80673429677  47424.05
4285.84250051783  47590.36
4285.87826404224  47342.65
4285.91402486985  47124.11
4285.94978300053  47103.36
4285.98553843414  47793.16
4286.02129117054  47295.4
4286.0570412096  47647.9
4286.09278855116  47646.22
4286.1285331951  47256.97
4286.16427514126  47553.59
4286.20001438953  47325.61
4286.23575093974  47334.82
4286.27148479177  47820.29
4286.30721594548  47317.53
4286.34294440072  47428.63
4286.37867015736  47176.47
4286.41439321526  47655.25
4286.45011357428  47682.58
4286.48583123428  47323.84
4286.52154619511  47326.53
4286.55725845666  47229.36
4286.59296801876  47136.3
4286.62867488129  47138.3
4286.66437904411  47299.21
4286.70008050708  47052.79
4286.73577927005  47497.49
4286.77147533289  47688.71
4286.80716869546  47374.09
4286.84285935763  47258.89
4286.87854731925  47465.57
4286.91423258019  47316.16
4286.9499151403  47249.07
4286.98559499945  47473.91
4287.0212721575  47353.67
4287.05694661431  47322.22
4287.09261836974  47093.45
4287.12828742366  47299.57
4287.16395377593  47172.69
4287.1996174264  47055.8
4287.23527837495  46835.25
4287.27093662142  46529.22
4287.30659216569  46207.4
4287.34224500761  46415.37
4287.37789514705  46445.78
4287.41354258387  45877.02
4287.44918731793  46363.14
4287.4848293491  46391.84
4287.52046867723  46342.4
4287.55610530218  46299.47
4287.59173922382  46522.31
4287.62737044202  46783.23
4287.66299895663  46258.26
4287.69862476752  46397.73
4287.73424787454  46351.85
4287.76986827756  46637.57
4287.80548597645  47384.69
4287.84110097106  46902.96
4287.87671326126  47274.19
4287.9123228469  47478.79
4287.94792972786  47607.36
4287.983533904  47124.66
4288.01913537517  47455.75
4288.05473414124  47445.66
4288.09033020207  47360.87
4288.12592355753  47511.21
4288.16151420747  47260.11
4288.19710215177  46860.54
4288.23268739028  47849.1
4288.26826992286  47369.83
4288.30384974938  47525.02
4288.3394268697  47339.17
4288.37500128369  47146.98
4288.41057299121  47050.63
4288.44614199211  47178.65
4288.48170828627  47196.7
4288.51727187354  47113.72
4288.5528327538  47375.3
4288.58839092689  47269.93
4288.62394639269  47318.69
4288.65949915106  47278.79
4288.69504920186  46973.14
4288.73059654495  46607.51
4288.7661411802  46915.46
4288.80168310748  46832.39
4288.83722232663  46649.11
4288.87275883754  46894.55
4288.90829264006  47015.82
4288.94382373405  46873.77
4288.97935211938  46361.5
4289.01487779591  46763.94
4289.05040076351  46401.07
4289.08592102204  46289.27
4289.12143857136  46168.54
4289.15695341133  46336.25
4289.19246554183  46077.28
4289.2279749627  45798.3
4289.26348167383  46154.64
4289.29898567506  46160.77
4289.33448696627  45866.3
4289.36998554732  46545.27
4289.40548141808  45554.8
4289.4409745784  45952.82
4289.47646502814  45123.08
4289.51195276719  44854.48
4289.54743779539  44003.2
4289.58292011261  43663.17
4289.61839971872  43016.45
4289.65387661359  42901.37
4289.68935079706  42596.15
4289.72482226902  42283.79
4289.76029102931  42080.92
4289.79575707782  41741.91
4289.8312204144  42173.62
4289.86668103891  42328.59
4289.90213895122  42332.16
4289.9375941512  42579.65
4289.97304663871  42536.82
4290.00849641362  42954.05
4290.04394347578  43349.74
4290.07938782506  44267.82
4290.11482946133  44915.32
4290.15026838446  45502.99
4290.18570459429  46094.35
4290.22113809072  46757.11
4290.25656887359  47067.96
4290.29199694276  47215.64
4290.32742229812  46565.27
4290.36284493951  46876.29
4290.39826486681  46556.79
4290.43368207988  46802.5
4290.46909657859  47183.43
4290.5045083628  46642.63
4290.53991743237  46590.08
4290.57532378717  46659.85
4290.61072742707  47070.23
4290.64612835192  46955.18
4290.68152656161  47197.23
4290.71692205598  47144.12
4290.75231483491  47166.2
4290.78770489826  46713.23
4290.8230922459  46708.01
4290.85847687769  46826.09
4290.89385879349  46811.21
4290.92923799318  46961.93
4290.96461447662  46750.1
4290.99998824367  46970.59
4291.0353592942  47046.71
4291.07072762807  47254.58
4291.10609324516  46713.57
4291.14145614532  46780.87
4291.17681632842  46725.73
4291.21217379432  46259.58
4291.2475285429  46669.65
4291.28288057402  46841.95
4291.31822988754  46679.46
4291.35357648334  46813.82
4291.38892036127  47021.81
4291.42426152119  46718.41
4291.45959996299  46892.05
4291.49493568652  46841.44
4291.53026869165  46850.68
4291.56559897825  47109.28
4291.60092654618  46420.58
4291.6362513953  46473.39
4291.67157352549  46439.75
4291.70689293661  46405.89
4291.74220962852  46960.53
4291.7775236011  46710.56
4291.81283485421  46471.27
4291.84814338771  46633.23
4291.88344920147  46855.6
4291.91875229536  46639.82
4291.95405266924  46713.9
4291.98935032298  45967.07
4292.02464525645  46538.13
4292.05993746952  46528.13
4292.09522696204  47081.11
4292.13051373389  46726.97
4292.16579778494  46454.87
4292.20107911504  46508.92
4292.23635772407  46615.45
4292.2716336119  46381.27
4292.30690677838  46571.69
4292.34217722339  46531.16
4292.37744494679  46582.49
4292.41270994846  46365.52
4292.44797222825  46370.64
4292.48323178603  46343.18
4292.51848862168  46588.03
4292.55374273505  46511.85
4292.58899412602  46535.27
4292.62424279446  46362.54
4292.65948874022  46646.88
4292.69473196318  46551.1
4292.7299724632  46773.63
4292.76521024015  46451.31
4292.8004452939  46545.11
4292.83567762432  46424.26
4292.87090723127  46914.21
4292.90613411462  46919.59
4292.94135827423  46099.09
4292.97657970998  46681.66
4293.01179842174  46313.42
4293.04701440936  46706.21
4293.08222767273  46722.95
4293.11743821169  46491.57
4293.15264602613  46630.87
4293.18785111591  46991.52
4293.22305348089  46562.69
4293.25825312096  46428.2
4293.29345003596  46605.91
4293.32864422578  46411.43
4293.36383569027  45650.01
4293.39902442931  45089.11
4293.43421044277  44394.44
4293.46939373051  43267.73
4293.5045742924  43152.57
4293.5397521283  41991.71
4293.5749272381  41219.22
4293.61009962165  41626.
4293.64526927882  41440.63
4293.68043620948  41477.29
4293.7156004135  41392.09
4293.75076189074  41256.7
4293.78592064109  41545.92
4293.82107666439  41770.98
4293.85622996053  41418.07
4293.89138052937  42226.78
4293.92652837077  43039.92
4293.96167348461  43089.72
4293.99681587076  44528.44
4294.03195552908  44856.11
4294.06709245944  45142.16
4294.10222666172  45795.42
4294.13735813577  46154.44
4294.17248688147  46356.43
4294.20761289869  46064.05
4294.24273618729  45861.68
4294.27785674715  46258.41
4294.31297457813  46133.86
4294.3480896801  46164.42
4294.38320205293  46373.38
4294.41831169649  46088.32
4294.45341861065  46180.82
4294.48852279528  45944.83
4294.52362425024  46102.89
4294.5587229754  45308.88
4294.59381897064  46107.12
4294.62891223583  46160.29
4294.66400277082  46114.4
4294.6990905755  46749.39
4294.73417564972  45838.39
4294.76925799337  46136.95
4294.80433760631  46125.34
4294.8394144884  46064.07
4294.87448863952  46507.1
4294.90956005954  46166.22
4294.94462874832  45986.84
4294.97969470574  46290.46
4295.01475793166  45914.32
4295.04981842596  46184.36
4295.0848761885  46433.41
4295.11993121916  46420.49
4295.1549835178  46228.51
4295.19003308429  46199.84
4295.22507991851  45821.48
4295.26012402031  46186.5
4295.29516538958  46518.21
4295.33020402618  46590.59
4295.36523992998  45944.33
4295.40027310085  46032.21
4295.43530353867  45795.21
4295.47033124329  46302.93
4295.5053562146  45803.05
4295.54037845245  45769.46
4295.57539795673  45750.57
4295.6104147273  45985.87
4295.64542876403  45706.87
4295.68044006679  45754.1
4295.71544863545  46153.61
4295.75045446989  45794.55
4295.78545756996  45890.87
4295.82045793555  45674.28
4295.85545556652  45174.08
4295.89045046274  44752.59
4295.92544262408  44409.43
4295.96043205042  44199.53
4295.99541874162  44063.97
4296.03040269756  43236.24
4296.0653839181  43331.43
4296.10036240311  43187.4
4296.13533815247  43297.31
4296.17031116605  43280.56
4296.20528144372  43308.24
4296.24024898534  43255.4
4296.27521379079  43174.49
4296.31017585994  43197.64
4296.34513519266  43488.34
4296.38009178882  43668.28
4296.41504564829  44354.23
4296.44999677095  44998.06
4296.48494515666  45301.21
4296.51989080529  45858.6
4296.55483371672  45585.15
4296.58977389081  45976.43
4296.62471132744  45830.03
4296.65964602649  45774.9
4296.6945779878  46044.93
4296.72950721128  46372.63
4296.76443369677  45646.53
4296.79935744415  45370.55
4296.8342784533  46154.42
4296.86919672409  45512.97
4296.90411225638  45357.91
4296.93902505006  45303.29
4296.97393510498  45968.84
4297.00884242102  45941.36
4297.04374699806  45930.93
4297.07864883596  45688.65
4297.11354793459  45096.28
4297.14844429384  45682.08
4297.18333791356  45337.09
4297.21822879363  45994.67
4297.25311693393  45326.7
4297.28800233432  45913.77
4297.32288499467  45483.79
4297.35776491487  45560.77
4297.39264209477  45209.72
4297.42751653426  45487.83
4297.46238823319  45279.4
4297.49725719146  45865.18
4297.53212340892  45911.76
4297.56698688545  45774.29
4297.60184762092  45800.91
4297.6367056152  45747.45
4297.67156086817  45604.32
4297.7064133797  45700.79
4297.74126314966  45690.46
4297.77611017792  45753.88
4297.81095446435  45805.1
4297.84579600883  45608.05
4297.88063481123  45653.16
4297.91547087141  45742.05
4297.95030418927  45153.21
4297.98513476466  45444.06
4298.01996259745  45574.78
4298.05478768753  45624.33
4298.08961003476  45570.82
4298.12442963902  45594.88
4298.15924650018  45311.69
4298.19406061811  45122.86
4298.22887199268  45251.16
4298.26368062377  45040.67
4298.29848651124  45651.51
4298.33328965498  45173.14
4298.36809005486  44947.43
4298.40288771074  45159.79
4298.4376826225  45168.2
4298.47247479002  45579.34
4298.50726421316  44947.25
4298.54205089181  44551.07
4298.57683482582  44678.46
4298.61161601508  44681.89
4298.64639445946  43892.14
4298.68117015883  43897.09
4298.71594311307  43969.69
4298.75071332204  44052.7
4298.78548078563  44114.72
4298.8202455037  43874.42
4298.85500747613  43859.32
4298.88976670279  44158.9
4298.92452318355  44583.85
4298.95927691829  43890.15
4298.99402790688  43773.07
4299.0287761492  43624.31
4299.06352164512  44738.43
4299.09826439451  44617.11
4299.13300439724  44345.19
4299.16774165319  45221.1
4299.20247616224  45320.66
4299.23720792426  45143.29
4299.27193693911  44822.37
4299.30666320667  44318.87
4299.34138672683  43502.77
4299.37610749945  42513.5
4299.4108255244  41297.07
4299.44554080156  40186.2
4299.4802533308  39102.12
4299.514963112  38654.06
4299.54967014504  38249.23
4299.58437442978  38216.48
4299.61907596609  37926.3
4299.65377475387  38368.14
4299.68847079296  38337.49
4299.72316408326  37968.29
4299.75785462464  38696.25
4299.79254241697  38912.84
4299.82722746012  39731.84
4299.86190975396  40321.75
4299.89658929839  41256.22
4299.93126609326  42075.82
4299.96594013845  43198.25
4300.00061143384  43741.83
4300.0352799793  44723.18
4300.0699457747  45250.11
4300.10460881993  44748.37
4300.13926911485  44731.76
4300.17392665934  44848.33
4300.20858145327  45408.62
4300.24323349652  45634.29
4300.27788278896  45199.66
4300.31252933048  44874.11
4300.34717312093  45068.21
4300.3818141602  45180.6
4300.41645244817  45347.93
4300.4510879847  44956.3
4300.48572076968  45070.46
4300.52035080297  44762.21
4300.55497808445  45149.16
4300.58960261401  44877.64
4300.6242243915  45077.58
4300.65884341681  45247.75
4300.69345968982  45305.51
4300.72807321039  44891.46
4300.76268397841  44938.48
4300.79729199375  45246.02
4300.83189725627  44649.78
4300.86649976587  45189.86
4300.90109952242  45208.57
4300.93569652578  45074.04
4300.97029077583  45267.73
4301.00488227246  44850.57
4301.03947101554  44864.23
4301.07405700493  44345.01
4301.10864024053  44691.51
4301.14322072219  44379.03
4301.17779844981  44641.38
4301.21237342325  44006.35
4301.24694564239  43532.25
4301.2815151071  43267.36
4301.31608181727  42757.09
4301.35064577276  42670.25
4301.38520697346  42077.05
4301.41976541924  42164.15
4301.45432110997  42018.34
4301.48887404553  42185.12
4301.5234242258  42492.58
4301.55797165066  42349.99
4301.59251631997  41900.17
4301.62705823361  42266.65
4301.66159739147  42527.42
4301.69613379342  42227.2
4301.73066743933  42549.69
4301.76519832907  43063.41
4301.79972646254  42877.26
4301.8342518396  43471.66
4301.86877446013  43809.32
4301.903294324  43611.8
4301.93781143109  43993.88
4301.97232578128  43657.62
4302.00683737445  43863.13
4302.04134621047  43508.8
4302.07585228921  44601.4
4302.11035561056  44001.99
4302.14485617439  44041.66
4302.17935398058  44110.3
4302.213849029  43621.49
4302.24834131953  43987.47
4302.28283085205  44105.39
4302.31731762644  43561.45
4302.35180164256  43760.9
4302.38628290031  43974.04
4302.42076139955  43665.19
4302.45523714016  43322.82
4302.48971012202  43061.07
4302.524180345  42654.37
4302.55864780899  41629.
4302.59311251386  40978.18
4302.62757445949  40645.31
4302.66203364575  40786.23
4302.69649007252  40092.5
4302.73094373968  40298.53
4302.76539464711  39852.82
4302.79984279468  40258.61
4302.83428818228  39856.11
4302.86873080976  40396.36
4302.90317067703  40179.07
4302.93760778395  40848.8
4302.9720421304  40987.58
4303.00647371625  42256.36
4303.04090254139  42671.42
4303.0753286057  43096.64
4303.10975190904  43899.91
4303.14417245131  43410.39
4303.17859023236  44368.82
4303.2130052521  44223.12
4303.24741751038  44704.35
4303.28182700709  43864.13
4303.31623374211  44094.29
4303.35063771532  44389.96
4303.38503892658  44706.38
4303.41943737579  44354.7
4303.45383306282  44237.97
4303.48822598754  44199.91
4303.52261614984  44592.11
4303.55700354958  44002.45
4303.59138818666  44029.05
4303.62577006095  44507.41
4303.66014917233  44333.
4303.69452552067  44544.84
4303.72889910585  44595.27
4303.76326992776  44265.95
4303.79763798626  44284.2
4303.83200328125  44441.04
4303.86636581259  43742.39
4303.90072558016  44195.86
4303.93508258385  43993.25
4303.96943682353  44111.87
4304.00378829908  43654.1
4304.03813701038  44389.9
4304.07248295731  43826.91
4304.10682613975  43887.84
4304.14116655757  44070.91
4304.17550421065  44375.21
4304.20983909887  44380.69
4304.24417122212  43882.28
4304.27850058027  43718.47
4304.31282717319  44375.12
4304.34715100077  44459.41
4304.38147206289  43634.63
4304.41579035943  44133.9
4304.45010589026  43784.17
4304.48441865526  44108.65
4304.51872865431  44518.86
4304.5530358873  43856.25
4304.58734035409  44156.73
4304.62164205458  44128.98
4304.65594098863  44007.34
4304.69023715614  44136.81
4304.72453055697  43846.34
4304.758821191  44071.73
4304.79310905813  44001.07
4304.82739415822  43681.62
4304.86167649115  43416.54
4304.8959560568  43970.3
4304.93023285507  43562.2
4304.96450688581  43344.09
4304.99877814891  43426.24
4305.03304664426  43362.21
4305.06731237174  44131.79
4305.10157533121  43809.44
4305.13583552256  43659.93
4305.17009294567  43921.52
4305.20434760043  43968.91
4305.2385994867  43158.43
4305.27284860437  44016.02
4305.30709495333  43576.79
4305.34133853344  43577.03
4305.3755793446  43446.75
4305.40981738667  44160.35
4305.44405265954  43222.43
4305.4782851631  43279.43
4305.51251489721  43589.64
4305.54674186176  43695.95
4305.58096605663  43974.75
4305.6151874817  43632.43
4305.64940613686  43756.2
4305.68362202197  43422.06
4305.71783513693  43881.15
4305.7520454816  44034.63
4305.78625305588  43639.15
4305.82045785964  44021.91
4305.85465989276  44307.09
4305.88885915512  42858.33
4305.92305564661  43558.37
4305.9572493671  43164.36
4305.99144031647  43927.88
4306.02562849461  43410.13
4306.05981390139  43628.68
4306.0939965367  43787.38
4306.12817640042  44089.53
4306.16235349242  43028.7
4306.1965278126  43997.39
4306.23069936082  43686.31
4306.26486813697  43457.2
4306.29903414093  43859.43
4306.33319737259  43622.45
4306.36735783181  43551.1
4306.40151551849  43311.35
4306.4356704325  43168.25
4306.46982257373  43563.96
4306.50397194206  43051.01
4306.53811853736  43302.14
4306.57226235952  43552.74
4306.60640340842  43325.72
4306.64054168395  43470.14
4306.67467718598  43196.03
4306.70880991438  43584.82
4306.74293986906  43277.64
4306.77706704988  43438.19
4306.81119145673  43295.51
4306.84531308948  43226.25
4306.87943194803  43772.92
4306.91354803225  43371.11
4306.94766134203  43319.63
4306.98177187723  43516.46
4307.01587963776  43305.19
4307.04998462348  43071.95
4307.08408683429  43345.39
4307.11818627005  42034.66
4307.15228293066  42085.71
4307.186376816  41622.34
4307.22046792594  40497.75
4307.25455626037  39187.29
4307.28864181917  38359.33
4307.32272460222  37726.15
4307.35680460941  37779.98
4307.39088184062  37118.62
4307.42495629572  36817.42
4307.4590279746  36550.55
4307.49309687715  36547.14
4307.52716300324  36580.58
4307.56122635276  36146.18
4307.59528692559  36703.28
4307.62934472161  37135.78
4307.6633997407  38152.17
4307.69745198275  38388.83
4307.73150144764  38693.95
4307.76554813525  40221.87
4307.79959204546  41885.89
4307.83363317816  41926.02
4307.86767153322  42648.51
4307.90170711054  42839.11
4307.93573990998  43096.1
4307.96976993145  43116.31
4308.00379717481  43054.46
4308.03782163995  43236.43
4308.07184332676  42693.27
4308.10586223511  43116.43
4308.13987836489  43377.15
4308.17389171599  43029.26
4308.20790228828  43336.61
4308.24191008164  42998.77
4308.27591509597  43241.15
4308.30991733114  43336.2
4308.34391678703  42803.11
4308.37791346354  43144.05
4308.41190736053  43439.21
4308.4458984779  42687.04
4308.47988681554  42775.59
4308.51387237331  42560.85
4308.5478551511  42976.44
4308.58183514881  42775.68
4308.6158123663  42981.79
4308.64978680347  42514.02
4308.6837584602  43093.39
4308.71772733637  42595.5
4308.75169343187  42691.48
4308.78565674657  43233.83
4308.81961728036  42560.16
4308.85357503313  42431.92
4308.88753000475  42752.46
4308.92148219512  42979.08
4308.95543160411  42710.09
4308.98937823162  42494.56
4309.02332207751  42617.88
4309.05726314168  42211.32
4309.09120142401  42656.01
4309.12513692439  42853.36
4309.15906964269  42411.45
4309.19299957881  42211.46
4309.22692673262  42785.53
4309.26085110401  42589.02
4309.29477269286  42912.62
4309.32869149906  41883.12
4309.36260752249  42432.77
4309.39652076304  42450.96
4309.43043122059  42444.39
4309.46433889501  41948.92
4309.49824378621  42205.79
4309.53214589406  42674.89
4309.56604521845  43192.44
4309.59994175925  43058.71
4309.63383551636  42872.1
4309.66772648966  42749.
4309.70161467904  42345.67
4309.73550008436  42192.23
4309.76938270554  42597.02
4309.80326254243  42827.14
4309.83713959494  42475.49
4309.87101386295  42392.79
4309.90488534633  42228.47
4309.93875404498  42666.68
4309.97261995879  42317.44
4310.00648308762  42392.11
4310.04034343137  42363.61
4310.07420098993  42297.3
4310.10805576317  41967.74
4310.14190775099  42453.68
4310.17575695327  42505.73
4310.20960336988  41411.26
4310.24344700073  41880.04
4310.27728784569  42402.35
4310.31112590465  42264.45
4310.34496117749  42404.49
4310.37879366409  42161.78
4310.41262336435  41973.19
4310.44645027815  42442.9
4310.48027440537  42206.2
4310.5140957459  42014.42
4310.54791429963  41959.97
4310.58173006643  42296.1
4310.6155430462  42198.79
4310.64935323881  42516.57
4310.68316064416  42545.11
4310.71696526213  41654.84
4310.75076709261  42371.01
4310.78456613548  42329.89
4310.81836239063  42058.73
4310.85215585793  42392.64
4310.88594653729  41894.37
4310.91973442858  41740.65
4310.95351953169  41567.4
4310.9873018465  42270.54
4311.0210813729  42370.39
4311.05485811078  41889.09
4311.08863206003  41489.68
4311.12240322052  42475.41
4311.15617159214  42269.27
4311.18993717478  42234.88
4311.22369996833  42106.9
4311.25745997267  41840.76
4311.29121718769  42039.71
4311.32497161328  41712.62
4311.35872324931  41621.37
4311.39247209568  42319.88
4311.42621815227  41623.72
4311.45996141897  42067.64
4311.49370189566  42346.68
4311.52743958223  41337.45
4311.56117447857  41687.85
4311.59490658457  41435.7
4311.6286359001  41821.32
4311.66236242506  41955.95
4311.69608615933  41590.23
4311.7298071028  41681.28
4311.76352525536  42338.18
4311.79724061688  41517.49
4311.83095318727  42017.48
4311.8646629664  41142.29
4311.89836995417  41436.69
4311.93207415045  42170.85
4311.96577555513  42157.71
4311.99947416811  41414.77
4312.03316998927  41847.77
4312.06686301849  42072.47
4312.10055325567  41864.7
4312.13424070068  41820.5
4312.16792535342  41011.61
4312.20160721377  40201.15
4312.23528628163  39223.17
4312.26896255687  39020.24
4312.30263603938  38384.73
4312.33630672906  39101.61
4312.36997462578  38642.1
4312.40363972944  38863.32
4312.43730203992  39152.41
4312.47096155711  38259.1
4312.5046182809  38529.36
4312.53827221117  38761.37
4312.57192334782  38871.1
4312.60557169072  38762.13
4312.63921723977  39116.98
4312.67285999486  39230.43
4312.70649995586  39389.14
4312.74013712268  40174.5
4312.77377149519  39870.12
4312.80740307328  40744.9
4312.84103185685  40590.86
4312.87465784578  41350.83
4312.90828103995  40969.97
4312.94190143926  41234.97
4312.97551904359  41583.39
4313.00913385283  41507.14
4313.04274586687  41335.33
4313.07635508559  41459.52
4313.10996150889  41875.96
4313.14356513665  41375.62
4313.17716596876  41513.09
4313.21076400511  41060.99
4313.24435924558  41157.65
4313.27795169007  40325.88
4313.31154133846  40773.98
4313.34512819064  40762.77
4313.3787122465  40864.25
4313.41229350592  40120.45
4313.4458719688  40242.84
4313.47944763503  40141.84
4313.51302050448  39740.59
4313.54659057705  39354.95
4313.58015785263  38926.28
4313.61372233111  39773.72
4313.64728401238  38815.52
4313.68084289631  38853.57
4313.71439898281  38820.91
4313.74795227176  39071.57
4313.78150276305  38508.16
4313.81505045656  38440.89
4313.8485953522  38284.91
4313.88213744983  39239.78
4313.91567674936  38902.22
4313.94921325068  39364.01
4313.98274695366  39298.43
4314.01627785821  40068.42
4314.0498059642  40158.45
4314.08333127154  40459.05
4314.11685378009  40392.06
4314.15037348977  39674.96
4314.18389040045  40141.01
4314.21740451202  40687.49
4314.25091582438  40005.93
4314.28442433741  38985.55
4314.317930051  39291.52
4314.35143296504  38744.35
4314.38493307943  38421.17
4314.41843039404  37735.14
4314.45192490877  37346.44
4314.4854166235  37848.47
4314.51890553814  37637.61
4314.55239165256  37887.61
4314.58587496665  37825.76
4314.61935548031  37266.74
4314.65283319343  37585.05
4314.68630810589  37469.16
4314.71978021759  37058.73
4314.7532495284  37178.3
4314.78671603824  37885.75
4314.82017974697  38290.2
4314.8536406545  38900.95
4314.88709876071  39212.91
4314.92055406549  40026.57
4314.95400656873  40248.28
4314.98745627033  39882.58
4315.02090317016  40792.39
4315.05434726813  40436.35
4315.08778856412  40209.98
4315.12122705803  40516.81
4315.15466274973  40548.39
4315.18809563912  40262.09
4315.2215257261  40673.43
4315.25495301055  40180.83
4315.28837749236  40446.12
4315.32179917142  40683.08
4315.35521804763  40174.81
4315.38863412087  40496.43
4315.42204739103  40555.43
4315.45545785801  40699.11
4315.48886552169  40219.11
4315.52227038196  40240.21
4315.55567243872  40242.41
4315.58907169185  40767.36
4315.62246814125  40714.18
4315.65586178681  40432.19
4315.68925262841  40545.96
4315.72264066595  40181.77
4315.75602589932  40328.71
4315.7894083284  39816.24
4315.8227879531  40311.89
4315.8561647733  39933.78
4315.88953878888  39708.29
4315.92290999975  39895.87
4315.9562784058  39887.57
4315.9896440069  40308.84
4316.02300680296  40055.26
4316.05636679387  40482.08
4316.08972397951  40031.18
4316.12307835978  39480.15
4316.15642993457  40107.46
4316.18977870378  39085.82
4316.22312466728  40596.04
4316.25646782497  39891.21
4316.28980817675  39286.66
4316.3231457225  39146.77
4316.35648046211  39664.48
4316.38981239549  39844.5
4316.42314152251  39607.9
4316.45646784308  39354.84
4316.48979135707  39424.54
4316.52311206439  39629.01
4316.55642996492  39276.29
4316.58974505856  39062.96
4316.6230573452  38970.53
4316.65636682472  39493.41
4316.68967349703  38784.23
4316.72297736201  39151.62
4316.75627841955  39222.32
4316.78957666955  39749.61
4316.8228721119  39222.1
4316.85616474648  39804.4
4316.8894545732  39569.74
4316.92274159194  38976.79
4316.9560258026  40160.58
4316.98930720506  40077.03
4317.02258579922  39768.07
4317.05586158498  39536.79
4317.08913456222  40245.72
4317.12240473083  39096.61
4317.15567209071  39641.23
4317.18893664175  39314.05
4317.22219838384  39546.04
4317.25545731688  39243.41
4317.28871344075  39874.2
4317.32196675535  38866.07
4317.35521726057  38780.41
4317.3884649563  39559.6
4317.42170984245  39661.46
4317.45495191888  39580.05
4317.48819118551  40402.92
4317.52142764223  39543.96
4317.55466128891  38776.31
4317.58789212547  38755.07
4317.62112015179  39050.09
4317.65434536776  38443.98
4317.68756777328  39069.76
4317.72078736824  38970.61
4317.75400415252  38766.39
4317.78721812604  38831.31
4317.82042928867  38996.42
4317.85363764031  39161.43
4317.88684318085  39841.77
4317.92004591019  38826.21
4317.95324582822  39377.75
4317.98644293483  38681.71
4318.01963722992  38993.62
4318.05282871338  38889.85
4318.08601738509  38829.31
4318.11920324496  38950.97
4318.15238629288  38401.5
4318.18556652874  39167.6
4318.21874395243  38415.25
4318.25191856385  38735.9
4318.2850903629  39276.59
4318.31825934945  37512.36
4318.35142552342  39449.19
4318.38458888468  38372.7
4318.41774943314  37620.41
4318.45090716868  38686.1
4318.48406209121  38402.24
4318.51721420061  38694.68
4318.55036349679  38617.68
4318.58350997962  38497.61
4318.61665364901  38422.08
4318.64979450485  39105.31
4318.68293254703  38556.14
4318.71606777545  37806.73
4318.74920019  38269.01
4318.78232979057  38554.68
4318.81545657707  38755.79
4318.84858054937  38674.37
4318.88170170738  38642.41
4318.914820051  38286.46
4318.9479355801  38391.19
4318.9810482946  38312.02
4319.01415819438  37969.52
4319.04726527933  38238.41
4319.08036954936  38218.48
4319.11347100435  39091.47
4319.1465696442  37930.54
4319.17966546881  38243.93
4319.21275847806  38625.32
4319.24584867185  38978.3
