4579.91225641479  61981.3
4579.95464606729  62385.54
4579.99703302269  62634.75
4580.0394172808  62423.53
4580.08179884143  62973.32
4580.12417770441  63201.57
4580.16655386954  63548.52
4580.20892733665  62555.08
4580.25129810556  62799.28
4580.29366617607  63024.39
4580.33603154802  62137.57
4580.37839422121  63198.56
4580.42075419546  62756.08
4580.46311147058  62606.52
4580.50546604641  62157.5
4580.54781792275  61889.55
4580.59016709942  62871.36
4580.63251357624  62310.07
4580.67485735302  63596.27
4580.71719842958  62417.01
4580.75953680575  62225.87
4580.80187248133  63047.71
4580.84420545614  63059.91
4580.88653573001  62556.5
4580.92886330275  63509.68
4580.97118817417  61987.16
4581.0135103441  62595.26
4581.05582981235  62921.69
4581.09814657874  62883.05
4581.14046064309  62945.29
4581.18277200521  62326.77
4581.22508066493  62129.28
4581.26738662205  63047.22
4581.3096898764  61869.05
4581.3519904278  62535.66
4581.39428827606  62351.67
4581.43658342101  62372.56
4581.47887586245  61868.51
4581.52116560021  63482.6
4581.5634526341  62841.35
4581.60573696395  62913.71
4581.64801858957  62494.17
4581.69029751077  62219.97
4581.73257372738  62477.78
4581.77484723922  62863.29
4581.8171180461  62017.93
4581.85938614785  62444.37
4581.90165154427  61513.5
4581.94391423519  62576.63
4581.98617422042  62969.66
4582.02843149979  62469.45
4582.07068607311  62458.25
4582.1129379402  62341.25
4582.15518710087  61907.72
4582.19743355496  62451.75
4582.23967730227  61165.
4582.28191834263  61135.19
4582.32415667584  60594.15
4582.36639230174  60354.94
4582.40862522014  60381.7
4582.45085543085  59715.88
4582.4930829337  60812.25
4582.53530772851  61006.85
4582.57752981509  61587.62
4582.61974919326  60232.86
4582.66196586284  60983.27
4582.70417982365  61927.91
4582.74639107551  62342.88
4582.78859961823  61690.45
4582.83080545164  62820.66
4582.87300857556  63023.95
4582.9152089898  61524.8
4582.95740669418  62475.19
4582.99960168853  61329.83
4583.04179397265  60949.68
4583.08398354637  60323.73
4583.12617040951  58266.42
4583.16835456189  56349.34
4583.21053600332  54363.55
4583.25271473363  53078.65
4583.29489075263  52865.36
4583.33706406015  52450.77
4583.379234656  51140.44
4583.42140254  52053.79
4583.46356771197  51968.49
4583.50573017173  52602.92
4583.54788991911  52917.66
4583.59004695391  55014.7
4583.63220127596  55487.51
4583.67435288507  57967.41
4583.71650178108  59564.82
4583.75864796379  60841.03
4583.80079143303  61685.62
4583.84293218861  62483.89
4583.88507023036  61944.43
4583.92720555809  62573.57
4583.96933817162  63123.84
4584.01146807078  62519.48
4584.05359525539  63487.27
4584.09571972526  63285.37
4584.13784148021  62889.01
4584.17996052006  62165.93
4584.22207684463  62864.35
4584.26419045375  62523.44
4584.30630134723  62041.49
4584.34840952489  63226.6
4584.39051498655  62846.75
4584.43261773203  62345.76
4584.47471776116  62257.91
4584.51681507375  62593.13
4584.55890966961  62584.88
4584.60100154858  62586.65
4584.64309071048  62780.91
4584.68517715511  63353.03
4584.7272608823  63085.25
4584.76934189188  63188.79
4584.81142018366  62272.02
4584.85349575746  62505.69
4584.89556861311  62683.39
4584.93763875041  63260.45
4584.9797061692  62828.98
4585.0217708693  62864.56
4585.06383285051  62977.86
4585.10589211268  61761.45
4585.1479486556  62873.14
4585.19000247911  62631.66
4585.23205358303  63272.
4585.27410196717  62733.06
4585.31614763136  62845.42
4585.35819057542  61670.69
4585.40023079916  61637.77
4585.44226830242  62179.58
4585.484303085  61803.21
4585.52633514673  62840.41
4585.56836448744  63183.63
4585.61039110693  62272.86
4585.65241500504  62605.09
4585.69443618157  63129.79
4585.73645463637  62354.04
4585.77847036923  62977.89
4585.82048337999  63484.84
4585.86249366847  62039.71
4585.90450123449  62808.16
4585.94650607786  62670.22
4585.98850819841  62179.7
4586.03050759596  62468.35
4586.07250427034  62955.71
4586.11449822135  63034.5
4586.15648944883  62458.09
4586.1984779526  63241.8
4586.24046373247  62751.
4586.28244678826  62873.3
4586.32442711981  62104.78
4586.36640472692  62442.96
4586.40837960943  62806.2
4586.45035176715  62639.73
4586.4923211999  62744.11
4586.5342879075  62563.24
4586.57625188979  62531.18
4586.61821314657  63574.04
4586.66017167767  62143.71
4586.70212748291  62226.11
4586.74408056211  62035.8
4586.7860309151  62721.29
4586.82797854169  62626.42
4586.86992344171  62663.16
4586.91186561498  62379.11
4586.95380506131  62092.17
4586.99574178054  62773.87
4587.03767577249  62932.66
4587.07960703697  62857.67
4587.12153557381  62724.13
4587.16346138283  62868.37
4587.20538446384  62532.69
4587.24730481668  62406.16
4587.28922244117  61962.07
4587.33113733712  62267.32
4587.37304950437  62128.74
4587.41495894272  61956.93
4587.45686565201  61307.73
4587.49876963204  60127.55
4587.54067088266  58163.39
4587.58256940368  57679.54
4587.62446519492  57462.15
4587.6663582562  57823.24
4587.70824858735  57157.55
4587.75013618819  56613.8
4587.79202105854  56595.54
4587.83390319822  57528.34
4587.87578260705  56746.59
4587.91765928486  57471.52
4587.95953323147  57419.52
4588.00140444671  57979.39
4588.04327293039  59743.36
4588.08513868233  61211.65
4588.12700170237  61457.62
4588.16886199031  61451.92
4588.21071954599  62348.86
4588.25257436923  62562.08
4588.29442645985  62271.56
4588.33627581768  62155.7
4588.37812244252  62976.95
4588.41996633422  62471.66
4588.46180749259  62582.11
4588.50364591745  63219.29
4588.54548160862  62413.69
4588.58731456594  62512.04
4588.62914478922  62581.38
4588.67097227828  62635.13
4588.71279703295  62714.33
4588.75461905305  63100.63
4588.79643833841  62617.77
4588.83825488884  62298.05
4588.88006870417  62235.81
4588.92187978423  62540.43
4588.96368812883  62180.
4589.0054937378  62119.97
4589.04729661096  62904.11
4589.08909674814  62016.45
4589.13089414916  62533.85
4589.17268881384  61649.53
4589.214480742  62150.3
4589.25626993348  61978.8
4589.29805638808  61383.55
4589.33984010564  60793.76
4589.38162108598  60836.22
4589.42339932893  61895.63
4589.46517483429  60702.01
4589.50694760191  61125.72
4589.5487176316  61401.08
4589.59048492318  60962.
4589.63224947649  60892.1
4589.67401129134  60905.64
4589.71577036755  61184.71
4589.75752670496  60861.42
4589.79928030338  61737.12
4589.84103116264  61575.4
4589.88277928256  61901.11
4589.92452466297  62801.84
4589.96626730368  62782.71
4590.00800720453  62580.22
4590.04974436534  62222.82
4590.09147878593  62763.98
4590.13321046612  63256.41
4590.17493940574  62654.67
4590.21666560462  62549.69
4590.25838906257  62599.39
4590.30010977942  62418.94
4590.341827755  63213.48
4590.38354298913  63039.35
4590.42525548162  62704.84
4590.46696523232  62733.23
4590.50867224104  62868.4
4590.55037650761  63088.7
4590.59207803184  63041.36
4590.63377681357  63203.19
4590.67547285262  62779.38
4590.71716614881  63112.73
4590.75885670197  62800.9
4590.80054451193  62837.86
4590.84222957849  62234.91
4590.8839119015  62525.46
4590.92559148078  62764.34
4590.96726831614  63100.6
4591.00894240742  63005.66
4591.05061375444  62698.24
4591.09228235702  63110.52
4591.13394821499  62876.6
4591.17561132817  62231.58
4591.21727169639  63124.86
4591.25892931947  62484.79
4591.30058419724  62163.07
4591.34223632952  61541.01
4591.38388571614  61755.41
4591.42553235692  61156.61
4591.46717625168  60486.69
4591.50881740026  60742.09
4591.55045580247  61031.22
4591.59209145815  60424.68
4591.63372436711  61249.05
4591.67535452918  60487.48
4591.71698194419  60944.13
4591.75860661196  60389.78
4591.80022853231  61125.8
4591.84184770508  61636.95
4591.88346413009  61278.8
4591.92507780715  62125.14
4591.96668873611  62540.7
4592.00829691677  62450.93
4592.04990234898  62586.42
4592.09150503254  62726.69
4592.1331049673  63033.51
4592.17470215307  62545.96
4592.21629658968  63060.06
4592.25788827695  62448.88
4592.29947721472  62577.1
4592.34106340279  62912.97
4592.38264684102  63461.07
4592.4242275292  62728.51
4592.46580546718  63257.
4592.50738065478  62811.43
4592.54895309182  63012.51
4592.59052277813  62665.63
4592.63208971354  63329.51
4592.67365389786  63174.31
4592.71521533094  62869.48
4592.75677401258  62902.24
4592.79832994262  63095.65
4592.83988312089  62729.94
4592.88143354721  63619.98
4592.9229812214  63005.09
4592.96452614329  63080.99
4593.00606831272  63128.16
4593.04760772949  63099.27
4593.08914439345  62830.55
4593.13067830441  62278.29
4593.1722094622  62643.58
4593.21373786665  63081.69
4593.25526351758  63425.39
4593.29678641483  62516.99
4593.33830655821  63058.68
4593.37982394756  62613.79
4593.42133858269  63081.27
4593.46285046344  62778.15
4593.50435958963  61880.97
4593.54586596108  62282.27
4593.58736957763  62386.09
4593.62887043911  62842.38
4593.67036854533  62767.23
4593.71186389612  63146.36
4593.75335649132  63057.59
4593.79484633074  62958.98
4593.83633341421  63288.68
4593.87781774156  62900.75
4593.91929931262  62963.1
4593.96077812722  62728.96
4594.00225418517  63082.16
4594.04372748631  62886.65
4594.08519803046  62547.17
4594.12666581745  62819.71
4594.16813084711  62144.87
4594.20959311927  62695.38
4594.25105263374  62552.84
4594.29250939036  62357.77
4594.33396338896  62755.42
4594.37541462935  62316.69
4594.41686311138  62474.05
4594.45830883486  62243.16
4594.49975179962  62641.75
4594.54119200549  62579.29
4594.5826294523  62234.77
4594.62406413987  62637.87
4594.66549606803  62832.59
4594.70692523661  62918.63
4594.74835164544  62902.21
4594.78977529434  62377.62
4594.83119618313  62461.59
4594.87261431166  62317.58
4594.91402967973  62540.11
4594.95544228719  62716.49
4594.99685213386  62629.46
4595.03825921957  62316.2
4595.07966354414  62761.98
4595.1210651074  62729.5
4595.16246390917  62752.71
4595.2038599493  63134.93
4595.2452532276  62479.95
4595.2866437439  62286.17
4595.32803149803  62261.98
4595.36941648982  62466.96
4595.41079871909  62051.79
4595.45217818567  62158.42
4595.49355488939  62068.
4595.53492883008  62378.16
4595.57630000757  62226.61
4595.61766842168  61822.98
4595.65903407224  62135.41
4595.70039695908  62054.09
4595.74175708203  62081.74
4595.78311444091  62179.83
4595.82446903555  62268.02
4595.86582086579  62368.65
4595.90716993144  62678.
4595.94851623235  62607.7
4595.98985976832  62978.23
4596.0312005392  62502.51
4596.07253854481  62224.68
4596.11387378499  62432.8
4596.15520625955  62820.43
4596.19653596832  62460.2
4596.23786291114  62892.13
4596.27918708783  62654.58
4596.32050849822  62966.7
4596.36182714215  62555.82
4596.40314301943  62432.18
4596.4444561299  62770.68
4596.48576647338  61953.46
4596.5270740497  62270.41
4596.5683788587  62750.95
4596.60968090019  62216.98
4596.65098017402  62387.54
4596.69227668  62400.58
4596.73357041797  62355.29
4596.77486138775  62914.14
4596.81614958918  62641.66
4596.85743502207  62498.98
4596.89871768627  62559.2
4596.9399975816  62396.27
4596.98127470789  62627.97
4597.02254906496  62843.62
4597.06382065265  62150.64
4597.10508947079  62857.1
4597.1463555192  62395.04
4597.18761879771  62620.18
4597.22887930615  62779.78
4597.27013704435  62821.24
4597.31139201215  62774.83
4597.35264420936  62826.94
4597.39389363582  62721.02
4597.43514029136  62096.41
4597.47638417581  62511.29
4597.51762528899  62455.16
4597.55886363073  62413.7
4597.60009920087  62561.22
4597.64133199923  62365.91
4597.68256202565  62565.44
4597.72378927995  62591.32
4597.76501376196  62683.38
4597.8062354715  62496.18
4597.84745440842  62450.75
4597.88867057254  62495.76
4597.92988396369  62939.06
4597.9710945817  62436.9
4598.01230242639  62498.75
4598.0535074976  62890.72
4598.09470979516  62549.41
4598.1359093189  62565.98
4598.17710606864  62591.18
4598.21830004422  62228.83
4598.25949124547  62029.4
4598.30067967221  62457.13
4598.34186532427  62244.56
4598.3830482015  62999.42
4598.4242283037  62810.07
4598.46540563073  62805.63
4598.5065801824  63076.7
4598.54775195854  63020.49
4598.58892095898  63062.69
4598.63008718357  63237.19
4598.67125063211  62514.18
4598.71241130445  62958.56
4598.75356920042  62931.91
4598.79472431984  62529.79
4598.83587666255  62384.91
4598.87702622837  62905.29
4598.91817301714  62616.95
4598.95931702869  62556.39
4599.00045826284  62908.37
4599.04159671942  62436.56
4599.08273239828  62795.2
4599.12386529923  62302.94
4599.16499542211  62730.8
4599.20612276674  62606.37
4599.24724733297  62361.22
4599.28836912061  62654.36
4599.3294881295  62082.46
4599.37060435947  62732.1
4599.41171781035  62065.27
4599.45282848198  62051.67
4599.49393637417  62241.69
4599.53504148677  62812.47
4599.5761438196  62304.55
4599.61724337249  62540.81
4599.65834014527  61978.82
4599.69943413779  62197.44
4599.74052534986  62593.68
4599.78161378131  62281.4
4599.82269943198  62354.66
4599.8637823017  62103.92
4599.9048623903  62344.16
4599.94593969761  62510.51
4599.98701422346  62449.67
4600.02808596768  62829.9
4600.06915493011  62667.89
4600.11022111057  62110.48
4600.15128450889  62371.45
4600.19234512491  61768.55
4600.23340295846  62153.43
4600.27445800937  62632.84
4600.31551027746  62190.41
4600.35655976258  61995.5
4600.39760646455  62721.39
4600.43865038321  62676.01
4600.47969151838  62114.68
4600.52072986989  62655.86
4600.56176543758  62216.74
4600.60279822129  62174.42
4600.64382822083  62655.7
4600.68485543604  62043.82
4600.72587986676  62629.6
4600.76690151282  62243.37
4600.80792037403  62419.56
4600.84893645025  62611.18
4600.8899497413  62219.01
4600.93096024701  62581.54
4600.97196796721  62371.95
4601.01297290174  62396.54
4601.05397505042  62735.86
4601.09497441309  62770.78
4601.13597098959  62772.15
4601.17696477973  61968.06
4601.21795578336  61725.5
4601.2589440003  62902.67
4601.29992943039  62574.82
4601.34091207346  62411.66
4601.38189192934  62202.55
4601.42286899787  62523.72
4601.46384327887  61932.57
4601.50481477218  62201.59
4601.54578347762  62530.03
4601.58674939504  62090.09
4601.62771252426  62651.79
4601.66867286513  62513.47
4601.70963041745  62205.18
4601.75058518108  62227.26
4601.79153715584  62454.49
4601.83248634157  62312.45
4601.87343273809  62418.77
4601.91437634524  62728.83
4601.95531716286  62220.34
4601.99625519077  62474.35
4602.0371904288  62843.73
4602.0781228768  62524.85
4602.11905253459  62710.32
4602.159979402  62151.98
4602.20090347887  62624.71
4602.24182476503  61783.02
4602.28274326031  62215.18
4602.32365896455  62535.55
4602.36457187757  62522.83
4602.40548199921  62104.14
4602.44638932931  62231.8
4602.48729386769  62272.71
4602.52819561419  62487.5
4602.56909456865  61945.29
4602.60999073088  62149.69
4602.65088410074  62510.26
4602.69177467804  62558.75
4602.73266246263  62911.99
4602.77354745433  62429.64
4602.81442965298  62066.87
4602.85530905842  62476.63
4602.89618567047  62531.71
4602.93705948896  62478.32
4602.97793051374  62266.05
4603.01879874464  62510.16
4603.05966418148  62393.28
4603.1005268241  62223.16
4603.14138667233  62181.95
4603.18224372602  62400.52
4603.22309798498  62575.79
4603.26394944905  62524.41
4603.30479811808  62469.45
4603.34564399189  62255.48
4603.3864870703  62000.74
4603.42732735317  62452.61
4603.46816484032  61752.07
4603.50899953158  62422.91
4603.54983142679  62379.03
4603.59066052578  62258.81
4603.63148682839  61747.27
4603.67231033445  62351.54
4603.71313104379  61588.27
4603.75394895624  62162.18
4603.79476407165  62394.46
4603.83557638983  62129.06
4603.87638591064  62121.39
4603.9171926339  62237.35
4603.95799655944  62299.15
4603.9987976871  62332.08
4604.03959601672  62439.07
4604.08039154811  61965.93
4604.12118428114  62354.25
4604.16197421561  62180.92
4604.20276135138  61893.92
4604.24354568826  62106.43
4604.28432722611  62239.32
4604.32510596474  61776.64
4604.365881904  61989.78
4604.40665504372  61940.46
4604.44742538373  61717.56
4604.48819292387  61646.07
4604.52895766397  61689.81
4604.56971960387  61945.17
4604.6104787434  61839.83
4604.65123508239  61665.06
4604.69198862069  61954.05
4604.73273935811  61967.51
4604.7734872945  61674.08
4604.8142324297  61814.43
4604.85497476353  61884.43
4604.89571429583  62115.84
4604.93645102644  61826.35
4604.97718495519  61581.96
4605.01791608192  62426.86
4605.05864440645  61928.29
4605.09936992863  61784.73
4605.14009264829  61546.55
4605.18081256526  61788.01
4605.22152967938  61892.37
4605.26224399048  61781.86
4605.3029554984  61964.45
4605.34366420297  62399.29
4605.38437010404  62020.23
4605.42507320142  62096.14
4605.46577349496  61801.46
4605.5064709845  62037.28
4605.54716566986  61738.2
4605.58785755088  62324.93
4605.6285466274  61901.28
4605.66923289926  62063.66
4605.70991636628  61953.52
4605.7505970283  62058.54
4605.79127488517  62624.32
4605.8319499367  61816.9
4605.87262218275  62184.65
4605.91329162313  62067.04
4605.9539582577  61970.06
4605.99462208628  61880.79
4606.03528310871  61660.68
4606.07594132483  61831.78
4606.11659673446  61929.65
4606.15724933746  62043.48
4606.19789913364  62455.38
4606.23854612285  61526.29
4606.27919030492  61662.34
4606.31983167969  62156.05
4606.36047024699  61946.96
4606.40110600666  61729.9
4606.44173895854  61842.92
4606.48236910246  61684.79
4606.52299643825  61653.66
4606.56362096575  61977.46
4606.6042426848  61539.48
4606.64486159524  61875.69
4606.68547769689  61955.03
4606.7260909896  61843.68
4606.7667014732  61787.41
4606.80730914753  62055.87
4606.84791401242  61929.35
4606.8885160677  61600.7
4606.92911531323  61919.08
4606.96971174882  61866.39
4607.01030537432  61693.02
4607.05089618956  62041.82
4607.09148419438  61928.46
4607.13206938861  61974.68
4607.1726517721  62008.15
4607.21323134467  61760.14
4607.25380810616  61792.33
4607.29438205642  62077.86
4607.33495319527  62052.69
4607.37552152256  61716.55
4607.41608703811  62143.88
4607.45664974177  61775.57
4607.49720963337  61592.39
4607.53776671274  61637.79
4607.57832097974  61693.09
4607.61887243418  62104.93
4607.65942107591  61943.46
4607.69996690476  61631.18
4607.74050992057  62244.5
4607.78105012319  61225.56
4607.82158751243  61927.24
4607.86212208814  61984.84
4607.90265385017  61721.8
4607.94318279833  61767.8
4607.98370893248  62051.36
4608.02423225244  61972.88
4608.06475275806  61567.27
4608.10527044917  62032.62
4608.1457853256  61769.27
4608.1862973872  61771.46
4608.22680663381  61552.07
4608.26731306525  62318.82
4608.30781668137  61703.73
4608.348317482  61694.81
4608.38881546698  61867.05
4608.42931063614  61671.12
4608.46980298933  61770.95
4608.51029252638  61706.61
4608.55077924713  61530.25
4608.59126315142  61443.21
4608.63174423907  61811.21
4608.67222250994  61698.13
4608.71269796385  61916.86
4608.75317060065  61384.46
4608.79364042018  61833.92
4608.83410742225  61822.97
4608.87457160673  61851.63
4608.91503297344  61921.35
4608.95549152222  61652.93
4608.99594725291  61175.31
4609.03640016535  61675.72
4609.07685025937  61411.67
4609.11729753482  61557.94
4609.15774199152  61701.76
4609.19818362932  61845.29
4609.23862244805  61676.
4609.27905844756  61654.82
4609.31949162768  61861.31
4609.35992198824  61507.25
4609.40034952909  62037.57
4609.44077425006  62112.21
4609.481196151  61981.63
4609.52161523173  61703.75
4609.5620314921  61626.94
4609.60244493195  61630.42
4609.6428555511  62147.23
4609.68326334942  61880.12
4609.72366832671  61642.68
4609.76407048284  61772.54
4609.80446981763  62066.88
4609.84486633092  62176.34
4609.88526002256  61599.8
4609.92565089237  61991.25
4609.9660389402  61835.19
4610.0064241659  61876.39
4610.04680656928  61572.1
4610.08718615019  61871.12
4610.12756290848  61746.25
4610.16793684397  61923.33
4610.20830795652  61626.41
4610.24867624595  62004.15
4610.2890417121  62037.95
4610.32940435482  61468.75
4610.36976417393  62085.82
4610.41012116929  62219.
4610.45047534073  61440.18
4610.49082668808  61965.27
4610.53117521119  61489.56
4610.57152090989  61793.92
4610.61186378403  61629.72
4610.65220383344  61709.37
4610.69254105796  61362.18
4610.73287545742  61441.19
4610.77320703168  61475.62
4610.81353578056  61516.62
4610.85386170391  62016.25
4610.89418480156  61581.
4610.93450507336  60975.06
4610.97482251914  61247.45
4611.01513713874  61385.59
4611.055448932  61554.48
4611.09575789876  61721.93
4611.13606403886  61564.96
4611.17636735213  61829.4
4611.21666783843  61691.44
4611.25696549757  61284.28
4611.29726032942  61708.08
4611.3375523338  61676.13
4611.37784151055  61561.66
4611.41812785951  61284.62
4611.45841138053  61739.66
4611.49869207344  61671.58
4611.53896993807  61169.35
4611.57924497428  61483.1
4611.6195171819  61573.02
4611.65978656077  61497.71
4611.70005311072  61535.17
4611.74031683161  61989.5
4611.78057772326  61704.11
4611.82083578551  61665.44
4611.86109101822  61658.66
4611.90134342121  61650.21
4611.94159299433  61614.95
4611.98183973741  61677.82
4612.0220836503  61575.31
4612.06232473283  61626.65
4612.10256298485  61857.34
4612.14279840619  62017.67
4612.1830309967  61705.11
4612.22326075621  61727.08
4612.26348768456  62140.71
4612.3037117816  61687.88
4612.34393304717  61674.76
4612.38415148109  61441.91
4612.42436708323  61535.8
4612.4645798534  62103.16
4612.50478979146  61473.4
4612.54499689724  61705.8
4612.58520117059  61517.82
4612.62540261135  62158.56
4612.66560121934  61779.64
4612.70579699442  61848.48
4612.74598993643  61640.45
4612.78618004521  61610.19
4612.82636732058  61536.2
4612.86655176241  61729.58
4612.90673337052  61943.33
4612.94691214476  61955.13
4612.98708808496  61348.7
4613.02726119098  62021.34
4613.06743146264  61138.05
4613.10759889979  61568.2
4613.14776350227  61818.78
4613.18792526991  61136.24
4613.22808420257  61481.66
4613.26824030008  61540.63
4613.30839356229  61597.55
4613.34854398902  61608.63
4613.38869158013  61541.21
4613.42883633545  61670.12
4613.46897825482  61372.66
4613.50911733809  61311.93
4613.5492535851  61420.33
4613.58938699569  61728.55
4613.62951756969  61704.23
4613.66964530695  61779.07
4613.70977020731  61524.79
4613.74989227061  61552.5
4613.79001149669  61303.91
4613.8301278854  61486.61
4613.87024143657  61313.12
4613.91035215005  61564.02
4613.95046002567  61646.5
4613.99056506328  61572.56
4614.03066726272  61569.99
4614.07076662382  61056.17
4614.11086314644  61240.
4614.15095683041  61465.49
4614.19104767557  61243.3
4614.23113568177  61325.55
4614.27122084885  61478.82
4614.31130317664  61612.68
4614.35138266499  61194.59
4614.39145931375  61521.45
4614.43153312274  61584.14
4614.47160409182  61602.3
4614.51167222082  61499.24
4614.55173750959  61674.23
4614.59179995797  61499.27
4614.6318595658  60875.13
4614.67191633292  61519.12
4614.71197025917  61705.23
4614.7520213444  61387.89
4614.79206958844  61446.3
4614.83211499114  61328.44
4614.87215755235  61468.49
4614.91219727189  61503.77
4614.95223414962  61809.99
4614.99226818538  61500.96
4615.032299379  61501.17
4615.07232773033  61439.26
4615.11235323922  61561.56
4615.1523759055  61588.68
4615.19239572901  61595.61
4615.2324127096  61372.68
4615.27242684711  61593.46
4615.31243814139  61608.12
4615.35244659227  61173.96
4615.39245219959  61260.27
4615.43245496321  61453.57
4615.47245488295  61456.2
4615.51245195867  61960.95
4615.5524461902  61842.9
4615.59243757739  62071.45
4615.63242612009  61818.61
4615.67241181812  61535.16
4615.71239467134  61466.53
4615.75237467959  61361.58
4615.7923518427  61381.49
4615.83232616053  61182.43
4615.87229763292  61497.8
4615.9122662597  60692.89
4615.95223204072  60096.25
4615.99219497583  60078.73
4616.03215506486  59793.4
4616.07211230766  59641.75
4616.11206670407  59637.96
4616.15201825393  60050.68
4616.19196695709  59827.06
4616.23191281339  59452.34
4616.27185582268  59568.52
4616.31179598479  59991.26
4616.35173329956  59649.9
4616.39166776685  60022.52
4616.43159938649  60051.16
4616.47152815832  60339.94
4616.5114540822  60774.31
4616.55137715796  60671.81
4616.59129738545  61253.39
4616.6312147645  61362.85
4616.67112929497  61305.07
4616.71104097669  61293.95
4616.75094980952  61641.6
4616.79085579328  61661.61
4616.83075892783  61575.49
4616.870659213  61986.91
4616.91055664865  61114.38
4616.95045123462  61559.63
4616.99034297074  61568.84
4617.03023185686  61026.6
4617.07011789283  61246.8
4617.11000107849  61107.14
4617.14988141368  61187.89
4617.18975889825  61161.15
4617.22963353203  61240.7
4617.26950531488  60799.12
4617.30937424664  60978.98
4617.34924032714  61016.45
4617.38910355624  60741.55
4617.42896393377  61346.38
4617.46882145959  61456.34
4617.50867613353  61422.11
4617.54852795545  61388.3
4617.58837692517  61475.21
4617.62822304255  60877.19
4617.66806630743  60813.18
4617.70790671965  61158.82
4617.74774427907  61427.18
4617.78757898551  61153.66
4617.82741083883  61187.61
4617.86723983887  61270.48
4617.90706598548  61115.67
4617.94688927849  61335.54
4617.98670971776  60977.46
4618.02652730312  60606.89
4618.06634203443  60428.65
4618.10615391152  59502.34
4618.14596293423  58743.63
4618.18576910243  57849.57
4618.22557241593  57465.95
4618.2653728746  57178.33
4618.30517047828  56908.06
4618.34496522681  57039.42
4618.38475712003  56970.66
4618.4245461578  56762.35
4618.46433233994  57053.11
4618.50411566632  57510.25
4618.54389613677  57405.59
4618.58367375113  57521.82
4618.62344850926  58082.28
4618.663220411  58978.76
4618.70298945618  59646.12
4618.74275564467  60635.76
4618.78251897629  60778.81
4618.8222794509  60579.21
4618.86203706834  60885.14
4618.90179182845  61029.89
4618.94154373109  60969.62
4618.98129277609  60595.79
4619.0210389633  61056.23
4619.06078229256  61046.02
4619.10052276373  60905.49
4619.14026037664  60462.43
4619.17999513113  61098.68
4619.21972702707  61100.55
4619.25945606428  61130.54
4619.29918224262  61185.24
4619.33890556192  60645.19
4619.37862602204  60872.72
4619.41834362283  60899.46
4619.45805836411  60883.24
4619.49777024575  60745.75
4619.53747926759  61108.18
4619.57718542946  60911.29
4619.61688873122  61067.77
4619.65658917272  60752.16
4619.69628675379  60746.22
4619.73598147428  60884.55
4619.77567333404  60131.32
4619.81536233292  60021.34
4619.85504847075  60119.1
4619.89473174739  59964.36
4619.93441216268  59481.64
4619.97408971646  59540.34
4620.01376440859  59965.1
4620.0534362389  59406.77
4620.09310520725  59444.31
4620.13277131347  59193.6
4620.17243455742  59593.95
4620.21209493894  59833.4
4620.25175245787  59728.38
4620.29140711407  59629.59
4620.33105890737  59949.71
4620.37070783763  60294.56
4620.41035390468  60222.23
4620.44999710838  60660.9
4620.48963744857  60871.8
4620.5292749251  61294.12
4620.56890953781  60458.7
4620.60854128656  60792.77
4620.64817017117  61092.98
4620.68779619151  60854.14
4620.72741934742  60559.96
4620.76703963874  60792.91
4620.80665706531  61107.45
4620.846271627  60988.31
4620.88588332364  60906.27
4620.92549215508  60877.81
4620.96509812116  61060.22
4621.00470122173  60465.81
4621.04430145664  60480.45
4621.08389882574  60688.57
4621.12349332887  60501.11
4621.16308496587  60877.23
4621.2026737366  60326.85
4621.2422596409  60594.71
4621.28184267861  60396.93
4621.32142284959  60830.06
4621.36100015367  61013.03
4621.40057459072  60586.98
4621.44014616057  60907.93
4621.47971486307  61129.57
4621.51928069806  61067.33
4621.5588436654  61078.01
4621.59840376493  60927.91
4621.63796099649  60492.35
4621.67751535995  61198.82
4621.71706685513  61076.66
4621.75661548189  60810.81
4621.79616124007  60363.98
4621.83570412953  60832.85
4621.8752441501  60563.7
4621.91478130164  60872.91
4621.954315584  60739.79
4621.99384699701  61113.62
4622.03337554053  61021.97
4622.07290121441  61024.43
4622.11242401849  61082.53
4622.15194395261  60961.22
4622.19146101664  60772.26
4622.2309752104  60561.5
4622.27048653376  61118.25
4622.30999498655  60954.89
4622.34950056863  61072.27
4622.38900327984  60753.61
4622.42850312003  60743.23
4622.46800008905  61180.14
4622.50749418675  61035.44
4622.54698541297  60700.91
4622.58647376755  60935.88
4622.62595925036  61015.77
4622.66544186123  60784.22
4622.70492160001  60805.53
4622.74439846655  61264.2
4622.78387246071  60871.01
4622.82334358231  61323.15
4622.86281183122  61055.74
4622.90227720729  60476.18
4622.94173971035  61055.21
4622.98119934026  60864.18
4623.02065609686  61071.79
4623.06010998001  60842.57
4623.09956098955  61002.23
4623.13900912533  60656.41
4623.17845438719  61088.01
4623.21789677499  61029.28
4623.25733628857  60902.01
4623.29677292778  60905.89
4623.33620669247  60730.52
4623.37563758249  60958.21
4623.41506559769  60739.79
4623.4544907379  60638.22
4623.49391300299  60507.54
4623.5333323928  60793.04
4623.57274890718  60688.03
4623.61216254597  61076.94
4623.65157330903  60412.98
4623.6909811962  60574.29
4623.73038620733  60964.73
4623.76978834228  60704.62
4623.80918760088  60864.06
4623.84858398299  60866.23
4623.88797748845  60691.01
4623.92736811712  60880.13
4623.96675586884  60923.04
4624.00614074346  60761.73
4624.04552274084  60236.97
4624.08490186081  60539.46
4624.12427810323  60980.02
4624.16365146794  61030.36
4624.2030219548  60758.3
4624.24238956365  61100.54
4624.28175429434  60775.48
4624.32111614673  60663.2
4624.36047512066  60705.25
4624.39983121597  60609.11
4624.43918443252  61081.79
4624.47853477016  60602.87
4624.51788222874  60743.53
4624.5572268081  60965.63
4624.59656850809  60912.71
4624.63590732857  60627.39
4624.67524326938  60498.45
4624.71457633037  60704.43
4624.75390651139  60466.98
4624.79323381229  60313.93
4624.83255823292  60421.89
4624.87187977312  60730.97
4624.91119843276  60628.55
4624.95051421167  60673.04
4624.98982710971  60743.9
4625.02913712672  60765.83
4625.06844426256  60445.77
4625.10774851707  60782.67
4625.1470498901  60557.
4625.18634838151  60422.2
4625.22564399114  61311.55
4625.26493671884  60150.32
4625.30422656447  60628.5
4625.34351352786  60232.43
4625.38279760888  60272.76
4625.42207880737  60157.5
4625.46135712318  60201.01
4625.50063255616  60554.92
4625.53990510615  59864.71
4625.57917477302  60384.84
4625.61844155661  60325.3
4625.65770545677  60506.79
4625.69696647334  60218.49
4625.73622460619  60618.15
4625.77547985515  60602.89
4625.81473222008  60586.98
4625.85398170084  60538.57
4625.89322829726  60501.07
4625.9324720092  60685.63
4625.97171283651  60938.93
4626.01095077904  60556.69
4626.05018583664  60540.64
4626.08941800915  60594.35
4626.12864729644  60613.27
4626.16787369835  60564.68
4626.20709721473  60677.02
4626.24631784543  60600.96
4626.2855355903  60725.53
4626.32475044919  60720.47
4626.36396242195  60806.18
4626.40317150843  60667.68
4626.44237770849  60641.39
4626.48158102197  60338.11
4626.52078144872  60513.14
4626.5599789886  60161.06
4626.59917364145  60377.74
4626.63836540713  60306.01
4626.67755428548  60434.96
4626.71674027636  59663.11
4626.75592337962  60858.3
4626.7951035951  60427.59
4626.83428092267  60484.14
4626.87345536216  60908.45
4626.91262691343  60338.39
4626.95179557633  60401.66
4626.99096135072  60546.23
4627.03012423643  60626.97
4627.06928423333  60486.56
4627.10844134127  60566.28
4627.14759556009  60596.67
4627.18674688964  60227.09
4627.22589532979  59971.64
4627.26504088037  59973.14
4627.30418354124  60293.37
4627.34332331225  60411.29
4627.38246019326  60531.54
4627.42159418411  59995.91
4627.46072528465  59819.27
4627.49985349474  60210.72
4627.53897881422  60755.43
4627.57810124295  60596.65
4627.61722078078  60367.83
4627.65633742756  60648.74
4627.69545118315  60029.3
4627.73456204738  60267.66
4627.77367002013  60182.09
4627.81277510123  59944.54
4627.85187729053  60150.23
4627.8909765879  59811.67
4627.93007299317  59839.2
4627.96916650621  60181.66
4628.00825712687  60098.39
4628.04734485499  60031.93
4628.08642969043  60433.32
4628.12551163303  60217.21
4628.16459068266  60076.82
4628.20366683916  59783.3
4628.24274010238  59944.59
4628.28181047218  59770.52
4628.32087794841  60277.88
4628.35994253092  60051.91
4628.39900421956  60201.27
4628.43806301419  59864.03
4628.47711891465  59897.73
4628.5161719208  59545.39
4628.55522203249  59039.81
4628.59426924957  58351.29
4628.63331357189  57282.3
4628.67235499931  56152.49
4628.71139353168  55386.7
4628.75042916885  54823.36
4628.78946191068  54840.4
4628.828491757  54529.95
4628.86751870769  54339.55
4628.90654276259  54098.28
4628.94556392154  53860.6
4628.98458218441  53735.44
4629.02359755105  54197.05
4629.06261002131  54728.6
4629.10161959504  54580.65
4629.14062627209  55936.14
4629.17963005232  56785.84
4629.21863093557  58227.92
4629.25762892171  58487.79
4629.29662401059  59696.46
4629.33561620205  59702.43
4629.37460549595  60025.03
4629.41359189214  59964.46
4629.45257539048  59577.96
4629.49155599081  59965.36
4629.53053369299  60059.88
4629.56950849688  60024.11
4629.60848040233  60087.73
4629.64744940918  59745.17
4629.68641551729  60068.66
4629.72537872652  59305.16
4629.76433903672  59934.41
4629.80329644774  60013.87
4629.84225095943  60146.24
4629.88120257165  59828.74
4629.92015128424  59295.59
4629.95909709708  59888.51
4629.99804000999  60270.5
4630.03698002285  60118.97
4630.07591713549  60576.84
4630.11485134779  60226.56
4630.15378265958  60225.68
4630.19271107072  60068.58
4630.23163658107  60415.86
4630.27055919048  60196.5
4630.3094788988  60275.04
4630.34839570589  60384.27
4630.38730961159  60095.76
4630.42622061577  59884.38
4630.46512871827  60399.88
4630.50403391895  60047.33
4630.54293621766  60266.57
4630.58183561427  60191.98
4630.62073210861  60410.14
4630.65962570054  60244.15
4630.69851638992  60104.25
4630.7374041766  60308.39
4630.77628906044  60333.59
4630.81517104128  60084.38
4630.85405011899  60279.45
4630.89292629342  59714.51
4630.93179956441  59742.52
4630.97066993183  60421.86
4631.00953739552  60200.8
4631.04840195535  60154.49
4631.08726361116  60189.14
4631.12612236281  59693.7
4631.16497821016  59971.49
4631.20383115305  59898.34
4631.24268119134  60004.24
4631.28152832489  60557.61
4631.32037255355  59676.71
4631.35921387717  60196.74
4631.39805229561  59923.46
4631.43688780873  60342.4
4631.47572041637  60179.5
4631.51455011839  59778.83
4631.55337691465  60118.61
4631.59220080499  60270.99
4631.63102178928  60216.77
4631.66983986737  60015.7
4631.70865503911  60341.41
4631.74746730436  60231.98
4631.78627666297  59949.49
4631.82508311479  59673.83
4631.86388665969  59628.46
4631.90268729751  59909.76
4631.94148502812  59817.62
4631.98027985135  59609.27
4632.01907176708  59975.77
4632.05786077515  59750.97
4632.09664687542  60195.37
4632.13543006774  60355.25
4632.17421035197  60258.89
4632.21298772796  60144.69
4632.25176219557  60251.65
4632.29053375465  59666.49
4632.32930240506  60271.16
4632.36806814666  59803.46
4632.40683097929  60142.14
4632.44559090281  60363.7
4632.48434791708  59950.04
4632.52310202195  60099.99
4632.56185321729  60163.44
4632.60060150293  59983.57
4632.63934687874  59666.95
4632.67808934458  59839.64
4632.71682890029  59763.45
4632.75556554573  59759.88
4632.79429928077  59844.64
4632.83303010524  59984.18
4632.87175801902  60038.06
4632.91048302196  59836.09
4632.9492051139  59903.2
4632.98792429471  59976.06
4633.02664056423  59639.77
4633.06535392234  59807.5
4633.10406436887  59912.51
4633.1427719037  59755.82
4633.18147652667  59955.91
4633.22017823763  59685.75
4633.25887703645  59827.58
4633.29757292298  59115.79
4633.33626589707  59136.52
4633.37495595859  58277.52
4633.41364310738  57758.41
4633.4523273433  57238.33
4633.49100866622  56845.34
4633.52968707597  57009.24
4633.56836257243  56498.36
4633.60703515544  56592.58
4633.64570482487  56570.14
4633.68437158056  57286.23
4633.72303542237  56741.69
4633.76169635017  56369.88
4633.8003543638  57247.92
4633.83900946312  56920.18
4633.87766164799  57460.86
4633.91631091826  57832.92
4633.9549572738  58451.12
4633.99360071445  58627.59
4634.03224124007  58856.95
4634.07087885052  59023.7
4634.10951354566  59714.61
4634.14814532534  59294.54
4634.18677418941  59738.19
4634.22540013774  59768.46
4634.26402317018  59685.06
4634.30264328658  59932.41
4634.34126048681  59810.3
4634.37987477072  59563.13
4634.41848613816  59813.26
4634.457094589  59910.43
4634.49570012309  59744.83
4634.53430274028  59483.44
4634.57290244043  59382.3
4634.6114992234  58998.42
4634.65009308905  58383.52
4634.68868403723  58884.22
4634.7272720678  58220.54
4634.76585718061  58103.86
4634.80443937553  58300.54
4634.84301865241  57803.11
4634.8815950111  57527.15
4634.92016845147  57672.61
4634.95873897337  58281.08
4634.99730657665  58321.7
4635.03587126118  58262.98
4635.0744330268  58634.33
4635.11299187339  58599.52
4635.15154780079  58939.37
4635.19010080886  58908.72
4635.22865089747  59313.2
4635.26719806646  59553.89
4635.30574231569  59613.34
4635.34428364502  59603.48
4635.38282205431  59924.87
4635.42135754342  59746.74
4635.4598901122  59675.8
4635.49841976051  59520.85
4635.5369464882  59732.69
4635.57547029514  59661.04
4635.61399118118  59430.66
4635.65250914619  59588.67
4635.69102419  59879.51
4635.7295363125  59666.34
4635.76804551352  59769.6
4635.80655179294  59878.34
4635.8450551506  59359.28
4635.88355558636  59642.5
4635.92205310009  59393.
4635.96054769164  59591.06
4635.99903936087  59498.77
4636.03752810763  59322.34
4636.07601393179  59055.57
4636.11449683319  59390.46
4636.15297681171  59621.7
4636.19145386719  59756.94
4636.22992799949  59717.48
4636.26839920848  59581.59
4636.30686749401  59676.09
4636.34533285594  59978.57
4636.38379529412  59949.27
4636.42225480842  59551.88
4636.46071139869  59701.57
4636.49916506479  59421.72
4636.53761580658  59796.11
4636.57606362392  59348.66
4636.61450851666  59108.21
4636.65295048467  59091.8
4636.6913895278  59594.38
4636.7298256459  59303.96
4636.76825883885  59416.34
4636.80668910649  59392.78
4636.84511644868  59686.02
4636.88354086529  59506.21
4636.92196235617  59394.75
4636.96038092118  59145.87
4636.99879656018  59446.3
4637.03720927303  59553.76
4637.07561905958  59097.99
4637.11402591969  59482.52
4637.15242985323  59410.55
4637.19083086005  59147.4
4637.22922894001  59294.77
4637.26762409297  59454.95
4637.30601631878  59120.79
4637.34440561731  59458.21
4637.38279198842  58992.17
4637.42117543196  59015.96
4637.45955594779  59148.92
4637.49793353577  58882.83
4637.53630819577  58797.16
4637.57467992763  58914.43
4637.61304873122  59484.9
4637.6514146064  59023.22
4637.68977755302  58843.88
4637.72813757095  59182.75
4637.76649466004  59081.6
4637.80484882016  58697.34
4637.84320005116  58883.41
4637.8815483529  59236.62
4637.91989372524  59203.88
4637.95823616804  59565.01
4637.99657568116  59233.24
4638.03491226446  59587.64
4638.07324591779  59311.14
4638.11157664103  59383.64
4638.14990443402  59566.97
4638.18822929662  59363.15
4638.2265512287  59259.09
4638.26487023012  59889.81
4638.30318630073  59368.3
4638.34149944039  59368.7
4638.37980964897  59249.2
4638.41811692631  59446.95
4638.4564212723  58836.49
4638.49472268677  59732.36
4638.53302116959  59632.69
4638.57131672063  59530.71
4638.60960933974  59482.87
4638.64789902678  59238.84
4638.6861857816  59244.53
4638.72446960408  59301.89
4638.76275049408  59316.44
4638.80102845143  59523.87
4638.83930347602  59622.62
4638.8775755677  59825.53
4638.91584472633  59849.5
4638.95411095177  59238.37
4638.99237424388  59339.07
4639.03063460252  59592.96
4639.06889202755  59647.74
4639.10714651883  59816.38
4639.14539807622  59565.17
4639.18364669957  59485.93
4639.22189238876  59652.44
4639.26013514365  59475.06
4639.29837496408  59405.09
4639.33661184992  59267.42
4639.37484580103  59569.02
4639.41307681728  59495.39
4639.45130489852  59018.59
4639.48953004461  59525.
4639.52775225541  59184.27
4639.56597153079  59447.09
4639.60418787061  59105.93
4639.64240127471  59271.63
4639.68061174297  59205.77
4639.71881927525  58809.4
4639.7570238714  59393.74
4639.79522553129  59410.45
4639.83342425478  58951.6
4639.87162004173  59077.45
4639.90981289199  59230.12
4639.94800280544  59177.18
4639.98618978193  59405.16
4640.02437382131  59396.94
4640.06255492346  59401.84
4640.10073308823  59607.2
4640.13890831549  59579.92
4640.17708060509  58932.1
4640.21524995689  59056.63
4640.25341637077  58888.26
4640.29157984657  58637.75
4640.32974038416  59139.26
4640.3678979834  58928.11
4640.40605264415  59400.7
4640.44420436627  58867.99
4640.48235314963  58785.88
4640.52049899408  59170.55
4640.55864189949  59022.09
4640.59678186571  58815.98
4640.63491889261  59051.37
4640.67305298005  59304.39
4640.7111841279  59479.68
4640.749312336  59203.27
4640.78743760423  59178.12
4640.82555993244  59319.62
4640.8636793205  58514.6
4640.90179576827  59138.89
4640.93990927561  58982.21
4640.97801984238  59020.83
4641.01612746844  58783.75
4641.05423215365  58892.79
4641.09233389789  59082.84
4641.130432701  59067.54
4641.16852856284  59083.66
4641.20662148329  59429.86
4641.24471146221  59027.76
4641.28279849944  59239.79
4641.32088259487  59322.49
4641.35896374834  59263.
4641.39704195972  59789.43
4641.43511722887  58895.36
4641.47318955566  59684.85
4641.51125893994  59119.07
4641.54932538159  59161.8
4641.58738888045  59507.62
4641.62544943639  59924.
4641.66350704928  59399.32
4641.70156171897  59737.85
4641.73961344534  59256.48
4641.77766222823  58994.58
4641.81570806751  59541.82
4641.85375096305  59403.86
4641.89179091471  59538.75
4641.92982792235  59499.
4641.96786198582  59635.16
4642.00589310501  58978.63
4642.04392127975  59288.76
4642.08194650993  59272.78
4642.1199687954  59370.49
4642.15798813602  59847.29
4642.19600453166  59566.46
4642.23401798218  59343.76
4642.27202848744  59601.81
4642.3100360473  59122.28
4642.34804066163  59597.22
4642.38604233029  59615.84
4642.42404105314  58766.58
4642.46203683005  59104.39
4642.50002966087  59415.85
4642.53801954547  59270.15
4642.57600648372  59174.83
4642.61399047547  59413.08
4642.65197152059  59282.02
4642.68994961894  58998.03
4642.72792477038  58873.09
4642.76589697478  59159.32
4642.803866232  58858.95
4642.84183254191  58975.25
4642.87979590436  59145.31
4642.91775631922  58689.44
4642.95571378636  59436.3
4642.99366830562  59127.84
4643.03161987689  59076.59
4643.06956850002  59097.35
4643.10751417487  59075.41
4643.14545690131  59189.92
4643.18339667921  59272.23
4643.22133350842  58651.55
4643.2592673888  58944.84
4643.29719832023  59453.46
4643.33512630256  58883.93
4643.37305133566  58806.17
4643.4109734194  59020.33
4643.44889255362  58530.84
4643.48680873821  58754.14
4643.52472197302  59537.87
4643.56263225791  58802.24
4643.60053959275  59296.68
4643.63844397741  59045.97
4643.67634541174  58797.66
4643.71424389561  58925.54
4643.75213942889  58536.05
4643.79003201144  58654.41
4643.82792164311  59266.41
4643.86580832378  58711.5
4643.90369205331  58492.79
4643.94157283157  58947.07
4643.97945065841  58534.41
4644.0173255337  59077.77
4644.0551974573  58729.87
4644.09306642908  58836.82
4644.13093244891  59063.84
4644.16879551664  58918.75
4644.20665563214  58948.1
4644.24451279528  58424.1
4644.28236700592  58905.96
4644.32021826392  58892.93
4644.35806656915  58975.51
4644.39591192147  58733.83
4644.43375432074  58952.93
4644.47159376684  58483.66
4644.50943025961  58437.92
4644.54726379894  59141.14
4644.58509438468  58940.38
4644.6229220167  58758.73
4644.66074669486  58662.77
4644.69856841902  58580.8
4644.73638718906  58546.43
4644.77420300483  58658.59
4644.8120158662  58928.61
4644.84982577303  58437.07
4644.88763272519  58154.56
4644.92543672255  58874.36
4644.96323776497  58896.82
4645.00103585231  58593.51
4645.03883098443  58881.22
4645.07662316121  58673.29
4645.1144123825  58238.88
4645.15219864818  58520.73
4645.1899819581  58648.85
4645.22776231213  58845.34
4645.26553971014  58838.48
4645.30331415199  58662.06
4645.34108563755  58474.11
4645.37885416668  58937.43
4645.41661973925  58551.43
4645.45438235511  58768.84
4645.49214201414  58665.78
4645.52989871621  58623.48
4645.56765246117  58267.3
4645.60540324889  58169.04
4645.64315107924  59163.18
4645.68089595208  58685.13
4645.71863786728  58689.39
4645.7563768247  59182.09
4645.79411282421  58540.2
4645.83184586567  58664.75
4645.86957594895  58350.9
4645.90730307391  58127.39
4645.94502724043  58275.77
4645.98274844836  58219.44
4646.02046669756  58319.27
4646.05818198792  58324.21
4646.09589431928  58181.6
4646.13360369153  57858.97
4646.17131010451  58221.69
4646.20901355811  58728.77
4646.24671405217  58774.04
4646.28441158658  58535.8
4646.32210616119  58545.87
4646.35979777587  58998.59
4646.39748643049  58609.41
4646.43517212491  58550.43
4646.472854859  58886.73
4646.51053463262  58536.57
4646.54821144565  58525.88
4646.58588529794  58306.13
4646.62355618936  58489.17
4646.66122411978  58516.04
4646.69888908906  58446.75
4646.73655109708  58262.92
4646.77421014369  58533.71
4646.81186622876  58410.72
4646.84951935216  58707.28
4646.88716951375  58788.81
4646.92481671341  58346.39
4646.96246095099  58180.32
4647.00010222637  58455.43
4647.0377405394  58635.27
4647.07537588996  58656.99
4647.11300827791  58356.52
4647.15063770312  58342.91
4647.18826416546  58414.06
4647.22588766478  58452.27
4647.26350820097  58291.65
4647.30112577388  58519.09
4647.33874038338  58233.23
4647.37635202933  58508.54
4647.41396071161  58563.96
4647.45156643008  58259.48
4647.48916918461  58355.8
4647.52676897506  58359.82
4647.5643658013  58514.43
4647.60195966319  58643.37
4647.63955056061  58715.24
4647.67713849343  58097.73
4647.71472346149  58573.99
4647.75230546469  58001.21
4647.78988450287  58524.27
4647.82746057592  58892.18
4647.86503368368  58252.86
4647.90260382604  58196.04
4647.94017100286  58061.58
4647.977735214  58748.88
4648.01529645934  58153.43
4648.05285473874  58146.81
4648.09041005206  58474.28
4648.12796239918  58252.2
4648.16551177996  57874.84
4648.20305819426  58060.34
4648.24060164197  58668.51
4648.27814212293  58014.08
4648.31567963703  58082.37
4648.35321418413  58248.5
4648.39074576408  58348.95
4648.42827437678  57833.95
4648.46580002206  58327.52
4648.50332269982  58303.43
4648.54084240992  58501.79
4648.57835915221  58321.8
4648.61587292657  57987.7
4648.65338373288  58213.02
4648.69089157098  58120.83
4648.72839644076  58074.06
4648.76589834208  58348.15
4648.80339727481  58332.41
4648.84089323881  58162.59
4648.87838623395  58176.71
4648.91587626011  58401.98
4648.95336331714  58876.4
4648.99084740492  58447.
4649.02832852332  58568.02
4649.06580667219  58519.39
4649.10328185142  58335.14
4649.14075406086  58678.94
4649.17822330039  57966.33
4649.21568956988  58939.08
4649.25315286918  58660.39
4649.29061319818  58602.08
4649.32807055673  58870.42
4649.36552494471  58530.38
4649.40297636199  58664.11
4649.44042480842  59175.84
4649.47787028389  58691.95
4649.51531278826  58800.85
4649.55275232139  58199.4
4649.59018888316  58563.62
4649.62762247343  58571.13
4649.66505309208  58486.79
4649.70248073896  58655.15
4649.73990541396  58311.3
4649.77732711693  58523.08
4649.81474584774  58374.02
4649.85216160627  58592.4
4649.88957439239  58066.31
4649.92698420595  58469.47
4649.96439104684  58558.48
4650.00179491491  58321.23
4650.03919581004  58480.36
4650.0765937321  58949.48
4650.11398868095  58104.34
4650.15138065646  58068.57
4650.18876965851  58742.02
4650.22615568695  58776.11
4650.26353874167  58560.29
4650.30091882252  58826.99
4650.33829592938  58234.89
4650.37567006212  58635.86
4650.41304122061  58936.86
4650.4504094047  58344.23
4650.48777461428  59217.08
4650.52513684921  58502.56
4650.56249610937  58083.42
4650.59985239461  58376.56
4650.63720570482  58226.64
4650.67455603985  58225.39
4650.71190339958  58555.2
4650.74924778387  57798.36
4650.7865891926  58278.05
4650.82392762564  58292.84
4650.86126308285  57976.8
4650.89859556411  58372.08
4650.93592506928  57752.77
4650.97325159823  58195.64
4651.01057515084  58589.21
4651.04789572696  58025.63
4651.08521332648  58182.43
4651.12252794926  58388.89
4651.15983959516  58207.62
4651.19714826407  58570.
4651.23445395585  58233.66
4651.27175667036  58035.03
4651.30905640749  58299.51
4651.34635316709  58584.86
4651.38364694904  58198.16
4651.4209377532  57735.75
4651.45822557946  58762.35
4651.49551042767  58412.04
4651.53279229771  58456.42
4651.57007118944  58255.52
4651.60734710274  58328.4
4651.64462003748  58464.44
4651.68188999353  58189.77
4651.71915697075  57742.87
4651.75642096902  57883.89
4651.7936819882  58096.93
4651.83094002817  57949.64
4651.8681950888  58105.74
4651.90544716995  58322.89
4651.9426962715  58243.03
4651.97994239332  58058.34
4652.01718553527  58121.47
4652.05442569724  57927.18
4652.09166287908  58294.55
4652.12889708067  58244.84
4652.16612830187  58436.5
4652.20335654257  58284.5
4652.24058180262  57935.89
4652.27780408191  58344.46
4652.31502338029  58298.28
4652.35223969764  58171.86
4652.38945303384  58015.47
4652.42666338875  58585.52
4652.46387076224  58337.91
4652.50107515418  58132.04
4652.53827656445  57991.04
4652.5754749929  57941.43
4652.61267043943  58040.84
4652.64986290389  58335.88
4652.68705238615  58819.13
4652.72423888609  58420.45
4652.76142240358  58716.82
4652.79860293849  57940.81
4652.83578049069  57698.79
4652.87295506004  58352.38
4652.91012664643  57493.4
4652.94729524972  57844.65
4652.98446086979  57876.1
4653.02162350649  58219.89
4653.05878315972  57766.92
4653.09593982933  57695.91
4653.13309351519  58011.65
4653.17024421718  57923.34
4653.20739193518  58039.96
4653.24453666904  58150.46
4653.28167841865  58183.49
4653.31881718387  57939.64
4653.35595296457  58068.13
4653.39308576063  58765.06
4653.43021557192  57835.62
4653.4673423983  58204.04
4653.50446623966  57849.63
4653.54158709585  58253.43
4653.57870496676  57992.29
4653.61581985225  57744.97
4653.6529317522  57900.02
4653.69004066647  58270.95
4653.72714659494  58268.57
4653.76424953749  58717.93
4653.80134949397  58209.39
4653.83844646427  57822.19
4653.87554044826  57763.77
4653.9126314458  57245.15
4653.94971945677  57874.31
4653.98680448104  57599.57
4654.02388651848  57879.01
4654.06096556897  57454.58
4654.09804163237  57281.29
4654.13511470856  57713.24
4654.17218479741  57029.28
4654.20925189879  57284.27
4654.24631601258  57583.36
4654.28337713864  57556.24
4654.32043527685  57824.46
4654.35749042708  57396.83
4654.3945425892  57672.33
4654.43159176308  57017.51
4654.4686379486  57564.92
4654.50568114563  57771.5
4654.54272135404  57940.59
4654.5797585737  57688.2
4654.61679280449  57125.47
4654.65382404628  57979.05
4654.69085229893  57702.18
4654.72787756233  58119.71
4654.76489983634  57629.65
4654.80191912084  57978.17
4654.8389354157  57926.16
4654.87594872078  57695.71
4654.91295903598  57723.2
4654.94996636115  58356.57
4654.98697069617  57772.52
4655.02397204091  57924.64
4655.06097039525  57989.42
4655.09796575905  58322.46
4655.1349581322  57999.56
4655.17194751455  58021.42
4655.208933906  57862.01
4655.2459173064  57665.52
4655.28289771563  57901.14
4655.31987513356  57174.11
4655.35684956008  57933.14
4655.39382099504  57446.33
4655.43078943832  57753.54
4655.4677548898  57548.83
4655.50471734935  57557.89
4655.54167681684  57889.21
4655.57863329215  57764.52
4655.61558677514  57953.52
4655.6525372657  57436.58
4655.68948476368  57292.61
4655.72642926898  57982.32
4655.76337078145  58112.76
4655.80030930098  57753.75
4655.83724482744  58210.18
4655.87417736069  57746.37
4655.91110690062  58001.48
4655.94803344709  57477.1
4655.98495699999  58158.58
4656.02187755918  57934.74
4656.05879512453  58305.82
4656.09570969593  57751.78
4656.13262127323  57667.31
4656.16952985633  57914.37
4656.20643544509  57749.87
4656.24333803938  57679.57
4656.28023763908  57479.53
4656.31713424406  56597.76
4656.3540278542  56786.18
4656.39091846936  57407.5
4656.42780608943  57112.17
4656.46469071428  57197.36
4656.50157234377  56934.43
4656.53845097779  56623.44
4656.5753266162  56516.46
4656.6121992589  56760.98
4656.64906890573  56624.09
4656.68593555658  56593.82
4656.72279921133  56402.38
4656.75965986984  56687.05
4656.796517532  57270.34
4656.83337219767  56886.36
4656.87022386673  57105.63
4656.90707253906  57295.02
4656.94391821452  57649.88
4656.980760893  57231.19
4657.01760057436  57796.92
4657.05443725848  57424.39
4657.09127094524  57579.2
4657.12810163451  57544.74
4657.16492932615  57317.84
4657.20175402006  57489.62
4657.2385757161  58090.57
4657.27539441415  57494.93
4657.31221011408  58070.
4657.34902281576  57918.44
4657.38583251907  57771.93
4657.42263922389  57260.26
4657.45944293008  57760.61
4657.49624363753  57473.49
4657.53304134611  57879.57
4657.56983605569  57823.55
4657.60662776614  57570.7
4657.64341647735  57947.36
4657.68020218919  57235.61
4657.71698490152  57824.75
4657.75376461424  58129.44
4657.7905413272  57532.48
4657.8273150403  57863.44
4657.86408575339  57808.69
4657.90085346635  57885.87
4657.93761817907  57462.94
4657.97437989142  57714.95
4658.01113860326  57464.05
4658.04789431448  57731.91
4658.08464702495  57196.38
4658.12139673455  57758.88
4658.15814344315  58001.75
4658.19488715062  57748.6
4658.23162785685  57408.91
4658.2683655617  57717.3
4658.30510026506  57695.41
4658.34183196679  57379.14
4658.37856066677  57209.24
4658.41528636488  57848.71
4658.452009061  58235.19
4658.48872875499  58171.05
4658.52544544673  57459.29
4658.56215913611  57353.14
4658.59886982299  57329.87
4658.63557750725  57939.21
4658.67228218876  57513.7
4658.70898386741  57645.82
4658.74568254306  57566.22
4658.7823782156  57786.88
4658.81907088489  57733.71
4658.85576055082  57848.25
4658.89244721326  57793.85
4658.92913087208  57594.39
4658.96581152716  57434.88
4659.00248917838  57805.67
4659.03916382561  57220.33
4659.07583546873  57583.93
4659.11250410761  58430.7
4659.14916974214  57465.71
4659.18583237218  57797.31
4659.22249199761  57458.85
4659.25914861831  57325.99
4659.29580223416  57488.15
4659.33245284502  58192.96
4659.36910045078  57493.12
4659.40574505131  57117.73
4659.4423866465  57566.87
4659.4790252362  57694.58
4659.51566082031  57388.75
4659.55229339869  57590.84
4659.58892297123  57941.92
4659.6255495378  57793.4
4659.66217309827  57636.62
4659.69879365253  57599.25
4659.73541120044  57661.52
4659.77202574189  57257.12
4659.80863727675  57291.63
4659.8452458049  57001.4
4659.88185132621  57382.99
4659.91845384057  57595.73
4659.95505334784  57318.48
4659.99164984791  57444.61
4660.02824334064  57816.26
4660.06483382593  57356.93
4660.10142130364  57523.6
4660.13800577364  56935.91
4660.17458723583  56489.64
4660.21116569007  56602.96
4660.24774113625  57394.21
4660.28431357423  57006.44
4660.32088300389  57001.37
4660.35744942512  57610.62
4660.39401283778  57955.99
4660.43057324176  57196.52
4660.46713063694  58001.4
4660.50368502318  56703.41
4660.54023640037  57272.48
4660.57678476838  57189.29
4660.6133301271  56950.12
4660.64987247639  57057.68
4660.68641181614  57249.36
4660.72294814621  57055.64
4660.7594814665  57263.54
4660.79601177688  57329.24
4660.83253907721  57094.41
4660.86906336739  56605.46
4660.90558464729  57559.27
4660.94210291679  57180.78
4660.97861817575  57011.03
4661.01513042407  57028.72
4661.05163966162  57176.75
4661.08814588827  57613.84
4661.1246491039  57671.59
4661.1611493084  57441.18
4661.19764650163  57652.07
4661.23414068348  57139.79
4661.27063185382  57002.8
4661.30712001254  56975.64
4661.3436051595  56913.03
4661.38008729459  57407.09
4661.41656641768  56594.23
4661.45304252866  56544.9
4661.48951562739  57212.82
4661.52598571376  56978.83
4661.56245278765  57294.02
4661.59891684893  57258.2
4661.63537789748  57282.55
4661.67183593318  57007.19
4661.70829095591  56943.13
4661.74474296555  56627.77
4661.78119196196  57196.78
4661.81763794504  57020.55
4661.85408091466  57037.04
4661.89052087069  57502.58
4661.92695781303  57079.72
4661.96339174153  56933.69
4661.99982265608  57376.49
4662.03625055657  57881.11
4662.07267544287  57146.82
4662.10909731485  57254.02
4662.1455161724  57151.71
4662.18193201539  56851.42
4662.2183448437  57014.8
4662.25475465721  56636.95
4662.2911614558  56949.46
4662.32756523935  56936.5
4662.36396600774  56790.5
4662.40036376084  56900.68
4662.43675849853  56988.16
4662.47315022069  56178.89
4662.50953892721  55988.34
4662.54592461795  55982.45
4662.5823072928  56421.08
4662.61868695163  56301.07
4662.65506359434  56557.61
4662.69143722078  55889.96
4662.72780783085  56050.11
4662.76417542442  56630.88
4662.80054000136  56467.6
4662.83690156157  57044.91
4662.87326010492  57051.71
4662.90961563128  56784.52
4662.94596814054  56985.38
4662.98231763258  56709.47
4663.01866410726  56974.52
4663.05500756448  56830.
4663.09134800412  56702.62
4663.12768542604  56579.73
4663.16401983014  57178.59
4663.20035121628  56642.73
4663.23667958435  56334.
4663.27300493424  56389.3
4663.30932726581  56040.25
4663.34564657894  56503.79
4663.38196287352  56618.41
4663.41827614943  56209.36
4663.45458640654  55852.56
4663.49089364474  56640.54
4663.5271978639  56637.36
4663.5634990639  56951.36
4663.59979724462  56801.42
4663.63609240595  57107.22
4663.67238454776  56907.89
4663.70867366993  56621.79
4663.74495977235  57708.85
4663.78124285488  56425.18
4663.81752291741  56665.09
4663.85379995983  57425.56
4663.890073982  57175.76
4663.92634498381  57050.07
4663.96261296514  57092.25
4663.99887792587  57094.91
4664.03513986588  57232.32
4664.07139878505  57484.64
4664.10765468326  57323.48
4664.14390756039  57175.07
4664.18015741631  57597.39
4664.21640425092  57000.17
4664.25264806408  57054.55
4664.28888885569  57096.22
4664.32512662561  56996.16
4664.36136137373  56997.76
4664.39759309993  57153.15
4664.43382180409  57075.07
4664.47004748609  57096.17
4664.50627014581  56717.89
4664.54248978314  56698.61
4664.57870639794  57115.49
4664.6149199901  57148.77
4664.65113055951  57145.83
4664.68733810603  57111.32
4664.72354262956  56384.7
4664.75974412997  57252.48
4664.79594260714  56467.2
4664.83213806096  57172.02
4664.86833049131  56943.89
4664.90451989805  57573.11
4664.94070628109  57825.76
4664.97688964028  57610.27
4665.01306997553  56978.02
4665.0492472867  57247.96
4665.08542157368  56699.57
4665.12159283635  57129.09
4665.15776107459  56239.78
4665.19392628828  57061.92
4665.2300884773  55834.1
4665.26624764154  57080.34
4665.30240378086  56953.86
4665.33855689516  56487.95
4665.37470698432  57022.85
4665.41085404821  56825.39
4665.44699808672  57363.52
4665.48313909973  56625.12
4665.51927708711  55973.48
4665.55541204876  56469.
4665.59154398455  56617.86
4665.62767289436  56555.83
4665.66379877808  56672.54
4665.69992163557  56458.69
4665.73604146674  56129.94
4665.77215827145  56842.16
4665.80827204959  57290.23
4665.84438280105  56177.55
4665.88049052569  56973.3
4665.91659522341  57508.04
4665.95269689408  56060.46
4665.98879553759  56651.82
4666.02489115381  56379.13
4666.06098374264  55609.15
4666.09707330394  56102.99
4666.13315983761  55399.13
4666.16924334351  55764.43
4666.20532382155  55882.75
4666.24140127159  55926.45
4666.27747569352  55146.5
4666.31354708722  55204.32
4666.34961545258  55551.89
4666.38568078947  55810.41
4666.42174309777  55208.28
4666.45780237737  55690.06
4666.49385862815  55676.14
4666.52991184999  55593.62
4666.56596204277  55987.14
4666.60200920638  55581.11
4666.6380533407  56737.38
4666.67409444561  57179.49
4666.71013252099  56363.19
4666.74616756672  56943.28
4666.78219958269  56231.66
4666.81822856877  56725.29
4666.85425452485  56336.13
4666.89027745082  56787.19
4666.92629734655  56703.05
4666.96231421193  56305.07
4666.99832804684  56319.78
4667.03433885116  56845.87
4667.07034662477  56451.89
4667.10635136755  56996.75
4667.1423530794  56765.97
4667.17835176019  56589.42
4667.2143474098  56643.1
4667.25034002811  56664.66
4667.28632961502  56510.77
4667.32231617039  56444.48
4667.35829969412  57011.92
4667.39428018608  56312.09
4667.43025764616  56106.86
4667.46623207425  56330.02
4667.50220347022  56516.86
4667.53817183395  56604.29
4667.57413716534  56486.32
4667.61009946425  56337.38
4667.64605873058  56085.88
4667.68201496422  56045.45
4667.71796816503  56217.09
4667.7539183329  56838.87
4667.78986546772  56310.56
4667.82580956937  56367.2
4667.86175063774  56634.32
4667.8976886727  56063.98
4667.93362367414  56481.84
4667.96955564194  57188.75
4668.00548457598  56279.8
4668.04141047615  56583.98
4668.07733334234  56409.98
4668.11325317442  56318.39
4668.14916997228  56775.28
4668.18508373579  57241.79
4668.22099446486  56566.54
4668.25690215935  56396.44
4668.29280681915  56565.26
4668.32870844415  56115.77
4668.36460703422  56728.8
4668.40050258925  56095.2
4668.43639510914  56771.58
4668.47228459374  56392.76
4668.50817104296  56181.11
4668.54405445668  55741.48
4668.57993483477  56621.3
4668.61581217713  57151.13
4668.65168648363  56387.77
4668.68755775417  56661.97
4668.72342598861  56527.58
4668.75929118686  56711.96
4668.79515334878  56642.7
4668.83101247427  56032.14
4668.86686856321  55889.92
4668.90272161548  56898.02
4668.93857163097  56322.43
4668.97441860956  56381.55
4669.01026255113  56597.48
4669.04610345557  56068.87
4669.08194132276  56222.09
4669.11777615259  56842.33
4669.15360794494  56459.54
4669.18943669969  56292.47
4669.22526241674  56171.42
4669.26108509595  55464.51
4669.29690473723  56524.25
4669.33272134044  56433.25
4669.36853490548  56324.17
4669.40434543223  56383.97
4669.44015292057  55539.
4669.47595737039  55836.93
4669.51175878158  56342.74
4669.54755715401  56163.05
4669.58335248757  56126.09
4669.61914478215  55856.7
4669.65493403763  56032.16
4669.69072025389  55547.54
4669.72650343083  54408.99
4669.76228356831  56440.31
4669.79806066624  55585.22
4669.83383472449  55885.12
4669.86960574295  55444.33
