4707.26372870139  64090.7
4707.30729519338  64807.75
4707.35085891096  64776.34
4707.39441985393  63192.01
4707.43797802213  63809.13
4707.48153341536  63943.05
4707.52508603343  63657.42
4707.56863587617  63830.21
4707.61218294337  64197.87
4707.65572723487  63330.86
4707.69926875047  64639.03
4707.74280748998  64029.61
4707.78634345322  63977.14
4707.82987664001  64308.22
4707.87340705016  64370.54
4707.91693468348  63888.42
4707.9604595398  63387.62
4708.00398161891  63438.02
4708.04750092064  62866.34
4708.09101744481  62462.05
4708.13453119122  64111.14
4708.17804215969  63806.29
4708.22155035003  62658.05
4708.26505576207  63800.12
4708.30855839561  63544.68
4708.35205825048  63131.96
4708.39555532647  63845.96
4708.43904962342  63941.1
4708.48254114113  64276.32
4708.52602987942  63706.41
4708.5695158381  63441.55
4708.61299901699  64047.33
4708.65647941591  64173.07
4708.69995703467  63360.85
4708.74343187307  64270.2
4708.78690393095  62841.73
4708.83037320811  63217.74
4708.87383970437  63858.98
4708.91730341954  64357.43
4708.96076435344  64274.58
4709.00422250589  63936.94
4709.0476778767  64178.79
4709.09113046568  64485.51
4709.13458027265  63881.6
4709.17802729742  64216.46
4709.22147153982  64116.05
4709.26491299965  64683.4
4709.30835167673  64385.68
4709.35178757088  64472.56
4709.39522068192  63651.84
4709.43865100964  63793.65
4709.48207855389  63947.27
4709.52550331446  64445.76
4709.56892529117  63609.18
4709.61234448385  64582.71
4709.6557608923  63709.35
4709.69917451634  64044.44
4709.74258535579  63295.88
4709.78599341045  64266.76
4709.82939868016  63708.29
4709.87280116473  64794.93
4709.91620086396  63942.95
4709.95959777767  64235.91
4710.00299190569  64437.75
4710.04638324783  64332.21
4710.0897718039  63852.96
4710.13315757371  64111.49
4710.1765405571  63660.15
4710.21992075386  64055.01
4710.26329816382  64261.52
4710.30667278679  64702.43
4710.3500446226  63862.63
4710.39341367105  64199.36
4710.43677993196  64072.16
4710.48014340514  63604.66
4710.52350409043  64520.05
4710.56686198762  63952.49
4710.61021709654  63583.31
4710.653569417  64274.13
4710.69691894882  64076.12
4710.74026569181  64230.97
4710.7836096458  63957.5
4710.8269508106  64385.27
4710.87028918602  63819.13
4710.91362477188  63847.52
4710.956957568  64263.48
4711.00028757419  64063.57
4711.04361479028  64540.31
4711.08693921607  64180.21
4711.13026085138  64187.19
4711.17357969604  64455.39
4711.21689574986  64225.84
4711.26020901264  64621.98
4711.30351948422  64162.48
4711.34682716441  64276.07
4711.39013205302  64462.55
4711.43343414987  64493.84
4711.47673345479  63994.43
4711.52002996757  64555.59
4711.56332368805  64117.21
4711.60661461604  64479.
4711.64990275135  63992.02
4711.69318809381  64570.13
4711.73647064322  64843.74
4711.77975039942  64167.7
4711.8230273622  64673.21
4711.86630153141  63251.92
4711.90957290683  63466.04
4711.95284148831  63474.57
4711.99610727564  64338.61
4712.03937026866  64137.66
4712.08263046718  63406.09
4712.12588787101  64166.14
4712.16914247997  64304.41
4712.21239429388  64368.32
4712.25564331256  64280.89
4712.29888953582  63976.5
4712.34213296349  63543.17
4712.38537359537  63407.37
4712.42861143129  63987.82
4712.47184647107  63472.07
4712.51507871452  63445.52
4712.55830816146  63182.95
4712.6015348117  63037.64
4712.64475866507  63580.78
4712.68797972139  63034.93
4712.73119798046  63229.72
4712.77441344211  63054.66
4712.81762610616  63152.4
4712.86083597243  63237.3
4712.90404304072  63318.54
4712.94724731086  63599.38
4712.99044878267  63428.88
4713.03364745597  63958.02
4713.07684333057  63770.91
4713.1200364063  64067.33
4713.16322668296  64393.05
4713.20641416038  63758.04
4713.24959883838  63377.83
4713.29278071677  63761.98
4713.33595979537  63881.82
4713.379136074  63989.94
4713.42230955248  64316.79
4713.46548023063  64740.21
4713.50864810826  64079.05
4713.5518131852  63526.32
4713.59497546125  64044.06
4713.63813493625  64043.29
4713.68129161001  63726.8
4713.72444548234  62789.48
4713.76759655307  63061.62
4713.81074482201  63247.41
4713.85389028898  63361.39
4713.89703295381  64136.7
4713.94017281631  63789.76
4713.98330987629  63952.54
4714.02644413358  63929.04
4714.06957558799  63905.9
4714.11270423935  64072.75
4714.15583008747  63691.75
4714.19895313218  63072.21
4714.24207337328  63699.45
4714.2851908106  63760.48
4714.32830544397  63971.76
4714.37141727318  63847.46
4714.41452629808  62913.72
4714.45763251847  64550.84
4714.50073593417  64897.45
4714.543836545  64137.22
4714.58693435079  64469.64
4714.63002935135  63749.06
4714.6731215465  63521.38
4714.71621093605  63506.25
4714.75929751984  64258.81
4714.80238129767  63480.33
4714.84546226937  64243.77
4714.88854043475  64098.11
4714.93161579364  63874.8
4714.97468834585  63861.2
4715.01775809121  64499.14
4715.06082502953  64117.61
4715.10388916063  63447.42
4715.14695048434  63675.91
4715.19000900046  63877.34
4715.23306470883  63902.51
4715.27611760926  63927.64
4715.31916770157  63872.27
4715.36221498557  64185.07
4715.4052594611  63786.16
4715.44830112796  64027.57
4715.49133998598  63888.77
4715.53437603498  63927.77
4715.57740927478  64410.67
4715.6204397052  63840.71
4715.66346732605  63697.25
4715.70649213716  63647.75
4715.74951413834  63560.57
4715.79253332942  63992.04
4715.83554971022  63843.86
4715.87856328056  64101.1
4715.92157404025  63628.89
4715.96458198912  63292.15
4716.00758712699  63484.24
4716.05058945367  63638.76
4716.09358896898  63505.16
4716.13658567276  63986.49
4716.17957956481  63808.59
4716.22257064496  63840.23
4716.26555891303  64079.46
4716.30854436883  64254.63
4716.35152701219  63938.75
4716.39450684293  63409.91
4716.43748386087  64462.51
4716.48045806582  64065.98
4716.52342945762  64057.37
4716.56639803607  64536.27
4716.609363801  64125.91
4716.65232675224  63667.23
4716.69528688959  63339.16
4716.73824421289  64063.12
4716.78119872195  63999.58
4716.82415041659  63553.09
4716.86709929663  63587.26
4716.9100453619  63442.56
4716.95298861221  63801.18
4716.99592904738  64071.3
4717.03886666725  63199.54
4717.08180147162  63221.
4717.12473346031  63206.03
4717.16766263316  63293.25
4717.21058898997  63118.46
4717.25351253057  63979.29
4717.29643325479  63444.52
4717.33935116244  63766.34
4717.38226625333  63679.3
4717.4251785273  63598.79
4717.46808798417  63825.25
4717.51099462376  63978.82
4717.55389844588  64417.34
4717.59679945035  63660.98
4717.63969763701  64060.07
4717.68259300567  63339.67
4717.72548555615  63768.27
4717.76837528827  63520.77
4717.81126220185  64383.76
4717.85414629673  63921.3
4717.89702757271  64556.85
4717.93990602961  63790.14
4717.98278166727  64181.94
4718.02565448549  63779.11
4718.06852448411  63889.56
4718.11139166295  64122.68
4718.15425602181  64042.93
4718.19711756054  63026.64
4718.23997627894  63930.46
4718.28283217685  64085.75
4718.32568525407  63764.32
4718.36853551044  64171.92
4718.41138294578  63865.48
4718.4542275599  63480.31
4718.49706935263  63661.53
4718.53990832379  64384.16
4718.5827444732  64028.87
4718.62557780068  63877.06
4718.66840830607  63428.54
4718.71123598916  64294.35
4718.7540608498  64085.14
4718.7968828878  63529.68
4718.83970210299  63832.64
4718.88251849518  63741.42
4718.9253320642  63316.36
4718.96814280986  64030.1
4719.010950732  63843.8
4719.05375583044  64070.02
4719.09655810499  63983.89
4719.13935755547  63670.07
4719.18215418172  64096.44
4719.22494798355  63701.11
4719.26773896079  63516.25
4719.31052711325  64077.33
4719.35331244077  63791.85
4719.39609494315  63779.46
4719.43887462023  64072.49
4719.48165147183  63826.8
4719.52442549777  64012.32
4719.56719669787  63974.96
4719.60996507195  64169.02
4719.65273061984  63969.37
4719.69549334136  63734.41
4719.73825323634  64064.19
4719.78101030458  63815.13
4719.82376454593  63303.84
4719.86651596019  64004.77
4719.9092645472  64224.41
4719.95201030678  63828.68
4719.99475323874  63923.02
4720.03749334292  63948.74
4720.08023061913  63470.1
4720.12296506719  64192.26
4720.16569668694  64046.14
4720.20842547819  64454.23
4720.25115144077  63900.77
4720.29387457449  63896.24
4720.33659487919  64303.02
4720.37931235468  63614.07
4720.42202700079  63962.81
4720.46473881734  64053.45
4720.50744780416  64001.79
4720.55015396106  63950.46
4720.59285728788  64422.41
4720.63555778443  63681.19
4720.67825545053  63811.07
4720.72095028602  63684.77
4720.76364229071  63209.69
4720.80633146443  63330.2
4720.849017807  63688.75
4720.89170131825  64571.86
4720.93438199799  64046.56
4720.97705984605  63544.57
4721.01973486226  63860.88
4721.06240704644  63308.62
4721.10507639841  64051.5
4721.14774291799  64287.07
4721.19040660502  64125.82
4721.2330674593  64339.86
4721.27572548067  63940.47
4721.31838066896  64156.77
4721.36103302397  63874.3
4721.40368254555  63667.99
4721.4463292335  62969.34
4721.48897308767  63985.99
4721.53161410786  63950.7
4721.5742522939  63656.16
4721.61688764562  64107.02
4721.65952016285  64038.47
4721.70214984539  63436.74
4721.74477669309  64038.38
4721.78740070576  63837.75
4721.83002188323  64339.01
4721.87264022532  63733.15
4721.91525573185  63867.11
4721.95786840265  63559.57
4722.00047823755  63021.6
4722.04308523637  64135.75
4722.08568939893  63956.73
4722.12829072505  63969.68
4722.17088921457  63818.22
4722.2134848673  63537.33
4722.25607768307  63615.13
4722.29866766171  63495.65
4722.34125480303  64020.06
4722.38383910687  63615.68
4722.42642057304  63472.28
4722.46899920138  64617.69
4722.5115749917  63993.86
4722.55414794384  63974.31
4722.59671805761  63836.4
4722.63928533284  63537.77
4722.68184976936  63335.83
4722.72441136698  64297.46
4722.76697012554  64444.45
4722.80952604486  63835.64
4722.85207912477  63324.29
4722.89462936508  63075.64
4722.93717676563  63359.5
4722.97972132624  63595.55
4723.02226304673  63984.7
4723.06480192693  63413.02
4723.10733796666  63688.43
4723.14987116576  63849.38
4723.19240152403  63924.
4723.23492904132  63782.71
4723.27745371743  64200.72
4723.31997555221  63736.82
4723.36249454547  64247.41
4723.40501069704  63780.63
4723.44752400675  63645.33
4723.49003447442  63991.57
4723.53254209987  64075.61
4723.57504688293  63717.88
4723.61754882343  63610.38
4723.66004792119  63848.04
4723.70254417603  64017.79
4723.74503758779  63593.98
4723.78752815628  63862.61
4723.83001588134  63700.56
4723.87250076279  63498.7
4723.91498280045  63611.52
4723.95746199415  64382.43
4723.99993834371  63979.31
4724.04241184897  63623.92
4724.08488250974  64430.72
4724.12735032586  63405.92
4724.16981529714  64455.27
4724.21227742342  63863.89
4724.25473670451  63966.48
4724.29719314026  63903.89
4724.33964673047  63724.65
4724.38209747498  64017.2
4724.42454537361  64195.59
4724.4669904262  63792.09
4724.50943263255  63798.2
4724.55187199251  63650.51
4724.5943085059  63395.48
4724.63674217253  64709.4
4724.67917299225  64008.2
4724.72160096487  63688.68
4724.76402609023  63653.37
4724.80644836814  63507.
4724.84886779843  64205.22
4724.89128438094  63536.03
4724.93369811548  63773.09
4724.97610900188  63441.86
4725.01851703998  63799.32
4725.06092222959  63375.45
4725.10332457054  64158.38
4725.14572406265  63941.57
4725.18812070576  63945.74
4725.2305144997  63619.91
4725.27290544428  63569.96
4725.31529353933  63833.95
4725.35767878469  63630.57
4725.40006118017  63581.36
4725.44244072561  63639.63
4725.48481742083  63398.59
4725.52719126565  63405.74
4725.56956225991  64177.94
4725.61193040343  63522.55
4725.65429569603  63249.14
4725.69665813755  62864.79
4725.73901772781  63293.2
4725.78137446664  63903.47
4725.82372835387  63251.13
4725.86607938931  63724.77
4725.90842757281  63510.92
4725.95077290418  63716.4
4725.99311538325  63436.89
4726.03545500985  63101.02
4726.07779178381  63565.36
4726.12012570496  63317.96
4726.16245677311  63592.89
4726.20478498811  63418.18
4726.24711034976  63471.72
4726.28943285792  63301.42
4726.33175251239  63833.73
4726.374069313  63707.05
4726.4163832596  63634.21
4726.45869435199  63741.77
4726.50100259001  63639.04
4726.5433079735  63807.88
4726.58561050226  63319.73
4726.62791017614  63251.04
4726.67020699495  63728.94
4726.71250095853  63790.97
4726.75479206671  64150.66
4726.79708031931  63903.77
4726.83936571615  63826.93
4726.88164825708  63714.52
4726.92392794191  63316.88
4726.96620477047  63518.82
4727.00847874259  63580.91
4727.0507498581  63923.43
4727.09301811682  63602.54
4727.13528351859  63861.04
4727.17754606323  63083.77
4727.21980575057  63785.39
4727.26206258044  63179.94
4727.30431655265  64479.87
4727.34656766706  63794.61
4727.38881592347  63716.65
4727.43106132173  63585.95
4727.47330386165  63341.95
4727.51554354307  63640.13
4727.55778036581  63831.73
4727.6000143297  63784.12
4727.64224543457  63600.95
4727.68447368025  63510.45
4727.72669906656  63888.33
4727.76892159334  63599.33
4727.81114126042  63614.25
4727.85335806761  63498.36
4727.89557201475  63872.52
4727.93778310167  63430.21
4727.9799913282  63633.13
4728.02219669416  63554.64
4728.06439919939  63078.12
4728.1065988437  63664.23
4728.14879562694  63487.53
4728.19098954893  63220.6
4728.23318060949  63576.23
4728.27536880846  62881.25
4728.31755414567  63325.61
4728.35973662093  63541.86
4728.40191623409  63799.33
4728.44409298497  63168.67
4728.4862668734  63942.38
4728.52843789921  63271.73
4728.57060606223  63901.02
4728.61277136228  63456.21
4728.6549337992  63480.25
4728.69709337281  63472.38
4728.73925008294  63849.55
4728.78140392943  63376.18
4728.82355491209  62942.3
4728.86570303077  63534.82
4728.90784828529  63434.82
4728.94999067548  62870.6
4728.99213020116  63107.73
4729.03426686217  62637.32
4729.07640065833  63255.06
4729.11853158948  63033.45
4729.16065965544  63551.42
4729.20278485605  63477.76
4729.24490719113  63521.96
4729.28702666051  63143.11
4729.32914326403  63394.66
4729.37125700151  63341.14
4729.41336787277  63757.2
4729.45547587766  63304.34
4729.49758101599  63057.97
4729.5396832876  63374.18
4729.58178269233  63151.54
4729.62387922999  63112.41
4729.66597290042  63313.76
4729.70806370344  63364.2
4729.75015163889  63464.02
4729.7922367066  63090.95
4729.8343189064  63567.94
4729.87639823811  63467.55
4729.91847470157  63546.43
4729.9605482966  63460.04
4730.00261902304  63338.39
4730.04468688072  62968.7
4730.08675186946  63247.39
4730.1288139891  63300.95
4730.17087323946  63462.05
4730.21292962038  62917.37
4730.25498313168  63129.34
4730.2970337732  63334.6
4730.33908154477  63019.9
4730.38112644621  63026.93
4730.42316847735  63353.93
4730.46520763804  63299.74
4730.50724392809  63304.87
4730.54927734733  62739.14
4730.5913078956  63187.72
4730.63333557273  63250.36
4730.67536037855  62858.86
4730.71738231289  62158.52
4730.75940137557  62071.56
4730.80141756644  61623.79
4730.84343088531  61544.62
4730.88544133202  61102.83
4730.9274489064  61104.96
4730.96945360828  61447.26
4731.0114554375  60828.14
4731.05345439388  61390.31
4731.09545047724  61434.34
4731.13744368744  61216.25
4731.17943402428  61645.75
4731.22142148761  61308.68
4731.26340607726  61483.08
4731.30538779305  62376.71
4731.34736663482  62302.95
4731.3893426024  63241.64
4731.43131569561  63284.45
4731.4732859143  63120.72
4731.51525325829  63519.75
4731.55721772741  63576.45
4731.59917932149  63473.16
4731.64113804036  63408.51
4731.68309388386  62997.83
4731.72504685182  63081.
4731.76699694406  63158.04
4731.80894416042  63100.68
4731.85088850073  63469.32
4731.89282996482  63110.69
4731.93476855252  63269.07
4731.97670426366  63259.3
4732.01863709808  63143.55
4732.0605670556  62949.44
4732.10249413606  63418.37
4732.14441833929  62951.02
4732.18633966512  63113.84
4732.22825811338  63382.23
4732.2701736839  63025.55
4732.31208637652  63574.38
4732.35399619106  63365.34
4732.39590312736  63468.21
4732.43780718525  63105.45
4732.47970836456  63298.16
4732.52160666512  63186.79
4732.56350208677  63348.36
4732.60539462933  63458.63
4732.64728429263  63427.84
4732.68917107652  63097.21
4732.73105498082  63457.91
4732.77293600536  63471.88
4732.81481414997  63118.14
4732.85668941449  63226.4
4732.89856179875  63775.48
4732.94043130258  63007.82
4732.98229792581  63399.13
4733.02416166828  63414.96
4733.06602252981  63347.75
4733.10788051024  63151.14
4733.1497356094  63590.48
4733.19158782713  63128.66
4733.23343716325  62914.7
4733.27528361759  63527.21
4733.31712719  63351.76
4733.35896788029  62746.19
4733.40080568831  62922.06
4733.44264061389  63173.5
4733.48447265685  62428.2
4733.52630181704  62977.55
4733.56812809428  62617.02
4733.6099514884  63027.07
4733.65177199924  62624.3
4733.69358962664  62715.43
4733.73540437041  62897.2
4733.77721623041  62796.58
4733.81902520645  63127.72
4733.86083129837  62706.32
4733.902634506  62933.05
4733.94443482918  62463.67
4733.98623226774  63312.28
4734.02802682151  63068.93
4734.06981849033  62755.26
4734.11160727402  62949.65
4734.15339317242  62768.18
4734.19517618537  63095.68
4734.23695631269  63221.58
4734.27873355422  62943.59
4734.32050790979  63367.21
4734.36227937923  63107.92
4734.40404796239  63077.61
4734.44581365908  62858.85
4734.48757646915  62657.25
4734.52933639242  62927.36
4734.57109342874  63021.29
4734.61284757792  63186.24
4734.65459883982  63172.75
4734.69634721425  63407.05
4734.73809270106  63154.92
4734.77983530007  63263.55
4734.82157501112  63028.27
4734.86331183404  63078.08
4734.90504576867  63201.13
4734.94677681484  63314.59
4734.98850497238  63029.96
4735.03023024112  63078.51
4735.07195262091  62981.34
4735.11367211157  62946.61
4735.15538871293  63008.72
4735.19710242484  63019.38
4735.23881324712  63007.82
4735.28052117961  62858.97
4735.32222622214  62702.25
4735.36392837454  62852.11
4735.40562763666  63122.99
4735.44732400831  63153.54
4735.48901748934  62386.79
4735.53070807958  62407.25
4735.57239577887  63135.68
4735.61408058703  63066.92
4735.6557625039  62642.72
4735.69744152932  62617.68
4735.73911766312  62655.49
4735.78079090513  62383.57
4735.82246125519  63239.7
4735.86412871313  62948.19
4735.90579327878  63203.93
4735.94745495199  62966.55
4735.98911373258  63164.45
4736.03076962039  62632.
4736.07242261524  62530.66
4736.11407271699  62541.96
4736.15571992546  62920.25
4736.19736424048  62472.89
4736.23900566189  62583.24
4736.28064418952  62580.42
4736.32227982321  61929.12
4736.3639125628  62336.38
4736.40554240811  62797.68
4736.44716935898  62747.03
4736.48879341525  62740.28
4736.53041457675  62606.1
4736.57203284331  62916.6
4736.61364821477  62005.38
4736.65526069097  62632.32
4736.69687027173  63160.82
4736.7384769569  62617.78
4736.78008074631  63104.02
4736.82168163979  62921.86
4736.86327963718  63122.36
4736.9048747383  62806.2
4736.94646694301  63163.06
4736.98805625113  63292.45
4737.0296426625  62847.57
4737.07122617694  62816.67
4737.11280679431  62035.59
4737.15438451442  62563.98
4737.19595933713  63232.59
4737.23753126225  62759.69
4737.27910028963  63052.7
4737.32066641911  62340.11
4737.36222965051  63184.46
4737.40378998367  63061.88
4737.44534741843  62916.26
4737.48690195462  63374.17
4737.52845359208  62798.17
4737.57000233065  62920.44
4737.61154817015  62485.17
4737.65309111043  62291.27
4737.69463115131  62733.46
4737.73616829264  62436.85
4737.77770253425  62242.41
4737.81923387598  62539.72
4737.86076231766  62367.7
4737.90228785912  62930.74
4737.9438105002  62576.89
4737.98533024074  62844.23
4738.02684708058  62605.91
4738.06836101955  62682.81
4738.10987205747  62792.25
4738.15138019421  62642.62
4738.19288542957  62898.1
4738.23438776341  63010.59
4738.27588719555  62555.12
4738.31738372584  62559.84
4738.35887735411  62964.88
4738.40036808019  62543.4
4738.44185590392  62884.34
4738.48334082514  62828.79
4738.52482284368  62689.08
4738.56630195938  62165.49
4738.60777817208  62730.52
4738.6492514816  62975.52
4738.6907218878  62839.9
4738.7321893905  62392.84
4738.77365398953  62697.04
4738.81511568474  62671.23
4738.85657447597  62245.6
4738.89803036304  62852.22
4738.93948334579  62711.27
4738.98093342406  62898.61
4739.0223805977  62222.73
4739.06382486652  62041.13
4739.10526623038  62152.14
4739.1467046891  62317.28
4739.18814024252  62241.25
4739.22957289048  62475.29
4739.27100263281  62462.38
4739.31242946936  62529.25
4739.35385339996  62183.21
4739.39527442444  62425.46
4739.43669254264  61961.8
4739.4781077544  62532.27
4739.51952005956  62423.02
4739.56092945795  62585.18
4739.6023359494  62482.22
4739.64373953376  62831.21
4739.68514021087  62134.42
4739.72653798055  62349.39
4739.76793284264  62153.71
4739.80932479699  62607.75
4739.85071384343  62055.99
4739.8920999818  62530.93
4739.93348321192  62147.42
4739.97486353365  62489.11
4740.01624094682  62571.09
4740.05761545126  62261.2
4740.09898704682  62490.04
4740.14035573332  62261.08
4740.1817215106  62432.75
4740.22308437851  62013.62
4740.26444433688  62251.86
4740.30580138555  62292.44
4740.34715552435  62630.04
4740.38850675313  62473.09
4740.42985507171  62238.8
4740.47120047994  62675.48
4740.51254297766  62061.39
4740.5538825647  62302.47
4740.59521924089  62434.14
4740.63655300608  62467.24
4740.67788386011  62508.35
4740.71921180281  62119.79
4740.76053683402  62393.84
4740.80185895357  62583.05
4740.84317816131  62661.87
4740.88449445707  62838.45
4740.92580784069  62597.32
4740.96711831201  62429.79
4741.00842587087  62777.62
4741.04973051709  62501.62
4741.09103225053  62384.29
4741.13233107102  62224.36
4741.17362697839  62473.5
4741.21491997249  62225.28
4741.25621005315  62609.86
4741.29749722021  62757.84
4741.33878147351  62056.49
4741.38006281289  62384.79
4741.42134123818  62781.62
4741.46261674922  63100.31
4741.50388934585  62558.42
4741.54515902792  62637.52
4741.58642579525  62696.82
4741.62768964768  62378.86
4741.66895058506  62727.24
4741.71020860722  62355.06
4741.751463714  62537.79
4741.79271590524  62089.85
4741.83396518078  62947.11
4741.87521154045  61745.42
4741.9164549841  62817.68
4741.95769551155  62979.38
4741.99893312266  62496.79
4742.04016781726  62594.68
4742.08139959518  62739.47
4742.12262845627  62564.64
4742.16385440037  62644.89
4742.20507742731  62645.22
4742.24629753693  62863.94
4742.28751472907  62569.78
4742.32872900357  62231.92
4742.36994036027  62709.79
4742.41114879901  62517.88
4742.45235431962  63006.12
4742.49355692194  62414.02
4742.53475660583  62586.31
4742.5759533711  62847.15
4742.6171472176  62525.66
4742.65833814517  62813.35
4742.69952615366  62481.51
4742.74071124289  62775.22
4742.78189341271  62556.7
4742.82307266295  62580.66
4742.86424899346  62620.12
4742.90542240408  62763.93
4742.94659289464  62643.96
4742.98776046498  62453.48
4743.02892511494  63000.51
4743.07008684437  62204.14
4743.11124565309  62316.76
4743.15240154096  62678.25
4743.1935545078  62541.34
4743.23470455347  62312.82
4743.27585167779  62118.25
4743.31699588061  62482.5
4743.35813716177  62489.65
4743.3992755211  62268.37
4743.44041095845  62403.73
4743.48154347366  62173.68
4743.52267306656  62950.88
4743.56379973699  62637.14
4743.6049234848  62696.32
4743.64604430983  62191.43
4743.6871622119  62097.96
4743.72827719088  61945.79
4743.76938924658  62414.21
4743.81049837886  62252.18
4743.85160458755  62615.59
4743.89270787249  62043.9
4743.93380823353  62837.19
4743.9749056705  62557.98
4744.01600018324  62892.28
4744.0570917716  62420.11
4744.0981804354  62502.73
4744.1392661745  62495.
4744.18034898874  62339.75
4744.22142887794  62610.95
4744.26250584196  62533.78
4744.30357988063  62826.21
4744.34465099379  62636.8
4744.38571918129  62645.61
4744.42678444296  62582.41
4744.46784677865  62741.65
4744.50890618819  62324.02
4744.54996267142  63015.38
4744.59101622819  62856.22
4744.63206685833  62573.59
4744.67311456169  62723.92
4744.71415933811  62644.02
4744.75520118742  62371.83
4744.79624010947  62756.07
4744.8372761041  62792.59
4744.87830917114  62731.34
4744.91933931045  63008.12
4744.96036652185  62342.25
4745.00139080519  62411.54
4745.04241216032  62613.74
4745.08343058707  62927.51
4745.12444608527  62402.14
4745.16545865479  62439.55
4745.20646829544  62592.43
4745.24747500708  62727.62
4745.28847878955  62607.08
4745.32947964268  62540.41
4745.37047756632  62425.55
4745.41147256031  62872.14
4745.45246462449  62549.18
4745.4934537587  62421.07
4745.53443996278  62373.19
4745.57542323658  62373.27
4745.61640357992  62456.56
4745.65738099266  62787.93
4745.69835547464  62798.47
4745.73932702569  62509.44
4745.78029564567  62498.54
4745.8212613344  62783.56
4745.86222409173  62959.38
4745.90318391751  62522.9
4745.94414081157  63016.93
4745.98509477375  62526.04
4746.02604580391  62618.26
4746.06699390187  62704.69
4746.10793906747  62516.22
4746.14888130057  62651.3
4746.189820601  62602.58
4746.23075696861  62439.07
4746.27169040323  62689.2
4746.31262090471  61931.13
4746.35354847289  62449.05
4746.3944731076  62043.2
4746.4353948087  62511.16
4746.47631357603  62273.27
4746.51722940942  62162.37
4746.55814230871  62455.23
4746.59905227376  62328.57
4746.6399593044  62566.48
4746.68086340047  62495.59
4746.72176456181  62367.25
4746.76266278828  62623.28
4746.8035580797  61833.08
4746.84445043592  62424.04
4746.88533985678  61927.21
4746.92622634213  62019.71
4746.96710989181  62344.85
4747.00799050566  61785.68
4747.04886818352  62222.
4747.08974292523  62052.14
4747.13061473064  62262.25
4747.17148359958  62229.64
4747.2123495319  62019.17
4747.25321252745  62162.18
4747.29407258607  62418.73
4747.33492970759  61970.56
4747.37578389186  61816.93
4747.41663513872  62107.86
4747.45748344802  61765.7
4747.49832881959  61945.91
4747.53917125328  61494.36
4747.58001074894  61676.11
4747.6208473064  61735.65
4747.66168092551  61736.95
4747.70251160611  61896.73
4747.74333934804  61863.42
4747.78416415114  61815.13
4747.82498601527  62078.62
4747.86580494025  61743.89
4747.90662092594  61739.83
4747.94743397218  62183.3
4747.9882440788  62403.72
4748.02905124566  61795.84
4748.06985547259  62316.86
4748.11065675944  62283.75
4748.15145510605  61960.56
4748.19225051226  62426.17
4748.23304297792  62403.52
4748.27383250288  62111.86
4748.31461908696  62213.62
4748.35540273002  62186.2
4748.3961834319  62251.07
4748.43696119244  62028.85
4748.47773601149  62310.37
4748.51850788889  62082.79
4748.55927682448  62562.8
4748.6000428181  62021.39
4748.64080586961  62347.61
4748.68156597884  62456.82
4748.72232314563  62170.93
4748.76307736983  61858.87
4748.80382865128  62558.18
4748.84457698983  61983.8
4748.88532238532  62140.05
4748.92606483759  62012.63
4748.96680434649  62361.45
4749.00754091186  62206.14
4749.04827453354  62435.9
4749.08900521138  62162.04
4749.12973294522  61781.55
4749.17045773491  61784.86
4749.21117958028  62576.13
4749.25189848119  62240.24
4749.29261443747  61885.22
4749.33332744897  62077.53
4749.37403751554  61740.43
4749.41474463701  62217.07
4749.45544881324  61831.44
4749.49615004406  62238.83
4749.53684832932  62259.59
4749.57754366887  62613.22
4749.61823606254  62009.05
4749.65892551018  62216.39
4749.69961201164  62282.11
4749.74029556676  61868.7
4749.78097617539  61891.11
4749.82165383736  62153.99
4749.86232855252  62177.92
4749.90300032073  62364.44
4749.94366914181  62320.15
4749.98433501562  62460.56
4750.02499794199  62019.82
4750.06565792078  62228.92
4750.10631495183  61883.79
4750.14696903499  61869.93
4750.18762017009  61964.29
4750.22826835698  61889.9
4750.26891359551  62261.57
4750.30955588552  62115.28
4750.35019522686  61770.62
4750.39083161936  62027.
4750.43146506288  61987.18
4750.47209555726  62461.22
4750.51272310234  61751.16
4750.55334769798  62402.1
4750.593969344  62084.
4750.63458804027  62023.14
4750.67520378661  62103.34
4750.71581658289  62514.42
4750.75642642894  62524.26
4750.79703332461  61812.74
4750.83763726974  62082.63
4750.87823826417  62572.55
4750.91883630776  62233.9
4750.95943140035  62517.36
4751.00002354178  62287.27
4751.0406127319  62165.63
4751.08119897056  61887.43
4751.12178225759  62021.72
4751.16236259284  62103.96
4751.20293997616  62073.5
4751.2435144074  62273.09
4751.28408588639  61975.04
4751.32465441299  62297.75
4751.36521998704  62280.95
4751.40578260839  62386.89
4751.44634227687  61933.22
4751.48689899234  61857.91
4751.52745275465  62506.53
4751.56800356363  61917.41
4751.60855141913  61981.49
4751.649096321  62149.09
4751.68963826908  61793.35
4751.73017726322  62049.32
4751.77071330327  61842.57
4751.81124638907  61945.02
4751.85177652046  62046.53
4751.89230369729  62121.97
4751.93282791942  62424.81
4751.97334918667  61712.26
4752.01386749891  61610.89
4752.05438285597  61690.77
4752.0948952577  62035.7
4752.13540470395  61807.17
4752.17591119456  61590.85
4752.21641472938  61990.6
4752.25691530825  61506.68
4752.29741293102  61693.48
4752.33790759754  61498.15
4752.37839930766  61749.58
4752.41888806121  62163.46
4752.45937385805  62323.05
4752.49985669802  61747.62
4752.54033658096  62289.51
4752.58081350673  62068.6
4752.62128747517  62395.2
4752.66175848613  61848.54
4752.70222653944  61884.37
4752.74269163497  62406.07
4752.78315377255  61719.2
4752.82361295203  62316.09
4752.86406917326  61835.17
4752.90452243609  61581.11
4752.94497274036  61848.29
4752.98542008591  61678.11
4753.0258644726  62057.52
4753.06630590027  61788.08
4753.10674436876  62097.08
4753.14717987793  62015.76
4753.18761242762  62086.53
4753.22804201768  61784.65
4753.26846864795  61496.84
4753.30889231828  61916.65
4753.34931302852  61655.87
4753.38973077852  61322.63
4753.43014556811  61977.12
4753.47055739716  61437.98
4753.5109662655  61587.9
4753.55137217298  61389.33
4753.59177511944  61572.16
4753.63217510475  61791.87
4753.67257212874  61401.72
4753.71296619126  61376.64
4753.75335729215  61414.16
4753.79374543127  61320.08
4753.83413060846  61569.25
4753.87451282357  61703.31
4753.91489207645  61648.15
4753.95526836694  61633.48
4753.99564169489  61534.67
4754.03601206014  61766.01
4754.07637946256  61750.69
4754.11674390197  62060.
4754.15710537823  61789.96
4754.1974638912  61517.04
4754.2378194407  61406.75
4754.2781720266  61772.98
4754.31852164874  61626.47
4754.35886830696  61660.2
4754.39921200112  61404.34
4754.43955273106  62150.
4754.47989049663  61987.44
4754.52022529768  61692.48
4754.56055713406  61597.48
4754.60088600561  61607.77
4754.64121191217  61854.04
4754.68153485361  61820.14
4754.72185482977  61823.52
4754.76217184048  61674.39
4754.80248588561  61762.93
4754.842796965  61886.81
4754.8831050785  61272.1
4754.92341022595  61428.48
4754.96371240721  61913.09
4755.00401162212  61561.83
4755.04430787053  61521.53
4755.08460115229  61697.61
4755.12489146724  61988.52
4755.16517881524  61062.02
4755.20546319613  61247.89
4755.24574460976  60953.54
4755.28602305598  61184.43
4755.32629853464  61457.09
4755.36657104558  61422.11
4755.40684058866  61013.93
4755.44710716372  61385.34
4755.48737077061  61340.37
4755.52763140918  61511.79
4755.56788907927  61499.96
4755.60814378074  61533.29
4755.64839551344  61839.41
4755.68864427721  61753.11
4755.7288900719  61630.78
4755.76913289736  61723.33
4755.80937275343  61480.72
4755.84960963998  61235.18
4755.88984355684  61807.68
4755.93007450387  61665.57
4755.97030248091  61650.48
4756.01052748781  61502.7
4756.05074952443  60720.53
4756.0909685906  61560.3
4756.13118468618  61241.42
4756.17139781102  61509.29
4756.21160796497  61555.4
4756.25181514787  61503.27
4756.29201935957  61468.8
4756.33222059993  61219.24
4756.37241886879  61795.5
4756.41261416601  61735.8
4756.45280649142  61620.26
4756.49299584489  61473.82
4756.53318222625  61636.5
4756.57336563536  61364.78
4756.61354607207  61785.79
4756.65372353622  61225.86
4756.69389802767  61235.61
4756.73406954627  61585.61
4756.77423809186  61774.43
4756.8144036643  61780.65
4756.85456626342  61428.52
4756.89472588909  61569.8
4756.93488254116  60691.15
4756.97503621946  61793.57
4757.01518692385  61025.77
4757.05533465419  61133.72
4757.09547941032  61415.48
4757.13562119208  60814.89
4757.17575999934  61297.52
4757.21589583193  61417.85
4757.25602868972  61579.75
4757.29615857254  61116.97
4757.33628548025  61592.36
4757.3764094127  61524.93
4757.41653036974  61403.02
4757.45664835121  61137.24
4757.49676335698  60975.36
4757.53687538688  61217.42
4757.57698444076  61563.86
4757.61709051849  61506.38
4757.6571936199  61576.51
4757.69729374485  60811.82
4757.73739089319  61105.62
4757.77748506477  61408.08
4757.81757625943  61382.3
4757.85766447703  61611.73
4757.89774971742  61306.84
4757.93783198045  61444.12
4757.97791126597  61315.19
4758.01798757382  61556.06
4758.05806090387  60983.4
4758.09813125595  60954.63
4758.13819862993  60937.04
4758.17826302564  61171.22
4758.21832444295  61372.91
4758.25838288169  61458.85
4758.29843834173  61656.
4758.33849082291  61363.37
4758.37854032508  61431.81
4758.4185868481  61170.67
4758.45863039181  61396.85
4758.49867095606  61535.43
4758.53870854071  61053.37
4758.5787431456  60980.91
4758.61877477059  61218.93
4758.65880341553  61125.72
4758.69882908027  61225.78
4758.73885176465  61385.72
4758.77887146854  61051.97
4758.81888819177  61217.3
4758.85890193421  60684.41
4758.8989126957  60723.05
4758.93892047609  61121.07
4758.97892527524  61079.04
4759.01892709299  60956.23
4759.05892592919  61087.19
4759.09892178371  61631.86
4759.13891465638  60979.46
4759.17890454707  61116.69
4759.21889145561  60779.65
4759.25887538187  61536.07
4759.29885632569  61340.31
4759.33883428692  61508.68
4759.37880926542  60990.72
4759.41878126103  60925.8
4759.45875027362  61249.29
4759.49871630302  61138.64
4759.5386793491  61128.61
4759.57863941169  61146.49
4759.61859649067  61153.34
4759.65855058587  61165.48
4759.69850169714  61159.56
4759.73844982434  61172.08
4759.77839496733  60740.75
4759.81833712594  61370.05
4759.85827630004  60947.68
4759.89821248947  61154.3
4759.93814569409  61167.67
4759.97807591375  60610.93
4760.0180031483  61196.36
4760.0579273976  61150.06
4760.09784866148  61202.92
4760.13776693981  61212.02
4760.17768223244  60951.02
4760.21759453922  61122.8
4760.25750386  61293.69
4760.29741019463  61177.1
4760.33731354297  61112.92
4760.37721390487  61588.25
4760.41711128018  61637.41
4760.45700566874  61212.7
4760.49689707043  61339.98
4760.53678548507  61366.36
4760.57667091254  61289.24
4760.61655335268  61201.54
4760.65643280534  60982.5
4760.69630927037  61031.21
4760.73618274763  60903.52
4760.77605323697  61537.93
4760.81592073824  61184.62
4760.8557852513  61282.66
4760.89564677599  61391.27
4760.93550531217  61157.35
4760.9753608597  61539.22
4761.01521341842  61304.97
4761.05506298818  61088.58
4761.09490956884  61337.55
4761.13475316026  61186.14
4761.17459376228  60740.59
4761.21443137476  61367.71
4761.25426599754  61505.11
4761.29409763049  61492.86
4761.33392627346  60868.55
4761.37375192629  61350.87
4761.41357458885  61053.34
4761.45339426097  60956.16
4761.49321094253  60910.24
4761.53302463336  60462.53
4761.57283533333  60982.29
4761.61264304228  60598.96
4761.65244776007  60244.25
4761.69224948655  60317.52
4761.73204822157  60426.82
4761.771843965  60096.43
4761.81163671667  59587.48
4761.85142647644  59762.32
4761.89121324418  59490.08
4761.93099701972  59301.7
4761.97077780293  59166.49
4762.01055559366  59733.63
4762.05033039175  59796.15
4762.09010219707  59649.14
4762.12987100946  59427.85
4762.16963682878  59340.66
4762.20939965489  60038.63
4762.24915948763  59701.52
4762.28891632687  60004.8
4762.32867017245  60069.35
4762.36842102422  60211.86
4762.40816888205  60765.48
4762.44791374577  61001.39
4762.48765561526  60505.34
4762.52739449036  61007.09
4762.56713037093  60771.95
4762.60686325681  60706.54
4762.64659314787  60879.41
4762.68632004395  61413.09
4762.72604394492  60943.51
4762.76576485062  60891.26
4762.8054827609  61231.29
4762.84519767563  60623.55
4762.88490959465  61256.89
4762.92461851783  61192.27
4762.964324445  61029.96
4763.00402737604  61170.03
4763.04372731079  61064.01
4763.0834242491  60770.88
4763.12311819083  60937.46
4763.16280913584  60640.17
4763.20249708398  60324.6
4763.24218203509  60379.16
4763.28186398905  60657.34
4763.32154294569  60637.09
4763.36121890489  60652.42
4763.40089186648  60754.27
4763.44056183032  60635.07
4763.48022879627  60232.64
4763.51989276418  60461.05
4763.55955373391  60367.13
4763.59921170532  60599.64
4763.63886667825  60317.39
4763.67851865256  60681.67
4763.7181676281  60417.6
4763.75781360474  60374.87
4763.79745658232  60865.48
4763.83709656069  60767.58
4763.87673353972  60367.53
4763.91636751926  61269.
4763.95599849916  60290.46
4763.99562647928  60757.02
4764.03525145947  60397.04
4764.0748734396  60212.46
4764.11449241949  60385.05
4764.15410839903  60573.11
4764.19372137806  60207.12
4764.23333135644  60673.41
4764.27293833402  60539.38
4764.31254231065  60594.75
4764.3521432862  60276.94
4764.39174126052  60578.63
4764.43133623345  60778.08
4764.47092820486  60516.84
4764.51051717461  60613.71
4764.55010314254  60881.97
4764.58968610852  60412.35
4764.62926607239  61159.03
4764.66884303402  60860.48
4764.70841699325  61049.89
4764.74798794995  60870.69
4764.78755590397  60812.02
4764.82712085516  60862.18
4764.86668280338  60987.37
4764.90624174849  61044.79
4764.94579769033  60968.37
4764.98535062878  60611.79
4765.02490056367  60818.05
4765.06444749488  61007.04
4765.10399142224  61128.14
4765.14353234563  60348.01
4765.18307026489  60926.15
4765.22260517987  60937.69
4765.26213709045  61361.99
4765.30166599646  60739.56
4765.34119189777  61267.52
4765.38071479424  60663.48
4765.42023468572  60773.6
4765.45975157205  60912.21
4765.49926545311  60804.4
4765.53877632875  61010.98
4765.57828419882  61139.9
4765.61778906317  61047.98
4765.65729092168  61038.6
4765.69678977418  61057.21
4765.73628562053  60523.93
4765.7757784606  60507.76
4765.81526829424  60598.13
4765.85475512131  60913.09
4765.89423894165  60540.75
4765.93371975513  60482.82
4765.97319756161  60331.54
4766.01267236094  60590.59
4766.05214415297  60081.03
4766.09161293756  60510.1
4766.13107871458  60326.45
4766.17054148386  60077.76
4766.21000124528  60385.75
4766.24945799869  60078.
4766.28891174395  60463.26
4766.3283624809  60326.05
4766.36781020941  60466.85
4766.40725492934  60329.4
4766.44669664053  60670.57
4766.48613534286  60539.11
4766.52557103617  60509.37
4766.56500372032  60757.5
4766.60443339516  60612.18
4766.64386006057  60880.08
4766.68328371638  60750.79
4766.72270436246  60810.57
4766.76212199866  61161.43
4766.80153662485  60902.89
4766.84094824088  60535.8
4766.8803568466  60678.16
4766.91976244187  60663.39
4766.95916502656  60983.81
4766.99856460051  60702.13
4767.03796116358  61009.98
4767.07735471563  61033.83
4767.11674525653  61282.26
4767.15613278611  60962.61
4767.19551730425  60514.07
4767.2348988108  60860.64
4767.27427730562  60759.77
4767.31365278855  60659.64
4767.35302525948  60812.08
4767.39239471823  60824.93
4767.43176116469  60618.31
4767.4711245987  60512.85
4767.51048502012  60155.69
4767.5498424288  60764.39
4767.58919682461  60406.77
4767.62854820741  60871.66
4767.66789657704  60305.45
4767.70724193338  60941.94
4767.74658427627  60372.46
4767.78592360557  60275.48
4767.82525992115  60787.9
4767.86459322285  60508.03
4767.90392351054  60369.8
4767.94325078407  60573.4
4767.98257504331  60380.28
4768.0218962881  60841.81
4768.06121451832  60340.07
4768.10052973381  60813.12
4768.13984193443  60998.54
4768.17915112004  60610.64
4768.2184572905  60665.59
4768.25776044567  60712.24
4768.29706058541  60545.25
4768.33635770957  61013.48
4768.37565181801  60586.95
4768.41494291059  60928.63
4768.45423098717  60624.61
4768.4935160476  60629.41
4768.53279809175  60547.04
4768.57207711947  60863.16
4768.61135313061  60582.88
4768.65062612505  60386.14
4768.68989610264  60613.94
4768.72916306323  60681.62
4768.76842700669  60595.59
4768.80768793286  60314.94
4768.84694584162  60617.04
4768.88620073282  60459.52
4768.92545260631  60742.62
4768.96470146196  60891.91
4769.00394729963  60698.96
4769.04319011917  60497.
4769.08242992044  60546.57
4769.1216667033  60354.06
4769.16090046761  60617.32
4769.20013121323  59884.25
4769.23935894001  60208.59
4769.27858364782  60707.97
4769.31780533652  59916.93
4769.35702400596  59761.96
4769.396239656  59814.84
4769.4354522865  59881.56
4769.47466189731  59680.24
4769.51386848831  59941.42
4769.55307205935  59716.39
4769.59227261028  59863.11
4769.63147014097  59870.91
4769.67066465127  59786.96
4769.70985614105  60159.34
4769.74904461016  59656.63
4769.78823005846  60039.62
4769.82741248582  59846.01
4769.86659189208  59992.9
4769.90576827711  60118.06
4769.94494164078  60341.91
4769.98411198293  60366.95
4770.02327930342  60640.84
4770.06244360213  60633.57
4770.1016048789  60723.08
4770.1407631336  60082.81
4770.17991836608  60864.21
4770.21907057621  60482.18
4770.25821976384  60134.29
4770.29736592884  60197.89
4770.33650907105  60408.38
4770.37564919036  60381.43
4770.4147862866  60844.11
4770.45392035965  60517.57
4770.49305140936  60819.81
4770.53217943559  60144.88
4770.5713044382  60228.45
4770.61042641705  60482.02
4770.649545372  60284.68
4770.68866130292  60778.8
4770.72777420966  60748.92
4770.76688409207  60433.22
4770.80599095003  60480.37
4770.84509478338  59811.23
4770.884195592  59637.95
4770.92329337574  60002.29
4770.96238813446  59548.22
4771.00147986802  59075.7
4771.04056857628  58538.63
4771.0796542591  58890.42
4771.11873691634  58405.
4771.15781654786  57957.45
4771.19689315353  58202.52
4771.2359667332  58027.4
4771.27503728672  58250.55
4771.31410481397  58506.38
4771.35316931481  58433.33
4771.39223078909  58143.98
4771.43128923667  58548.58
4771.47034465741  57626.04
4771.50939705118  58171.85
4771.54844641783  58575.7
4771.58749275723  58909.77
4771.62653606924  59489.32
4771.66557635371  59940.23
4771.70461361051  59663.38
4771.7436478395  60117.52
4771.78267904053  60708.23
4771.82170721348  60217.77
4771.86073235819  60243.38
4771.89975447454  60569.18
4771.93877356237  60017.59
4771.97778962156  59903.86
4772.01680265196  60001.32
4772.05581265344  59960.11
4772.09481962585  59843.87
4772.13382356906  60121.88
4772.17282448293  60147.84
4772.21182236731  60153.3
4772.25081722207  59762.37
4772.28980904707  59892.
4772.32879784218  59719.28
4772.36778360724  59684.13
4772.40676634213  60103.15
4772.44574604671  59795.93
4772.48472272083  60363.16
4772.52369636435  60466.57
4772.56266697715  60581.25
4772.60163455907  60685.75
4772.64059910999  60027.92
4772.67956062976  59802.86
4772.71851911824  60520.62
4772.7574745753  60274.39
4772.79642700079  60108.16
4772.83537639458  60035.8
4772.87432275654  59975.39
4772.91326608651  60191.16
4772.95220638437  60473.71
4772.99114364997  60152.4
4773.03007788317  59879.91
4773.06900908385  59934.01
4773.10793725185  59902.88
4773.14686238705  60648.93
4773.18578448929  60111.07
4773.22470355846  59591.99
4773.2636195944  60120.14
4773.30253259698  59950.25
4773.34144256605  59824.29
4773.38034950149  59929.89
4773.41925340316  59849.18
4773.45815427091  60340.42
4773.49705210461  59989.04
4773.53594690411  59733.66
4773.57483866929  59503.59
4773.61372740001  59636.71
4773.65261309612  59429.37
4773.69149575749  60525.14
4773.73037538398  60052.05
4773.76925197545  60165.27
4773.80812553177  59597.95
4773.8469960528  60101.82
4773.88586353839  60300.57
4773.92472798842  60067.34
4773.96358940274  59681.82
4774.00244778122  60305.58
4774.04130312372  59627.39
4774.0801554301  59563.05
4774.11900470022  60196.54
4774.15785093395  59406.83
4774.19669413115  59636.71
4774.23553429168  60232.78
4774.2743714154  59803.51
4774.31320550218  59691.38
4774.35203655188  59869.05
4774.39086456437  59502.84
4774.4296895395  60065.88
4774.46851147713  59892.36
4774.50733037714  59825.59
4774.54614623938  60204.29
4774.58495906371  60136.5
4774.62376885001  59599.67
4774.66257559813  60169.8
4774.70137930793  59534.21
4774.74017997927  59678.86
4774.77897761203  60152.24
4774.81777220607  59886.13
4774.85656376124  59713.3
4774.89535227741  60153.84
4774.93413775444  60261.52
4774.9729201922  59865.74
4775.01169959055  60243.81
4775.05047594935  60173.42
4775.08924926846  59578.41
4775.12801954776  59404.68
4775.1667867871  59007.06
4775.20555098634  59315.2
4775.24431214535  59202.01
4775.28307026399  58974.98
4775.32182534213  59209.91
4775.36057737963  59141.46
4775.39932637635  59040.81
4775.43807233216  59343.08
4775.47681524692  58788.68
4775.51555512049  59009.12
4775.55429195273  58979.57
4775.59302574352  59086.12
4775.63175649271  59388.25
4775.67048420017  58798.39
4775.70920886576  59358.41
4775.74793048934  59848.74
4775.78664907078  59446.76
4775.82536460995  60105.58
4775.8640771067  60252.9
4775.9027865609  60362.03
4775.94149297242  60084.88
4775.98019634111  60131.62
4776.01889666685  60074.54
4776.05759394949  60000.26
4776.0962881889  59806.51
4776.13497938495  59789.91
4776.17366753749  59749.49
4776.2123526464  59932.27
4776.25103471153  60005.93
4776.28971373275  60265.43
4776.32838970993  60039.68
4776.36706264292  60007.27
4776.4057325316  59891.41
4776.44439937583  59713.03
4776.48306317547  60149.41
4776.52172393038  59889.25
4776.56038164043  60254.27
4776.59903630549  60349.72
4776.63768792542  59823.14
4776.67633650008  60263.68
4776.71498202934  60068.26
4776.75362451306  60174.33
4776.79226395111  60134.49
4776.83090034335  60227.25
4776.86953368965  60210.51
4776.90816398986  59942.32
4776.94679124387  59741.88
4776.98541545152  60180.56
4777.02403661269  60129.31
4777.06265472724  60071.84
4777.10126979503  60116.74
4777.13988181593  59699.92
4777.17849078981  59841.28
4777.21709671652  60020.79
4777.25569959594  60257.2
4777.29429942793  60178.15
4777.33289621235  59792.19
4777.37148994907  59849.62
4777.41008063795  60130.68
4777.44866827886  59631.98
4777.48725287167  60211.21
4777.52583441623  59494.59
4777.56441291242  59711.57
4777.6029883601  59655.93
4777.64156075913  60159.47
4777.68013010939  59811.95
4777.71869641072  60273.07
4777.75725966301  60022.09
4777.79581986611  59553.11
4777.8343770199  59526.47
4777.87293112423  60278.84
4777.91148217897  60345.87
4777.95003018399  60203.14
4777.98857513915  60201.45
4778.02711704432  60188.11
4778.06565589936  60032.5
4778.10419170415  60019.
4778.14272445854  59814.47
4778.18125416239  60226.61
4778.21978081559  59496.32
4778.25830441798  59446.17
4778.29682496944  59817.2
4778.33534246984  59417.17
4778.37385691904  59786.
4778.4123683169  59632.43
4778.45087666329  59848.93
4778.48938195807  59620.52
4778.52788420112  60004.72
4778.5663833923  60288.93
4778.60487953147  59811.59
4778.6433726185  60074.69
4778.68186265326  59684.71
4778.72034963561  59467.83
4778.75883356542  59737.69
4778.79731444255  59983.99
4778.83579226687  59562.65
4778.87426703825  59372.4
4778.91273875655  59845.71
4778.95120742164  59526.06
4778.98967303339  59691.77
4779.02813559166  60594.41
4779.06659509631  60170.61
4779.10505154722  60339.21
4779.14350494425  59505.68
4779.18195528727  59560.1
4779.22040257614  59197.89
4779.25884681073  58532.21
4779.29728799091  58894.11
4779.33572611654  58773.01
4779.37416118749  58578.9
4779.41259320362  58301.86
4779.45102216481  58212.96
4779.48944807091  58694.49
4779.52787092181  58334.78
4779.56629071735  58523.13
4779.60470745741  58422.19
4779.64312114186  58591.61
4779.68153177057  58439.04
4779.71993934339  58176.91
4779.7583438602  58516.88
4779.79674532086  58715.47
4779.83514372524  58978.62
4779.87353907321  59179.36
4779.91193136463  59451.91
4779.95032059937  59465.45
4779.98870677731  59233.04
4780.02708989829  60242.5
4780.0654699622  59435.99
4780.1038469689  59245.8
4780.14222091826  59938.77
4780.18059181014  59763.25
4780.21895964441  59798.14
4780.25732442094  59692.99
4780.29568613959  59570.24
4780.33404480023  59242.38
4780.37240040274  59114.21
4780.41075294697  60080.92
4780.4491024328  59866.74
4780.48744886009  59505.47
4780.52579222871  59890.84
4780.56413253853  59571.65
4780.60246978941  59855.38
4780.64080398122  59146.93
4780.67913511384  59366.91
4780.71746318711  59068.61
4780.75578820093  59416.4
4780.79411015515  59465.79
4780.83242904963  59386.5
4780.87074488426  59350.78
4780.90905765889  59638.5
4780.94736737339  59174.05
4780.98567402764  59787.09
4781.0239776215  59397.59
4781.06227815483  59383.64
4781.1005756275  59441.11
4781.13887003939  59476.66
4781.17716139036  59245.61
4781.21544968028  59812.81
4781.25373490901  60130.99
4781.29201707643  59667.68
4781.33029618241  59382.93
4781.3685722268  59125.66
4781.40684520948  59647.03
4781.44511513032  59652.31
4781.48338198918  59175.67
4781.52164578594  59080.19
4781.55990652046  58732.89
4781.59816419261  59344.24
4781.63641880226  59159.85
4781.67467034927  59763.57
4781.71291883352  58922.25
4781.75116425488  59031.18
4781.7894066132  59377.5
4781.82764590837  59331.93
4781.86588214024  59182.33
4781.9041153087  58423.59
4781.94234541359  59129.91
4781.98057245481  58842.4
4782.0187964322  59623.99
4782.05701734565  58760.1
4782.09523519502  58944.27
4782.13344998017  59093.87
4782.17166170099  58957.66
4782.20987035733  58397.16
4782.24807594906  59310.37
4782.28627847606  58984.57
4782.3244779382  59094.54
4782.36267433533  58904.93
4782.40086766734  59458.87
4782.43905793409  59481.86
4782.47724513544  59155.26
4782.51542927128  59565.58
4782.55361034145  59350.
4782.59178834585  59182.16
4782.62996328433  59070.
4782.66813515676  59157.58
4782.70630396302  59278.71
4782.74446970297  59085.56
4782.78263237648  58947.29
4782.82079198343  59371.63
4782.85894852367  59061.93
4782.89710199708  58822.59
4782.93525240353  59625.95
4782.97339974289  59252.86
4783.01154401502  58446.47
4783.0496852198  58892.81
4783.0878233571  58772.92
4783.12595842679  59275.55
4783.16409042873  58961.79
4783.20221936279  59099.49
4783.24034522885  59010.62
4783.27846802678  59198.64
4783.31658775643  59362.25
4783.35470441769  59131.45
4783.39281801042  58881.16
4783.4309285345  58980.1
4783.46903598979  59033.89
4783.50714037616  58792.18
4783.54524169348  59312.41
4783.58333994162  59010.08
4783.62143512046  58614.23
4783.65952722986  59167.54
4783.69761626968  59453.54
4783.73570223981  59422.74
4783.77378514012  59120.04
4783.81186497046  58908.73
4783.84994173071  58899.38
4783.88801542075  58857.68
4783.92608604044  58473.75
4783.96415358964  59073.91
4784.00221806825  59112.48
4784.04027947611  59461.63
4784.07833781311  58711.35
4784.11639307911  59035.98
4784.15444527398  59362.92
4784.19249439759  59151.1
4784.23054044982  59284.31
4784.26858343053  59274.35
4784.3066233396  59326.64
4784.34466017689  59448.53
4784.38269394228  59192.09
4784.42072463563  59869.41
4784.45875225682  59518.44
4784.49677680571  59457.33
4784.53479828219  59059.96
4784.57281668611  59489.82
4784.61083201735  59558.59
4784.64884427578  59156.78
4784.68685346127  59314.54
4784.72485957369  58727.5
4784.76286261291  59352.51
4784.8008625788  58967.11
4784.83885947124  59146.13
4784.87685329009  59298.04
4784.91484403522  58373.67
4784.95283170652  59381.02
4784.99081630384  58961.44
4785.02879782705  59081.75
4785.06677627604  59472.64
4785.10475165066  58645.27
4785.1427239508  58960.31
4785.18069317631  58442.53
4785.21865932708  58734.82
4785.25662240298  58997.97
4785.29458240387  59078.09
4785.33253932963  59302.87
4785.37049318012  58411.07
4785.40844395522  59096.18
4785.44639165481  59302.75
4785.48433627874  58888.19
4785.5222778269  58085.44
4785.56021629915  59283.41
4785.59815169537  59078.13
4785.63608401543  59111.77
4785.67401325919  59260.8
4785.71193942654  59467.02
4785.74986251734  58779.64
4785.78778253146  58643.16
4785.82569946877  58774.63
4785.86361332916  59104.01
4785.90152411248  58773.57
4785.93943181861  58656.89
4785.97733644742  58662.02
4786.01523799879  59006.69
4786.05313647258  58966.04
4786.09103186867  58344.73
4786.12892418692  58465.62
4786.16681342722  58741.31
4786.20469958943  58696.26
4786.24258267343  58618.54
4786.28046267908  58504.3
4786.31833960626  58510.59
4786.35621345484  58850.56
4786.3940842247  58117.77
4786.4319519157  58858.21
4786.46981652771  58481.37
4786.50767806061  58671.05
4786.54553651428  58592.75
4786.58339188858  58637.15
4786.62124418338  58592.33
4786.65909339857  58912.32
4786.696939534  59054.71
4786.73478258955  58870.1
4786.7726225651  58332.09
4786.81045946052  58896.07
4786.84829327568  58701.64
4786.88612401045  58056.8
4786.9239516647  58446.46
4786.96177623831  59102.47
4786.99959773115  59228.29
4787.03741614309  58550.25
4787.07523147401  58853.57
4787.11304372377  58467.57
4787.15085289225  58066.47
4787.18865897933  59011.98
4787.22646198487  59066.32
4787.26426190875  58417.53
4787.30205875084  58259.95
4787.33985251101  58719.3
4787.37764318914  58814.08
4787.4154307851  58794.42
4787.45321529876  58499.89
4787.49099673  58301.53
4787.52877507869  58941.22
4787.56655034469  58898.62
4787.60432252789  58353.3
4787.64209162816  59229.7
4787.67985764536  59283.77
4787.71762057939  58528.61
4787.75538043009  59179.46
4787.79313719736  59196.56
4787.83089088106  59159.08
4787.86864148106  59065.9
4787.90638899725  58785.2
4787.94413342948  58097.08
4787.98187477765  59031.38
4788.01961304161  58589.
4788.05734822124  58784.89
4788.09508031642  58637.23
4788.13280932702  59063.78
4788.17053525291  58601.73
4788.20825809397  58467.18
4788.24597785006  58743.05
4788.28369452107  58510.27
4788.32140810687  58854.34
4788.35911860733  58954.21
4788.39682602232  58512.62
4788.43453035172  58626.84
4788.4722315954  59172.76
4788.50992975324  58672.2
4788.5476248251  58765.22
4788.58531681087  58745.52
4788.62300571042  58591.66
4788.66069152361  58843.51
4788.69837425033  58554.04
4788.73605389045  58820.33
4788.77373044384  58050.5
4788.81140391037  58575.19
4788.84907428993  58468.44
4788.88674158238  58466.47
4788.9244057876  58284.83
4788.96206690546  59077.75
4788.99972493583  58387.39
4789.0373798786  58289.32
4789.07503173363  58957.73
4789.1126805008  58093.83
4789.15032617998  58684.68
4789.18796877105  58798.94
4789.22560827388  58587.27
4789.26324468836  58476.95
4789.30087801433  58565.3
4789.3385082517  58706.7
4789.37613540032  58819.82
4789.41375946007  58458.67
4789.45138043084  58111.77
4789.48899831248  57641.97
4789.52661310489  57723.07
4789.56422480792  58120.09
4789.60183342146  58520.26
4789.63943894538  58410.04
4789.67704137956  59060.63
4789.71464072387  58673.02
4789.75223697818  58236.93
4789.78983014238  58138.86
4789.82742021632  58586.64
4789.8650071999  58305.53
4789.90259109298  58570.26
4789.94017189544  57893.94
4789.97774960715  58190.4
4790.01532422799  58050.12
4790.05289575783  58792.23
4790.09046419656  58872.21
4790.12802954403  58384.
4790.16559180014  57555.24
4790.20315096475  58746.52
4790.24070703774  58476.75
4790.27826001898  57999.91
4790.31580990835  58108.2
4790.35335670573  58210.75
4790.39090041098  58684.4
4790.42844102399  58203.04
4790.46597854463  58464.27
4790.50351297278  58612.12
4790.54104430831  58283.38
4790.57857255109  57649.14
4790.616097701  57907.54
4790.65361975793  58658.74
4790.69113872173  58775.83
4790.72865459229  58202.18
4790.76616736949  58528.43
4790.80367705319  58688.16
4790.84118364328  58642.25
4790.87868713963  58419.68
4790.91618754211  58274.41
4790.95368485061  57846.36
4790.99117906499  58333.93
4791.02867018514  59272.5
4791.06615821092  58138.77
4791.10364314222  58451.39
4791.14112497891  58133.68
4791.17860372087  58542.53
4791.21607936796  57938.4
4791.25355192008  58113.13
4791.29102137709  58507.36
4791.32848773887  57983.79
4791.36595100529  58312.16
4791.40341117624  58246.91
4791.44086825158  58487.39
4791.4783222312  58062.18
4791.51577311497  58872.33
4791.55322090277  58372.88
4791.59066559446  58839.52
4791.62810718994  58355.3
4791.66554568907  58088.94
4791.70298109173  58618.97
4791.7404133978  58523.38
4791.77784260716  57777.79
4791.81526871967  58700.28
4791.85269173522  58116.59
4791.89011165368  57564.23
4791.92752847494  58070.71
4791.96494219885  58083.93
4792.00235282531  58359.82
4792.03976035419  58605.05
4792.07716478537  58683.06
4792.11456611872  57739.78
4792.15196435411  58415.51
4792.18935949144  57863.04
4792.22675153056  58116.11
4792.26414047136  58671.49
4792.30152631372  57798.26
4792.33890905751  58191.82
4792.37628870261  57991.59
4792.41366524889  58434.2
4792.45103869624  58268.19
4792.48840904453  58543.11
4792.52577629363  57644.54
4792.56314044343  58759.38
4792.6005014938  58084.09
4792.63785944462  57831.29
4792.67521429576  57439.08
4792.7125660471  58077.83
4792.74991469852  58459.74
4792.7872602499  58205.95
4792.82460270111  58174.28
4792.86194205203  58276.25
4792.89927830254  57670.62
4792.93661145251  57940.37
4792.97394150182  58056.29
4793.01126845036  58175.5
4793.04859229799  58234.79
4793.0859130446  57506.97
4793.12323069005  58547.62
4793.16054523424  58156.03
4793.19785667703  57439.36
4793.23516501831  58027.57
4793.27247025794  58413.29
4793.30977239582  57363.68
4793.34707143182  57940.55
4793.3843673658  57277.97
4793.42166019766  58190.75
4793.45894992727  58051.66
4793.49623655451  58086.84
4793.53352007925  57828.64
4793.57080050137  58145.3
4793.60807782076  58221.11
4793.64535203728  58003.62
4793.68262315082  57876.06
4793.71989116125  57792.69
4793.75715606845  58010.17
4793.79441787231  57520.43
4793.83167657269  57766.15
4793.86893216948  57713.2
4793.90618466255  57688.5
4793.94343405179  58334.14
4793.98068033706  58021.41
4794.01792351826  57855.33
4794.05516359525  57748.26
4794.09240056791  57676.82
4794.12963443613  58125.
4794.16686519978  57666.95
4794.20409285873  57884.91
4794.24131741288  57566.
4794.27853886209  57886.12
4794.31575720624  58185.92
4794.35297244522  57850.31
4794.3901845789  57495.3
4794.42739360716  57906.32
4794.46459952987  58137.71
4794.50180234693  57935.51
4794.5390020582  58113.73
4794.57619866356  57915.85
4794.61339216289  58103.34
4794.65058255608  57921.34
4794.68776984299  58584.04
4794.72495402352  58400.27
4794.76213509752  58998.96
4794.7993130649  57749.83
4794.83648792552  58292.43
4794.87365967926  57907.77
4794.91082832601  57990.25
4794.94799386563  57973.68
4794.98515629802  58473.35
4795.02231562305  57771.82
4795.05947184059  58178.01
4795.09662495053  57866.75
4795.13377495275  57671.93
4795.17092184712  58258.79
4795.20806563352  58132.93
4795.24520631184  57519.34
4795.28234388195  57831.95
4795.31947834373  57625.45
4795.35660969706  58104.84
4795.39373794183  58297.63
4795.4308630779  58162.08
4795.46798510516  58052.48
4795.50510402349  57482.81
4795.54221983276  57869.69
4795.57933253286  58254.06
4795.61644212367  56960.43
4795.65354860506  57559.83
4795.69065197692  58241.89
4795.72775223912  58178.87
4795.76484939154  58131.44
4795.80194343407  57704.65
4795.83903436658  58522.3
4795.87612218896  57551.18
4795.91320690107  58172.95
4795.95028850281  57467.19
4795.98736699405  57958.48
4796.02444237467  57372.72
4796.06151464455  58218.93
4796.09858380358  57817.77
4796.13564985162  57747.06
4796.17271278856  58387.56
4796.20977261429  57822.76
4796.24682932867  58112.9
4796.2838829316  58873.11
4796.32093342294  58168.14
4796.35798080259  58365.9
4796.39502507042  58451.
4796.4320662263  58105.51
4796.46910427013  57776.47
4796.50613920178  57843.41
4796.54317102113  56938.55
4796.58019972806  58006.33
4796.61722532245  57945.71
4796.65424780418  57867.07
4796.69126717314  58202.66
4796.72828342919  57177.98
4796.76529657223  57921.25
4796.80230660213  58216.62
4796.83931351878  58343.46
4796.87631732205  58387.84
4796.91331801182  57447.71
4796.95031558798  57475.03
4796.9873100504  58302.5
4797.02430139897  56988.96
4797.06128963356  58211.45
4797.09827475406  58014.71
4797.13525676035  57923.86
4797.17223565231  57527.15
4797.20921142981  57673.16
4797.24618409275  58101.98
4797.28315364099  57618.45
4797.32012007443  58352.07
4797.35708339294  58059.16
4797.3940435964  57739.
4797.43100068469  57363.37
4797.4679546577  57755.11
4797.5049055153  57284.04
4797.54185325739  57810.13
4797.57879788382  57493.49
4797.6157393945  57624.02
4797.6526777893  57649.79
4797.68961306809  57785.64
4797.72654523077  57022.8
4797.76347427721  57463.81
4797.8004002073  57097.56
4797.83732302091  57727.05
4797.87424271792  56777.71
4797.91115929823  57364.86
4797.9480727617  57352.09
4797.98498310823  57251.03
4798.02189033768  57441.12
4798.05879444995  56868.16
4798.09569544491  57126.02
4798.13259332245  57162.7
4798.16948808245  57482.77
4798.20637972479  58089.81
4798.24326824934  57167.05
4798.280153656  57531.63
4798.31703594464  57243.32
4798.35391511515  57993.29
4798.3907911674  56985.13
4798.42766410128  58919.45
4798.46453391668  56841.66
4798.50140061346  57022.48
4798.53826419152  56798.6
4798.57512465073  57710.21
4798.61198199099  57907.51
4798.64883621216  58294.06
4798.68568731413  57277.51
4798.72253529678  57151.39
4798.75938016  57648.68
4798.79622190367  57581.11
4798.83306052767  57644.76
4798.86989603188  57333.08
4798.90672841618  57749.55
4798.94355768045  57738.27
4798.98038382459  57814.94
4799.01720684846  58047.12
4799.05402675195  58198.08
4799.09084353495  57384.7
4799.12765719734  57859.36
4799.16446773899  57740.14
4799.2012751598  57205.84
4799.23807945964  57220.66
4799.27488063839  56997.16
4799.31167869594  58022.61
4799.34847363217  57448.37
4799.38526544697  56782.39
4799.42205414021  57646.4
4799.45883971177  57283.71
4799.49562216155  57217.31
4799.53240148942  57272.43
4799.56917769527  57204.34
4799.60595077898  57711.4
4799.64272074042  57750.55
4799.67948757949  57410.47
4799.71625129607  57777.14
