4841.886167223  55067.29
4841.9309772409  56086.
4841.97578440361  55311.63
4842.02058871092  55112.25
4842.06539016265  54783.16
4842.11018875862  55761.35
4842.15498449863  55444.65
4842.19977738249  55104.83
4842.24456741001  55099.5
4842.28935458101  54516.04
4842.33413889529  56296.15
4842.37892035266  54846.2
4842.42369895293  54549.79
4842.46847469592  54475.
4842.51324758144  54790.27
4842.55801760929  54335.85
4842.60278477928  53522.04
4842.64754909123  54825.87
4842.69231054495  54946.38
4842.73706914024  53677.77
4842.78182487693  54604.54
4842.8265777548  54345.21
4842.8713277737  53799.25
4842.9160749334  54076.63
4842.96081923374  53966.
4843.00556067453  54153.65
4843.05029925556  54154.52
4843.09503497665  53812.63
4843.13976783762  54417.31
4843.18449783828  54476.59
4843.22922497843  53415.34
4843.27394925788  54508.16
4843.31867067646  54181.46
4843.36338923396  53623.28
4843.4081049302  53772.02
4843.45281776499  53959.34
4843.49752773814  54044.34
4843.54223484947  54646.5
4843.58693909878  53211.67
4843.63164048588  54069.47
4843.6763390106  53515.25
4843.72103467272  53653.85
4843.76572747208  53669.
4843.81041740848  53649.43
4843.85510448173  53917.93
4843.89978869165  53355.74
4843.94447003803  53590.18
4843.98914852071  52897.68
4844.03382413948  53831.45
4844.07849689416  52768.48
4844.12316678456  53351.51
4844.16783381049  53969.25
4844.21249797176  52956.79
4844.25715926819  53359.73
4844.30181769959  53692.73
4844.34647326577  53193.36
4844.39112596653  53102.6
4844.4357758017  53545.36
4844.48042277108  53277.29
4844.52506687449  53091.05
4844.56970811173  52818.33
4844.61434648263  52597.66
4844.65898198698  53107.71
4844.70361462461  53225.39
4844.74824439532  52552.55
4844.79287129893  52583.68
4844.83749533525  52807.55
4844.88211650409  52396.4
4844.92673480527  52277.28
4844.97135023859  51718.15
4845.01596280387  52121.24
4845.06057250091  52198.26
4845.10517932954  52318.14
4845.14978328956  52251.31
4845.19438438079  51618.54
4845.23898260304  52829.95
4845.28357795612  51671.64
4845.32817043984  52193.34
4845.37276005402  52371.12
4845.41734679847  51858.76
4845.46193067299  51866.95
4845.50651167741  51843.9
4845.55108981154  51721.46
4845.59566507518  52416.48
4845.64023746816  51628.08
4845.68480699028  51851.54
4845.72937364136  51297.39
4845.7739374212  51683.22
4845.81849832962  52022.32
4845.86305636644  51986.55
4845.90761153147  50953.07
4845.95216382452  51254.73
4845.9967132454  50838.17
4846.04125979392  51709.39
4846.0858034699  50970.14
4846.13034427316  50758.87
4846.1748822035  51040.39
4846.21941726073  51674.2
4846.26394944468  50848.64
4846.30847875515  50949.
4846.35300519196  50668.77
4846.39752875491  50659.04
4846.44204944383  51186.46
4846.48656725853  50760.95
4846.53108219881  50351.14
4846.57559426449  50492.45
4846.6201034554  50601.33
4846.66460977132  50243.01
4846.7091132121  49987.65
4846.75361377752  49672.08
4846.79811146742  50460.45
4846.8426062816  49983.95
4846.88709821987  49832.84
4846.93158728206  49914.2
4846.97607346796  49913.82
4847.0205567774  49660.89
4847.0650372102  49625.82
4847.10951476615  49836.91
4847.15398944508  49460.77
4847.19846124681  49646.63
4847.24293017114  49562.62
4847.28739621788  49516.51
4847.33185938686  49275.73
4847.37631967788  49724.2
4847.42077709076  49422.16
4847.46523162532  48939.58
4847.50968328136  47622.86
4847.55413205871  47840.98
4847.59857795717  47851.2
4847.64302097656  47077.63
4847.68746111669  46955.23
4847.73189837738  47478.57
4847.77633275844  47736.82
4847.82076425968  46769.16
4847.86519288093  46416.9
4847.90961862198  46987.39
4847.95404148267  46653.17
4847.9984614628  47045.18
4848.04287856218  46393.89
4848.08729278064  47518.1
4848.13170411797  47670.62
4848.17611257401  48536.4
4848.22051814856  48345.43
4848.26492084144  47960.78
4848.30932065246  48126.07
4848.35371758144  47792.43
4848.39811162819  48142.93
4848.44250279252  48111.97
4848.48689107425  47601.04
4848.53127647321  47321.35
4848.57565898918  47434.07
4848.62003862201  47544.
4848.66441537149  47296.38
4848.70878923745  47520.01
4848.75316021969  46805.88
4848.79752831804  47550.86
4848.8418935323  47151.47
4848.8862558623  46450.43
4848.93061530785  46543.26
4848.97497186875  46672.43
4849.01932554484  47122.34
4849.06367633591  46927.68
4849.1080242418  47068.42
4849.15236926231  46817.41
4849.19671139725  46674.59
4849.24105064645  46905.67
4849.28538700971  46466.59
4849.32972048686  46019.18
4849.3740510777  46640.29
4849.41837878206  46399.14
4849.46270359975  46318.17
4849.50702553058  46075.94
4849.55134457436  46180.06
4849.59566073093  46000.74
4849.63997400008  46314.61
4849.68428438163  45648.18
4849.72859187541  45941.5
4849.77289648122  46203.73
4849.81719819889  45823.01
4849.86149702822  45466.5
4849.90579296903  45751.08
4849.95008602114  45664.7
4849.99437618437  45628.38
4850.03866345852  45712.02
4850.08294784342  45795.36
4850.12722933888  45557.88
4850.17150794471  45050.19
4850.21578366074  45006.47
4850.26005648678  44798.52
4850.30432642264  44524.7
4850.34859346814  45190.48
4850.39285762309  44746.63
4850.43711888731  44925.76
4850.48137726062  44766.3
4850.52563274284  44766.04
4850.56988533377  44925.69
4850.61413503324  44587.41
4850.65838184106  44303.29
4850.70262575705  44475.12
4850.74686678102  43817.04
4850.79110491279  44471.07
4850.83534015218  43821.04
4850.879572499  43424.67
4850.92380195306  44049.05
4850.96802851419  43774.81
4851.0122521822  44061.45
4851.05647295691  43790.02
4851.10069083814  43979.95
4851.14490582569  43575.73
4851.18911791939  43687.66
4851.23332711905  43613.36
4851.27753342449  43105.33
4851.32173683553  43621.19
4851.36593735198  43061.41
4851.41013497366  43165.35
4851.45432970038  42465.77
4851.49852153197  43166.37
4851.54271046823  43271.33
4851.586896509  42600.04
4851.63107965407  42267.48
4851.67525990327  43019.7
4851.71943725642  42543.93
4851.76361171333  42351.27
4851.80778327382  43182.59
4851.85195193771  42254.45
4851.89611770481  42391.43
4851.94028057494  42222.51
4851.98444054792  41764.05
4852.02859762357  42306.95
4852.07275180169  41961.52
4852.11690308212  41827.77
4852.16105146466  41543.24
4852.20519694913  41191.01
4852.24933953535  41754.34
4852.29347922314  41950.9
4852.33761601232  41351.84
4852.38174990269  40950.14
4852.42588089409  41514.11
4852.47000898632  40598.49
4852.51413417921  41403.73
4852.55825647256  40534.71
4852.60237586621  40972.25
4852.64649235996  40832.82
4852.69060595363  40664.77
4852.73471664705  40636.1
4852.77882444002  40238.29
4852.82292933238  39993.64
4852.86703132392  40306.82
4852.91113041447  40602.14
4852.95522660386  39725.56
4852.99931989189  40211.87
4853.04341027839  39789.8
4853.08749776316  39827.31
4853.13158234604  39427.62
4853.17566402684  39483.34
4853.21974280537  39611.29
4853.26381868146  39720.81
4853.30789165491  39317.8
4853.35196172556  39354.41
4853.39602889321  39531.98
4853.44009315769  38865.13
4853.48415451881  38837.24
4853.5282129764  38744.97
4853.57226853026  38887.08
4853.61632118022  38779.39
4853.6603709261  39093.91
4853.70441776771  38505.82
4853.74846170487  38735.47
4853.79250273741  38509.17
4853.83654086513  38295.82
4853.88057608786  38826.96
4853.92460840541  38307.8
4853.96863781761  37944.6
4854.01266432428  37793.88
4854.05668792522  37997.82
4854.10070862026  37786.68
4854.14472640922  37587.
4854.18874129191  37377.26
4854.23275326817  37578.96
4854.27676233779  37375.23
4854.3207685006  37562.39
4854.36477175643  37037.03
4854.40877210508  36995.98
4854.45276954639  36943.24
4854.49676408016  37413.6
4854.54075570621  37023.41
4854.58474442437  36952.81
4854.62873023446  36970.72
4854.67271313628  36884.75
4854.71669312967  36571.03
4854.76067021444  36614.45
4854.8046443904  36359.27
4854.84861565738  36274.75
4854.8925840152  36064.29
4854.93654946368  35823.63
4854.98051200263  36022.37
4855.02447163187  35276.61
4855.06842835123  35436.23
4855.11238216052  35961.36
4855.15633305957  35368.23
4855.20028104818  35279.61
4855.24422612618  35281.52
4855.28816829339  35258.05
4855.33210754964  35072.4
4855.37604389473  34859.29
4855.41997732848  34975.38
4855.46390785073  34383.98
4855.50783546128  34255.87
4855.55176015996  34504.94
4855.59568194658  33932.84
4855.63960082097  34122.26
4855.68351678294  33849.39
4855.72742983231  34153.72
4855.77133996891  33830.38
4855.81524719255  33866.95
4855.85915150306  33289.04
4855.90305290025  33544.53
4855.94695138394  33551.03
4855.99084695396  33491.63
4856.03473961011  33455.3
4856.07862935223  33509.71
4856.12251618013  33117.57
4856.16640009363  33085.46
4856.21028109256  32756.19
4856.25415917672  33252.37
4856.29803434595  32918.3
4856.34190660006  32652.2
4856.38577593887  32263.37
4856.42964236221  32346.57
4856.47350586988  32369.66
4856.51736646172  32332.28
4856.56122413754  32120.2
4856.60507889717  31946.18
4856.64893074041  31648.22
4856.69277966711  31660.2
4856.73662567706  31546.25
4856.7804687701  31594.1
4856.82430894604  31345.03
4856.86814620471  31590.75
4856.91198054592  31436.75
4856.9558119695  31163.29
4856.99964047526  30823.24
4857.04346606303  30941.8
4857.08728873263  30605.36
4857.13110848388  30681.8
4857.17492531659  30055.85
4857.21873923059  30409.96
4857.26255022571  30390.83
4857.30635830175  30229.91
4857.35016345855  30048.07
4857.39396569591  29996.61
4857.43776501367  30003.05
4857.48156141165  29850.11
4857.52535488965  29827.83
4857.56914544752  29373.82
4857.61293308506  29397.44
4857.6567178021  29559.59
4857.70049959845  29143.1
4857.74427847395  29373.96
4857.78805442841  28466.97
4857.83182746165  28751.17
4857.87559757349  28513.72
4857.91936476375  28467.46
4857.96312903226  28407.39
4858.00689037884  28619.16
4858.0506488033  28403.3
4858.09440430547  27990.09
4858.13815688517  27976.17
4858.18190654222  27882.39
4858.22565327645  27657.95
4858.26939708767  27567.18
4858.31313797571  27762.76
4858.35687594038  27445.1
4858.40061098151  27027.84
4858.44434309892  26919.4
4858.48807229243  26965.21
4858.53179856187  26606.44
4858.57552190705  26425.41
4858.6192423278  26502.
4858.66295982393  26524.16
4858.70667439528  25974.79
4858.75038604165  25904.47
4858.79409476288  25706.85
4858.83780055879  25610.35
4858.88150342919  25548.64
4858.92520337391  25674.23
4858.96890039277  25354.93
4859.0125944856  25082.93
4859.0562856522  25247.27
4859.09997389242  25069.81
4859.14365920606  24925.65
4859.18734159295  24760.21
4859.23102105292  24599.09
4859.27469758578  24502.32
4859.31837119136  24567.4
4859.36204186948  24187.83
4859.40570961995  24091.45
4859.44937444262  23643.73
4859.49303633728  23664.69
4859.53669530378  23453.93
4859.58035134192  23273.33
4859.62400445154  23282.05
4859.66765463245  22925.89
4859.71130188448  22915.44
4859.75494620745  22762.18
4859.79858760119  22476.8
4859.8422260655  22296.19
4859.88586160023  22192.85
4859.92949420518  22107.27
4859.97312388019  21851.39
4860.01675062507  21785.78
4860.06037443966  21186.93
4860.10399532376  21158.14
4860.1476132772  20812.52
4860.19122829981  20337.91
4860.23484039141  20201.04
4860.27844955182  19581.06
4860.32205578087  19306.28
4860.36565907837  18158.47
4860.40925944415  17793.84
4860.45285687804  17043.73
4860.49645137985  15956.51
4860.54004294941  15095.94
4860.58363158654  14102.99
4860.62721729107  13397.56
4860.67080006282  12374.9
4860.71437990161  11530.15
4860.75795680726  10796.48
4860.8015307796  10159.38
4860.84510181845  10003.42
4860.88866992364  9881.725
4860.93223509498  9989.233
4860.97579733231  10408.53
4861.01935663543  10786.42
4861.06291300419  11704.91
4861.1064664384  12439.68
4861.15001693788  13285.91
4861.19356450246  14175.68
4861.23710913195  15188.02
4861.2806508262  16316.6
4861.32418958501  17105.98
4861.36772540822  18069.09
4861.41125829564  18557.22
4861.4547882471  19283.24
4861.49831526242  19785.32
4861.54183934143  20203.46
4861.58536048395  20696.29
4861.6288786898  20812.5
4861.67239395881  21097.88
4861.71590629081  21698.53
4861.75941568561  21513.95
4861.80292214303  21658.93
4861.84642566291  21895.37
4861.88992624507  22219.34
4861.93342388934  22428.62
4861.97691859552  22756.18
4862.02041036345  22679.41
4862.06389919296  23047.82
4862.10738508387  23052.66
4862.15086803599  23202.11
4862.19434804917  23296.87
4862.23782512321  23565.65
4862.28129925795  23708.69
4862.3247704532  23887.58
4862.3682387088  24454.03
4862.41170402457  24468.09
4862.45516640033  24461.52
4862.4986258359  24492.24
4862.54208233111  24702.25
4862.58553588579  24745.84
4862.62898649976  25003.7
4862.67243417284  25050.37
4862.71587890486  25085.63
4862.75932069564  25518.18
4862.80275954501  25336.48
4862.84619545279  25790.5
4862.88962841881  25502.49
4862.93305844289  26031.65
4862.97648552486  26069.77
4863.01990966453  25975.01
4863.06333086175  26550.55
4863.10674911632  26628.19
4863.15016442808  26254.21
4863.19357679685  26623.46
4863.23698622245  26818.87
4863.28039270472  26650.44
4863.32379624346  27029.92
4863.36719683852  26995.
4863.41059448972  27128.89
4863.45398919687  27334.41
4863.49738095981  27632.19
4863.54076977836  27527.06
4863.58415565235  27816.2
4863.62753858159  27771.53
4863.67091856592  28238.
4863.71429560517  27844.25
4863.75766969915  27862.06
4863.80104084769  28056.62
4863.84440905062  28510.73
4863.88777430775  27884.62
4863.93113661893  28572.9
4863.97449598397  28667.93
4864.01785240271  28594.83
4864.06120587495  28862.64
4864.10455640054  28904.55
4864.14790397928  29477.31
4864.19124861102  29232.26
4864.23459029558  29649.1
4864.27792903278  30026.02
4864.32126482245  29691.71
4864.36459766441  29926.36
4864.40792755849  29962.32
4864.45125450451  30206.1
4864.49457850231  30259.04
4864.5378995517  30462.25
4864.58121765251  31075.57
4864.62453280458  30553.23
4864.66784500771  30873.8
4864.71115426175  31129.4
4864.75446056651  31063.48
4864.79776392183  30972.49
4864.84106432753  31060.76
4864.88436178342  31404.42
4864.92765628936  31270.02
4864.97094784514  31183.71
4865.01423645061  31896.3
4865.05752210559  31903.39
4865.1008048099  31952.41
4865.14408456338  32046.42
4865.18736136584  32270.94
4865.23063521712  32144.62
4865.27390611703  32230.27
4865.31717406542  32398.03
4865.3604390621  32856.68
4865.40370110689  32573.25
4865.44696019964  32574.24
4865.49021634015  32794.37
4865.53346952827  33073.67
4865.57671976381  33102.83
4865.61996704661  33136.8
4865.66321137648  33490.07
4865.70645275326  33501.23
4865.74969117677  33400.03
4865.79292664684  33993.52
4865.8361591633  33743.38
4865.87938872597  34069.31
4865.92261533468  33755.98
4865.96583898925  34272.92
4866.00905968952  34476.92
4866.05227743531  34253.65
4866.09549222644  34535.44
4866.13870406275  34355.56
4866.18191294407  34463.39
4866.22511887021  34523.54
4866.268321841  34496.49
4866.31152185628  34782.22
4866.35471891586  34945.64
4866.39791301958  35135.85
4866.44110416727  35466.68
4866.48429235875  35140.07
4866.52747759385  35168.71
4866.57065987239  35322.19
4866.6138391942  35492.83
4866.65701555912  35707.78
4866.70018896696  35768.02
4866.74335941755  35714.79
4866.78652691073  35686.07
4866.82969144632  35691.07
4866.87285302415  36015.86
4866.91601164404  36091.26
4866.95916730582  36088.87
4867.00232000932  36024.19
4867.04546975438  36356.15
4867.0886165408  36534.18
4867.13176036843  36531.11
4867.17490123709  36614.84
4867.21803914661  36467.71
4867.26117409682  36919.8
4867.30430608754  36610.42
4867.3474351186  37387.14
4867.39056118983  37156.89
4867.43368430105  37254.82
4867.47680445211  37564.54
4867.51992164281  37331.86
4867.563035873  37420.42
4867.6061471425  37607.48
4867.64925545113  37807.64
4867.69236079874  38100.04
4867.73546318513  38001.76
4867.77856261015  37756.37
4867.82165907361  37918.77
4867.86475257536  38267.14
4867.90784311521  38274.5
4867.95093069299  38122.85
4867.99401530854  38546.6
4868.03709696168  38403.21
4868.08017565224  38676.31
4868.12325138005  38423.
4868.16632414494  38821.98
4868.20939394673  38953.44
4868.25246078525  38930.1
4868.29552466033  38680.88
4868.33858557181  39046.29
4868.3816435195  39374.62
4868.42469850324  39087.34
4868.46775052286  39206.85
4868.51079957819  39346.27
4868.55384566904  39514.52
4868.59688879527  39427.39
4868.63992895668  39575.19
4868.68296615311  39651.41
4868.72600038439  39740.18
4868.76903165034  39817.52
4868.81205995081  40284.95
4868.85508528561  39961.73
4868.89810765457  40257.71
4868.94112705753  40135.8
4868.98414349431  40115.93
4869.02715696474  40562.7
4869.07016746865  40453.23
4869.11317500587  40569.05
4869.15617957623  40380.9
4869.19918117956  40410.09
4869.24217981568  41092.97
4869.28517548443  40948.1
4869.32816818564  40795.74
4869.37115791913  41432.55
4869.41414468473  40979.
4869.45712848228  41181.25
4869.5001093116  41159.15
4869.54308717253  41414.69
4869.58606206488  41034.63
4869.6290339885  41402.84
4869.6720029432  41430.89
4869.71496892883  41584.09
4869.75793194521  41821.18
4869.80089199216  41768.27
4869.84384906953  42060.83
4869.88680317713  41840.1
4869.92975431481  42148.95
4869.97270248238  42312.51
4870.01564767967  42040.02
4870.05858990653  42294.96
4870.10152916277  42192.13
4870.14446544823  42674.56
4870.18739876274  42563.54
4870.23032910612  42359.21
4870.27325647821  42938.36
4870.31618087884  43010.39
4870.35910230783  42557.17
4870.40202076502  42979.98
4870.44493625024  42942.24
4870.48784876331  42574.42
4870.53075830408  43042.15
4870.57366487236  42670.86
4870.61656846798  42607.74
4870.65946909079  43039.92
4870.7023667406  43192.89
4870.74526141725  42527.69
4870.78815312057  42892.96
4870.83104185038  42865.59
4870.87392760653  43193.25
4870.91681038884  43064.26
4870.95969019713  43332.14
4871.00256703125  43502.08
4871.04544089101  43229.24
4871.08831177626  43902.61
4871.13117968682  43723.43
4871.17404462252  43644.94
4871.2169065832  43985.98
4871.25976556868  44123.28
4871.30262157879  44176.46
4871.34547461337  44272.33
4871.38832467225  44318.99
4871.43117175525  44238.06
4871.47401586221  44039.55
4871.51685699295  44182.43
4871.55969514732  44598.66
4871.60253032513  44369.64
4871.64536252623  44664.57
4871.68819175044  44706.71
4871.73101799759  44808.07
4871.77384126751  44763.55
4871.81666156005  44631.86
4871.85947887501  44722.61
4871.90229321224  45092.71
4871.94510457157  45537.07
4871.98791295283  45065.54
4872.03071835586  45470.57
4872.07352078047  45622.59
4872.1163202265  45590.12
4872.15911669379  45882.1
4872.20191018217  45850.16
4872.24470069146  45384.21
4872.2874882215  45768.43
4872.33027277212  45797.02
4872.37305434315  45786.43
4872.41583293443  46300.37
4872.45860854577  46071.09
4872.50138117703  46180.55
4872.54415082802  46237.88
4872.58691749858  46401.59
4872.62968118854  46308.77
4872.67244189773  46590.48
4872.71519962599  46500.07
4872.75795437314  46496.59
4872.80070613902  46735.76
4872.84345492345  46784.02
4872.88620072628  46819.93
4872.92894354733  46899.99
4872.97168338644  46920.91
4873.01442024343  46959.81
4873.05715411814  46992.02
4873.0998850104  47328.94
4873.14261292004  46851.39
4873.1853378469  47057.07
4873.22805979081  47021.79
4873.27077875159  46940.68
4873.31349472908  46559.04
4873.35620772312  46933.51
4873.39891773353  47060.39
4873.44162476014  47009.37
4873.4843288028  47288.61
4873.52702986133  47324.95
4873.56972793556  47360.37
4873.61242302533  47191.35
4873.65511513047  47139.23
4873.69780425081  47400.18
4873.74049038618  47823.5
4873.78317353642  47446.91
4873.82585370135  47782.18
4873.86853088082  47876.08
4873.91120507465  48050.27
4873.95387628268  47804.74
4873.99654450474  48042.16
4874.03920974065  48109.46
4874.08187199026  48059.13
4874.1245312534  48483.17
4874.1671875299  48220.62
4874.20984081959  48359.99
4874.2524911223  48265.67
4874.29513843787  48574.04
4874.33778276613  48850.36
4874.38042410692  48610.97
4874.42306246006  48877.65
4874.46569782539  48611.31
4874.50833020275  48823.09
4874.55095959196  48989.56
4874.59358599286  48957.53
4874.63620940528  48957.36
4874.67882982905  49047.62
4874.72144726402  49090.7
4874.76406171  49141.36
4874.80667316684  48833.06
4874.84928163436  48810.43
4874.89188711241  49295.16
4874.9344896008  49186.01
4874.97708909939  49419.24
4875.019685608  49243.51
4875.06227912646  49178.56
4875.1048696546  49453.49
4875.14745719227  49488.39
4875.1900417393  49234.46
4875.23262329551  49231.44
4875.27520186074  49839.45
4875.31777743483  49642.3
4875.3603500176  50077.8
4875.4029196089  49671.37
4875.44548620855  50020.25
4875.4880498164  50111.29
4875.53061043226  49900.69
4875.57316805598  49945.83
4875.6157226874  49734.67
4875.65827432634  49684.54
4875.70082297263  49063.97
4875.74336862612  49090.72
4875.78591128664  48987.17
4875.82845095401  49076.88
4875.87098762808  49144.66
4875.91352130867  48931.75
4875.95605199563  48679.24
4875.99857968879  49188.61
4876.04110438797  49011.63
4876.08362609302  49371.41
4876.12614480377  49189.46
4876.16866052005  49436.12
4876.2111732417  49472.29
4876.25368296855  50164.53
4876.29618970043  50338.79
4876.33869343719  50487.64
4876.38119417864  50594.83
4876.42369192464  51249.57
4876.46618667501  50903.25
4876.50867842958  51132.05
4876.5511671882  51120.69
4876.59365295069  51151.09
4876.6361357169  50930.49
4876.67861548665  51047.89
4876.72109225978  51122.32
4876.76356603612  51164.52
4876.80603681551  51304.67
4876.84850459779  51667.16
4876.89096938279  51700.95
4876.93343117033  51615.98
4876.97588996027  51042.3
4877.01834575243  51396.21
4877.06079854665  51701.04
4877.10324834275  51525.72
4877.14569514059  51709.47
4877.18813893999  51353.5
4877.23057974078  51776.79
4877.27301754281  51850.71
4877.31545234591  51796.85
4877.35788414991  52029.05
4877.40031295464  51808.69
4877.44273875995  51757.01
4877.48516156566  51756.02
4877.52758137162  51411.41
4877.56999817766  51709.84
4877.6124119836  51948.54
4877.6548227893  51486.11
4877.69723059458  51750.38
4877.73963539928  52098.59
4877.78203720323  51886.33
4877.82443600628  52373.34
4877.86683180825  52331.68
4877.90922460898  51868.59
4877.9516144083  51901.41
4877.99400120606  52456.22
4878.03638500208  52499.62
4878.07876579621  52328.33
4878.12114358828  52554.75
4878.16351837811  52611.16
4878.20589016556  52707.24
4878.24825895046  52647.91
4878.29062473263  52567.53
4878.33298751192  52734.82
4878.37534728817  52779.73
4878.4177040612  52743.62
4878.46005783086  52795.32
4878.50240859697  52417.32
4878.54475635939  52823.37
4878.58710111793  53065.59
4878.62944287244  52903.09
4878.67178162276  52768.11
4878.71411736872  53065.77
4878.75645011015  53141.7
4878.7987798469  52910.58
4878.84110657879  53593.74
4878.88343030567  53256.48
4878.92575102736  53106.
4878.96806874372  52982.98
4879.01038345456  53297.89
4879.05269515974  53502.44
4879.09500385909  52805.14
4879.13730955243  53445.32
4879.17961223961  53592.32
4879.22191192047  53512.01
4879.26420859484  53676.03
4879.30650226255  53336.38
4879.34879292345  53491.02
4879.39108057737  53615.31
4879.43336522415  53540.74
4879.47564686362  53145.24
4879.51792549562  53819.23
4879.56020111999  53754.13
4879.60247373657  53653.4
4879.64474334518  53746.06
4879.68700994567  53966.2
4879.72927353787  53779.39
4879.77153412163  54069.45
4879.81379169677  53861.79
4879.85604626314  53901.55
4879.89829782056  53885.75
4879.94054636889  54036.02
4879.98279190795  53590.33
4880.02503443758  54025.77
4880.06727395763  53723.06
4880.10951046791  53970.09
4880.15174396829  54102.48
4880.19397445858  53730.09
4880.23620193863  54240.28
4880.27842640827  53817.98
4880.32064786735  54073.64
4880.3628663157  53722.04
4880.40508175315  54198.25
4880.44729417954  53872.08
4880.48950359472  54343.85
4880.53170999851  54369.2
4880.57391339077  54274.13
4880.61611377131  54593.09
4880.65831113998  54066.33
4880.70050549663  53998.7
4880.74269684107  54350.61
4880.78488517317  54819.17
4880.82707049274  54501.96
4880.86925279963  54764.27
4880.91143209367  54257.42
4880.95360837472  54684.05
4880.99578164259  54458.64
4881.03795189713  54997.46
4881.08011913818  54137.78
4881.12228336557  55174.62
4881.16444457914  54477.53
4881.20660277873  54796.01
4881.24875796419  54785.65
4881.29091013534  54525.7
4881.33305929202  54640.15
4881.37520543407  55047.41
4881.41734856134  55123.29
4881.45948867365  55201.38
4881.50162577085  54963.72
4881.54375985277  54764.34
4881.58589091925  55161.64
4881.62801897014  55111.43
4881.67014400526  54804.16
4881.71226602447  55197.25
4881.75438502758  55093.61
4881.79650101445  54936.11
4881.83861398491  55358.83
4881.8807239388  55190.04
4881.92283087596  55205.45
4881.96493479622  54864.21
4882.00703569944  54911.46
4882.04913358543  55448.23
4882.09122845405  55506.3
4882.13332030513  55598.87
4882.1754091385  55870.32
4882.21749495402  55418.62
4882.25957775151  55314.54
4882.30165753082  55504.59
4882.34373429177  55661.98
4882.38580803423  55683.32
4882.42787875801  55461.44
4882.46994646296  55410.71
4882.51201114893  55751.91
4882.55407281574  55567.
4882.59613146324  55569.85
4882.63818709126  55837.69
4882.68023969964  55759.53
4882.72228928823  55581.07
4882.76433585687  55684.43
4882.80637940538  55684.56
4882.84841993361  55333.88
4882.89045744141  55761.82
4882.9324919286  55805.51
4882.97452339503  55567.81
4883.01655184053  55370.22
4883.05857726495  55387.12
4883.10059966813  55868.82
4883.1426190499  55866.64
4883.18463541011  55412.44
4883.22664874859  55578.48
4883.26865906518  56051.75
4883.31066635972  55576.79
4883.35267063206  55730.93
4883.39467188203  55328.73
4883.43667010946  55733.38
4883.47866531421  55792.18
4883.5206574961  55943.46
4883.56264665499  55598.31
4883.6046327907  56398.
4883.64661590308  55932.58
4883.68859599197  56159.55
4883.7305730572  56430.45
4883.77254709863  55825.45
4883.81451811608  56029.97
4883.8564861094  55754.41
4883.89845107842  55739.11
4883.94041302299  55952.75
4883.98237194295  55686.41
4884.02432783813  55843.96
4884.06628070838  55674.64
4884.10823055353  55786.9
4884.15017737343  56242.62
4884.19212116792  56077.04
4884.23406193683  55834.43
4884.27599968002  55782.64
4884.3179343973  55982.66
4884.35986608854  55932.94
4884.40179475356  55973.96
4884.4437203922  56205.49
4884.48564300432  56016.89
4884.52756258974  56465.9
4884.56947914831  56515.05
4884.61139267987  56743.2
4884.65330318426  56883.47
4884.69521066131  56660.8
4884.73711511088  56821.2
4884.77901653279  56540.69
4884.8209149269  56837.29
4884.86281029304  56614.4
4884.90470263104  57006.82
4884.94659194076  56669.68
4884.98847822204  56527.45
4885.0303614747  56685.63
4885.07224169861  56679.2
4885.11411889358  56706.05
4885.15599305947  57054.28
4885.19786419612  56256.8
4885.23973230336  56855.75
4885.28159738105  56751.78
4885.32345942901  56775.21
4885.36531844709  56822.6
4885.40717443513  56796.78
4885.44902739297  56814.89
4885.49087732046  56905.
4885.53272421743  57334.17
4885.57456808372  57526.28
4885.61640891918  57451.75
4885.65824672365  56822.26
4885.70008149696  57123.53
4885.74191323897  57160.2
4885.7837419495  56864.07
4885.82556762841  57011.43
4885.86739027553  57223.95
4885.9092098907  56933.02
4885.95102647377  57118.72
4885.99284002457  57278.91
4886.03465054296  57001.7
4886.07645802876  57206.8
4886.11826248183  57034.95
4886.16006390199  57184.52
4886.2018622891  57158.15
4886.243657643  57287.61
4886.28544996353  57401.88
4886.32723925052  57208.04
4886.36902550382  56924.67
4886.41080872328  56990.13
4886.45258890873  57466.88
4886.49436606001  57699.77
4886.53614017698  57318.06
4886.57791125946  57305.47
4886.6196793073  57316.3
4886.66144432035  57090.62
4886.70320629844  56887.19
4886.74496524142  57064.63
4886.78672114912  57092.95
4886.8284740214  57478.23
4886.87022385809  57096.9
4886.91197065903  57701.74
4886.95371442407  57543.87
4886.99545515305  57624.75
4887.03719284581  57480.68
4887.0789275022  57597.27
4887.12065912204  57427.74
4887.1623877052  57366.
4887.2041132515  57555.91
4887.2458357608  57259.23
4887.28755523293  57468.05
4887.32927166774  57196.53
4887.37098506507  57759.17
4887.41269542476  57370.52
4887.45440274665  57479.27
4887.49610703059  57430.19
4887.53780827642  57171.77
4887.57950648398  57651.71
4887.62120165312  57359.14
4887.66289378367  57406.47
4887.70458287547  57498.44
4887.74626892839  57562.33
4887.78795194224  57775.18
4887.82963191689  57980.49
4887.87130885216  58033.32
4887.91298274791  57684.39
4887.95465360397  57645.91
4887.99632142019  57612.98
4888.03798619641  57562.25
4888.07964793248  57800.
4888.12130662823  57874.59
4888.16296228351  57554.27
4888.20461489817  57333.79
4888.24626447204  57471.19
4888.28791100497  57672.17
4888.3295544968  57119.62
4888.37119494738  57715.56
4888.41283235655  57842.
4888.45446672415  57880.56
4888.49609805002  57818.79
4888.53772633401  57721.79
4888.57935157597  57754.24
4888.62097377573  58062.25
4888.66259293313  58057.8
4888.70420904803  58115.24
4888.74582212026  57882.7
4888.78743214968  57888.14
4888.82903913611  58036.17
4888.87064307941  58232.93
4888.91224397941  57534.84
4888.95384183597  58048.14
4888.99543664892  57780.07
4889.03702841812  58128.63
4889.07861714339  58569.46
4889.1202028246  58113.62
4889.16178546158  58347.18
4889.20336505416  58386.3
4889.24494160221  58500.13
4889.28651510556  58365.62
4889.32808556405  58668.95
4889.36965297753  58342.95
4889.41121734585  58445.77
4889.45277866884  58585.32
4889.49433694636  58215.07
4889.53589217824  58840.03
4889.57744436433  58511.52
4889.61899350447  58721.23
4889.66053959851  58573.09
4889.70208264629  58772.23
4889.74362264766  58749.82
4889.78515960245  58334.2
4889.82669351052  58688.16
4889.86822437171  58688.08
4889.90975218586  58207.46
4889.95127695282  58144.35
4889.99279867243  57741.15
4890.03431734453  58025.61
4890.07583296897  57736.24
4890.1173455456  57740.46
4890.15885507426  57613.63
4890.20036155478  58014.06
4890.24186498703  57434.81
4890.28336537084  57487.88
4890.32486270606  57713.11
4890.36635699252  57827.38
4890.40784823008  57495.45
4890.44933641859  57915.93
4890.49082155787  57670.98
4890.53230364779  57686.38
4890.57378268818  58076.63
4890.6152586789  57859.09
4890.65673161977  58273.38
4890.69820151066  57883.32
4890.7396683514  57615.27
4890.78113214183  57562.61
4890.82259288182  57071.87
4890.86405057118  56944.54
4890.90550520979  57005.7
4890.94695679747  57016.48
4890.98840533408  57247.17
4891.02985081945  57147.2
4891.07129325345  57038.57
4891.11273263589  57361.6
4891.15416896665  57475.54
4891.19560224555  56910.18
4891.23703247245  57276.48
4891.27845964719  57565.96
4891.31988376961  57529.46
4891.36130483956  57859.8
4891.40272285689  58460.48
4891.44413782144  58510.14
4891.48554973306  58548.56
4891.5269585916  58848.84
4891.56836439688  58803.89
4891.60976714878  59056.41
4891.65116684712  59150.51
4891.69256349175  59065.7
4891.73395708253  58913.49
4891.77534761929  59076.82
4891.81673510189  58949.25
4891.85811953016  59130.03
4891.89950090395  58910.98
4891.94087922311  58776.08
4891.98225448749  59184.7
4892.02362669693  59094.37
4892.06499585127  59071.14
4892.10636195036  59365.34
4892.14772499406  59080.6
4892.1890849822  58819.75
4892.23044191462  59011.26
4892.27179579118  58951.32
4892.31314661173  59030.92
4892.3544943761  59076.69
4892.39583908415  59337.08
4892.43718073572  59430.93
4892.47851933065  59226.25
4892.5198548688  59009.5
4892.56118735  59173.82
4892.60251677411  58979.31
4892.64384314098  59227.91
4892.68516645044  58813.1
4892.72648670234  58953.21
4892.76780389653  58909.88
4892.80911803286  59247.22
4892.85042911118  59067.95
4892.89173713132  59086.96
4892.93304209314  59211.98
4892.97434399649  59428.61
4893.0156428412  58704.32
4893.05693862713  58909.71
4893.09823135412  58990.41
4893.13952102202  58960.41
4893.18080763068  58865.62
4893.22209117994  58835.02
4893.26337166965  59173.39
4893.30464909965  59361.43
4893.3459234698  59091.68
4893.38719477994  58994.81
4893.42846302992  59477.92
4893.46972821958  58966.23
4893.51099034877  58789.31
4893.55224941733  59096.38
4893.59350542512  58891.68
4893.63475837199  59354.45
4893.67600825777  58726.11
4893.71725508232  59282.58
4893.75849884548  59532.63
4893.7997395471  58968.34
4893.84097718703  59313.41
4893.88221176511  59216.16
4893.9234432812  59032.5
4893.96467173513  59472.95
4894.00589712676  59627.69
4894.04711945593  59369.49
4894.0883387225  59292.32
4894.1295549263  59207.65
4894.17076806719  58783.82
4894.21197814501  59051.54
4894.25318515961  59464.25
4894.29438911084  59508.22
4894.33558999855  59195.63
4894.37678782258  58887.24
4894.41798258278  59364.41
4894.459174279  59417.21
4894.50036291109  59051.55
4894.54154847889  59333.45
4894.58273098225  59480.05
4894.62391042102  59292.41
4894.66508679505  59344.17
4894.70626010419  58831.94
4894.74743034828  58996.32
4894.78859752716  59110.87
4894.8297616407  59384.28
4894.87092268874  59546.28
4894.91208067112  59297.31
4894.95323558769  59215.61
4894.9943874383  59173.09
4895.0355362228  59395.68
4895.07668194104  59707.81
4895.11782459287  59071.47
4895.15896417812  59173.98
4895.20010069666  59263.41
4895.24123414833  59362.43
4895.28236453298  59101.37
4895.32349185046  59205.53
4895.3646161006  59260.66
4895.40573728327  59178.9
4895.44685539832  59460.84
4895.48797044558  59611.14
4895.52908242491  59044.75
4895.57019133616  59728.47
4895.61129717917  59556.05
4895.6523999538  59504.1
4895.69349965989  59393.25
4895.73459629729  59566.3
4895.77568986585  59482.31
4895.81678036542  59670.46
4895.85786779585  59190.93
4895.89895215698  59268.65
4895.94003344866  59645.95
4895.98111167075  59523.98
4896.02218682309  59407.79
4896.06325890553  59703.56
4896.10432791793  59375.54
4896.14539386012  59650.
4896.18645673196  60152.59
4896.22751653329  59693.79
4896.26857326397  59413.16
4896.30962692385  59598.93
4896.35067751276  59210.23
4896.39172503058  59727.41
4896.43276947713  59363.09
4896.47381085228  60006.1
4896.51484915586  59776.54
4896.55588438774  59686.59
4896.59691654775  59849.97
4896.63794563575  59573.68
4896.67897165159  59377.1
4896.71999459511  59777.08
4896.76101446618  59242.93
4896.80203126462  59562.29
4896.84304499031  59798.25
4896.88405564307  59536.49
4896.92506322277  59686.8
4896.96606772925  59703.85
4897.00706916237  60070.5
4897.04806752197  59756.89
4897.0890628079  59860.05
4897.13005502001  59757.
4897.17104415816  59586.13
4897.21203022219  59323.23
4897.25301321194  59372.3
4897.29399312728  59489.15
4897.33496996805  59713.45
4897.3759437341  59502.64
4897.41691442527  59697.55
4897.45788204143  59756.08
4897.49884658242  59910.9
4897.53980804809  59709.9
4897.58076643829  59814.8
4897.62172175286  60130.29
4897.66267399167  60052.43
4897.70362315456  60087.82
4897.74456924138  59768.25
4897.78551225198  59584.67
4897.82645218621  60136.41
4897.86738904392  59874.54
4897.90832282496  59616.75
4897.94925352918  59576.31
4897.99018115644  59376.06
4898.03110570657  59644.48
4898.07202717944  59653.07
4898.11294557489  60205.9
4898.15386089278  59763.06
4898.19477313294  59914.37
4898.23568229524  59591.34
4898.27658837953  59128.36
4898.31749138565  59100.23
4898.35839131346  59475.41
4898.3992881628  60029.76
4898.44018193353  59679.74
4898.4810726255  60344.51
4898.52196023855  59478.25
4898.56284477254  59842.7
4898.60372622733  59794.47
4898.64460460275  59678.7
4898.68547989867  59930.32
4898.72635211493  59929.04
4898.76722125138  59802.13
4898.80808730787  59764.09
4898.84895028426  59747.94
4898.88981018039  59930.2
4898.93066699613  59776.21
4898.97152073131  60051.52
4899.01237138578  59796.78
4899.05321895941  59867.06
4899.09406345204  59880.65
4899.13490486352  59773.27
4899.17574319371  59829.43
4899.21657844245  59640.76
4899.2574106096  59559.77
4899.298239695  59334.05
4899.33906569851  59296.54
4899.37988861998  59455.68
4899.42070845927  59289.45
4899.46152521621  59821.21
4899.50233889067  59479.66
4899.5431494825  59642.19
4899.58395699154  59521.8
4899.62476141766  59401.57
4899.66556276069  59726.89
4899.70636102049  59520.73
4899.74715619692  59686.23
4899.78794828982  60072.68
4899.82873729905  59645.23
4899.86952322446  59629.83
4899.91030606589  59423.45
4899.95108582321  59592.98
4899.99186249627  59642.2
4900.03263608491  59049.75
4900.07340658898  59667.73
4900.11417400835  59966.72
4900.15493834285  59949.99
4900.19569959235  60069.61
4900.2364577567  60409.29
4900.27721283574  60025.96
4900.31796482934  59723.52
4900.35871373733  59564.57
4900.39945955958  60164.15
4900.44020229593  59633.82
4900.48094194624  59957.38
4900.52167851036  60173.9
4900.56241198814  60290.36
4900.60314237944  60169.71
4900.64386968411  60023.38
4900.68459390199  59748.54
4900.72531503294  59709.39
4900.76603307682  59938.81
4900.80674803348  59621.32
4900.84745990276  60080.03
4900.88816868453  59384.13
4900.92887437863  60109.54
4900.96957698491  59635.88
4901.01027650324  59845.93
4901.05097293345  59627.24
4901.09166627541  60065.21
4901.13235652897  59896.32
4901.17304369398  59862.55
4901.21372777028  59608.83
4901.25440875775  59680.58
4901.29508665622  59872.34
4901.33576146555  59920.62
4901.3764331856  59830.76
4901.41710181621  59703.75
4901.45776735724  60039.7
4901.49842980855  60195.11
4901.53908916998  60042.46
4901.57974544138  60233.18
4901.62039862262  59956.72
4901.66104871354  60020.83
4901.701695714  59931.82
4901.74233962386  59881.11
4901.78298044295  59897.42
4901.82361817114  60015.68
4901.86425280828  60289.88
4901.90488435423  60356.16
4901.94551280883  60185.5
4901.98613817194  60143.22
4902.02676044342  59899.3
4902.06737962311  59864.68
4902.10799571087  60184.66
4902.14860870655  59941.56
4902.18921861002  60346.5
4902.22982542111  59955.73
4902.27042913969  60224.63
4902.3110297656  59756.38
4902.35162729871  60351.71
4902.39222173886  60311.14
4902.43281308591  59954.5
4902.47340133971  60043.93
4902.51398650012  60136.76
4902.55456856698  59795.87
4902.59514754016  60019.86
4902.63572341951  59735.34
4902.67629620488  59553.2
4902.71686589612  59626.39
4902.75743249309  59791.46
4902.79799599565  60114.28
4902.83855640364  59588.34
4902.87911371692  59266.64
4902.91966793535  59712.39
4902.96021905878  59612.98
4903.00076708705  59696.91
4903.04131202004  59701.17
4903.08185385759  59485.72
4903.12239259955  60118.61
4903.16292824578  60290.95
4903.20346079614  60232.65
4903.24399025047  59654.55
4903.28451660864  60522.41
4903.32503987049  59771.12
4903.36556003588  59786.61
4903.40607710467  59874.96
4903.44659107671  60143.97
4903.48710195186  60263.64
4903.52760972996  60194.95
4903.56811441087  60248.71
4903.60861599446  60192.63
4903.64911448056  60131.82
4903.68960986905  60130.18
4903.73010215976  60202.32
4903.77059135256  60092.13
4903.81107744731  60365.7
4903.85156044384  60046.53
4903.89204034203  60270.83
4903.93251714172  59834.91
4903.97299084278  59730.35
4904.01346144505  60128.32
4904.05392894838  59902.79
4904.09439335265  60832.61
4904.13485465769  60164.65
4904.17531286337  60358.83
4904.21576796954  60158.88
4904.25621997605  60018.
4904.29666888277  60277.32
4904.33711468953  60073.79
4904.37755739621  60180.11
4904.41799700265  60681.7
4904.45843350872  60481.07
4904.49886691426  60261.89
4904.53929721913  60046.11
4904.57972442318  60088.16
4904.62014852628  59963.93
4904.66056952828  60058.18
4904.70098742903  60177.18
4904.74140222838  60571.92
4904.7818139262  60509.08
4904.82222252234  60729.69
4904.86262801665  59742.61
4904.90303040899  60241.79
4904.94342969921  60423.44
4904.98382588718  60058.34
4905.02421897274  60267.37
4905.06460895576  60330.57
4905.10499583608  60219.86
4905.14537961357  60499.07
4905.18576028807  60469.75
4905.22613785946  60499.07
4905.26651232756  60126.78
4905.30688369226  60511.81
4905.34725195341  60443.77
4905.38761711085  60216.52
4905.42797916444  60490.03
4905.46833811404  60672.6
4905.50869395952  60402.27
4905.54904670071  60688.2
4905.58939633748  60462.54
4905.62974286969  60581.9
4905.67008629718  60507.02
4905.71042661983  60536.77
4905.75076383747  60370.28
4905.79109794998  60740.77
4905.8314289572  60445.78
4905.87175685899  60784.36
4905.91208165521  59786.23
4905.95240334572  60462.95
4905.99272193036  60300.3
4906.03303740901  60449.95
4906.0733497815  60213.04
4906.11365904771  60197.22
4906.15396520748  60360.54
4906.19426826068  60534.12
4906.23456820715  60496.29
4906.27486504677  60432.79
4906.31515877937  60710.06
4906.35544940483  60377.11
4906.39573692299  60334.96
4906.43602133371  60896.25
4906.47630263685  60265.82
4906.51658083227  60277.17
4906.55685591982  60545.84
4906.59712789936  60300.63
4906.63739677075  60734.44
4906.67766253384  60304.07
4906.71792518849  60184.82
4906.75818473457  60324.7
4906.79844117191  60438.55
4906.83869450039  60349.79
4906.87894471985  60259.17
4906.91919183016  60229.72
4906.95943583117  60473.09
4906.99967672275  60374.34
4907.03991450474  60283.81
4907.080149177  60195.79
4907.1203807394  60381.82
4907.16060919178  60056.31
4907.20083453401  60176.15
4907.24105676595  60126.99
4907.28127588744  60604.44
4907.32149189835  60633.75
4907.36170479854  60052.36
4907.40191458786  60014.68
4907.44212126617  60477.34
4907.48232483333  60066.04
4907.5225252892  60266.5
4907.56272263362  60658.63
4907.60291686647  60112.55
4907.6431079876  60331.54
4907.68329599686  60263.47
4907.72348089412  60527.51
4907.76366267922  60111.16
4907.80384135204  60137.94
4907.84401691242  60719.58
4907.88418936023  60098.37
4907.92435869532  60202.31
4907.96452491755  60299.18
4908.00468802678  59986.52
4908.04484802287  60070.74
4908.08500490567  60210.12
4908.12515867504  59970.04
4908.16530933084  60201.12
4908.20545687293  59582.05
4908.24560130117  60086.41
4908.28574261541  60414.65
4908.32588081551  60136.68
4908.36601590134  60087.88
4908.40614787274  60380.02
4908.44627672958  60661.07
4908.48640247172  59912.27
4908.52652509901  60109.86
4908.56664461131  60532.3
4908.60676100848  60139.26
4908.64687429039  60153.27
4908.68698445687  60000.35
4908.72709150781  60347.16
4908.76719544305  60548.99
4908.80729626245  60512.05
4908.84739396588  60388.02
4908.88748855318  60471.77
4908.92758002422  59976.43
4908.96766837886  59666.02
4909.00775361696  59612.88
4909.04783573837  59891.77
4909.08791474295  59944.7
4909.12799063057  60172.88
4909.16806340108  60017.4
4909.20813305433  60402.3
4909.2481995902  60240.66
4909.28826300853  60040.83
4909.32832330919  60394.18
4909.36838049204  60088.13
4909.40843455692  60046.32
4909.44848550372  60471.3
4909.48853333227  60336.95
4909.52857804245  60222.8
4909.56861963411  60005.46
4909.60865810711  60115.14
4909.6486934613  60576.5
4909.68872569655  60478.17
4909.72875481273  60536.14
4909.76878080967  59938.39
4909.80880368726  60552.52
4909.84882344534  60208.
4909.88884008377  60259.54
4909.92885360242  60102.23
4909.96886400114  60245.79
4910.0088712798  60285.14
4910.04887543825  59753.3
4910.08887647635  60454.
4910.12887439396  60300.29
4910.16886919094  60421.73
4910.20886086715  60368.65
4910.24884942245  60506.64
4910.2888348567  60867.58
4910.32881716976  60450.95
4910.36879636149  59930.57
4910.40877243175  59921.91
4910.4487453804  59457.85
4910.4887152073  59959.04
4910.52868191231  59343.01
4910.56864549528  59629.4
4910.60860595608  59472.45
4910.64856329457  59274.84
4910.68851751061  59179.47
4910.72846860406  59597.14
4910.76841657477  59536.2
4910.80836142262  59504.24
4910.84830314745  59850.48
4910.88824174913  59091.94
4910.92817722752  59625.55
4910.96810958248  59655.88
4911.00803881386  59684.64
4911.04796492154  59866.68
4911.08788790536  60663.14
4911.1278077652  59786.15
4911.16772450091  60503.79
4911.20763811234  60544.65
4911.24754859937  60557.46
4911.28745596185  60263.29
4911.32736019964  60317.59
4911.3672613126  60389.27
4911.4071593006  60707.63
4911.44705416349  59994.53
4911.48694590113  59978.28
4911.52683451339  60479.58
4911.56672000013  60063.33
4911.60660236119  60356.77
4911.64648159646  60335.24
4911.68635770579  60476.88
4911.72623068903  60261.99
4911.76610054605  59994.35
4911.80596727671  60065.9
4911.84583088087  60098.57
4911.8856913584  60441.28
4911.92554870914  60386.88
4911.96540293297  60238.13
4912.00525402975  60244.72
4912.04510199933  60191.37
4912.08494684157  60126.73
4912.12478855635  60295.59
4912.16462714351  60133.02
4912.20446260292  60198.99
4912.24429493444  60200.35
4912.28412413794  60318.11
4912.32395021327  60382.96
4912.36377316029  60358.67
4912.40359297887  60460.47
4912.44340966887  59967.84
4912.48322323015  60769.64
4912.52303366256  60310.52
4912.56284096598  60644.66
4912.60264514026  60509.31
4912.64244618527  60232.58
4912.68224410086  60009.49
4912.7220388869  60358.29
4912.76183054325  60480.09
4912.80161906976  60454.62
4912.84140446632  60221.5
4912.88118673276  60604.08
4912.92096586896  60458.62
4912.96074187478  60238.42
4913.00051475008  60236.7
4913.04028449472  59880.53
4913.08005110856  60259.77
4913.11981459146  60418.26
4913.1595749433  60432.5
4913.19933216392  60508.3
4913.23908625319  60565.79
4913.27883721097  60169.5
4913.31858503713  60221.39
4913.35832973153  60807.34
4913.39807129402  60724.3
4913.43780972447  59938.25
4913.47754502275  60209.08
4913.51727718871  60455.08
4913.55700622222  60700.95
4913.59673212314  60165.38
4913.63645489132  60308.87
4913.67617452665  60576.65
4913.71589102896  60168.3
4913.75560439814  60497.82
4913.79531463404  60515.9
4913.83502173652  60596.32
4913.87472570545  60169.42
4913.91442654068  60392.64
4913.95412424209  60226.9
4913.99381880953  60214.52
4914.03351024286  59869.64
4914.07319854195  60369.11
4914.11288370667  60260.51
4914.15256573687  60290.84
4914.19224463241  60372.47
4914.23192039316  60515.62
4914.27159301899  60214.15
4914.31126250974  60077.66
4914.3509288653  60368.63
4914.39059208552  60644.55
4914.43025217026  60259.3
4914.46990911938  60150.02
4914.50956293275  60514.23
4914.54921361024  60444.34
4914.5888611517  60035.79
4914.628505557  60912.26
4914.668146826  60467.15
4914.70778495856  60002.18
4914.74741995455  60302.26
4914.78705181383  60489.84
4914.82668053626  60767.13
4914.86630612171  60428.78
4914.90592857004  60772.15
4914.94554788112  61059.17
4914.9851640548  60694.91
4915.02477709094  60787.6
4915.06438698942  60154.31
4915.1039937501  60823.77
4915.14359737284  60007.44
4915.1831978575  60655.27
4915.22279520395  60605.32
4915.26238941205  60566.25
4915.30198048166  60754.81
4915.34156841265  60256.95
4915.38115320488  60650.78
4915.42073485822  60329.99
4915.46031337252  60286.83
4915.49988874766  59560.61
4915.53946098349  60171.03
4915.57903007988  60213.79
4915.6185960367  60494.32
4915.6581588538  60031.03
4915.69771853105  60409.2
4915.73727506832  60154.16
4915.77682846546  60134.31
4915.81637872235  60315.32
4915.85592583885  60311.74
4915.89546981482  60471.73
4915.93501065012  59905.21
4915.97454834462  60042.81
4916.01408289818  60230.98
4916.05361431067  60388.99
4916.09314258195  60447.42
4916.13266771189  60663.09
4916.17218970035  60522.83
4916.21170854719  60653.46
4916.25122425228  60202.07
4916.29073681547  60367.3
4916.33024623665  60450.79
4916.36975251567  60166.65
4916.4092556524  59873.21
4916.44875564669  60392.17
4916.48825249842  60262.23
4916.52774620745  60079.2
4916.56723677364  60253.66
4916.60672419686  59886.26
4916.64620847697  60142.02
4916.68568961384  60122.4
4916.72516760733  60096.09
4916.76464245731  60356.95
4916.80411416364  60335.44
4916.84358272619  60076.66
4916.88304814482  59875.73
4916.92251041939  60235.4
4916.96196954977  60348.83
4917.00142553583  59723.54
4917.04087837743  60419.61
4917.08032807443  59976.2
4917.11977462671  59920.11
4917.15921803412  60249.59
4917.19865829653  60284.74
4917.2380954138  60261.82
4917.27752938581  60396.04
4917.31696021241  60751.65
4917.35638789347  60221.43
4917.39581242886  60173.72
4917.43523381843  60443.85
4917.47465206207  60463.84
4917.51406715962  60176.24
4917.55347911097  60102.01
4917.59288791597  60174.95
4917.63229357448  59774.08
4917.67169608637  59842.59
4917.71109545152  60356.93
4917.75049166977  59882.2
4917.78988474101  60318.22
4917.82927466509  60529.61
4917.86866144189  60079.25
4917.90804507125  60322.64
4917.94742555306  59568.06
4917.98680288718  59978.55
4918.02617707347  60386.44
4918.0655481118  60107.24
4918.10491600203  60198.63
4918.14428074403  59891.41
4918.18364233767  59565.7
4918.22300078281  59835.4
4918.26235607932  59011.68
4918.30170822706  59609.72
4918.3410572259  58614.54
4918.3804030757  58383.79
4918.41974577634  59238.66
4918.45908532767  58521.63
4918.49842172957  59246.7
4918.5377549819  59406.65
4918.57708508452  59150.68
4918.6164120373  58713.73
4918.65573584011  58785.39
4918.69505649282  58937.68
4918.73437399528  58720.92
4918.77368834738  59176.38
4918.81299954896  59253.23
4918.85230759991  59373.72
4918.89161250007  59403.71
4918.93091424933  59938.96
4918.97021284755  60333.36
4919.0095082946  59952.86
4919.04880059033  60731.67
4919.08808973462  59610.88
4919.12737572734  60005.29
4919.16665856835  60398.14
4919.20593825751  60418.62
4919.2452147947  60229.4
4919.28448817978  59537.77
4919.32375841262  59800.57
4919.36302549308  59707.18
4919.40228942103  60340.37
4919.44155019634  59699.46
4919.48080781887  59962.5
4919.52006228849  60216.8
4919.55931360507  59626.48
4919.59856176848  60058.02
4919.63780677858  59998.41
4919.67704863524  59850.89
4919.71628733832  59540.18
4919.7555228877  58576.03
4919.79475528323  58265.05
4919.8339845248  57913.45
4919.87321061225  57601.86
4919.91243354547  57558.41
4919.95165332432  57167.74
4919.99086994866  57849.03
4920.03008341837  57902.02
4920.0692937333  57445.46
4920.10850089334  57305.43
4920.14770489833  57359.5
4920.18690574816  57704.12
4920.22610344269  57793.43
4920.26529798179  57661.17
4920.30448936532  57724.8
4920.34367759315  58398.62
4920.38286266516  59204.4
4920.4220445812  59584.79
4920.46122334114  59870.07
4920.50039894485  60499.29
4920.53957139221  59946.08
4920.57874068308  59944.77
4920.61790681731  60041.09
4920.65706979479  60307.16
4920.69622961539  60437.32
4920.73538627896  60395.53
4920.77453978538  60218.15
4920.81369013451  60367.07
4920.85283732622  60318.2
4920.89198136039  60370.48
4920.93112223687  59923.4
4920.97025995554  60050.5
4921.00939451626  59897.88
4921.0485259189  60399.49
4921.08765416333  60424.16
4921.12677924943  59989.24
4921.16590117704  59842.4
4921.20501994606  60294.86
4921.24413555633  59421.57
4921.28324800774  59817.63
4921.32235730015  59493.55
4921.36146343342  59858.47
4921.40056640743  59806.68
4921.43966622204  60241.69
4921.47876287712  59496.46
4921.51785637255  59314.78
4921.55694670818  59417.41
4921.5960338839  59797.09
4921.63511789956  59340.43
4921.67419875503  59572.18
4921.71327645019  58902.03
4921.7523509849  59168.
4921.79142235903  59339.05
4921.83049057245  59460.73
4921.86955562503  59382.98
4921.90861751663  60193.05
4921.94767624714  59656.77
4921.9867318164  59816.47
4922.0257842243  59727.55
4922.0648334707  60166.57
4922.10387955547  60035.47
4922.14292247848  59860.5
4922.1819622396  59702.04
4922.22099883869  59973.59
4922.26003227564  59831.07
4922.2990625503  60891.23
4922.33808966254  60767.73
4922.37711361224  60172.47
4922.41613439926  59586.84
4922.45515202347  60651.43
4922.49416648474  60042.06
4922.53317778295  60104.27
4922.57218591795  60181.43
4922.61119088962  60404.85
4922.65019269783  60031.77
4922.68919134246  60254.77
4922.72818682335  60120.79
4922.76717914039  59779.66
4922.80616829345  59579.62
4922.84515428239  60531.11
4922.88413710709  59798.42
4922.92311676741  59882.56
4922.96209326323  59211.13
4923.00106659441  59428.45
4923.04003676082  59102.72
4923.07900376234  58294.09
4923.11796759882  57512.98
4923.15692827015  55834.67
4923.19588577619  54055.92
4923.23484011682  52141.54
4923.27379129189  50412.12
4923.31273930129  49099.5
4923.35168414488  48289.14
4923.39062582252  47627.34
4923.4295643341  47536.08
4923.46849967948  47325.71
4923.50743185853  47263.57
4923.54636087113  48217.49
4923.58528671713  47867.17
4923.62420939641  48994.23
4923.66312890884  49745.22
4923.7020452543  51504.45
4923.74095843265  53206.46
4923.77986844375  54801.28
4923.81877528749  56390.16
4923.85767896374  58086.3
4923.89657947235  59397.89
4923.93547681321  60222.52
4923.97437098618  60070.03
4924.01326199113  60253.12
4924.05214982794  59642.66
4924.09103449647  60061.77
4924.1299159966  60096.02
4924.16879432819  59795.8
4924.20766949112  59925.02
4924.24654148525  60105.6
4924.28541031047  59713.8
4924.32427596662  60171.14
4924.3631384536  60562.98
4924.40199777126  60164.08
4924.44085391949  60128.93
4924.47970689815  60049.04
4924.5185567071  59839.25
4924.55740334624  60288.41
4924.59624681541  59432.65
4924.63508711449  59917.34
4924.67392424336  60809.23
4924.71275820189  59489.12
4924.75158898994  59758.07
4924.79041660739  59486.78
4924.82924105411  59535.03
4924.86806232997  59184.58
4924.90688043484  59745.63
4924.94569536859  59970.86
4924.9845071311  59616.56
4925.02331572223  59922.34
4925.06212114185  60706.56
4925.10092338984  60359.16
4925.13972246607  60435.78
4925.17851837041  60118.25
4925.21731110273  60150.24
4925.2561006629  60041.56
4925.29488705079  60061.84
4925.33367026628  60741.89
4925.37245030924  59729.97
4925.41122717953  59999.63
4925.45000087703  60363.89
4925.48877140162  59810.32
4925.52753875315  59864.68
4925.56630293151  59712.53
4925.60506393657  60535.24
4925.64382176819  59860.16
4925.68257642626  59961.04
4925.72132791063  60068.91
4925.76007622118  59847.32
4925.79882135779  60152.
4925.83756332033  59617.37
4925.87630210867  59439.
4925.91503772267  60026.84
4925.95377016222  59248.32
4925.99249942718  59704.25
4926.03122551742  59931.73
4926.06994843283  59932.51
4926.10866817326  59696.78
4926.1473847386  59652.65
4926.18609812871  60272.62
4926.22480834347  59682.63
4926.26351538274  59600.22
4926.30221924641  60057.72
4926.34091993434  60372.5
4926.3796174464  60010.55
4926.41831178247  59596.02
4926.45700294242  60043.36
4926.49569092613  59950.8
4926.53437573345  59603.19
4926.57305736428  59965.77
4926.61173581847  59829.15
4926.65041109591  59753.15
4926.68908319646  60014.52
4926.72775212  59238.75
4926.76641786639  59705.64
4926.80508043552  59904.44
4926.84373982726  59709.78
4926.88239604147  59882.54
4926.92104907803  60349.52
4926.95969893681  60084.21
4926.99834561769  59668.71
4927.03698912054  59769.2
4927.07562944523  59825.65
4927.11426659163  59968.71
4927.15290055962  59689.44
4927.19153134907  59578.19
4927.23015895986  59831.09
4927.26878339184  60562.55
4927.30740464491  60474.98
4927.34602271893  59496.55
4927.38463761377  60031.86
4927.42324932931  59799.02
4927.46185786543  59708.75
4927.50046322198  59883.75
4927.53906539886  59818.56
4927.57766439592  59414.79
4927.61626021305  59355.15
4927.65485285012  60391.29
4927.693442307  60273.11
4927.73202858355  59824.13
4927.77061167968  59835.16
4927.80919159522  59860.51
4927.84776833007  59523.67
4927.8863418841  59395.36
4927.92491225718  59828.66
4927.96347944919  59706.8
4928.00204345999  59956.49
4928.04060428947  60297.03
4928.07916193749  60088.88
4928.11771640393  60033.77
4928.15626768866  59692.42
4928.19481579156  59985.24
4928.2333607125  59482.61
4928.27190245135  59533.98
4928.31044100799  59846.42
4928.34897638229  59793.07
4928.38750857412  59986.11
4928.42603758337  59699.84
4928.4645634099  59816.04
4928.50308605359  59707.04
4928.5416055143  59585.61
4928.58012179193  60011.38
4928.61863488633  59784.26
4928.65714479738  59475.9
4928.69565152496  59821.05
4928.73415506895  59883.69
4928.77265542921  60287.27
4928.81115260562  60070.38
4928.84964659805  59380.35
4928.88813740638  59576.95
4928.92662503049  60042.49
4928.96510947024  59826.27
4929.00359072551  59899.77
4929.04206879618  59923.79
4929.08054368212  59186.11
4929.1190153832  59805.68
4929.15748389931  59550.64
4929.1959492303  59477.9
4929.23441137607  60009.86
4929.27287033647  59933.86
4929.3113261114  59488.83
4929.34977870072  59881.66
4929.3882281043  59196.76
4929.42667432203  59400.91
4929.46511735377  59733.92
4929.5035571994  59193.22
4929.5419938588  59699.09
4929.58042733184  59751.32
4929.61885761839  59539.76
4929.65728471833  59746.84
4929.69570863154  59530.33
4929.73412935789  58985.3
4929.77254689726  59494.39
4929.81096124951  59380.17
4929.84937241453  59979.91
4929.88778039219  59947.8
4929.92618518237  59390.
4929.96458678493  59927.45
4930.00298519976  59694.54
4930.04138042673  59765.79
4930.07977246572  59606.93
4930.1181613166  59704.01
4930.15654697924  59918.16
4930.19492945353  59896.14
4930.23330873934  59489.56
4930.27168483653  59188.38
4930.310057745  59731.79
4930.3484274646  60027.08
4930.38679399523  60553.01
4930.42515733675  60047.79
4930.46351748904  60304.44
4930.50187445198  60337.82
4930.54022822544  59272.66
4930.57857880929  59519.75
4930.61692620342  59976.04
4930.65527040769  59665.41
4930.69361142199  59980.75
4930.73194924619  60593.44
4930.77028388016  58995.59
4930.80861532379  59915.64
4930.84694357694  59855.38
4930.8852686395  59844.37
4930.92359051133  59818.84
4930.96190919232  59851.51
4931.00022468233  59565.21
4931.03853698126  59705.38
4931.07684608896  59859.15
4931.11515200533  60330.68
4931.15345473023  59701.61
4931.19175426354  58982.7
4931.23005060514  58977.33
4931.2683437549  59497.12
4931.3066337127  58694.75
4931.34492047842  58318.65
4931.38320405192  58385.85
4931.4214844331  58007.95
4931.45976162182  58354.54
4931.49803561796  57420.54
4931.5363064214  57865.86
4931.57457403201  57662.07
4931.61283844968  58467.66
4931.65109967426  58302.28
4931.68935770566  58305.75
4931.72761254373  57788.47
4931.76586418836  58311.46
4931.80411263942  58051.09
4931.84235789679  58313.7
4931.88059996035  58542.67
4931.91883882996  58016.46
4931.95707450552  58923.31
4931.9953069869  58845.05
4932.03353627397  59865.57
4932.07176236661  58967.48
4932.10998526469  59684.6
4932.1482049681  59660.87
4932.18642147671  59877.81
4932.2246347904  59429.33
4932.26284490904  60073.95
4932.30105183252  59137.35
4932.3392555607  59963.63
4932.37745609346  59343.43
4932.4156534307  59087.51
4932.45384757227  59518.1
4932.49203851805  59434.13
4932.53022626794  59624.59
4932.56841082179  59627.65
4932.60659217949  59562.42
4932.64477034092  59638.04
4932.68294530595  59014.92
4932.72111707446  59555.29
4932.75928564633  59662.07
4932.79745102144  59145.76
4932.83561319966  59267.67
4932.87377218087  59576.49
4932.91192796495  58655.69
4932.95008055177  59085.02
4932.98822994121  59070.25
4933.02637613316  59760.73
4933.06451912749  59938.98
4933.10265892406  60385.02
4933.14079552278  59612.6
4933.17892892351  59333.38
4933.21705912612  60321.45
4933.2551861305  59398.81
4933.29330993652  59640.16
4933.33143054407  59069.02
4933.36954795302  59325.08
4933.40766216325  58626.24
4933.44577317463  59246.5
4933.48388098705  58938.44
4933.52198560038  59440.05
4933.5600870145  59879.19
4933.59818522928  59460.92
4933.63628024462  59513.97
4933.67437206038  58835.3
4933.71246067644  59185.18
4933.75054609268  59125.96
4933.78862830898  59819.2
4933.82670732522  58631.9
4933.86478314127  58722.65
4933.90285575702  58601.73
4933.94092517234  59472.67
4933.97899138711  59212.29
4934.01705440121  59587.04
4934.05511421451  59316.26
4934.09317082691  59948.46
4934.13122423826  60337.98
4934.16927444846  59621.19
4934.20732145738  59814.12
4934.2453652649  59834.58
4934.2834058709  59609.17
4934.32144327525  59817.04
4934.35947747784  59606.17
4934.39750847855  59797.62
4934.43553627725  59976.34
4934.47356087382  59477.34
4934.51158226814  59331.87
4934.54960046009  59822.15
4934.58761544955  58919.14
4934.6256272364  59232.16
4934.66363582052  59337.07
4934.70164120178  59720.73
4934.73964338006  59578.86
4934.77764235524  59805.19
4934.81563812721  59626.49
4934.85363069584  60123.
4934.89162006101  60031.43
4934.9296062226  59465.32
4934.96758918049  59120.05
4935.00556893456  59820.6
4935.04354548468  59448.27
4935.08151883075  59555.68
4935.11948897262  58600.38
4935.15745591019  59528.23
4935.19541964334  59476.89
4935.23338017194  59745.03
4935.27133749587  59645.33
4935.30929161502  59597.55
4935.34724252926  59429.25
4935.38519023846  59321.92
4935.42313474253  59693.7
4935.46107604132  60033.46
4935.49901413472  60067.49
4935.53694902261  60237.8
4935.57488070487  59449.15
4935.61280918138  59353.71
4935.65073445202  59802.52
4935.68865651667  59003.55
4935.72657537521  59866.37
4935.76449102751  59735.65
4935.80240347347  59479.49
4935.84031271295  59190.4
4935.87821874584  59818.87
4935.91612157202  59492.04
4935.95402119136  59739.2
4935.99191760375  60331.61
4936.02981080908  59110.69
4936.06770080721  59099.81
4936.10558759802  58570.3
4936.14347118141  59070.66
4936.18135155724  59880.29
4936.21922872541  59754.06
4936.25710268578  59637.09
4936.29497343824  59815.22
4936.33284098267  59185.2
4936.37070531895  59815.79
4936.40856644696  59195.93
4936.44642436657  59612.15
4936.48427907768  59138.07
4936.52213058017  59225.42
4936.5599788739  59857.45
4936.59782395876  60130.73
4936.63566583464  59724.25
4936.67350450141  59301.4
4936.71133995896  58937.96
4936.74917220715  59464.22
4936.78700124589  59031.27
4936.82482707504  59139.29
4936.86264969448  60083.27
4936.9004691041  60160.36
4936.93828530379  59746.98
4936.97609829341  59159.97
