4912.12167035279  64456.8
4912.16712899168  64084.36
4912.21258473349  64108.72
4912.25803757803  63584.49
4912.30348752511  64299.15
4912.34893457453  64875.2
4912.3943787261  63697.98
4912.43981997963  63842.16
4912.48525833493  64804.39
4912.5306937918  63971.61
4912.57612635005  63379.68
4912.62155600949  63727.07
4912.66698276994  63442.86
4912.71240663118  63320.49
4912.75782759305  63664.38
4912.80324565534  63205.56
4912.84866081785  63582.02
4912.89407308041  64258.28
4912.93948244281  64398.96
4912.98488890488  64300.78
4913.0302924664  63752.05
4913.0756931272  64483.86
4913.12109088708  64453.09
4913.16648574584  64039.56
4913.21187770331  64381.52
4913.25726675928  64568.61
4913.30265291357  63960.07
4913.34803616597  63418.54
4913.39341651631  63999.16
4913.43879396439  64339.36
4913.48416851002  64324.44
4913.52954015301  64748.2
4913.57490889316  64795.13
4913.62027473029  64393.03
4913.6656376642  64561.88
4913.71099769471  64440.82
4913.75635482161  64450.11
4913.80170904473  63792.2
4913.84706036386  63789.88
4913.89240877882  63395.64
4913.93775428942  64480.18
4913.98309689546  64879.57
4914.02843659676  63507.92
4914.07377339312  64082.1
4914.11910728435  63226.35
4914.16443827027  64131.58
4914.20976635068  64941.38
4914.25509152538  64585.8
4914.3004137942  64294.
4914.34573315693  64276.69
4914.39104961339  64501.23
4914.43636316339  64245.2
4914.48167380674  63990.93
4914.52698154324  63643.64
4914.5722863727  64046.92
4914.61758829494  63577.49
4914.66288730976  63799.68
4914.70818341698  63856.83
4914.7534766164  63638.61
4914.79876690783  63975.17
4914.84405429108  64687.95
4914.88933876596  64083.3
4914.93462033228  64553.46
4914.97989898986  64856.13
4915.0251747385  64457.05
4915.070447578  64805.59
4915.11571750818  64624.65
4915.16098452886  64143.78
4915.20624863983  64163.91
4915.25150984091  64177.01
4915.29676813191  64514.35
4915.34202351264  64645.
4915.38727598291  63481.17
4915.43252554253  63445.49
4915.4777721913  65040.37
4915.52301592905  64400.88
4915.56825675557  64310.87
4915.61349467068  63090.65
4915.65872967419  63820.26
4915.70396176591  65016.27
4915.74919094565  64357.13
4915.79441721322  63957.76
4915.83964056842  64722.28
4915.88486101108  64067.56
4915.930078541  64327.63
4915.97529315799  64557.82
4916.02050486186  64234.05
4916.06571365242  64541.86
4916.11091952948  64206.21
4916.15612249286  63683.65
4916.20132254235  63579.46
4916.24651967778  64045.9
4916.29171389896  63389.39
4916.33690520569  63506.96
4916.38209359778  64460.71
4916.42727907505  64078.75
4916.47246163731  63731.96
4916.51764128436  64275.2
4916.56281801602  64216.37
4916.6079918321  64377.67
4916.65316273241  64736.13
4916.69833071675  63811.3
4916.74349578495  63949.78
4916.78865793682  64260.47
4916.83381717215  63949.89
4916.87897349077  64691.38
4916.92412689248  63976.05
4916.9692773771  63437.08
4917.01442494443  63491.24
4917.0595695943  63976.41
4917.1047113265  64284.68
4917.14985014086  64416.24
4917.19498603717  64066.75
4917.24011901525  64433.82
4917.28524907493  63942.46
4917.33037621599  63495.24
4917.37550043826  64048.96
4917.42062174155  63449.04
4917.46574012567  64563.
4917.51085559043  64105.48
4917.55596813564  64306.8
4917.60107776112  63861.07
4917.64618446667  63616.33
4917.69128825211  64525.89
4917.73638911724  63825.26
4917.78148706189  64237.3
4917.82658208585  63633.67
4917.87167418895  64106.87
4917.91676337099  63714.31
4917.96184963179  63760.13
4918.00693297116  64369.56
4918.05201338891  64003.8
4918.09709088485  64343.
4918.14216545879  63660.85
4918.18723711055  63868.83
4918.23230583993  63483.96
4918.27737164676  63082.17
4918.32243453083  62752.62
4918.36749449197  63115.41
4918.41255152998  62880.1
4918.45760564468  63238.99
4918.50265683588  62835.99
4918.54770510339  63314.1
4918.59275044703  62758.83
4918.6377928666  62858.89
4918.68283236192  63271.02
4918.7278689328  62757.84
4918.77290257905  62624.7
4918.81793330048  62558.39
4918.86296109692  63064.01
4918.90798596816  63505.11
4918.95300791402  64075.8
4918.99802693432  64663.27
4919.04304302887  64319.27
4919.08805619747  64328.5
4919.13306643995  63896.4
4919.17807375611  64867.05
4919.22307814577  64461.05
4919.26807960873  64338.66
4919.31307814482  64178.49
4919.35807375385  64362.18
4919.40306643562  63891.23
4919.44805618995  63864.05
4919.49304301666  63836.16
4919.53802691555  63790.94
4919.58300788644  64154.48
4919.62798592914  63984.66
4919.67296104347  63319.86
4919.71793322923  63332.14
4919.76290248625  62550.22
4919.80786881433  61923.
4919.85283221328  61416.78
4919.89779268293  61284.84
4919.94275022307  61296.64
4919.98770483354  61840.87
4920.03265651413  61123.35
4920.07760526466  60987.2
4920.12255108495  61284.9
4920.16749397481  61553.5
4920.21243393405  61426.95
4920.25737096248  61526.79
4920.30230505993  61978.
4920.34723622619  62078.07
4920.3921644611  63433.09
4920.43708976444  63218.42
4920.48201213606  63913.92
4920.52693157574  63077.66
4920.57184808332  63929.43
4920.6167616586  64271.68
4920.6616723014  63826.36
4920.70658001152  63776.75
4920.75148478879  64213.24
4920.79638663302  64093.68
4920.84128554402  63772.55
4920.8861815216  63884.96
4920.93107456559  64260.55
4920.97596467578  63968.49
4921.020851852  63627.48
4921.06573609406  63857.43
4921.11061740178  63449.87
4921.15549577496  64295.84
4921.20037121342  63991.81
4921.24524371699  64351.85
4921.29011328546  63717.88
4921.33497991865  63380.29
4921.37984361639  64098.11
4921.42470437847  63448.2
4921.46956220472  63663.05
4921.51441709496  63414.3
4921.55926904898  63323.81
4921.60411806662  62805.05
4921.64896414768  62823.9
4921.69380729198  63618.58
4921.73864749933  63941.13
4921.78348476955  63263.28
4921.82831910244  63264.42
4921.87315049784  63919.93
4921.91797895554  63877.43
4921.96280447536  63943.76
4922.00762705713  63586.98
4922.05244670065  63886.99
4922.09726340574  64191.05
4922.14207717221  64202.58
4922.18688799987  63907.35
4922.23169588855  63580.63
4922.27650083806  64949.04
4922.32130284821  63882.95
4922.36610191881  64186.04
4922.41089804969  64742.33
4922.45569124064  64009.09
4922.50048149151  64287.95
4922.54526880208  64210.5
4922.59005317219  63951.61
4922.63483460164  63320.91
4922.67961309026  64625.33
4922.72438863785  64064.27
4922.76916124423  64718.36
4922.81393090921  63976.79
4922.85869763262  64278.52
4922.90346141426  64075.75
4922.94822225396  63681.3
4922.99298015152  63495.28
4923.03773510676  63264.12
4923.0824871195  61790.04
4923.12723618955  60193.59
4923.17198231673  58597.75
4923.21672550085  56739.57
4923.26146574174  54615.04
4923.30620303919  53081.88
4923.35093739303  52197.2
4923.39566880309  50981.77
4923.44039726916  50811.36
4923.48512279106  50378.09
4923.52984536862  50872.7
4923.57456500165  51366.43
4923.61928168995  52667.95
4923.66399543336  53995.85
4923.70870623168  55221.72
4923.75341408473  57194.32
4923.79811899233  59372.51
4923.84282095429  60892.53
4923.88751997043  62624.37
4923.93221604056  63144.23
4923.9769091645  63774.54
4924.02159934206  63983.62
4924.06628657307  64501.77
4924.11097085733  64670.89
4924.15565219467  64107.7
4924.2003305849  64542.66
4924.24500602783  64682.08
4924.28967852328  64544.23
4924.33434807107  64124.07
4924.37901467102  63850.37
4924.42367832293  63956.43
4924.46833902664  63934.54
4924.51299678194  64608.83
4924.55765158867  64346.15
4924.60230344663  64268.77
4924.64695235564  64095.35
4924.69159831552  64436.73
4924.73624132609  63855.86
4924.78088138715  63985.12
4924.82551849853  64095.03
4924.87015266005  64311.65
4924.91478387152  64091.38
4924.95941213276  63978.36
4925.00403744358  63908.88
4925.0486598038  63924.49
4925.09327921324  64503.6
4925.13789567171  64465.08
4925.18250917903  64286.69
4925.22711973503  63791.01
4925.2717273395  63619.07
4925.31633199228  64440.54
4925.36093369318  63938.06
4925.40553244201  64360.72
4925.45012823859  64362.3
4925.49472108274  64521.42
4925.53931097428  64203.
4925.58389791302  64064.55
4925.62848189878  64274.07
4925.67306293138  64367.79
4925.71764101064  64423.41
4925.76221613636  64222.15
4925.80678830838  64341.
4925.8513575265  64127.5
4925.89592379054  64387.76
4925.94048710033  64276.66
4925.98504745567  63874.2
4926.02960485639  63962.92
4926.0741593023  63849.57
4926.11871079322  63844.53
4926.16325932897  64350.39
4926.20780490936  64195.83
4926.25234753422  64119.32
4926.29688720335  64448.54
4926.34142391659  63935.77
4926.38595767374  63981.16
4926.43048847462  63940.04
4926.47501631905  64214.36
4926.51954120686  63809.25
4926.56406313784  64151.19
4926.60858211183  64214.08
4926.65309812865  63968.48
4926.6976111881  63603.17
4926.74212129001  64035.61
4926.7866284342  63973.89
4926.83113262047  64279.35
4926.87563384866  63689.69
4926.92013211858  64316.61
4926.96462743005  64081.02
4927.00911978288  63955.04
4927.05360917689  64125.38
4927.09809561191  64589.59
4927.14257908774  64501.51
4927.18705960421  64219.92
4927.23153716114  63854.52
4927.27601175835  63335.01
4927.32048339564  63929.51
4927.36495207284  63789.25
4927.40941778978  63484.9
4927.45388054626  63866.41
4927.49834034211  64296.03
4927.54279717714  64198.9
4927.58725105117  64685.72
4927.63170196403  64452.64
4927.67614991553  64162.03
4927.72059490548  64264.
4927.76503693371  63810.52
4927.80947600003  64093.73
4927.85391210427  63940.24
4927.89834524624  64341.23
4927.94277542577  63969.04
4927.98720264266  64428.14
4928.03162689674  63562.88
4928.07604818783  64055.5
4928.12046651575  64206.53
4928.16488188031  63951.54
4928.20929428133  64161.58
4928.25370371864  64673.15
4928.29811019205  64378.89
4928.34251370139  63826.09
4928.38691424646  64099.17
4928.43131182709  63910.21
4928.4757064431  64417.91
4928.52009809431  64299.25
4928.56448678053  64014.94
4928.60887250159  64069.96
4928.6532552573  64076.98
4928.69763504749  63785.48
4928.74201187197  63401.84
4928.78638573057  64143.86
4928.8307566231  64386.05
4928.87512454938  63805.87
4928.91948950923  64608.99
4928.96385150246  63996.01
4929.00821052891  64440.41
4929.05256658839  64326.2
4929.09691968072  64521.33
4929.14126980571  64242.37
4929.18561696319  64107.01
4929.22996115298  64681.98
4929.2743023749  63097.36
4929.31864062876  63885.88
4929.36297591439  64195.23
4929.40730823161  64182.08
4929.45163758024  63488.33
4929.49596396008  63938.24
4929.54028737098  64424.64
4929.58460781274  64514.6
4929.62892528518  64333.79
4929.67323978813  63672.58
4929.71755132141  63897.49
4929.76185988483  64128.84
4929.80616547822  64320.2
4929.85046810139  63714.36
4929.89476775416  64337.52
4929.93906443637  63971.26
4929.98335814782  64173.25
4930.02764888833  64259.68
4930.07193665773  64227.75
4930.11622145584  64469.05
4930.16050328247  64172.54
4930.20478213745  64035.9
4930.2490580206  63731.96
4930.29333093173  64032.18
4930.33760087068  64410.5
4930.38186783725  64040.11
4930.42613183127  64405.7
4930.47039285256  64493.93
4930.51465090094  64575.82
4930.55890597623  64393.84
4930.60315807825  64016.69
4930.64740720682  64296.8
4930.69165336177  64153.52
4930.7358965429  64322.3
4930.78013675006  64184.94
4930.82437398304  63615.04
4930.86860824168  63807.51
4930.9128395258  64426.65
4930.95706783521  64524.39
4931.00129316975  64231.96
4931.04551552922  64232.36
4931.08973491345  63917.28
4931.13395132226  63090.37
4931.17816475547  63571.27
4931.2223752129  63767.95
4931.26658269438  63201.79
4931.31078719973  62869.19
4931.35498872875  62639.19
4931.39918728129  62565.87
4931.44338285715  62362.75
4931.48757545617  62543.08
4931.53176507815  62525.82
4931.57595172293  62401.36
4931.62013539032  62366.29
4931.66431608014  62366.16
4931.70849379222  62260.66
4931.75266852638  62246.96
4931.79684028243  62888.13
4931.84100906021  62465.92
4931.88517485953  63371.27
4931.9293376802  63391.38
4931.97349752207  63747.06
4932.01765438494  63927.34
4932.06180826864  64186.95
4932.10595917299  63754.34
4932.15010709781  63780.27
4932.19425204293  63815.58
4932.23839400816  64085.5
4932.28253299332  64051.17
4932.32666899824  64177.96
4932.37080202275  63882.11
4932.41493206665  64230.18
4932.45905912978  64208.21
4932.50318321196  64430.86
4932.547304313  64188.75
4932.59142243274  64083.98
4932.63553757098  63848.77
4932.67964972756  63726.88
4932.7237589023  64221.73
4932.76786509501  64166.29
4932.81196830552  63848.66
4932.85606853366  64375.67
4932.90016577924  63931.29
4932.94426004209  63831.4
4932.98835132203  63930.66
4933.03243961888  63869.86
4933.07652493246  64148.77
4933.1206072626  63997.79
4933.16468660912  64567.
4933.20876297184  64167.05
4933.25283635058  63755.22
4933.29690674517  63683.52
4933.34097415542  63468.45
4933.38503858117  63821.91
4933.42910002224  63717.68
4933.47315847844  63274.9
4933.51721394959  63177.49
4933.56126643553  63473.74
4933.60531593608  63908.59
4933.64936245105  63472.23
4933.69340598027  63577.4
4933.73744652356  63532.98
4933.78148408075  63370.42
4933.82551865166  63347.64
4933.86955023611  63658.03
4933.91357883393  63253.77
4933.95760444493  63817.05
4934.00162706894  63883.46
4934.04564670579  64015.49
4934.08966335529  64543.18
4934.13367701727  64067.01
4934.17768769155  64049.24
4934.22169537796  64268.8
4934.26570007632  63758.76
4934.30970178645  63848.31
4934.35370050818  64249.25
4934.39769624133  64388.3
4934.44168898571  63986.07
4934.48567874116  63610.36
4934.52966550751  63933.31
4934.57364928456  64311.02
4934.61763007215  63540.72
4934.6616078701  63824.1
4934.70558267823  64130.76
4934.74955449637  64372.79
4934.79352332434  64217.07
4934.83748916195  64049.55
4934.88145200905  63932.03
4934.92541186545  63950.36
4934.96936873097  64046.22
4935.01332260544  64238.46
4935.05727348869  64227.84
4935.10122138053  63896.06
4935.14516628078  63943.44
4935.18910818928  64539.86
4935.23304710585  64328.16
4935.27698303031  63926.48
4935.32091596248  63990.5
4935.36484590219  64227.92
4935.40877284927  64093.3
4935.45269680353  64668.01
4935.49661776481  64165.98
4935.54053573291  64269.08
4935.58445070768  64033.13
4935.62836268893  64196.53
4935.67227167649  63950.79
4935.71617767018  64097.47
4935.76008066983  64133.41
4935.80398067526  64395.82
4935.84787768629  64171.88
4935.89177170275  64527.6
4935.93566272446  64015.35
4935.97955075126  64069.04
4936.02343578295  64059.73
4936.06731781937  63868.57
4936.11119686034  64242.44
4936.15507290569  64262.86
4936.19894595524  64055.87
4936.24281600881  63905.01
4936.28668306624  63920.15
4936.33054712734  63910.02
4936.37440819193  63947.98
4936.41826625985  64088.45
4936.46212133092  63931.1
4936.50597340496  63898.3
4936.5498224818  64346.28
4936.59366856126  64042.23
4936.63751164317  64389.21
4936.68135172736  64352.91
4936.72518881364  63771.51
4936.76902290184  64015.78
4936.81285399179  64292.87
4936.85668208332  64089.9
4936.90050717624  64337.73
4936.94432927038  64305.58
4936.98814836557  63540.48
4937.03196446164  63914.37
4937.0757775584  64162.38
4937.11958765569  64026.44
4937.16339475333  64126.81
4937.20719885114  64120.42
4937.25099994895  64054.02
4937.29479804658  63930.13
4937.33859314387  64138.87
4937.38238524063  63875.61
4937.42617433669  64017.98
4937.46996043187  63652.57
4937.51374352601  63838.28
4937.55752361893  63947.43
4937.60130071045  63627.8
4937.6450748004  63982.1
4937.6888458886  64247.89
4937.73261397489  63870.21
4937.77637905908  64113.52
4937.82014114099  63754.99
4937.86390022047  64436.7
4937.90765629733  64017.29
4937.9514093714  63971.14
4937.99515944251  63703.85
4938.03890651047  63991.85
4938.08265057512  64360.79
4938.12639163629  63970.84
4938.17012969379  63848.23
4938.21386474745  64054.38
4938.25759679711  63668.82
4938.30132584258  63956.46
4938.3450518837  64273.75
4938.38877492028  64103.57
4938.43249495217  63816.12
4938.47621197917  63707.07
4938.51992600111  64038.74
4938.56363701784  63958.12
4938.60734502916  63918.56
4938.6510500349  63781.05
4938.69475203491  63946.56
4938.73845102898  63901.51
4938.78214701697  63801.05
4938.82583999869  63975.2
4938.86952997396  63986.06
4938.91321694262  63623.15
4938.9569009045  64530.59
4939.0005818594  63990.32
4939.04425980718  64258.57
4939.08793474764  63726.04
4939.13160668063  63956.45
4939.17527560595  64036.56
4939.21894152345  63791.6
4939.26260443295  64069.21
4939.30626433427  64113.24
4939.34992122724  63820.92
4939.3935751117  64254.98
4939.43722598745  63901.36
4939.48087385434  64256.27
4939.52451871219  63663.23
4939.56816056083  63783.08
4939.61179940008  64404.88
4939.65543522977  64072.41
4939.69906804972  63633.9
4939.74269785978  64289.45
4939.78632465975  63968.2
4939.82994844947  63450.38
4939.87356922877  63758.78
4939.91718699747  63542.
4939.9608017554  64047.31
4940.00441350239  63631.38
4940.04802223826  64065.21
4940.09162796285  64047.76
4940.13523067598  63807.05
4940.17883037747  64225.82
4940.22242706716  63469.28
4940.26602074487  64046.69
4940.30961141044  63904.61
4940.35319906368  64031.61
4940.39678370442  63916.22
4940.44036533249  63910.31
4940.48394394773  64214.95
4940.52751954996  63712.89
4940.57109213899  63721.14
4940.61466171468  64099.04
4940.65822827683  63715.59
4940.70179182529  63378.74
4940.74535235986  63698.46
4940.7889098804  63953.91
4940.83246438672  64181.88
4940.87601587864  64208.46
4940.91956435601  64164.64
4940.96310981864  63625.81
4941.00665226637  64329.41
4941.05019169901  64267.13
4941.09372811641  63989.3
4941.13726151839  63670.57
4941.18079190477  64079.88
4941.22431927539  63806.52
4941.26784363008  64200.7
4941.31136496865  63609.03
4941.35488329094  63943.56
4941.39839859678  64412.72
4941.441910886  63903.2
4941.48542015842  64044.18
4941.52892641387  64041.18
4941.57242965219  63948.29
4941.6159298732  64083.72
4941.65942707672  63913.28
4941.70292126259  64522.53
4941.74641243064  63919.55
4941.78990058069  64107.77
4941.83338571257  64130.83
4941.87686782612  63744.01
4941.92034692115  64660.31
4941.96382299751  64014.97
4942.00729605501  63788.3
4942.05076609348  64432.71
4942.09423311276  64004.53
4942.13769711268  64007.29
4942.18115809306  64220.94
4942.22461605373  63623.13
4942.26807099452  64285.62
4942.31152291526  64243.07
4942.35497181577  63807.61
4942.3984176959  64370.37
4942.44186055546  63676.54
4942.48530039429  64176.19
4942.52873721221  63557.13
4942.57217100905  64350.4
4942.61560178465  64126.59
4942.65902953883  64172.35
4942.70245427143  64102.29
4942.74587598226  64252.7
4942.78929467116  63958.48
4942.83271033797  64012.14
4942.8761229825  64546.05
4942.91953260459  63918.25
4942.96293920406  64553.16
4943.00634278076  63860.2
4943.0497433345  64102.31
4943.09314086511  63874.18
4943.13653537244  63984.7
4943.17992685629  63802.09
4943.22331531652  64087.1
4943.26670075293  64219.61
4943.31008316537  64149.54
4943.35346255367  64013.34
4943.39683891765  63860.5
4943.44021225714  64042.22
4943.48358257197  64138.71
4943.52694986198  64161.8
4943.57031412699  63783.65
4943.61367536683  64101.86
4943.65703358134  64096.01
4943.70038877034  63701.41
4943.74374093366  63895.29
4943.78709007113  63162.96
4943.83043618259  64031.91
4943.87377926786  63696.29
4943.91711932677  63966.93
4943.96045635916  63906.28
4944.00379036484  63698.16
4944.04712134367  63825.68
4944.09044929545  64129.49
4944.13377422003  63944.11
4944.17709611724  63905.2
4944.22041498689  63935.48
4944.26373082884  63987.3
4944.3070436429  63777.55
4944.3503534289  63800.86
4944.39366018668  63723.44
4944.43696391607  63714.43
4944.4802646169  64000.25
4944.52356228899  64232.59
4944.56685693218  63590.
4944.6101485463  64302.53
4944.65343713118  64208.93
4944.69672268665  63883.05
4944.74000521254  63845.98
4944.78328470869  63629.05
4944.82656117492  63899.01
4944.86983461105  63664.9
4944.91310501694  64353.45
4944.9563723924  64168.04
4944.99963673726  64072.02
4945.04289805137  63837.67
4945.08615633454  64294.68
4945.1294115866  64022.27
4945.17266380741  63949.58
4945.21591299677  64128.55
4945.25915915452  64129.29
4945.30240228049  63572.6
4945.34564237452  64079.19
4945.38887943644  63764.96
4945.43211346607  64053.89
4945.47534446325  64265.25
4945.51857242781  63734.66
4945.56179735958  64235.45
4945.6050192584  63924.82
4945.64823812408  63942.55
4945.69145395647  63859.84
4945.7346667554  63843.73
4945.7778765207  63873.34
4945.82108325219  63421.36
4945.86428694972  63220.58
4945.9074876131  63940.3
4945.95068524218  63812.44
4945.99387983679  64246.27
4946.03707139675  63781.45
4946.0802599219  64121.74
4946.12344541208  63693.39
4946.1666278671  63899.57
4946.20980728681  63420.5
4946.25298367104  63939.76
4946.29615701961  63779.16
4946.33932733236  63595.78
4946.38249460912  63867.86
4946.42565884973  63596.75
4946.46882005401  64060.38
4946.5119782218  63654.63
4946.55513335293  64023.79
4946.59828544723  63836.45
4946.64143450454  63625.92
4946.68458052468  63841.48
4946.72772350749  64096.4
4946.77086345279  63508.37
4946.81400036043  63806.51
4946.85713423024  63805.76
4946.90026506204  64063.53
4946.94339285567  63776.76
4946.98651761096  63569.27
4947.02963932775  64032.18
4947.07275800586  63973.6
4947.11587364513  64170.34
4947.1589862454  63819.09
4947.20209580648  63597.94
4947.24520232822  63878.77
4947.28830581045  63429.52
4947.33140625301  64196.86
4947.37450365571  64221.59
4947.4175980184  63935.64
4947.46068934092  63644.63
4947.50377762308  63839.35
4947.54686286473  63603.63
4947.5899450657  63453.98
4947.63302422581  63962.63
4947.67610034491  63719.48
4947.71917342283  63774.6
4947.7622434594  63901.68
4947.80531045444  63603.94
4947.8483744078  63974.33
4947.89143531931  63925.58
4947.93449318881  63822.1
4947.97754801611  63847.58
4948.02059980106  64387.26
4948.0636485435  63989.
4948.10669424324  63701.41
4948.14973690013  63822.45
4948.19277651401  63821.43
4948.23581308469  63630.64
4948.27884661203  63499.78
4948.32187709584  63207.29
4948.36490453596  63657.9
4948.40792893223  63066.96
4948.45095028448  63574.12
4948.49396859255  63696.09
4948.53698385626  63325.1
4948.57999607545  63740.01
4948.62300524996  63236.77
4948.66601137961  63451.85
4948.70901446424  63747.86
4948.75201450369  63570.06
4948.79501149778  63376.49
4948.83800544636  63926.45
4948.88099634925  63779.24
4948.9239842063  63749.21
4948.96696901733  63836.07
4949.00995078217  63766.11
4949.05292950066  63538.55
4949.09590517264  64223.39
4949.13887779794  63591.47
4949.18184737639  63528.33
4949.22481390783  63597.43
4949.26777739208  63778.65
4949.310737829  63388.22
4949.3536952184  63627.74
4949.39664956012  63688.54
4949.439600854  63568.07
4949.48254909987  63819.94
4949.52549429757  63976.55
4949.56843644693  64062.74
4949.61137554778  63950.16
4949.65431159996  63789.11
4949.6972446033  63924.31
4949.74017455763  63830.96
4949.7831014628  63746.25
4949.82602531864  63798.19
4949.86894612497  63548.62
4949.91186388164  63844.73
4949.95477858848  64009.23
4949.99769024532  63814.67
4950.040598852  63328.92
4950.08350440835  63683.91
4950.12640691421  63552.51
4950.16930636941  63762.32
4950.21220277379  63576.86
4950.25509612718  63576.26
4950.29798642941  63529.
4950.34087368033  63915.47
4950.38375787976  63758.54
4950.42663902754  63963.73
4950.46951712351  63519.62
4950.5123921675  63803.7
4950.55526415934  64030.92
4950.59813309888  63777.07
4950.64099898594  64075.
4950.68386182035  64056.62
4950.72672160197  63678.4
4950.76957833062  63261.45
4950.81243200613  63367.48
4950.85528262834  63621.25
4950.89813019709  63524.15
4950.94097471221  63581.79
4950.98381617354  63332.65
4951.0266545809  63390.22
4951.06948993415  63505.93
4951.11232223311  63254.53
4951.15515147761  62982.5
4951.1979776675  63221.06
4951.24080080261  63396.86
4951.28362088277  63241.55
4951.32643790783  63280.05
4951.3692518776  63253.82
4951.41206279194  63149.96
4951.45487065068  63269.02
4951.49767545364  63420.41
4951.54047720068  63154.89
4951.58327589162  63256.46
4951.62607152629  63539.84
4951.66886410455  63438.64
4951.71165362621  63686.57
4951.75444009112  63518.27
4951.79722349911  63654.43
4951.84000385002  63435.77
4951.88278114369  63812.7
4951.92555537994  63666.1
4951.96832655862  63466.02
4952.01109467957  63528.83
4952.05385974261  63502.94
4952.09662174758  64073.36
4952.13938069433  63546.55
4952.18213658269  63659.94
4952.22488941248  63257.65
4952.26763918356  63351.62
4952.31038589574  62883.09
4952.35312954889  63081.91
4952.39587014282  63276.86
4952.43860767737  63400.34
4952.48134215238  63245.09
4952.5240735677  63282.07
4952.56680192314  63484.94
4952.60952721855  63667.58
4952.65224945377  63582.52
4952.69496862863  63559.76
4952.73768474298  63212.36
4952.78039779663  63936.77
4952.82310778944  64052.95
4952.86581472124  64089.06
4952.90851859187  63432.46
4952.95121940116  63621.2
4952.99391714894  63654.81
4953.03661183506  63827.01
4953.07930345936  63423.93
4953.12199202166  63539.37
4953.16467752181  63322.91
4953.20735995965  63435.19
4953.250039335  63806.39
4953.29271564772  63793.56
4953.33538889762  63208.11
4953.37805908456  63548.89
4953.42072620836  63801.79
4953.46339026887  63822.27
4953.50605126593  63549.8
4953.54870919936  63630.93
4953.59136406901  63812.25
4953.63401587471  63362.91
4953.67666461631  63659.97
4953.71931029363  63228.82
4953.76195290652  63364.93
4953.80459245481  63392.37
4953.84722893834  63248.6
4953.88986235695  63578.8
4953.93249271048  63792.05
4953.97511999876  63764.48
4954.01774422163  63267.53
4954.06036537892  63281.37
4954.10298347048  63516.62
4954.14559849615  63417.64
4954.18821045575  62932.65
4954.23081934913  63642.8
4954.27342517613  63671.31
4954.31602793659  63399.48
4954.35862763033  63494.88
4954.4012242572  63346.34
4954.44381781704  63290.25
4954.48640830968  63556.49
4954.52899573497  63483.69
4954.57158009274  63531.11
4954.61416138282  63849.52
4954.65673960506  63521.54
4954.6993147593  64090.56
4954.74188684536  63484.26
4954.7844558631  63797.77
4954.82702181235  63617.31
4954.86958469294  63837.11
4954.91214450472  63918.12
4954.95470124752  63189.61
4954.99725492118  63449.23
4955.03980552554  63292.78
4955.08235306044  63635.25
4955.12489752571  63686.9
4955.1674389212  63825.25
4955.20997724674  63720.44
4955.25251250218  63736.22
4955.29504468734  64060.33
4955.33757380207  63734.52
4955.3800998462  63554.04
4955.42262281958  63229.1
4955.46514272205  63944.63
4955.50765955343  63724.56
4955.55017331358  64103.67
4955.59268400232  63645.92
4955.63519161951  64133.84
4955.67769616497  64126.56
4955.72019763854  63716.68
4955.76269604007  63750.77
4955.8051913694  63919.23
4955.84768362635  63746.86
4955.89017281078  63538.14
4955.93265892251  63642.92
4955.97514196139  63671.94
4956.01762192726  63973.75
4956.06009881996  63685.62
4956.10257263932  63832.48
4956.14504338519  63779.14
4956.1875110574  63732.82
4956.2299756558  63468.48
4956.27243718021  63838.26
4956.31489563049  63491.39
4956.35735100646  63151.14
4956.39980330798  63398.63
4956.44225253487  63518.73
4956.48469868699  63152.72
4956.52714176416  62751.24
4956.56958176622  62327.86
4956.61201869303  62479.82
4956.65445254441  62611.05
4956.6968833202  61778.24
4956.73931102025  61591.49
4956.78173564439  61392.5
4956.82415719247  61229.6
4956.86657566432  60186.41
4956.90899105978  59200.09
4956.95140337869  58981.23
4956.9938126209  58600.23
4957.03621878624  58765.76
4957.07862187455  58920.96
4957.12102188567  59394.19
4957.16341881945  59137.81
4957.20581267571  59626.02
4957.24820345431  59883.24
4957.29059115507  59940.8
4957.33297577785  60086.67
4957.37535732248  60468.23
4957.4177357888  60910.72
4957.46011117665  61765.61
4957.50248348587  62207.74
4957.5448527163  62886.8
4957.58721886778  62636.55
4957.62958194015  63176.45
4957.67194193326  63120.64
4957.71429884693  63209.45
4957.75665268102  63481.66
4957.79900343536  63407.79
4957.84135110979  63090.43
4957.88369570416  63196.69
4957.9260372183  63305.91
4957.96837565205  63290.57
4958.01071100526  63148.82
4958.05304327776  63295.05
4958.09537246939  63321.2
4958.13769858  63170.77
4958.18002160943  63231.16
4958.22234155751  63404.06
4958.26465842409  63363.22
4958.30697220901  63408.02
4958.34928291211  63450.19
4958.39159053322  63117.89
4958.4338950722  63173.15
4958.47619652888  63247.37
4958.51849490309  63035.11
4958.5607901947  63477.46
4958.60308240352  63152.55
4958.64537152941  63286.98
4958.6876575722  62988.69
4958.72994053174  63507.09
4958.77222040787  62920.87
4958.81449720043  63335.05
4958.85677090925  63232.17
4958.89904153418  63503.05
4958.94130907507  63486.54
4958.98357353175  63388.98
4959.02583490406  63505.13
4959.06809319185  63451.73
4959.11034839495  63381.9
4959.15260051322  63741.09
4959.19484954648  63704.78
4959.23709549458  63358.15
4959.27933835736  63305.17
4959.32157813466  63529.2
4959.36381482633  63482.44
4959.40604843221  63439.27
4959.44827895213  63446.63
4959.49050638594  63263.82
4959.53273073348  63311.05
4959.5749519946  63024.65
4959.61717016913  63243.15
4959.65938525691  63436.37
4959.70159725779  63236.99
4959.74380617161  63156.54
4959.78601199821  63320.82
4959.82821473743  63669.38
4959.87041438911  62947.84
4959.91261095311  63506.56
4959.95480442925  62869.58
4959.99699481738  62892.51
4960.03918211734  62826.42
4960.08136632897  62915.63
4960.12354745212  63328.99
4960.16572548663  62947.88
4960.20790043234  63199.39
4960.25007228909  63023.5
4960.29224105672  63119.2
4960.33440673508  63119.93
4960.37656932401  63142.68
4960.41872882335  62911.59
4960.46088523294  62825.05
4960.50303855262  63000.41
4960.54518878225  63145.37
4960.58733592165  63366.93
4960.62947997068  63116.41
4960.67162092917  63262.66
4960.71375879697  62795.07
4960.75589357391  62854.14
4960.79802525985  63231.88
4960.84015385462  63150.89
4960.88227935807  62795.63
4960.92440177004  63411.66
4960.96652109037  63069.
4961.00863731891  63005.73
4961.05075045549  62900.45
4961.09286049997  63214.76
4961.13496745218  63146.32
4961.17707131196  63123.
4961.21917207916  63231.97
4961.26126975363  63343.43
4961.3033643352  63127.13
4961.34545582371  63200.84
4961.38754421902  62834.23
4961.42962952096  63243.62
4961.47171172937  62966.76
4961.51379084411  63305.79
4961.555866865  63189.49
4961.59793979191  62868.67
4961.64000962466  63444.31
4961.6820763631  63114.04
4961.72414000708  63097.08
4961.76620055644  63116.62
4961.80825801101  63298.56
4961.85031237066  62990.84
4961.89236363521  62966.21
4961.93441180451  62701.24
4961.97645687841  62647.33
4962.01849885674  63190.51
4962.06053773936  62569.
4962.1025735261  62895.08
4962.14460621681  62818.48
4962.18663581133  63210.51
4962.22866230951  63382.16
4962.27068571118  62919.53
4962.3127060162  63060.98
4962.35472322441  62975.59
4962.39673733565  63125.76
4962.43874834976  62647.85
4962.48075626659  63439.93
4962.52276108598  62835.42
4962.56476280778  63279.98
4962.60676143182  63218.61
4962.64875695796  63333.53
4962.69074938603  63208.32
4962.73273871589  63126.03
4962.77472494737  63174.73
4962.81670808032  62733.59
4962.85868811458  63265.06
4962.90066505001  62889.4
4962.94263888643  62749.17
4962.98460962369  63289.27
4963.02657726165  63128.67
4963.06854180014  62644.96
4963.11050323901  62673.93
4963.1524615781  62873.82
4963.19441681726  62746.75
4963.23636895632  62986.22
4963.27831799515  63529.98
4963.32026393357  62782.55
4963.36220677143  62960.73
4963.40414650859  62926.26
4963.44608314488  63623.84
4963.48801668014  62740.
4963.52994711423  63095.3
4963.57187444698  63270.89
4963.61379867825  63258.47
4963.65571980787  63351.67
4963.69763783569  62906.55
4963.73955276155  63412.89
4963.78146458531  62892.11
4963.8233733068  63509.
4963.86527892587  63003.36
4963.90718144236  63206.17
4963.94908085613  63225.45
4963.990977167  63094.98
4964.03287037484  62568.47
4964.07476047948  62920.05
4964.11664748077  62810.66
4964.15853137855  62981.35
4964.20041217267  63096.05
4964.24228986297  63078.65
4964.28416444931  63356.23
4964.32603593151  63412.79
4964.36790430944  62705.73
4964.40976958293  63060.69
4964.45163175183  62826.24
4964.49349081599  63302.65
4964.53534677525  62985.58
4964.57719962945  63178.2
4964.61904937845  63071.68
4964.66089602208  62931.07
4964.70273956019  62852.61
4964.74457999263  63064.56
4964.78641731924  62867.87
4964.82825153987  62766.45
4964.87008265436  63092.1
4964.91191066257  63353.54
4964.95373556433  62556.2
4964.99555735949  62967.3
4965.03737604789  62926.61
4965.07919162939  62641.59
4965.12100410383  62623.96
4965.16281347104  62673.52
4965.20461973089  62719.72
4965.24642288321  62913.09
4965.28822292786  62826.79
4965.33001986467  62603.14
4965.37181369349  62755.95
4965.41360441418  62637.06
4965.45539202656  62173.84
4965.4971765305  62750.16
4965.53895792584  62535.91
4965.58073621242  62674.28
4965.62251139008  63237.86
4965.66428345868  62587.02
4965.70605241807  62251.08
4965.74781826808  62454.34
4965.78958100856  62775.12
4965.83134063937  62087.
4965.87309716034  62653.35
4965.91485057132  62603.03
4965.95660087216  62932.16
4965.99834806271  63040.16
4966.04009214281  62754.72
4966.08183311231  63224.69
4966.12357097105  62812.24
4966.16530571889  62927.08
4966.20703735566  62903.88
4966.24876588121  63117.56
4966.2904912954  62773.91
4966.33221359807  62580.4
4966.37393278906  63285.92
4966.41564886822  62872.35
4966.45736183539  62920.41
4966.49907169043  62765.77
4966.54077843319  62372.74
4966.5824820635  62384.55
4966.62418258122  62673.02
4966.66587998619  62403.73
4966.70757427826  62573.97
4966.74926545727  62307.29
4966.79095352308  62605.67
4966.83263847552  62692.56
4966.87432031445  62268.77
4966.91599903972  62405.85
4966.95767465117  62149.75
4966.99934714864  62323.21
4967.041016532  62077.96
4967.08268280107  62317.94
4967.12434595571  62124.72
4967.16600599578  62153.86
4967.2076629211  62193.16
4967.24931673154  62294.98
4967.29096742693  62001.64
4967.33261500714  62103.89
4967.37425947199  62111.18
4967.41590082135  61953.99
4967.45753905506  62227.74
4967.49917417296  61859.16
4967.54080617491  61962.2
4967.58243506075  61838.07
4967.62406083032  61900.18
4967.66568348349  62209.7
4967.70730302009  62139.32
4967.74891943997  62259.47
4967.79053274298  62002.13
4967.83214292897  62231.46
4967.87374999778  62039.16
4967.91535394927  62527.88
4967.95695478328  63066.59
4967.99855249966  62662.9
4968.04014709825  62427.42
4968.08173857891  62480.52
4968.12332694148  62109.93
4968.16491218582  62215.76
4968.20649431176  62140.57
4968.24807331916  61799.52
4968.28964920786  62391.31
4968.33122197772  62205.68
4968.37279162858  62077.1
4968.41435816029  61968.89
4968.4559215727  62114.38
4968.49748186565  61935.1
4968.539039039  62355.57
4968.58059309259  62107.
4968.62214402627  62371.11
4968.66369183989  61971.42
4968.7052365333  62275.88
4968.74677810635  62227.45
4968.78831655888  62640.6
4968.82985189075  62401.66
4968.87138410179  62193.38
4968.91291319187  62378.97
4968.95443916083  62391.48
4968.99596200852  62787.19
4969.03748173478  62323.11
4969.07899833947  62320.78
4969.12051182243  62648.7
4969.16202218351  62250.8
4969.20352942257  62659.21
4969.24503353945  62529.36
4969.28653453399  62358.82
4969.32803240606  62727.19
4969.36952715549  62517.12
4969.41101878214  62413.17
4969.45250728585  62593.21
4969.49399266647  63099.08
4969.53547492387  62313.37
4969.57695405787  62542.41
4969.61843006834  62591.42
4969.65990295511  62679.73
4969.70137271804  62944.31
4969.74283935699  62586.07
4969.78430287179  62570.
4969.8257632623  62640.74
4969.86722052837  62433.14
4969.90867466984  62631.16
4969.95012568657  62487.71
4969.9915735784  62720.26
4970.03301834519  62973.51
4970.07445998678  62479.72
4970.11589850303  63020.63
4970.15733389377  62683.57
4970.19876615888  62962.76
4970.24019529818  62508.27
4970.28162131153  62725.41
4970.32304419879  62763.39
4970.36446395979  62758.4
4970.4058805944  62532.63
4970.44729410246  62912.42
4970.48870448382  62794.71
4970.53011173832  62886.37
4970.57151586583  62842.88
4970.61291686619  62667.35
4970.65431473925  62709.48
4970.69570948485  62505.52
4970.73710110286  62527.63
4970.77848959311  62784.26
4970.81987495547  63098.89
4970.86125718977  63063.54
4970.90263629588  62367.15
4970.94401227364  62879.74
4970.98538512289  62528.2
4971.02675484349  62727.4
4971.0681214353  62724.03
4971.10948489816  62479.
4971.15084523191  62714.26
4971.19220243642  62968.01
4971.23355651153  62872.72
4971.27490745709  62880.86
4971.31625527296  63009.84
4971.35759995897  62751.66
4971.39894151499  62738.5
4971.44027994087  62609.7
4971.48161523645  62662.44
4971.52294740158  62598.05
4971.56427643612  62431.1
4971.60560233991  62334.18
4971.64692511282  62924.68
4971.68824475468  62572.67
4971.72956126534  62455.28
4971.77087464467  62724.47
4971.8121848925  62495.46
4971.8534920087  63038.32
4971.89479599311  62925.82
4971.93609684558  63097.69
4971.97739456596  62793.8
4972.01868915411  63276.13
4972.05998060987  62758.29
4972.1012689331  62835.8
4972.14255412364  62604.48
4972.18383618136  62237.72
4972.22511510609  62688.13
4972.26639089769  62685.46
4972.30766355602  62387.34
4972.34893308092  62187.29
4972.39019947224  62924.45
4972.43146272983  62418.48
4972.47272285355  62363.07
4972.51397984326  62353.52
4972.55523369878  62114.47
4972.59648442  62526.88
4972.63773200674  62411.46
4972.67897645886  62207.43
4972.72021777622  62608.89
4972.76145595867  61929.04
4972.80269100605  62330.38
4972.84392291823  62025.48
4972.88515169504  62737.77
4972.92637733635  61973.34
4972.967599842  62062.9
4973.00881921185  62197.36
4973.05003544575  62544.56
4973.09124854354  62858.27
4973.13245850509  62525.97
4973.17366533023  62371.53
4973.21486901884  62659.03
4973.25606957075  62717.3
4973.29726698582  62618.47
4973.3384612639  62878.02
4973.37965240484  62368.72
4973.4208404085  62486.43
4973.46202527472  62402.48
4973.50320700337  62082.78
4973.54438559428  62426.07
4973.58556104732  62516.2
4973.62673336233  62134.39
4973.66790253917  62474.52
4973.70906857769  62204.65
4973.75023147774  63039.75
4973.79139123917  62727.59
4973.83254786184  62072.91
4973.8737013456  62769.3
4973.9148516903  62162.34
4973.9559988958  62216.48
4973.99714296194  62206.39
4974.03828388858  62556.09
4974.07942167556  62371.02
4974.12055632276  62181.22
4974.16168783001  62415.91
4974.20281619716  62209.62
4974.24394142408  62563.51
4974.28506351062  62159.64
4974.32618245662  62233.89
4974.36729826193  62604.42
4974.40841092642  62798.88
4974.44952044994  62227.77
4974.49062683234  62220.2
4974.53173007346  62213.74
4974.57283017317  62599.55
4974.61392713131  62494.97
4974.65502094775  62502.57
4974.69611162232  62508.54
4974.73719915489  62415.27
4974.77828354531  62353.71
4974.81936479343  62872.98
4974.86044289911  62356.98
4974.90151786219  62295.63
4974.94258968253  61881.89
4974.98365835999  62201.8
4975.02472389442  62353.61
4975.06578628566  61842.03
4975.10684553358  62169.82
4975.14790163803  61747.11
4975.18895459886  61904.75
4975.23000441592  62324.06
4975.27105108907  62351.
4975.31209461815  62593.68
4975.35313500304  61564.45
4975.39417224357  62343.09
4975.4352063396  62172.77
4975.47623729099  62569.28
4975.51726509758  62168.68
4975.55828975924  62630.55
4975.59931127581  62077.32
4975.64032964715  62227.17
4975.68134487312  62531.27
4975.72235695356  62275.76
4975.76336588833  62216.35
4975.80437167729  62238.4
4975.84537432029  62255.93
4975.88637381717  62246.77
4975.92737016781  62677.01
4975.96836337204  61873.7
4976.00935342973  62356.88
4976.05034034073  62692.46
4976.09132410489  62396.89
4976.13230472206  62413.84
4976.17328219211  62432.1
4976.21425651488  62546.13
4976.25522769023  62318.18
4976.29619571801  62629.68
4976.33716059808  62372.08
4976.37812233029  62344.14
4976.41908091449  61775.9
4976.46003635055  62004.44
4976.5009886383  62511.22
4976.54193777762  61593.01
4976.58288376835  62323.45
4976.62382661035  62328.04
4976.66476630347  62243.87
4976.70570284757  62286.38
4976.7466362425  61638.95
4976.78756648811  62054.42
4976.82849358427  61873.34
4976.86941753082  62337.48
4976.91033832762  62031.88
4976.95125597452  61910.38
4976.99217047138  62045.2
4977.03308181806  61862.47
4977.0739900144  62291.64
4977.11489506027  62466.92
4977.15579695552  62092.93
4977.1966957  62135.36
4977.23759129356  62462.83
4977.27848373607  62127.29
4977.31937302738  62457.43
4977.36025916734  62609.28
4977.40114215581  62394.98
4977.44202199265  61664.32
4977.4828986777  62231.46
4977.52377221082  62301.05
4977.56464259187  62034.94
4977.60550982071  61913.86
4977.64637389719  61936.07
4977.68723482115  62097.53
4977.72809259247  61554.82
4977.768947211  62305.55
4977.80979867658  61619.7
4977.85064698908  62175.17
4977.89149214835  62177.63
4977.93233415425  62284.68
4977.97317300663  61915.36
4978.01400870535  61884.91
4978.05484125026  62058.59
4978.09567064122  62016.46
4978.13649687808  61987.52
4978.1773199607  61879.41
4978.21813988894  61859.05
4978.25895666265  61741.91
4978.29977028169  61478.33
4978.34058074591  61833.34
4978.38138805517  62181.26
4978.42219220932  61974.99
4978.46299320822  62057.81
4978.50379105173  62112.93
4978.5445857397  61972.12
4978.58537727199  62022.46
4978.62616564845  62421.48
4978.66695086895  62290.48
4978.70773293333  61927.43
4978.74851184145  62155.96
4978.78928759317  61909.64
4978.83006018834  62085.27
4978.87082962682  61947.76
4978.91159590847  61887.8
4978.95235903315  62007.31
4978.9931190007  62094.97
4979.03387581099  62318.09
4979.07462946387  62265.43
4979.1153799592  61974.97
4979.15612729684  61816.34
4979.19687147663  61479.29
4979.23761249844  61932.09
4979.27835036213  62054.05
4979.31908506755  61980.84
4979.35981661455  62046.54
4979.400545003  62084.13
4979.44127023275  61962.5
4979.48199230365  61964.68
4979.52271121557  61399.1
4979.56342696836  62221.82
4979.60413956188  62069.71
4979.64484899598  62194.57
4979.68555527052  61803.25
4979.72625838536  61616.
4979.76695834035  62453.14
4979.80765513536  62286.43
4979.84834877023  61671.77
4979.88903924483  61913.79
4979.92972655901  61807.69
4979.97041071262  61697.12
4980.01109170554  61998.3
4980.0517695376  61949.05
4980.09244420868  61566.87
4980.13311571863  62220.61
4980.1737840673  62229.36
4980.21444925455  61922.86
4980.25511128025  62248.34
4980.29577014423  61787.52
4980.33642584638  62084.48
4980.37707838653  62088.55
4980.41772776455  62314.07
4980.4583739803  62111.5
4980.49901703363  62020.4
4980.5396569244  62518.11
4980.58029365247  62177.98
4980.6209272177  62353.33
4980.66155761993  62047.27
4980.70218485904  61955.45
4980.74280893488  62258.96
4980.78342984731  61688.87
4980.82404759617  62170.86
4980.86466218134  62209.96
4980.90527360267  61580.07
4980.94588186002  61900.18
4980.98648695324  62084.96
4981.02708888219  61435.16
4981.06768764673  61928.93
4981.10828324673  62033.21
4981.14887568203  61963.13
4981.18946495249  61958.39
4981.23005105798  61878.95
4981.27063399834  62391.47
4981.31121377345  61530.8
4981.35179038315  61880.88
4981.3923638273  61777.72
4981.43293410577  61657.41
4981.47350121841  61968.33
4981.51406516508  62400.98
4981.55462594564  61806.44
4981.59518355994  62029.71
4981.63573800784  61823.35
4981.67628928921  61811.04
4981.7168374039  61559.1
4981.75738235177  61467.18
4981.79792413267  61524.98
4981.83846274647  61676.82
4981.87899819303  61605.09
4981.9195304722  61119.39
4981.96005958384  61428.89
4982.00058552781  61466.65
4982.04110830397  61534.53
4982.08162791218  61659.96
4982.12214435229  61495.55
4982.16265762417  61485.17
4982.20316772767  61136.07
4982.24367466265  61286.15
4982.28417842898  61260.64
4982.3246790265  61303.69
4982.36517645509  61799.04
4982.40567071459  61501.96
4982.44616180486  61445.39
4982.48664972578  61448.57
4982.52713447719  61889.74
4982.56761605895  61556.74
4982.60809447093  61374.7
4982.64856971297  61548.59
4982.68904178495  61837.1
4982.72951068672  61727.42
4982.76997641814  61206.62
4982.81043897906  62097.78
4982.85089836936  62267.55
4982.89135458888  61652.16
4982.93180763748  61752.54
4982.97225751504  61485.02
4983.01270422139  61912.77
4983.05314775642  61549.68
4983.09358811996  61196.69
4983.13402531189  61680.82
4983.17445933207  61568.51
4983.21489018034  61848.86
4983.25531785658  61765.21
4983.29574236064  61505.46
4983.33616369238  61498.76
4983.37658185166  61063.63
4983.41699683834  61714.9
4983.45740865228  61397.91
4983.49781729334  62024.02
4983.53822276138  61243.35
4983.57862505626  61627.01
4983.61902417784  61430.5
4983.65942012598  61333.97
4983.69981290054  61347.89
4983.74020250138  61721.24
4983.78058892836  61701.68
4983.82097218133  61700.11
4983.86135226017  61457.89
4983.90172916472  61374.48
4983.94210289486  61266.64
4983.98247345043  61357.72
4984.0228408313  61614.02
4984.06320503734  61647.28
4984.10356606839  61562.36
4984.14392392432  61604.38
4984.18427860499  61721.33
4984.22463011027  61523.89
4984.26497844  61415.34
4984.30532359406  61458.88
4984.3456655723  61215.38
4984.38600437458  61877.38
4984.42634000077  61645.73
4984.46667245071  61576.76
4984.50700172428  62150.47
4984.54732782134  61053.32
4984.58765074174  61384.8
4984.62797048535  61573.99
4984.66828705202  61142.78
4984.70860044162  61392.35
4984.74891065401  61219.99
4984.78921768905  61422.09
4984.82952154659  61313.04
4984.86982222651  61585.8
4984.91011972866  61510.59
4984.95041405289  61285.55
4984.99070519909  61540.94
4985.03099316709  61356.46
4985.07127795677  60960.08
4985.11155956799  61071.19
4985.1518380006  61063.01
4985.19211325447  60932.96
4985.23238532946  61352.34
4985.27265422543  61354.89
4985.31291994224  61729.28
4985.35318247975  61802.35
4985.39344183782  61915.64
4985.43369801632  61290.92
4985.47395101511  60803.85
4985.51420083405  61454.79
4985.55444747299  61116.66
4985.5946909318  61228.07
4985.63493121035  61777.7
4985.67516830848  61600.71
4985.71540222608  61724.1
4985.75563296299  61507.08
4985.79586051907  61712.39
4985.8360848942  62078.05
4985.87630608822  61422.72
4985.91652410101  61519.39
4985.95673893242  61693.41
4985.99695058232  61507.63
4986.03715905056  61587.37
4986.07736433702  61794.2
4986.11756644154  61792.93
4986.157765364  60846.86
4986.19796110425  61405.97
4986.23815366216  61093.38
4986.27834303759  61734.64
4986.3185292304  61619.28
4986.35871224045  61993.62
4986.3988920676  61778.3
4986.43906871172  61867.67
4986.47924217267  61926.83
4986.51941245031  61838.03
4986.5595795445  61759.21
4986.59974345511  61488.46
4986.63990418199  62474.29
4986.68006172502  62097.39
4986.72021608404  61398.95
4986.76036725893  61397.48
4986.80051524954  61467.07
4986.84066005575  61557.71
4986.8808016774  61246.17
4986.92094011437  61616.57
4986.96107536651  61319.03
4987.00120743369  61348.56
4987.04133631577  61410.18
4987.08146201262  61858.5
4987.12158452409  61249.92
4987.16170385005  61200.59
4987.20181999036  61813.76
4987.24193294488  61893.44
4987.28204271348  61217.21
4987.32214929602  61806.41
4987.36225269236  62002.48
4987.40235290237  61471.09
4987.4424499259  61212.99
4987.48254376283  61583.12
4987.522634413  61577.68
4987.5627218763  61575.04
4987.60280615257  61543.1
4987.64288724168  62032.28
4987.6829651435  61547.75
4987.72303985789  61749.08
4987.76311138471  61800.4
4987.80317972382  61695.98
4987.8432448751  61220.47
4987.88330683839  62094.88
4987.92336561356  61419.23
4987.96342120048  61992.6
4988.00347359901  61568.08
4988.04352280902  61336.8
4988.08356883036  61860.79
4988.12361166291  61448.91
4988.16365130651  61216.3
4988.20368776105  61434.35
4988.24372102637  60836.64
4988.28375110235  60879.37
4988.32377798884  60936.14
4988.36380168572  60872.45
4988.40382219284  61179.66
4988.44383951007  61998.49
4988.48385363728  61494.18
4988.52386457431  61061.27
4988.56387232105  61279.06
4988.60387687735  61282.18
4988.64387824307  61110.41
4988.68387641809  60869.91
4988.72387140226  61107.95
4988.76386319545  61052.83
4988.80385179752  60950.47
4988.84383720834  61382.79
4988.88381942777  60928.87
4988.92379845567  61659.35
4988.96377429191  60983.62
4989.00374693635  61673.68
4989.04371638886  61084.18
4989.08368264929  61483.99
4989.12364571752  61211.23
4989.16360559341  62308.42
4989.20356227683  61465.23
4989.24351576763  61277.21
4989.28346606568  60893.98
4989.32341317084  61014.45
4989.36335708299  61657.95
4989.40329780198  60931.22
4989.44323532768  61504.37
4989.48316965995  61533.88
4989.52310079866  61602.13
4989.56302874367  61854.42
4989.60295349485  61913.52
4989.64287505206  61527.75
4989.68279341517  61299.36
4989.72270858403  61171.98
4989.76262055852  61383.46
4989.8025293385  60558.22
4989.84243492383  61125.47
4989.88233731438  60934.38
4989.92223651002  60593.41
4989.9621325106  60854.54
4990.002025316  60276.33
4990.04191492607  60419.12
4990.08180134069  60947.43
4990.12168455972  60716.38
4990.16156458302  60950.72
4990.20144141046  60711.23
4990.2413150419  60947.42
4990.28118547721  61129.14
4990.32105271625  60584.81
4990.36091675889  61225.73
4990.40077760499  61703.04
4990.44063525442  60513.93
4990.48048970705  60958.1
4990.52034096273  60953.56
4990.56018902134  60845.38
4990.60003388274  60542.89
4990.63987554679  61263.05
4990.67971401336  61135.05
4990.71954928232  61014.72
4990.75938135353  60576.93
4990.79921022685  61018.05
4990.83903590216  60431.88
4990.87885837932  60534.21
4990.91867765818  60716.37
4990.95849373863  60404.51
4990.99830662052  60986.97
4991.03811630372  61576.67
4991.0779227881  60858.41
4991.11772607352  61316.12
4991.15752615984  61435.14
4991.19732304694  60954.54
4991.23711673468  61345.45
4991.27690722291  61247.62
4991.31669451153  61053.04
4991.35647860037  61280.73
4991.39625948932  60593.43
4991.43603717824  60660.86
4991.47581166699  60907.68
4991.51558295544  60721.36
4991.55535104345  61421.02
4991.5951159309  60965.67
4991.63487761765  60894.52
4991.67463610356  60949.67
4991.71439138851  61109.11
4991.75414347234  61021.74
4991.79389235495  61340.05
4991.83363803618  61356.92
4991.8733805159  61112.73
4991.91311979399  61126.25
4991.95285587031  61454.77
4991.99258874472  61748.92
4992.0323184171  61372.43
4992.0720448873  61443.73
4992.11176815519  61086.32
4992.15148822065  61237.82
4992.19120508353  61199.19
4992.2309187437  61108.03
4992.27062920104  60945.22
4992.3103364554  60755.32
4992.35004050666  60950.19
4992.38974135468  61296.17
4992.42943899932  61311.84
4992.46913344046  61359.88
4992.50882467796  60753.15
4992.54851271169  60693.15
4992.58819754151  60597.26
4992.62787916729  60801.16
4992.6675575889  60785.43
4992.70723280621  60636.37
4992.74690481908  60543.03
4992.78657362738  60771.43
4992.82623923097  60701.
4992.86590162973  60397.57
4992.90556082351  60458.33
4992.9452168122  60376.82
4992.98486959565  60318.66
4993.02451917373  60273.7
4993.06416554631  60290.03
4993.10380871326  59968.34
4993.14344867444  60365.77
4993.18308542973  60805.62
4993.22271897897  60827.51
4993.26234932206  60670.71
4993.30197645885  60748.28
4993.34160038921  60967.29
4993.38122111301  60958.55
4993.42083863012  61058.9
4993.4604529404  60310.36
4993.50006404372  60764.5
4993.53967193995  60901.32
4993.57927662895  61096.14
4993.6188781106  61159.04
4993.65847638476  60624.45
4993.6980714513  60988.92
4993.73766331009  61060.79
4993.77725196099  61106.51
4993.81683740388  61054.81
4993.85641963861  61103.59
4993.89599866507  60924.4
4993.93557448311  61054.78
4993.9751470926  60989.05
4994.01471649342  60773.8
4994.05428268543  60789.54
4994.0938456685  60832.9
4994.13340544249  60492.74
4994.17296200728  61164.12
4994.21251536273  60862.86
4994.25206550871  60874.28
4994.29161244509  61319.39
4994.33115617174  61197.54
4994.37069668853  61476.45
4994.41023399532  60906.28
4994.44976809198  61334.48
4994.48929897838  61464.8
4994.52882665439  61283.35
4994.56835111988  60975.27
4994.60787237472  60980.19
4994.64739041877  60672.97
4994.6869052519  60933.21
4994.72641687399  61413.92
4994.76592528489  61443.64
4994.80543048449  60975.48
4994.84493247264  60497.38
4994.88443124922  61247.75
4994.92392681409  60633.35
4994.96341916713  61421.12
4995.0029083082  60584.29
4995.04239423717  60609.34
4995.08187695391  60995.98
4995.12135645829  60561.73
4995.16083275018  60226.1
4995.20030582945  61475.96
4995.23977569596  61249.09
4995.27924234959  60993.72
4995.3187057902  61431.63
4995.35816601766  60760.63
4995.39762303185  60999.36
4995.43707683262  61196.64
4995.47652741986  61149.49
4995.51597479343  61054.23
4995.55541895319  61366.16
4995.59485989902  61122.54
4995.6342976308  60528.32
4995.67373214837  61791.64
4995.71316345163  60986.01
4995.75259154043  60708.3
4995.79201641464  60331.84
4995.83143807414  60553.66
4995.87085651879  61010.39
4995.91027174846  61127.74
4995.94968376303  60919.21
4995.98909256236  61099.04
4996.02849814632  60389.72
4996.06790051478  60818.7
4996.10729966761  60989.91
4996.14669560469  61257.64
4996.18608832587  60535.75
4996.22547783104  60629.5
4996.26486412005  61065.74
4996.30424719279  60865.27
4996.34362704911  60829.36
4996.3830036889  61311.75
4996.42237711201  60714.17
4996.46174731832  60756.33
4996.50111430771  61695.47
4996.54047808003  60812.34
4996.57983863516  61231.42
4996.61919597297  60347.67
4996.65855009333  60265.35
4996.69790099611  60345.73
4996.73724868118  61032.99
4996.77659314841  60805.27
4996.81593439768  60669.16
4996.85527242884  60427.56
4996.89460724177  60988.45
4996.93393883634  60243.87
4996.97326721243  60753.32
4997.01259236989  60654.81
4997.05191430861  60757.01
4997.09123302845  60719.27
4997.13054852929  60305.18
4997.16986081099  61179.51
4997.20916987342  60341.93
4997.24847571646  60544.17
4997.28777833997  60407.14
4997.32707774383  60878.06
4997.3663739279  60628.82
4997.40566689207  60453.63
4997.44495663619  60964.88
4997.48424316014  60972.37
4997.52352646379  60756.19
4997.56280654701  60578.04
4997.60208340967  60835.99
4997.64135705164  60178.82
4997.6806274728  60219.55
4997.71989467301  60893.39
4997.75915865215  60897.13
4997.79841941008  60563.12
4997.83767694668  60411.41
4997.87693126181  60895.83
4997.91618235536  60598.43
4997.95543022719  60485.74
4997.99467487716  60791.82
4998.03391630517  60588.41
4998.07315451106  60511.95
4998.11238949472  60861.37
4998.15162125602  60406.73
4998.19084979482  61095.41
4998.230075111  60281.16
4998.26929720444  60580.07
4998.308516075  60481.95
4998.34773172254  61056.43
4998.38694414696  60432.33
4998.42615334811  60549.9
4998.46535932587  60341.87
4998.50456208011  60573.67
4998.5437616107  59968.92
4998.58295791751  60654.73
4998.62215100041  60438.79
4998.66134085929  60103.02
4998.70052749399  60798.75
4998.73971090441  60709.02
4998.77889109041  60039.66
4998.81806805187  59981.27
4998.85724178865  60544.23
4998.89641230063  60502.
4998.93557958767  60350.12
4998.97474364966  60606.02
4999.01390448645  60881.3
4999.05306209794  60185.14
4999.09221648398  60307.3
4999.13136764445  60200.39
4999.17051557922  60278.37
4999.20966028816  60797.51
4999.24880177115  60501.05
4999.28794002805  60316.12
4999.32707505875  60271.84
4999.36620686311  60983.43
4999.405335441  60867.01
4999.4444607923  59939.38
4999.48358291687  59848.02
4999.5227018146  60616.48
4999.56181748535  60983.36
4999.600929929  60323.75
4999.64003914542  60162.18
4999.67914513448  59723.05
4999.71824789605  60187.9
4999.75734743001  59948.81
4999.79644373622  60448.35
4999.83553681457  60610.66
4999.87462666492  59959.31
4999.91371328716  60007.75
4999.95279668113  60366.87
4999.99187684674  60281.59
5000.03095378383  60615.35
5000.0700274923  59648.45
5000.109097972  60056.53
5000.14816522282  60280.14
5000.18722924463  60119.99
5000.22629003729  60486.78
5000.26534760069  60058.63
5000.30440193469  60009.12
5000.34345303918  59955.88
5000.38250091401  59958.05
5000.42154555907  59613.82
5000.46058697423  59959.27
5000.49962515936  60249.83
5000.53866011433  59706.31
5000.57769183902  60530.97
5000.6167203333  60883.93
5000.65574559704  60093.2
5000.69476763012  59902.87
5000.73378643242  59387.74
5000.7728020038  59079.23
5000.81181434413  59548.94
5000.8508234533  59569.81
5000.88982933116  58915.63
5000.92883197761  58969.99
5000.96783139251  59863.89
5001.00682757574  59171.33
5001.04582052716  59288.41
5001.08481024666  58833.1
5001.1237967341  58650.06
5001.16277998936  58648.77
5001.20176001232  59077.76
5001.24073680284  57824.13
5001.27971036081  57617.42
5001.31868068609  58631.87
5001.35764777856  57809.71
5001.39661163809  58141.62
5001.43557226455  58182.6
5001.47452965783  58485.25
5001.51348381779  58025.27
5001.55243474431  58151.14
5001.59138243727  58409.
5001.63032689653  58600.84
5001.66926812197  59117.73
5001.70820611346  58614.59
5001.74714087089  59521.28
5001.78607239412  60406.78
5001.82500068302  60062.26
5001.86392573748  59955.06
5001.90284755736  60310.06
5001.94176614255  60772.77
5001.9806814929  60889.36
5002.01959360831  60543.37
5002.05850248864  60181.18
5002.09740813377  60178.45
5002.13631054358  60492.6
5002.17520971792  60566.32
5002.21410565669  60080.72
5002.25299835976  60522.15
5002.291887827  60023.49
5002.33077405828  60685.38
5002.36965705349  60303.86
5002.40853681248  60385.74
5002.44741333515  60494.98
5002.48628662136  60098.43
5002.52515667099  59833.34
5002.56402348392  60062.3
5002.60288706001  60308.16
5002.64174739915  59860.97
5002.6806045012  60164.04
5002.71945836605  60419.86
5002.75830899357  60256.34
5002.79715638363  60404.34
5002.83600053611  60350.33
5002.87484145089  60462.8
5002.91367912783  60230.66
5002.95251356682  60396.54
5002.99134476772  60233.96
5003.03017273043  59934.34
5003.06899745479  60509.67
5003.10781894071  60252.87
5003.14663718805  60531.74
5003.18545219668  60374.45
5003.22426396648  60361.09
5003.26307249732  59935.93
5003.30187778909  60219.54
5003.34067984166  60249.8
5003.3794786549  59502.25
5003.41827422869  59961.86
5003.4570665629  60107.61
5003.49585565741  59999.82
5003.53464151209  59745.7
5003.57342412683  59927.33
5003.61220350149  60258.55
5003.65097963595  59912.81
5003.6897525301  59451.39
5003.72852218379  59129.34
5003.76728859692  60257.93
5003.80605176934  59665.21
5003.84481170095  59746.48
5003.88356839162  59659.47
5003.92232184122  59603.56
5003.96107204963  59864.53
5003.99981901672  60099.96
5004.03856274238  60333.54
5004.07730322647  60516.67
5004.11604046887  60581.95
5004.15477446947  60092.97
5004.19350522812  60370.84
5004.23223274472  60406.78
5004.27095701914  60280.31
5004.30967805125  60599.97
5004.34839584093  60606.2
5004.38711038806  59452.98
5004.42582169251  60117.89
5004.46452975416  59974.75
5004.50323457288  60832.65
5004.54193614856  60386.14
5004.58063448106  60984.02
5004.61932957027  60833.01
5004.65802141606  60312.45
5004.69671001831  60865.61
5004.73539537689  59900.96
5004.77407749169  60066.16
5004.81275636257  60276.68
5004.85143198942  59289.74
5004.8901043721  60125.89
5004.92877351051  60743.54
5004.96743940451  60180.09
5005.00610205398  59347.8
5005.0447614588  60258.45
5005.08341761885  59554.98
5005.12207053399  60637.66
5005.16072020412  60036.19
5005.1993666291  59735.91
5005.23800980882  60040.77
5005.27664974314  59350.38
5005.31528643196  60223.58
5005.35391987513  59213.02
5005.39255007255  59591.88
5005.43117702409  58920.67
5005.46980072962  59272.98
5005.50842118902  59303.7
5005.54703840218  59724.89
5005.58565236896  58871.79
5005.62426308925  59659.46
5005.66287056292  59485.74
5005.70147478984  59684.64
5005.74007576991  58701.47
5005.77867350299  59309.27
5005.81726798896  59917.56
5005.8558592277  59336.25
5005.89444721909  59394.03
5005.933031963  59926.29
5005.97161345931  59697.89
5006.0101917079  60712.59
5006.04876670865  59808.26
5006.08733846143  60643.61
5006.12590696613  60019.09
5006.16447222262  59924.7
5006.20303423077  60013.65
5006.24159299048  60018.89
5006.2801485016  61201.73
5006.31870076403  60672.35
5006.35724977763  59466.16
5006.39579554229  59916.83
5006.43433805789  59883.34
5006.4728773243  60044.35
5006.51141334141  59745.91
5006.54994610908  59737.88
5006.5884756272  59859.86
5006.62700189565  59726.91
5006.66552491429  59628.55
5006.70404468303  59772.43
5006.74256120172  59482.75
5006.78107447025  59381.79
5006.8195844885  60035.44
5006.85809125634  59382.26
5006.89659477365  60311.36
5006.93509504032  59850.43
5006.97359205622  59423.75
5007.01208582122  59797.11
5007.05057633522  59636.32
5007.08906359808  59998.27
5007.12754760968  60629.36
5007.1660283699  59302.8
5007.20450587863  59985.79
5007.24298013574  60064.57
5007.2814511411  60628.96
5007.3199188946  60364.05
5007.35838339612  60232.7
5007.39684464554  60601.14
5007.43530264272  60096.11
5007.47375738756  59745.43
5007.51220887993  60234.
5007.55065711971  60058.68
5007.58910210678  60514.76
5007.62754384102  60195.29
5007.6659823223  59775.46
5007.70441755051  59729.84
5007.74284952552  60240.44
5007.78127824722  60292.35
5007.81970371548  59720.77
5007.85812593019  59108.59
5007.89654489121  59314.65
5007.93496059844  60195.29
5007.97337305174  60076.31
5008.01178225101  59791.79
5008.05018819611  59664.43
5008.08859088693  60289.66
5008.12699032334  60044.01
5008.16538650524  60096.86
5008.20377943249  60405.13
5008.24216910497  60341.68
5008.28055552257  59759.84
5008.31893868516  60276.33
5008.35731859263  59263.46
5008.39569524485  59789.05
5008.4340686417  61233.26
5008.47243878306  59922.29
5008.51080566882  59759.64
5008.54916929885  60034.9
5008.58752967303  60002.11
