5649.52285118082  63299.71
5649.57511702551  62468.8
5649.62737953718  63454.93
5649.67963871564  63786.37
5649.73189456066  63253.39
5649.78414707203  63926.93
5649.83639624953  63427.04
5649.88864209294  63369.66
5649.94088460204  62450.29
5649.99312377663  63217.93
5650.04535961647  63452.26
5650.09759212135  63772.99
5650.14982129107  63299.35
5650.20204712539  63665.2
5650.25426962411  64041.61
5650.30648878699  63848.18
5650.35870461385  63232.94
5650.41091710444  63453.82
5650.46312625855  63610.51
5650.51533207598  63444.23
5650.5675345565  63626.5
5650.61973369989  63884.78
5650.67192950594  63447.33
5650.72412197443  63267.68
5650.77631110515  63425.57
5650.82849689788  63436.68
5650.8806793524  62757.22
5650.93285846849  63317.65
5650.98503424595  63825.03
5651.03720668454  63254.43
5651.08937578407  63787.48
5651.1415415443  62903.98
5651.19370396503  63707.2
5651.24586304603  63535.97
5651.2980187871  62694.02
5651.35017118801  62724.36
5651.40232024855  63592.58
5651.4544659685  63341.27
5651.50660834765  62994.38
5651.55874738578  62885.23
5651.61088308267  63370.77
5651.66301543811  63470.55
5651.71514445189  63679.45
5651.76727012378  63613.05
5651.81939245357  63688.63
5651.87151144105  63179.21
5651.92362708599  63081.5
5651.97573938819  62898.87
5652.02784834743  63499.95
5652.07995396348  63280.
5652.13205623615  62963.15
5652.1841551652  63636.56
5652.23625075043  63471.63
5652.28834299161  63509.5
5652.34043188855  62643.81
5652.392517441  63515.69
5652.44459964877  63148.39
5652.49667851164  63656.43
5652.54875402939  63349.48
5652.6008262018  63702.9
5652.65289502867  63129.96
5652.70496050977  63729.58
5652.75702264489  63976.31
5652.80908143382  63664.62
5652.86113687633  63985.79
5652.91318897222  63056.44
5652.96523772127  63396.9
5653.01728312326  63461.7
5653.06932517799  63317.79
5653.12136388522  63527.25
5653.17339924476  63145.57
5653.22543125638  63359.66
5653.27745991987  63216.32
5653.32948523501  64049.68
5653.38150720159  62993.8
5653.4335258194  63143.13
5653.48554108821  62851.75
5653.53755300782  63520.28
5653.58956157801  63273.82
5653.64156679857  63354.93
5653.69356866927  63368.7
5653.74556718991  63086.75
5653.79756236028  62750.9
5653.84955418015  63242.25
5653.90154264931  63271.49
5653.95352776755  63702.56
5654.00550953466  63347.39
5654.05748795041  63452.47
5654.1094630146  63929.23
5654.16143472701  62831.7
5654.21340308742  62570.04
5654.26536809562  62604.11
5654.31732975141  63692.79
5654.36928805455  63277.41
5654.42124300485  63486.5
5654.47319460207  63162.43
5654.52514284602  63580.43
5654.57708773648  63332.74
5654.62902927322  63426.23
5654.68096745605  63534.13
5654.73290228474  63538.59
5654.78483375908  63349.79
5654.83676187886  63033.04
5654.88868664386  62919.36
5654.94060805386  63209.52
5654.99252610866  62994.81
5655.04444080805  63355.01
5655.0963521518  63582.82
5655.1482601397  62669.01
5655.20016477154  63453.57
5655.25206604712  63839.46
5655.3039639662  63885.85
5655.35585852858  63796.86
5655.40774973405  63804.97
5655.45963758239  63821.23
5655.51152207338  63761.83
5655.56340320683  62998.18
5655.6152809825  63355.07
5655.66715540019  62422.26
5655.71902645969  63682.6
5655.77089416078  63194.57
5655.82275850324  63329.37
5655.87461948688  63430.53
5655.92647711146  62935.65
5655.97833137678  63517.05
5656.03018228263  63612.68
5656.08202982879  63379.5
5656.13387401505  63775.35
5656.1857148412  63812.05
5656.23755230701  63246.77
5656.28938641229  63358.73
5656.34121715682  62958.63
5656.39304454038  63942.49
5656.44486856276  63227.63
5656.49668922375  63297.97
5656.54850652314  63210.86
5656.60032046071  63812.75
5656.65213103625  63697.03
5656.70393824955  63575.14
5656.75574210039  64230.87
5656.80754258857  63441.36
5656.85933971387  63670.39
5656.91113347607  63838.15
5656.96292387497  63789.19
5657.01471091035  63120.12
5657.066494582  63075.36
5657.1182748897  62517.5
5657.17005183326  63377.38
5657.22182541244  62983.28
5657.27359562705  63005.93
5657.32536247686  63054.11
5657.37712596167  62868.35
5657.42888608126  62777.01
5657.48064283543  63004.66
5657.53239622395  62808.29
5657.58414624662  63160.08
5657.63589290323  63030.52
5657.68763619356  63184.32
5657.73937611739  62601.63
5657.79111267453  62917.64
5657.84284586476  63484.59
5657.89457568786  63330.53
5657.94630214362  62804.5
5657.99802523184  63329.84
5658.04974495229  63521.73
5658.10146130478  62836.34
5658.15317428907  62778.81
5658.20488390498  63652.42
5658.25659015227  63248.27
5658.30829303075  63069.85
5658.3599925402  63442.34
5658.4116886804  63389.64
5658.46338145115  63312.92
5658.51507085224  62925.59
5658.56675688344  63587.03
5658.61843954456  63093.27
5658.67011883539  63581.09
5658.7217947557  63322.45
5658.77346730529  63495.27
5658.82513648394  63691.18
5658.87680229145  63275.3
5658.9284647276  63480.68
5658.98012379219  63149.73
5659.031779485  63489.47
5659.08343180582  63284.77
5659.13508075443  63002.69
5659.18672633064  62983.64
5659.23836853423  63425.25
5659.29000736498  63578.43
5659.34164282268  63077.98
5659.39327490713  63392.26
5659.44490361812  63518.43
5659.49652895543  63312.9
5659.54815091884  63606.83
5659.59976950817  62909.43
5659.65138472318  63255.45
5659.70299656367  62970.93
5659.75460502943  63036.9
5659.80621012024  62929.77
5659.85781183591  63317.38
5659.90941017621  62977.22
5659.96100514094  63318.48
5660.01259672989  63659.68
5660.06418494284  63284.7
5660.11576977959  63766.45
5660.16735123992  63232.16
5660.21892932362  62424.88
5660.27050403049  63480.61
5660.32207536031  63151.4
5660.37364331288  63139.77
5660.42520788798  63621.39
5660.47676908541  62887.02
5660.52832690494  63404.75
5660.57988134638  63201.
5660.63143240951  63107.34
5660.68298009413  63350.16
5660.73452440001  62801.21
5660.78606532696  63038.77
5660.83760287476  62627.96
5660.88913704321  63792.03
5660.94066783209  63174.89
5660.99219524119  63485.53
5661.0437192703  63955.11
5661.09523991922  63668.4
5661.14675718772  63277.67
5661.19827107562  63204.09
5661.24978158268  63274.18
5661.30128870872  63726.27
5661.3527924535  63474.13
5661.40429281684  63284.43
5661.4557897985  63730.43
5661.5072833983  63496.43
5661.55877361601  62926.24
5661.61026045143  63484.86
5661.66174390434  63575.09
5661.71322397455  62985.57
5661.76470066183  63300.78
5661.81617396598  63116.54
5661.86764388679  63244.42
5661.91911042406  63487.81
5661.97057357757  62869.78
5662.0220333471  62750.93
5662.07348973247  62662.19
5662.12494273344  63048.56
5662.17639234983  62765.67
5662.22783858141  62920.48
5662.27928142797  63121.4
5662.33072088932  62741.2
5662.38215696523  62997.76
5662.43358965551  63001.82
5662.48501895993  63379.8
5662.5364448783  63314.91
5662.58786741041  63398.48
5662.63928655604  63531.23
5662.69070231498  63316.32
5662.74211468703  63321.69
5662.79352367199  63431.41
5662.84492926963  63385.18
5662.89633147976  62900.27
5662.94773030215  63461.44
5662.99912573662  63793.84
5663.05051778294  62993.69
5663.1019064409  63452.96
5663.15329171031  63162.61
5663.20467359095  63216.51
5663.25605208261  63348.66
5663.30742718509  63529.34
5663.35879889817  62731.93
5663.41016722164  62815.69
5663.46153215531  63086.25
5663.51289369896  63166.36
5663.56425185239  63475.51
5663.61560661538  63133.6
5663.66695798772  63229.79
5663.71830596922  62919.7
5663.76965055965  63537.87
5663.82099175882  62723.23
5663.87232956651  63445.95
5663.92366398253  63255.31
5663.97499500665  63202.58
5664.02632263867  63257.42
5664.07764687838  63278.16
5664.12896772558  63335.25
5664.18028518006  62623.69
5664.23159924161  63407.14
5664.28290991002  63056.41
5664.33421718509  63652.3
5664.3855210666  63470.29
5664.43682155436  63388.45
5664.48811864814  63727.57
5664.53941234775  63473.19
5664.59070265298  63300.54
5664.64198956362  63090.6
5664.69327307946  63324.22
5664.7445532003  63240.55
5664.79582992592  63189.13
5664.84710325613  63445.44
5664.89837319071  63098.84
5664.94963972945  63154.44
5665.00090287215  63359.24
5665.05216261861  62993.03
5665.10341896861  63239.43
5665.15467192194  63142.22
5665.20592147841  63442.12
5665.2571676378  63131.47
5665.3084103999  62673.45
5665.35964976452  62929.56
5665.41088573143  63452.06
5665.46211830045  63369.8
5665.51334747135  63118.23
5665.56457324393  63143.24
5665.61579561799  63610.43
5665.66701459332  63059.48
5665.7182301697  62850.95
5665.76944234695  63045.14
5665.82065112484  63165.92
5665.87185650317  62931.6
5665.92305848174  62962.93
5665.97425706034  63351.49
5666.02545223875  63231.72
5666.07664401679  62858.48
5666.12783239423  63029.48
5666.17901737088  62907.04
5666.23019894652  62972.54
5666.28137712095  62839.75
5666.33255189397  62871.89
5666.38372326536  62770.96
5666.43489123492  62659.39
5666.48605580245  62857.16
5666.53721696774  62599.32
5666.58837473058  63286.93
5666.63952909077  62490.55
5666.69068004809  62654.52
5666.74182760235  62550.05
5666.79297175334  62514.92
5666.84411250085  62693.28
5666.89524984468  62841.79
5666.94638378462  62855.41
5666.99751432046  62681.65
5667.048641452  63108.66
5667.09976517904  62901.29
5667.15088550136  62426.54
5667.20200241876  62997.59
5667.25311593104  62779.86
5667.30422603799  62931.92
5667.35533273941  63402.4
5667.40643603508  63099.09
5667.45753592481  63119.12
5667.50863240838  62927.74
5667.5597254856  63362.71
5667.61081515625  63131.67
5667.66190142014  63278.55
5667.71298427705  62697.31
5667.76406372678  62939.16
5667.81513976913  62890.55
5667.86621240388  62595.33
5667.91728163085  63015.96
5667.96834744981  62671.75
5668.01940986056  63052.13
5668.07046886291  62578.46
5668.12152445664  63066.4
5668.17257664155  62478.24
5668.22362541743  62021.91
5668.27467078408  62531.95
5668.3257127413  62016.45
5668.37675128887  62432.79
5668.4277864266  62092.32
5668.47881815428  61952.43
5668.5298464717  62563.65
5668.58087137867  62349.36
5668.63189287496  62529.13
5668.68291096039  62203.4
5668.73392563474  62368.54
5668.78493689782  62555.35
5668.83594474941  62412.57
5668.88694918931  62661.69
5668.93795021732  62859.94
5668.98894783323  62503.92
5669.03994203684  62717.48
5669.09093282794  62740.92
5669.14192020633  62811.85
5669.19290417181  62436.38
5669.24388472416  62573.95
5669.2948618632  63004.68
5669.3458355887  62720.16
5669.39680590047  62986.73
5669.44777279831  63114.54
5669.498736282  62795.51
5669.54969635135  62862.16
5669.60065300615  62531.9
5669.65160624619  62586.98
5669.70255607128  62901.64
5669.75350248121  62914.28
5669.80444547577  62563.92
5669.85538505476  63303.54
5669.90632121798  62775.51
5669.95725396522  62846.28
5670.00818329628  63185.05
5670.05910921095  62959.44
5670.11003170904  63280.41
5670.16095079033  63255.29
5670.21186645463  62916.06
5670.26277870173  63031.03
5670.31368753142  62898.45
5670.36459294351  62840.45
5670.41549493779  62989.73
5670.46639351405  62856.77
5670.51728867209  62848.26
5670.56818041172  62628.52
5670.61906873271  63393.5
5670.66995363489  63235.76
5670.72083511802  62964.03
5670.77171318193  62570.82
5670.82258782639  62704.35
5670.87345905122  62705.46
5670.9243268562  63078.56
5670.97519124113  62700.39
5671.02605220581  62696.57
5671.07690975004  62927.92
5671.12776387361  62863.17
5671.17861457632  62619.46
5671.22946185797  62966.98
5671.28030571835  63034.96
5671.33114615726  62557.55
5671.38198317449  62937.5
5671.43281676986  63116.33
5671.48364694314  62570.57
5671.53447369415  62545.39
5671.58529702267  63072.07
5671.6361169285  62770.51
5671.68693341145  62974.87
5671.7377464713  63108.31
5671.78855610786  63159.44
5671.83936232092  62753.81
5671.89016511029  62885.31
5671.94096447575  62874.32
5671.9917604171  62891.35
5672.04255293415  62305.51
5672.09334202669  63210.32
5672.14412769452  62924.6
5672.19490993743  63514.46
5672.24568875522  62946.62
5672.2964641477  62894.77
5672.34723611466  62884.08
5672.39800465589  62956.91
5672.44876977119  63420.36
5672.49953146037  63066.56
5672.55028972322  62950.74
5672.60104455953  63139.78
5672.65179596911  62771.66
5672.70254395176  62900.78
5672.75328850726  63388.66
5672.80402963543  62942.19
5672.85476733605  62681.96
5672.90550160893  62512.
5672.95623245386  63034.09
5673.00695987065  62854.04
5673.05768385908  62964.19
5673.10840441896  62838.92
5673.15912155009  62630.36
5673.20983525227  62993.04
5673.26054552529  63179.93
5673.31125236895  63295.77
5673.36195578305  62703.82
5673.41265576739  63292.6
5673.46335232176  62882.11
5673.51404544597  62736.08
5673.56473513982  62597.77
5673.61542140309  63361.16
5673.6661042356  62670.04
5673.71678363714  62979.25
5673.76745960751  63016.3
5673.81813214651  62815.42
5673.86880125393  63033.39
5673.91946692957  63182.08
5673.97012917324  63028.7
5674.02078798473  62932.62
5674.07144336385  62895.08
5674.12209531038  62903.45
5674.17274382413  62898.55
5674.2233889049  62988.15
5674.27403055249  63206.89
5674.32466876669  62976.84
5674.37530354732  62942.89
5674.42593489415  62715.66
5674.47656280699  62890.26
5674.52718728566  63067.98
5674.57780832993  62813.2
5674.62842593961  62987.15
5674.67904011451  62733.84
5674.72965085441  62330.21
5674.78025815912  62875.98
5674.83086202844  62667.01
5674.88146246217  62673.63
5674.93205946011  62781.79
5674.98265302205  62849.97
5675.03324314781  62694.84
5675.08382983716  62847.45
5675.13441308993  62743.03
5675.18499290589  63170.1
5675.23556928487  62971.27
5675.28614222664  63165.
5675.33671173103  62853.61
5675.38727779781  63030.68
5675.4378404268  63033.66
5675.4883996178  62676.07
5675.53895537059  62772.68
5675.589507685  63035.75
5675.6400565608  62815.27
5675.69060199781  62663.69
5675.74114399582  62251.86
5675.79168255463  62910.18
5675.84221767405  62628.13
5675.89274935388  63371.98
5675.9432775939  62899.76
5675.99380239393  62785.44
5676.04432375377  63653.73
5676.09484167321  62793.6
5676.14535615205  63170.41
5676.1958671901  62801.37
5676.24637478715  62641.23
5676.29687894302  62560.02
5676.34737965748  62485.87
5676.39787693035  62959.62
5676.44837076144  63154.12
5676.49886115052  62730.95
5676.54934809742  62591.46
5676.59983160193  62681.11
5676.65031166384  63184.95
5676.70078828296  63033.13
5676.7512614591  62315.45
5676.80173119205  62876.37
5676.85219748161  62958.77
5676.90266032758  62504.1
5676.95311972977  62661.28
5677.00357568797  62368.05
5677.05402820199  63050.45
5677.10447727162  63335.22
5677.15492289667  63097.04
5677.20536507694  63303.46
5677.25580381223  63054.98
5677.30623910234  62943.84
5677.35667094707  62784.17
5677.40709934622  62803.75
5677.4575242996  62677.66
5677.50794580701  62944.75
5677.55836386824  62823.1
5677.60877848309  62655.29
5677.65918965138  62593.34
5677.7095973729  62828.69
5677.76000164745  62753.88
5677.81040247483  62786.08
5677.86079985485  63237.3
5677.9111937873  62561.62
5677.96158427199  62771.26
5678.01197130872  63118.96
5678.06235489729  62891.77
5678.1127350375  62840.96
5678.16311172916  62835.02
5678.21348497206  62986.2
5678.26385476601  62815.07
5678.31422111081  62736.75
5678.36458400626  62635.2
5678.41494345216  62656.97
5678.46529944832  62177.91
5678.51565199453  62059.78
5678.56600109061  62567.1
5678.61634673634  62189.38
5678.66668893153  62870.
5678.71702767599  62516.91
5678.76736296952  63217.8
5678.81769481191  62778.5
5678.86802320297  62559.38
5678.91834814251  62697.21
5678.96866963032  62882.62
5679.01898766621  62768.58
5679.06930224998  62591.44
5679.11961338143  62672.01
5679.16992106036  63070.66
5679.22022528659  63012.49
5679.2705260599  62889.42
5679.3208233801  62472.63
5679.37111724699  62923.23
5679.42140766038  62698.97
5679.47169462007  62214.04
5679.52197812586  62435.82
5679.57225817756  62453.04
5679.62253477496  63030.45
5679.67280791787  62903.01
5679.72307760609  62691.94
5679.77334383943  62726.9
5679.82360661768  63169.8
5679.87386594066  62608.93
5679.92412180815  62606.02
5679.97437421998  62639.03
5680.02462317593  62532.24
5680.07486867581  62824.08
5680.12511071943  62547.69
5680.17534930659  62986.95
5680.22558443709  62657.5
5680.27581611073  62709.21
5680.32604432732  63360.99
5680.37626908666  62633.75
5680.42649038855  62736.73
5680.4767082328  62889.15
5680.5269226192  62810.
5680.57713354758  62639.02
5680.62734101772  62859.59
5680.67754502942  62947.77
5680.72774558251  62739.43
5680.77794267676  63030.91
5680.828136312  62510.57
5680.87832648802  62227.4
5680.92851320463  62452.14
5680.97869646163  62741.2
5681.02887625882  62398.15
5681.07905259601  62501.33
5681.12922547301  62644.36
5681.1793948896  63054.82
5681.22956084561  63142.07
5681.27972334083  63170.1
5681.32988237507  63240.62
5681.38003794812  62787.5
5681.4301900598  62932.73
5681.48033870991  62832.21
5681.53048389825  62912.79
5681.58062562463  62523.43
5681.63076388885  63227.76
5681.68089869071  62839.7
5681.73103003001  62471.45
5681.78115790658  62714.6
5681.83128232019  62435.06
5681.88140327067  62448.92
5681.93152075781  62289.02
5681.98163478142  62507.69
5682.03174534131  62573.28
5682.08185243727  62618.48
5682.13195606911  62224.17
5682.18205623665  62052.08
5682.23215293967  61842.45
5682.28224617798  61955.58
5682.3323359514  62573.88
5682.38242225972  62769.23
5682.43250510275  62523.29
5682.48258448029  62538.7
5682.53266039215  62672.15
5682.58273283813  62590.15
5682.63280181804  62902.43
5682.68286733168  62404.01
5682.73292937886  62915.04
5682.78298795938  62417.79
5682.83304307304  62574.39
5682.88309471966  62630.56
5682.93314289903  62872.91
5682.98318761096  63382.76
5683.03322885526  63156.64
5683.08326663174  63116.24
5683.13330094018  62477.66
5683.18333178041  62985.89
5683.23335915222  62820.4
5683.28338305543  63161.38
5683.33340348983  63078.33
5683.38342045523  62781.16
5683.43343395144  62822.12
5683.48344397826  62988.9
5683.5334505355  63011.25
5683.58345362296  62701.72
5683.63345324045  62824.24
5683.68344938777  62674.46
5683.73344206474  62269.48
5683.78343127114  62636.23
5683.8334170068  62607.53
5683.88339927151  62870.86
5683.93337806508  62484.14
5683.98335338732  62894.97
5684.03332523804  63077.3
5684.08329361702  63152.66
5684.1332585241  63136.97
5684.18321995906  63068.03
5684.23317792172  63339.76
5684.28313241188  63085.05
5684.33308342934  63015.98
5684.38303097392  63289.53
5684.43297504542  63088.11
5684.48291564364  63382.14
5684.53285276839  62803.11
5684.58278641948  62798.65
5684.63271659671  63190.
5684.68264329989  62726.49
5684.73256652882  63054.75
5684.78248628332  63059.7
5684.83240256318  63069.52
5684.88231536821  62962.17
5684.93222469823  63071.11
5684.98213055303  62804.13
5685.03203293242  62981.97
5685.08193183622  62556.05
5685.13182726421  63217.12
5685.18171921622  62449.67
5685.23160769205  63050.31
5685.2814926915  62892.93
5685.33137421438  62629.68
5685.3812522605  62854.59
5685.43112682966  62521.88
5685.48099792168  62468.21
5685.53086553635  63188.34
5685.58072967348  62434.32
5685.63059033289  62927.03
5685.68044751437  62764.93
5685.73030121774  62833.
5685.7801514428  62895.84
5685.82999818936  63123.97
5685.87984145722  62913.82
5685.9296812462  63125.08
5685.97951755609  62704.35
5686.02935038671  62568.34
5686.07917973786  63013.6
5686.12900560935  63031.92
5686.17882800099  62672.09
5686.22864691258  62313.02
5686.27846234394  62933.36
5686.32827429486  62792.07
5686.37808276516  63410.04
5686.42788775464  63349.65
5686.47768926312  63147.82
5686.52748729038  63196.14
5686.57728183626  62802.94
5686.62707290055  63165.85
5686.67686048306  62785.55
5686.72664458359  63107.55
5686.77642520197  63011.61
5686.82620233798  62832.09
5686.87597599145  63083.02
5686.92574616217  63165.07
5686.97551284996  62675.89
5687.02527605462  63134.56
5687.07503577596  63166.21
5687.12479201379  63457.82
5687.17454476792  63268.46
5687.22429403815  63005.86
5687.27403982429  62915.25
5687.32378212615  62988.78
5687.37352094354  62574.03
5687.42325627627  62265.47
5687.47298812414  62095.05
5687.52271648697  62235.66
5687.57244136455  62022.67
5687.6221627567  61977.29
5687.67188066323  62413.69
5687.72159508394  62638.33
5687.77130601865  62503.51
5687.82101346715  62345.54
5687.87071742927  62301.78
5687.9204179048  62429.39
5687.97011489356  62381.64
5688.01980839535  62582.96
5688.06949840999  62771.79
5688.11918493727  62691.29
5688.16886797702  62944.2
5688.21854752903  62598.64
5688.26822359312  62813.01
5688.3178961691  63239.48
5688.36756525677  63176.09
5688.41723085594  63246.98
5688.46689296642  62937.25
5688.51655158802  63241.2
5688.56620672056  62873.46
5688.61585836382  62853.7
5688.66550651764  62889.07
5688.71515118181  62526.18
5688.76479235614  62274.
5688.81443004045  62591.88
5688.86406423453  63212.24
5688.91369493821  62869.26
5688.96332215129  62819.78
5689.01294587358  62991.66
5689.06256610488  63022.86
5689.11218284501  62627.25
5689.16179609378  63143.6
5689.211405851  62979.52
5689.26101211647  63341.13
5689.31061489  62946.26
5689.3602141714  62920.77
5689.40980996049  62879.52
5689.45940225707  63046.64
5689.50899106095  63004.1
5689.55857637194  62747.31
5689.60815818985  62388.23
5689.65773651449  62563.13
5689.70731134568  62393.77
5689.75688268321  62666.62
5689.80645052689  63160.24
5689.85601487655  62873.9
5689.90557573198  62965.77
5689.955133093  62907.82
5690.00468695942  63292.79
5690.05423733105  62808.05
5690.10378420769  62860.86
5690.15332758916  62893.44
5690.20286747526  62573.41
5690.25240386581  62635.5
5690.30193676062  62278.96
5690.35146615949  62310.64
5690.40099206224  62587.29
5690.45051446868  62629.57
5690.50003337861  62445.29
5690.54954879185  62253.88
5690.5990607082  62722.18
5690.64856912749  62427.16
5690.6980740495  62579.88
5690.74757547407  62841.97
5690.79707340099  62432.02
5690.84656783009  62993.15
5690.89605876116  63038.93
5690.94554619402  63067.68
5690.99503012847  62519.8
5691.04451056434  62649.32
5691.09398750143  63068.79
5691.14346093955  62897.03
5691.19293087851  63221.8
5691.24239731812  63009.81
5691.29186025819  63012.23
5691.34131969854  62819.58
5691.39077563897  62983.32
5691.44022807929  62640.86
5691.48967701932  62842.34
5691.53912245887  62724.13
5691.58856439774  62434.31
5691.63800283575  62596.91
5691.68743777271  62958.57
5691.73686920842  63349.68
5691.78629714271  62670.06
5691.83572157538  62834.84
5691.88514250625  62480.64
5691.93455993511  62856.25
5691.98397386179  63049.3
5692.0333842861  62768.34
5692.08279120784  63143.73
5692.13219462683  62761.52
5692.18159454288  63168.17
5692.23099095581  62896.55
5692.28038386541  62980.7
5692.32977327151  62481.05
5692.37915917391  62428.68
5692.42854157243  62706.3
5692.47792046687  62776.76
5692.52729585706  62831.33
5692.5766677428  62741.38
5692.62603612389  63023.7
5692.67540100016  62679.89
5692.72476237142  62819.45
5692.77412023748  63005.55
5692.82347459814  62848.23
5692.87282545322  62944.73
5692.92217280254  62744.16
5692.9715166459  62886.55
5693.02085698311  62968.23
5693.07019381399  62555.23
5693.11952713835  62526.46
5693.16885695601  62870.15
5693.21818326677  63026.76
5693.26750607044  63142.83
5693.31682536684  63117.96
5693.36614115578  63221.54
5693.41545343707  62720.36
5693.46476221052  63109.52
5693.51406747595  63014.57
5693.56336923317  62844.73
5693.61266748199  63044.23
5693.66196222222  63102.18
5693.71125345368  62847.79
5693.76054117617  63318.5
5693.80982538952  63280.27
5693.85910609352  63419.49
5693.908383288  63284.77
5693.95765697277  63138.56
5694.00692714763  63239.03
5694.05619381241  63148.31
5694.10545696691  62611.91
5694.15471661095  63322.59
5694.20397274434  63170.95
5694.25322536689  63539.88
5694.30247447842  63091.55
5694.35172007873  62734.1
5694.40096216765  62860.5
5694.45020074498  62964.85
5694.49943581053  63091.74
5694.54866736413  62881.23
5694.59789540557  62949.26
5694.64711993469  63341.75
5694.69634095128  63240.14
5694.74555845516  63339.52
5694.79477244614  62971.9
5694.84398292405  63510.79
5694.89318988868  62381.07
5694.94239333985  62813.39
5694.99159327739  63297.35
5695.04078970109  63321.3
5695.08998261078  62786.09
5695.13917200626  63015.31
5695.18835788735  63400.73
5695.23754025387  63148.45
5695.28671910562  63277.63
5695.33589444242  63122.46
5695.38506626409  63172.91
5695.43423457043  63291.66
5695.48339936126  62978.11
5695.5325606364  63253.38
5695.58171839565  63139.04
5695.63087263884  62395.14
5695.68002336577  63030.23
5695.72917057625  62728.17
5695.77831427012  62696.65
5695.82745444716  63116.07
5695.87659110721  63420.32
5695.92572425007  63024.16
5695.97485387556  62635.99
5696.02397998349  63367.58
5696.07310257368  63105.38
5696.12222164593  62542.2
5696.17133720007  62985.89
5696.22044923591  63197.65
5696.26955775325  62920.42
5696.31866275193  62861.99
5696.36776423174  62928.46
5696.41686219251  63023.63
5696.46595663404  63242.3
5696.51504755616  63132.68
5696.56413495868  63475.38
5696.6132188414  63300.14
5696.66229920415  63275.94
5696.71137604674  63274.93
5696.76044936899  63158.34
5696.8095191707  62984.13
5696.8585854517  62903.44
5696.90764821179  63663.
5696.9567074508  63009.06
5697.00576316853  63462.59
5697.05481536481  63176.36
5697.10386403944  63306.3
5697.15290919224  62838.14
5697.20195082303  63128.37
5697.25098893162  63394.71
5697.30002351782  63227.15
5697.34905458145  63587.37
5697.39808212233  63543.05
5697.44710614027  62892.36
5697.49612663508  63408.17
5697.54514360658  62877.07
5697.59415705459  63062.65
5697.64316697891  63198.13
5697.69217337937  63293.03
5697.74117625578  63083.39
5697.79017560796  62711.84
5697.83917143571  63204.11
5697.88816373886  63299.37
5697.93715251722  63350.13
5697.98613777061  62992.44
5698.03511949884  63076.79
5698.08409770172  63686.32
5698.13307237907  63105.39
5698.18204353072  62589.08
5698.23101115646  62858.38
5698.27997525612  63181.29
5698.32893582952  63281.39
5698.37789287647  63159.22
5698.42684639678  63644.8
5698.47579639027  63166.38
5698.52474285676  63140.64
5698.57368579606  63029.5
5698.62262520798  63056.32
5698.67156109235  62959.03
5698.72049344898  63064.9
5698.76942227768  63212.88
5698.81834757828  63536.68
5698.86726935058  63378.36
5698.9161875944  63458.05
5698.96510230956  63191.44
5699.01401349588  63036.84
5699.06292115316  63236.28
5699.11182528124  63297.64
5699.16072587991  63357.85
5699.209622949  63090.67
5699.25851648833  63018.38
5699.30740649771  62986.11
5699.35629297696  63558.18
5699.40517592589  62736.61
5699.45405534432  63205.07
5699.50293123206  63192.3
5699.55180358894  63418.57
5699.60067241477  63151.33
5699.64953770936  63096.67
5699.69839947253  62876.97
5699.74725770411  63016.5
5699.79611240389  62811.52
5699.84496357171  63456.36
5699.89381120738  63051.8
5699.94265531071  62990.23
5699.99149588153  62953.39
5700.04033291963  63246.43
5700.08916642486  62761.48
5700.13799639702  63276.82
5700.18682283592  62718.61
5700.23564574139  62907.88
5700.28446511324  63449.8
5700.3332809513  62759.06
5700.38209325536  63071.24
5700.43090202526  62819.8
5700.47970726081  63284.62
5700.52850896183  62865.21
5700.57730712813  62753.82
5700.62610175953  63222.9
5700.67489285586  62349.89
5700.72368041691  62316.97
5700.77246444252  62882.2
5700.8212449325  63011.51
5700.87002188667  63029.14
5700.91879530484  63466.36
5700.96756518683  63037.24
5701.01633153246  62930.85
5701.06509434155  63188.46
5701.11385361391  63293.59
5701.16260934936  62786.5
5701.21136154773  63029.21
5701.26011020882  63211.21
5701.30885533245  63146.93
5701.35759691845  63037.31
5701.40633496663  62568.18
5701.4550694768  62584.43
5701.50380044879  62705.69
5701.55252788241  62587.84
5701.60125177748  62846.16
5701.64997213382  63085.54
5701.69868895125  63229.59
5701.74740222958  62853.69
5701.79611196863  63014.13
5701.84481816823  63241.17
5701.89352082818  63111.3
5701.9422199483  63057.56
5701.99091552843  62857.74
5702.03960756836  62758.2
5702.08829606792  63358.19
5702.13698102694  63314.35
5702.18566244522  63367.14
5702.23434032258  63245.66
5702.28301465885  63394.71
5702.33168545384  63116.79
5702.38035270737  63301.07
5702.42901641926  63544.41
5702.47767658933  63430.06
5702.52633321739  63392.45
5702.57498630326  63415.52
5702.62363584677  63618.51
5702.67228184773  63481.21
5702.72092430596  63084.79
5702.76956322127  62951.96
5702.81819859349  63281.79
5702.86683042244  63178.99
5702.91545870793  63300.95
5702.96408344979  63220.18
5703.01270464782  63793.54
5703.06132230186  63655.85
5703.10993641172  63313.04
5703.15854697721  63728.22
5703.20715399816  62847.3
5703.25575747439  63387.11
5703.30435740571  63376.3
5703.35295379195  63663.46
5703.40154663292  63367.05
5703.45013592844  63390.59
5703.49872167833  63044.93
5703.54730388242  63336.8
5703.59588254051  63544.35
5703.64445765244  63586.07
5703.69302921801  63127.93
5703.74159723704  63430.65
5703.79016170937  62974.23
5703.8387226348  63338.45
5703.88728001316  63200.34
5703.93583384426  63166.31
5703.98438412793  63241.54
5704.03293086398  63648.3
5704.08147405224  63351.74
5704.13001369252  62979.15
5704.17854978464  63404.26
5704.22708232842  62686.68
5704.27561132369  63407.38
5704.32413677025  62894.42
5704.37265866794  63304.62
5704.42117701658  63302.63
5704.46969181597  62793.44
5704.51820306594  63015.14
5704.56671076631  63303.05
5704.61521491691  63333.77
5704.66371551754  62995.83
5704.71221256804  63361.3
5704.76070606822  63028.04
5704.8091960179  63589.08
5704.85768241689  63415.58
5704.90616526504  63141.73
5704.95464456213  63134.71
5705.00312030802  63111.29
5705.0515925025  63099.28
5705.10006114541  62910.07
5705.14852623656  63050.64
5705.19698777577  63022.14
5705.24544576286  62812.71
5705.29390019766  62091.89
5705.34235107998  62756.23
5705.39079840964  62966.66
5705.43924218647  62792.41
5705.48768241029  62805.11
5705.53611908091  62998.13
5705.58455219815  62653.1
5705.63298176185  63252.32
5705.68140777181  62806.8
5705.72983022786  63047.34
5705.77824912982  62956.96
5705.82666447751  62919.04
5705.87507627075  62938.55
5705.92348450936  62807.86
5705.97188919316  63061.27
5706.02029032198  63226.99
5706.06868789563  63122.48
5706.11708191393  63016.94
5706.16547237671  63333.08
5706.21385928379  62828.3
5706.26224263499  63157.42
5706.31062243013  63301.45
5706.35899866902  62846.69
5706.40737135151  63417.06
5706.45574047739  63098.61
5706.50410604649  63189.81
5706.55246805864  62827.82
5706.60082651366  63374.87
5706.64918141137  62537.53
5706.69753275159  63115.67
5706.74588053413  63043.91
5706.79422475883  62464.95
5706.84256542551  63020.2
5706.89090253398  62926.44
5706.93923608406  63444.29
5706.98756607559  63235.27
5707.03589250837  63094.3
5707.08421538224  62731.66
5707.13253469701  62367.61
5707.18085045251  63154.81
5707.22916264855  63280.42
5707.27747128496  63285.98
5707.32577636156  63015.38
5707.37407787818  63054.29
5707.42237583462  62797.52
5707.47067023073  63294.25
5707.51896106631  63258.54
5707.5672483412  63415.27
5707.6155320552  63482.01
5707.66381220816  62564.68
5707.71208879987  63321.73
5707.76036183018  63244.99
5707.80863129889  63213.5
5707.85689720584  63295.28
5707.90515955085  62951.01
5707.95341833373  62996.3
5708.00167355432  63018.16
5708.04992521242  63203.91
5708.09817330787  63054.15
5708.14641784048  63317.86
5708.19465881009  62681.81
5708.24289621651  62833.98
5708.29113005956  63287.53
5708.33936033907  62797.04
5708.38758705486  63259.44
5708.43581020675  63423.8
5708.48402979456  62941.42
5708.53224581812  63369.11
5708.58045827726  63124.42
5708.62866717178  63344.36
5708.67687250152  63127.52
5708.7250742663  62509.85
5708.77327246594  62888.3
5708.82146710027  63088.32
5708.8696581691  62985.89
5708.91784567227  63201.07
5708.96602960958  62738.53
5709.01420998087  63182.62
5709.06238678597  62976.69
5709.11056002468  63052.11
5709.15872969684  63289.38
5709.20689580227  63153.8
5709.25505834078  63028.5
5709.30321731222  62816.7
5709.35137271639  63027.39
5709.39952455313  63153.36
5709.44767282225  63283.44
5709.49581752358  62940.29
5709.54395865693  63056.02
5709.59209622215  63135.27
5709.64023021904  63754.72
5709.68836064744  63477.07
5709.73648750716  63422.41
5709.78461079803  62889.69
5709.83273051987  62847.
5709.88084667251  63058.62
5709.92895925577  63127.37
5709.97706826947  63279.47
5710.02517371344  63902.69
5710.07327558751  63297.73
5710.12137389148  63019.64
5710.1694686252  63402.14
5710.21755978848  63282.38
5710.26564738114  63092.95
5710.31373140302  62968.54
5710.36181185393  63233.77
5710.4098887337  63528.27
5710.45796204215  63318.13
5710.50603177911  63386.05
5710.5540979444  63261.43
5710.60216053785  62782.28
5710.65021955928  63302.89
5710.6982750085  63219.78
5710.74632688536  62971.68
5710.79437518967  63156.69
5710.84241992125  63017.89
5710.89046107994  63602.79
5710.93849866555  63223.38
5710.98653267791  63153.58
5711.03456311684  63282.37
5711.08258998217  63320.
5711.13061327373  63352.34
5711.17863299133  63115.16
5711.22664913481  63830.23
5711.27466170398  63121.53
5711.32267069867  62981.79
5711.37067611871  63090.44
5711.41867796392  63000.13
5711.46667623413  63292.02
5711.51467092916  63501.93
5711.56266204883  63484.23
5711.61064959297  63529.22
5711.65863356141  63979.07
5711.70661395397  63062.07
5711.75459077047  63347.07
5711.80256401074  63582.05
5711.85053367461  63100.84
5711.89849976189  63096.08
5711.94646227243  63291.24
5711.99442120603  63186.22
5712.04237656253  63157.07
5712.09032834175  63482.65
5712.13827654351  63199.47
5712.18622116765  63099.01
5712.23416221398  63709.71
5712.28209968234  63728.35
5712.33003357254  63302.5
5712.37796388441  63537.44
5712.42589061779  63553.15
5712.47381377248  63472.36
5712.52173334833  63343.51
5712.56964934515  63690.89
5712.61756176277  63930.86
5712.66547060102  63269.82
5712.71337585971  63461.22
5712.76127753869  63701.47
5712.80917563777  62884.18
5712.85707015678  63452.64
5712.90496109554  63384.9
5712.95284845388  63401.71
5713.00073223163  63985.14
5713.04861242861  63378.59
5713.09648904465  63588.64
5713.14436207957  63182.21
5713.1922315332  63544.7
5713.24009740537  63733.83
5713.2879596959  63761.02
5713.33581840462  63164.36
5713.38367353135  63320.59
5713.43152507592  63599.47
5713.47937303816  63499.17
5713.52721741789  64022.64
5713.57505821495  63626.25
5713.62289542914  63322.08
5713.67072906031  64150.97
5713.71855910828  63418.51
5713.76638557287  63426.47
5713.81420845391  63615.07
5713.86202775124  63466.82
5713.90984346466  63231.83
5713.95765559401  63495.62
5714.00546413913  63393.32
5714.05326909982  63710.15
5714.10107047593  63845.71
5714.14886826727  63888.1
5714.19666247368  63455.97
5714.24445309497  63153.79
5714.29224013099  63169.99
5714.34002358155  63637.89
5714.38780344648  63562.29
5714.4355797256  63362.81
5714.48335241876  63487.25
5714.53112152576  63452.53
5714.57888704644  63412.52
5714.62664898063  63711.91
5714.67440732815  63598.35
5714.72216208883  63163.4
5714.7699132625  63190.14
5714.81766084898  63801.48
5714.8654048481  63450.05
5714.9131452597  63655.73
5714.96088208358  63305.18
5715.00861531959  63818.04
5715.05634496755  63343.16
5715.10407102729  63516.13
5715.15179349864  62749.06
5715.19951238141  63318.64
5715.24722767545  63770.74
5715.29493938057  63588.64
5715.34264749661  63634.39
5715.39035202339  63419.69
5715.43805296074  63205.94
5715.48575030849  63761.94
5715.53344406647  63384.55
5715.5811342345  62868.23
5715.62882081241  63263.07
5715.67650380003  63322.02
5715.72418319718  63206.42
5715.7718590037  63776.14
5715.81953121941  63793.47
5715.86719984414  63355.29
5715.91486487772  63383.8
5715.96252631998  63756.26
5716.01018417074  63703.59
5716.05783842983  63789.53
5716.10548909708  63314.27
5716.15313617233  63847.97
5716.20077965538  63590.43
5716.24841954608  63569.91
5716.29605584426  63574.84
5716.34368854974  63169.26
5716.39131766234  63320.99
5716.4389431819  63604.78
5716.48656510825  63702.85
5716.53418344122  63464.12
5716.58179818062  63511.7
5716.6294093263  63980.7
5716.67701687808  63948.3
5716.72462083579  63731.45
5716.77222119925  64067.07
5716.8198179683  63580.08
5716.86741114276  63689.79
5716.91500072247  63306.54
5716.96258670724  63614.68
5717.01016909692  63556.34
5717.05774789133  63332.9
5717.10532309029  64059.71
5717.15289469364  63690.17
5717.20046270121  63673.61
5717.24802711282  63600.45
5717.2955879283  63564.39
5717.34314514749  63246.61
5717.3906987702  63208.44
5717.43824879628  63625.82
5717.48579522555  63302.93
5717.53333805783  63266.08
5717.58087729297  64086.84
5717.62841293077  63865.29
5717.67594497109  64114.75
5717.72347341374  63830.29
5717.77099825856  63521.84
5717.81851950537  63150.63
5717.866037154  63826.63
5717.91355120428  63256.18
5717.96106165605  63199.28
5718.00856850913  63285.23
5718.05607176334  63343.17
5718.10357141853  63806.9
5718.15106747452  63791.33
5718.19855993114  63917.86
5718.24604878822  63717.45
5718.29353404559  63464.46
5718.34101570307  63998.38
5718.3884937605  63948.68
5718.43596821771  64341.14
5718.48343907453  64107.93
5718.53090633079  64033.97
5718.57836998631  63502.1
5718.62583004093  63712.4
5718.67328649448  64085.09
5718.72073934678  64142.23
5718.76818859767  64107.46
5718.81563424699  63832.73
5718.86307629454  63792.5
5718.91051474017  63260.78
5718.95794958371  63308.32
5719.00538082499  64115.35
5719.05280846384  64247.32
5719.10023250008  63869.44
5719.14765293356  63660.34
5719.19506976409  63974.64
5719.24248299151  63882.44
5719.28989261565  63665.93
5719.33729863633  63178.05
5719.38470105341  63585.12
5719.43209986668  63511.19
5719.479495076  63748.11
5719.52688668119  63379.88
5719.57427468209  63344.87
5719.62165907852  64051.93
5719.66903987031  63927.42
5719.71641705729  63682.55
5719.7637906393  64027.03
5719.81116061617  63781.7
5719.85852698772  63805.59
5719.90588975379  63830.62
5719.95324891421  64172.07
5720.0006044688  64186.82
5720.04795641741  64100.33
5720.09530475985  64032.41
5720.14264949597  64375.59
5720.18999062559  64049.64
5720.23732814854  64147.77
5720.28466206466  64010.75
5720.33199237377  64132.9
5720.37931907572  63965.25
5720.42664217032  64219.59
5720.47396165741  64002.2
5720.52127753682  63482.96
5720.56858980838  64049.69
5720.61589847192  64019.96
5720.66320352729  63268.27
5720.71050497429  63982.74
5720.75780281278  63784.18
5720.80509704257  63691.46
5720.8523876635  64081.75
5720.89967467541  63605.1
5720.94695807812  63889.93
5720.99423787146  63702.21
5721.04151405527  63589.47
5721.08878662938  63955.57
5721.13605559362  63570.52
5721.18332094782  64222.27
5721.23058269182  63780.45
5721.27784082544  63515.64
5721.32509534852  64250.82
5721.37234626089  63569.97
5721.41959356238  64086.66
5721.46683725282  63733.26
5721.51407733204  63932.84
5721.56131379989  64008.18
5721.60854665618  64250.36
5721.65577590075  63899.93
5721.70300153344  63876.26
5721.75022355407  64113.62
5721.79744196248  63997.63
5721.8446567585  63861.05
5721.89186794196  63294.73
5721.9390755127  63785.13
5721.98627947054  63594.73
5722.03347981532  64118.37
5722.08067654688  63971.82
5722.12786966503  63787.23
5722.17505916962  63581.73
5722.22224506049  64040.4
5722.26942733745  63633.18
5722.31660600035  63837.35
5722.36378104901  63529.48
5722.41095248327  63834.1
5722.45812030296  64056.19
5722.50528450792  63772.17
5722.55244509797  63855.74
5722.59960207296  63604.62
5722.6467554327  64031.05
5722.69390517705  63776.3
5722.74105130582  64381.94
5722.78819381885  64192.45
5722.83533271597  64062.64
5722.88246799702  64650.22
5722.92959966184  64014.27
5722.97672771024  63860.28
5723.02385214208  64103.57
5723.07097295717  64573.86
5723.11809015535  64092.67
5723.16520373646  63661.3
5723.21231370032  63667.94
5723.25942004678  63254.46
5723.30652277567  63873.49
5723.35362188681  64104.14
5723.40071738004  63678.79
5723.4478092552  63939.26
5723.49489751212  64019.06
5723.54198215063  63866.65
5723.58906317057  64167.52
5723.63614057176  63714.09
5723.68321435405  64011.45
5723.73028451727  64312.14
5723.77735106124  63713.5
5723.82441398581  63262.62
5723.8714732908  63967.26
5723.91852897606  63832.05
5723.96558104141  63905.84
5724.01262948668  63531.54
5724.05967431172  63617.9
5724.10671551636  63563.21
5724.15375310043  63588.35
5724.20078706375  64250.56
5724.24781740618  64362.98
5724.29484412754  64079.08
5724.34186722767  63976.45
5724.38888670639  64240.96
5724.43590256355  63912.39
5724.48291479898  64389.42
5724.52992341251  64181.44
5724.57692840397  63813.32
5724.62392977321  64483.76
5724.67092752005  64176.59
5724.71792164433  64114.56
5724.76491214588  64277.71
5724.81189902454  63964.3
5724.85888228014  64016.77
5724.90586191252  64043.21
5724.95283792152  64526.29
5724.99981030695  64341.41
5725.04677906867  63615.51
5725.0937442065  64035.
5725.14070572028  64178.71
5725.18766360985  63738.53
5725.23461787503  63993.95
5725.28156851567  63982.39
5725.32851553159  63967.63
5725.37545892264  63580.18
5725.42239868865  64121.32
5725.46933482945  63968.03
5725.51626734487  63823.46
5725.56319623476  63992.6
5725.61012149894  63737.05
5725.65704313726  63879.4
5725.70396114954  64020.6
5725.75087553563  63890.14
5725.79778629536  63489.71
5725.84469342855  64304.09
5725.89159693506  63584.98
5725.9384968147  63804.82
5725.98539306733  63595.98
5726.03228569277  63454.09
5726.07917469085  63902.27
5726.12606006142  64172.43
5726.17294180431  64007.71
5726.21981991935  63686.04
5726.26669440639  63692.12
5726.31356526525  63345.93
5726.36043249577  63911.22
5726.40729609778  63451.21
5726.45415607113  64022.25
5726.50101241565  64098.36
5726.54786513117  63576.8
5726.59471421753  64415.52
5726.64155967456  64021.26
5726.68840150211  63894.82
5726.7352397  64248.49
5726.78207426807  63324.75
5726.82890520616  63848.95
5726.8757325141  63654.66
5726.92255619173  64165.95
5726.96937623889  63793.43
5727.01619265541  63445.79
5727.06300544112  63838.55
5727.10981459587  64097.16
5727.15662011949  63726.46
5727.20342201182  63934.62
5727.25022027268  63593.41
5727.29701490193  63928.01
5727.34380589939  64180.85
5727.3905932649  64010.37
5727.43737699829  63564.34
5727.48415709941  63672.78
5727.53093356809  64267.71
5727.57770640416  63916.62
5727.62447560747  63749.31
5727.67124117784  63714.79
5727.71800311512  63534.21
5727.76476141914  64032.99
5727.81151608974  63468.39
5727.85826712675  63489.91
5727.90501453001  63758.75
5727.95175829937  64202.99
5727.99849843464  64286.14
5728.04523493568  64175.73
5728.09196780232  63989.62
5728.13869703439  64199.39
5728.18542263173  63660.2
5728.23214459418  63374.34
5728.27886292158  64136.23
5728.32557761376  63917.65
5728.37228867055  63571.96
5728.41899609181  63795.3
5728.46569987735  63684.69
5728.51240002703  63930.01
5728.55909654068  63945.81
5728.60578941812  64153.18
5728.65247865922  63751.42
5728.69916426379  64077.21
5728.74584623167  63510.68
5728.79252456271  64153.54
5728.83919925674  64006.85
5728.8858703136  64100.01
5728.93253773313  63845.85
5728.97920151515  63978.76
5729.02586165952  64094.89
5729.07251816606  63935.01
5729.11917103462  64155.12
5729.16582026504  63748.12
5729.21246585714  64039.46
5729.25910781077  64163.23
5729.30574612577  64084.81
5729.35238080197  64458.64
5729.39901183921  64169.76
5729.44563923733  63704.31
5729.49226299616  63967.93
5729.53888311555  64048.07
5729.58549959534  63426.31
5729.63211243535  64105.
5729.67872163543  63641.91
5729.72532719541  63487.38
5729.77192911514  63449.2
5729.81852739446  63960.44
5729.86512203319  64352.21
5729.91171303118  64003.97
5729.95830038826  63636.86
5730.00488410428  63830.64
5730.05146417908  64036.84
5730.09804061248  64731.98
5730.14461340433  64299.07
5730.19118255447  63860.63
5730.23774806274  63969.11
5730.28430992897  63566.59
5730.330868153  64529.71
5730.37742273467  63855.95
5730.42397367382  63431.75
5730.47052097029  64311.22
5730.51706462392  64539.36
5730.56360463453  64303.06
5730.61014100199  64283.41
5730.65667372611  64100.69
5730.70320280675  64409.77
5730.74972824373  64427.1
5730.79625003691  64720.93
5730.84276818611  64261.12
5730.88928269117  64236.89
5730.93579355195  63702.5
5730.98230076826  64367.57
5731.02880433995  64185.39
5731.07530426687  64346.06
5731.12180054885  64198.02
5731.16829318573  64344.2
5731.21478217734  64080.34
5731.26126752353  64159.07
5731.30774922414  64495.79
5731.35422727901  63768.44
5731.40070168796  64588.43
5731.44717245086  63914.98
5731.49363956752  64059.57
5731.5401030378  63872.63
5731.58656286153  64309.03
5731.63301903855  64279.08
5731.67947156871  64056.97
5731.72592045183  64100.18
5731.77236568776  63999.77
5731.81880727634  63575.89
5731.86524521741  63656.18
5731.9116795108  63558.43
5731.95811015637  64161.57
5732.00453715394  64027.13
5732.05096050335  64361.55
5732.09738020446  64195.1
5732.14379625709  63646.46
5732.19020866109  64367.52
5732.23661741629  63898.27
5732.28302252254  63776.75
5732.32942397967  63618.61
5732.37582178753  63891.46
5732.42221594595  64025.39
5732.46860645478  64159.58
5732.51499331385  63651.94
5732.56137652302  64039.32
5732.6077560821  63911.64
5732.65413199095  64004.32
5732.70050424941  63829.87
5732.74687285731  64108.7
5732.7932378145  63802.3
5732.83959912081  63984.22
5732.88595677609  64252.36
5732.93231078018  64038.38
5732.97866113291  64213.04
5733.02500783413  63864.82
5733.07135088368  64388.45
5733.1176902814  64508.31
5733.16402602713  64141.1
5733.2103581207  64547.32
5733.25668656197  64350.97
5733.30301135076  63952.07
5733.34933248693  64221.09
5733.39564997031  64533.89
5733.44196380074  64987.01
5733.48827397806  64588.96
5733.53458050212  64257.63
5733.58088337275  64443.53
5733.6271825898  64536.62
5733.6734781531  64581.95
5733.7197700625  64404.3
5733.76605831784  63870.79
5733.81234291896  63672.44
5733.8586238657  64498.46
5733.9049011579  64496.83
5733.9511747954  63999.13
5733.99744477804  64437.43
5734.04371110567  64240.05
5734.08997377812  64383.54
5734.13623279525  64679.58
5734.18248815687  64717.6
5734.22873986285  64873.64
5734.27498791302  64383.88
5734.32123230722  64171.69
5734.36747304529  64403.79
5734.41371012708  64458.49
5734.45994355242  64747.76
5734.50617332116  64252.77
5734.55239943314  64463.97
5734.5986218882  64761.17
5734.64484068618  64081.74
5734.69105582693  64750.79
5734.73726731028  64005.93
5734.78347513608  64265.27
5734.82967930416  64727.79
5734.87587981438  64220.65
5734.92207666657  64729.41
5734.96826986057  64595.83
5735.01445939623  64411.79
5735.06064527338  64431.29
5735.10682749188  64297.69
5735.15300605156  64592.32
5735.19918095226  64905.58
5735.24535219382  64258.13
5735.29151977609  64743.6
5735.33768369892  63448.19
5735.38384396213  64315.59
5735.43000056558  63977.57
5735.47615350911  64248.89
5735.52230279255  64002.39
5735.56844841575  63824.13
5735.61459037856  63435.83
5735.66072868081  64088.05
5735.70686332235  64431.89
5735.75299430302  64076.84
5735.79912162266  64302.63
5735.84524528111  64222.55
5735.89136527822  64584.64
5735.93748161384  64204.51
5735.98359428779  64759.77
5736.02970329993  64233.93
5736.0758086501  64999.35
5736.12191033814  64739.98
5736.16800836389  64104.82
5736.21410272719  64294.52
5736.2601934279  63701.71
5736.30628046584  64478.79
5736.35236384087  64194.66
5736.39844355283  64361.63
5736.44451960155  64056.69
5736.49059198689  63136.74
5736.53666070869  64166.18
5736.58272576678  64232.08
5736.62878716102  64420.74
5736.67484489123  63915.32
5736.72089895728  63885.39
5736.766949359  64124.58
5736.81299609623  63945.57
5736.85903916882  64248.82
5736.90507857661  63816.23
5736.95111431945  63803.1
5736.99714639717  64290.93
5737.04317480962  64717.55
5737.08919955665  64418.58
5737.13522063809  64274.16
5737.1812380538  64426.41
5737.22725180361  64824.45
5737.27326188736  64147.77
5737.31926830491  64610.98
5737.36527105609  64153.38
5737.41127014075  64819.59
5737.45726555874  64233.53
5737.50325730988  64291.22
5737.54924539404  64209.45
5737.59522981106  63950.42
5737.64121056076  63856.8
5737.68718764302  63827.21
5737.73316105765  64511.44
5737.77913080451  64221.5
5737.82509688345  64323.03
5737.8710592943  64652.04
5737.91701803692  64432.79
5737.96297311114  64339.82
5738.0089245168  64005.02
5738.05487225376  64657.46
5738.10081632186  64056.36
5738.14675672094  64184.02
5738.19269345084  64767.92
5738.23862651141  64686.3
5738.2845559025  64625.57
5738.33048162394  64126.05
5738.37640367559  64110.36
5738.42232205728  64541.95
5738.46823676886  64499.2
5738.51414781018  64521.98
5738.56005518108  64448.82
5738.60595888141  64322.95
5738.651858911  64739.34
5738.69775526971  64876.87
5738.74364795737  64833.46
5738.78953697384  64761.42
5738.83542231896  64141.79
5738.88130399257  64479.01
5738.92718199451  64299.31
5738.97305632464  65031.71
5739.01892698279  64785.69
5739.06479396882  64031.36
5739.11065728256  64240.04
5739.15651692386  65126.86
5739.20237289257  64620.21
5739.24822518853  64280.69
5739.29407381159  64600.2
5739.33991876159  64734.89
5739.38576003837  64653.96
5739.43159764178  64747.54
5739.47743157168  64729.73
5739.52326182789  64845.84
5739.56908841027  64280.18
5739.61491131866  64321.
5739.66073055292  64583.01
5739.70654611287  64642.45
5739.75235799837  64289.75
5739.79816620927  64490.38
5739.8439707454  64696.97
5739.88977160662  64658.08
5739.93556879277  64173.96
5739.9813623037  63452.86
5740.02715213924  64300.63
5740.07293829925  64457.2
5740.11872078358  64756.25
5740.16449959206  64121.12
5740.21027472455  64918.4
5740.25604618089  64457.25
5740.30181396092  63772.77
5740.34757806449  64954.85
5740.39333849145  64815.09
5740.43909524164  64915.55
5740.48484831491  64398.3
5740.53059771111  64804.83
5740.57634343008  64835.73
5740.62208547166  64340.54
5740.6678238357  64361.39
5740.71355852206  64115.13
5740.75928953056  64591.77
5740.80501686108  64330.47
5740.85074051343  64413.17
5740.89646048748  65006.88
5740.94217678307  64835.82
5740.98788940005  65104.2
5741.03359833825  64571.46
5741.07930359754  64679.27
5741.12500517775  64692.19
5741.17070307873  64802.53
5741.21639730033  64596.75
5741.2620878424  64809.38
5741.30777470477  64714.42
5741.3534578873  64486.36
5741.39913738984  64979.22
5741.44481321223  64485.54
5741.49048535431  64621.94
5741.53615381594  64639.34
5741.58181859696  64174.78
5741.62747969721  64508.86
5741.67313711655  64836.83
5741.71879085482  64693.57
5741.76444091187  64035.01
5741.81008728755  64650.51
5741.85572998169  64497.86
5741.90136899416  64610.05
5741.94700432478  64776.07
5741.99263597343  64941.79
5742.03826393993  64732.09
5742.08388822414  64221.18
5742.1295088259  64635.36
5742.17512574506  63707.54
5742.22073898148  64657.2
5742.26634853498  64468.46
5742.31195440543  64673.71
5742.35755659268  64970.08
5742.40315509655  64129.37
5742.44874991692  64627.84
5742.49434105361  64432.91
5742.53992850649  64918.51
5742.58551227539  64611.64
5742.63109236016  64437.89
5742.67666876066  64960.88
5742.72224147673  64742.13
5742.76781050822  64645.5
5742.81337585497  64616.68
5742.85893751683  64427.59
5742.90449549366  64905.7
5742.95004978529  64346.05
5742.99560039158  65004.53
5743.04114731237  65028.27
5743.08669054752  64315.4
5743.13223009686  65220.98
5743.17776596025  64613.32
5743.22329813753  64920.
5743.26882662857  64976.77
5743.31435143319  64740.6
5743.35987255125  64741.89
5743.4053899826  64587.14
5743.45090372708  64628.6
5743.49641378455  65176.11
5743.54192015485  64557.45
5743.58742283783  64966.21
5743.63292183334  64241.03
5743.67841714122  64445.05
5743.72390876133  64232.28
5743.76939669352  64993.19
5743.81488093762  64558.41
5743.8603614935  64341.31
5743.90583836099  64557.7
5743.95131153996  64793.09
5743.99678103024  64510.7
5744.04224683168  64270.41
5744.08770894414  65117.22
5744.13316736745  64372.66
5744.17862210148  64416.91
5744.22407314607  64928.72
5744.26952050106  65088.95
5744.31496416631  64241.5
5744.36040414167  64902.02
5744.40584042698  64299.35
5744.4512730221  64919.28
5744.49670192686  64860.63
5744.54212714113  65024.55
5744.58754866474  65017.64
5744.63296649756  64909.71
5744.67838063942  65179.09
5744.72379109019  65154.7
5744.76919784969  65303.07
5744.81460091779  64830.21
5744.86000029434  64926.1
5744.90539597918  65261.25
5744.95078797216  64757.24
5744.99617627314  64529.59
5745.04156088196  64763.25
5745.08694179847  64859.64
5745.13231902252  64910.93
5745.17769255395  64937.79
5745.22306239263  65134.41
5745.26842853839  65174.78
5745.3137909911  65216.9
5745.35914975059  64922.27
5745.40450481672  64958.39
5745.44985618934  65338.9
5745.49520386829  65167.18
5745.54054785343  65445.13
5745.5858881446  65058.01
5745.63122474167  64690.77
5745.67655764446  64569.82
5745.72188685285  65006.52
5745.76721236666  64453.72
5745.81253418577  64719.75
5745.85785231  65435.07
5745.90316673923  65087.74
5745.94847747328  64703.64
5745.99378451203  65195.05
5746.03908785531  65328.37
5746.08438750297  64974.71
5746.12968345487  65347.46
5746.17497571086  65233.09
5746.22026427078  64328.01
5746.26554913448  65031.23
5746.31083030183  64888.08
5746.35610777266  65100.15
5746.40138154682  64982.66
5746.44665162418  64613.48
5746.49191800457  65218.19
5746.53718068785  64766.19
5746.58243967387  65230.82
5746.62769496248  64873.71
5746.67294655353  64453.21
5746.71819444687  65234.35
5746.76343864235  65271.58
5746.80867913982  64885.66
5746.85391593913  65191.74
5746.89914904014  64948.68
5746.94437844269  64685.96
5746.98960414664  65095.9
5747.03482615183  64803.4
5747.08004445812  64999.46
5747.12525906535  65257.97
5747.17046997338  64505.08
5747.21567718206  65141.64
5747.26088069125  64334.21
5747.30608050078  64828.57
5747.35127661051  65582.7
5747.3964690203  64593.79
5747.44165773  64879.54
5747.48684273944  64665.63
5747.5320240485  64581.01
5747.57720165701  64913.59
5747.62237556483  64286.95
5747.66754577182  65200.39
5747.71271227781  64444.61
5747.75787508267  65251.43
5747.80303418624  64711.25
5747.84818958838  64600.95
5747.89334128894  64332.44
5747.93848928776  64971.4
5747.98363358471  63678.19
5748.02877417963  64755.68
5748.07391107237  64715.29
5748.11904426278  64635.95
5748.16417375073  65042.27
5748.20929953605  65508.61
5748.2544216186  65024.2
5748.29953999824  65084.1
5748.34465467481  64890.8
5748.38976564817  65322.13
5748.43487291816  64825.6
5748.47997648464  64699.12
5748.52507634747  65444.33
5748.57017250649  65508.12
5748.61526496155  64865.89
5748.66035371252  65610.73
5748.70543875923  65198.06
5748.75052010155  64568.27
5748.79559773932  65015.66
5748.84067167239  64881.93
5748.88574190062  64734.48
5748.93080842387  64929.93
5748.97587124198  65338.59
5749.0209303548  64721.72
5749.06598576219  65583.56
5749.111037464  65296.34
5749.15608546008  65062.2
5749.20112975029  65737.12
5749.24617033448  64972.87
5749.29120721249  65399.75
5749.33624038419  64634.04
5749.38126984943  64774.07
5749.42629560805  64890.96
5749.47131765991  64514.06
5749.51633600487  65396.35
5749.56135064277  65369.71
5749.60636157347  64920.75
5749.65136879683  65137.85
5749.69637231268  65169.98
5749.7413721209  65114.5
5749.78636822132  64998.21
5749.83136061381  64913.4
5749.87634929821  65588.77
5749.92133427438  65654.58
5749.96631554218  65319.64
5750.01129310145  64851.56
5750.05626695205  65358.04
5750.10123709383  64831.84
5750.14620352664  65059.59
5750.19116625035  65463.03
5750.23612526479  65234.45
5750.28108056983  64946.5
5750.32603216531  65140.72
5750.3709800511  65625.78
5750.41592422704  65519.64
5750.46086469299  64878.46
5750.5058014488  64554.32
5750.55073449432  64795.47
5750.59566382942  65556.8
5750.64058945393  64732.36
5750.68551136772  64452.25
5750.73042957064  65340.75
5750.77534406254  65352.12
5750.82025484328  64888.06
5750.86516191271  65046.
5750.91006527069  65044.72
5750.95496491706  64907.31
5750.99986085168  65458.4
5751.04475307441  65269.94
5751.0896415851  65429.53
5751.13452638359  64606.67
5751.17940746976  65604.45
5751.22428484345  64990.2
5751.26915850452  65224.7
5751.31402845281  64914.09
5751.35889468819  65345.07
5751.4037572105  65165.79
5751.44861601961  65060.84
5751.49347111536  64972.34
5751.53832249761  65976.21
5751.58317016622  65704.91
5751.62801412103  65527.62
5751.67285436191  65031.14
5751.7176908887  66253.23
5751.76252370127  65671.64
5751.80735279947  64942.36
5751.85217818314  65205.3
5751.89699985215  65762.05
5751.94181780635  65615.69
5751.98663204559  65518.73
5752.03144256974  65363.04
5752.07624937863  65482.91
5752.12105247214  65994.97
5752.1658518501  65382.15
5752.21064751239  65116.63
5752.25543945885  65113.67
5752.30022768933  65415.9
5752.3450122037  65311.56
5752.38979300181  65896.2
5752.4345700835  65224.63
5752.47934344865  64888.81
5752.52411309709  65179.74
5752.5688790287  64875.14
5752.61364124331  65224.54
5752.65839974079  65573.18
5752.703154521  65221.61
5752.74790558378  65899.24
5752.792652929  65200.7
5752.8373965565  65382.3
5752.88213646614  65156.46
5752.92687265779  65145.54
5752.97160513129  65585.21
5753.01633388649  65541.59
5753.06105892327  65289.19
5753.10578024146  64675.93
5753.15049784092  65705.3
5753.19521172152  66066.77
5753.23992188311  65390.24
5753.28462832553  65788.69
5753.32933104866  65947.58
5753.37403005233  65197.77
5753.41872533642  65322.11
5753.46341690077  65863.93
5753.50810474524  65038.04
5753.55278886969  65440.05
5753.59746927397  64977.13
5753.64214595794  65481.09
5753.68681892145  65157.61
5753.73148816436  64985.28
5753.77615368652  65289.25
5753.8208154878  65843.52
5753.86547356805  65447.82
5753.91012792712  65265.79
5753.95477856487  65557.43
5753.99942548115  66298.77
5754.04406867583  65773.22
5754.08870814875  64819.66
5754.13334389978  65351.35
5754.17797592877  65230.52
5754.22260423558  64849.36
5754.26722882005  65441.29
5754.31184968206  65462.02
5754.35646682146  65549.4
5754.4010802381  65473.12
5754.44568993183  65540.34
5754.49029590252  65525.84
5754.53489815003  64936.17
5754.5794966742  65237.31
5754.62409147489  65726.89
5754.66868255197  65416.27
5754.71326990529  65463.1
5754.7578535347  65353.48
5754.80243344006  65573.29
5754.84700962124  65491.93
5754.89158207807  65096.21
5754.93615081043  65379.95
5754.98071581817  65528.98
5755.02527710114  65616.18
5755.06983465921  65099.8
5755.11438849223  65902.81
5755.15893860005  65394.61
5755.20348498254  65727.85
5755.24802763954  65506.09
5755.29256657093  65586.99
5755.33710177655  65840.34
5755.38163325627  65344.86
5755.42616100993  65492.63
5755.4706850374  64663.8
5755.51520533853  65404.67
5755.55972191319  64994.04
5755.60423476122  65915.45
5755.64874388249  65336.22
5755.69324927685  64959.86
5755.73775094417  65538.02
5755.78224888429  64686.46
5755.82674309708  65492.62
5755.87123358239  64726.48
5755.91572034008  65730.51
5755.96020337002  65013.34
5756.00468267205  65616.24
5756.04915824603  65628.46
5756.09363009182  65169.49
5756.13809820928  65985.79
5756.18256259827  65820.5
5756.22702325865  64687.35
5756.27148019027  66143.04
5756.31593339299  66085.63
5756.36038286667  65495.56
5756.40482861116  65389.33
5756.44927062633  66385.87
5756.49370891203  66224.52
5756.53814346813  65207.5
5756.58257429447  65099.29
5756.62700139092  65597.96
5756.67142475734  66150.87
5756.71584439357  65625.38
5756.76026029949  65623.33
5756.80467247495  65458.09
5756.84908091981  65901.48
5756.89348563393  65503.8
5756.93788661715  65509.89
5756.98228386936  65728.06
5757.02667739039  65585.67
5757.07106718012  65535.06
5757.11545323839  65871.5
5757.15983556507  66100.02
5757.20421416002  65189.59
5757.24858902309  66023.2
5757.29296015414  66432.32
5757.33732755304  65483.13
5757.38169121964  65932.91
5757.42605115379  66005.32
5757.47040735537  65819.7
5757.51475982422  65629.52
5757.5591085602  65844.66
5757.60345356319  65829.
5757.64779483302  65864.91
5757.69213236957  65365.11
5757.73646617268  65831.93
5757.78079624223  66039.99
5757.82512257807  66154.9
5757.86944518006  66063.56
5757.91376404805  66229.24
5757.95807918191  65998.17
5758.0023905815  65844.67
5758.04669824667  65823.06
5758.09100217729  66131.59
5758.13530237321  66055.02
5758.1795988343  65722.33
5758.2238915604  65911.09
5758.26818055139  65001.27
5758.31246580712  66232.05
5758.35674732745  65743.04
5758.40102511224  65883.4
5758.44529916135  66617.05
5758.48956947464  66028.61
5758.53383605197  66259.02
5758.5780988932  65355.46
5758.62235799819  65072.78
5758.66661336679  65567.74
5758.71086499887  65878.05
5758.75511289429  65336.88
5758.79935705291  66417.4
5758.84359747458  65912.2
5758.88783415917  66343.56
5758.93206710654  65817.73
5758.97629631654  66280.13
5759.02052178905  65614.95
5759.0647435239  65600.45
5759.10896152098  66530.75
5759.15317578013  66265.95
5759.19738630122  65175.7
5759.2415930841  66335.67
5759.28579612865  66133.13
5759.32999543471  65582.89
5759.37419100215  66012.4
5759.41838283083  66289.88
5759.4625709206  66097.05
5759.50675527134  65705.09
5759.55093588289  66096.45
5759.59511275512  65601.17
5759.63928588789  65703.98
5759.68345528107  66443.69
5759.7276209345  66523.21
5759.77178284806  66256.17
5759.8159410216  65639.35
5759.86009545498  65569.75
5759.90424614806  66277.74
5759.94839310071  66044.35
5759.99253631279  66798.85
5760.03667578415  66257.22
5760.08081151465  65690.79
5760.12494350417  65971.48
5760.16907175255  66678.85
5760.21319625966  65052.24
5760.25731702536  66282.
5760.30143404951  65741.93
5760.34554733197  65817.29
5760.38965687261  65746.8
5760.43376267128  66218.66
