6053.2987483193  61837.97
6053.35474145774  61481.44
6053.41073102439  62070.23
6053.46671701902  61839.16
6053.52269944141  61224.79
6053.57867829131  62400.74
6053.63465356852  61422.45
6053.69062527279  62016.91
6053.7465934039  61557.17
6053.80255796162  62349.5
6053.85851894571  61409.65
6053.91447635596  62030.06
6053.97043019214  61677.24
6054.02638045401  61882.05
6054.08232714134  61878.06
6054.13827025392  61755.84
6054.19420979151  62774.75
6054.25014575388  62518.39
6054.3060781408  61896.05
6054.36200695205  62174.08
6054.4179321874  61779.96
6054.47385384661  62024.34
6054.52977192947  61726.39
6054.58568643574  60951.15
6054.6415973652  61866.06
6054.69750471761  62050.96
6054.75340849275  61819.58
6054.8093086904  61829.87
6054.86520531032  61634.3
6054.92109835228  61576.62
6054.97698781606  61724.04
6055.03287370143  61978.26
6055.08875600817  61488.15
6055.14463473603  61742.27
6055.20050988481  61558.13
6055.25638145426  62469.72
6055.31224944417  62037.14
6055.3681138543  61744.11
6055.42397468442  62074.61
6055.47983193432  62179.76
6055.53568560375  62313.63
6055.5915356925  61736.54
6055.64738220033  61546.73
6055.70322512703  61766.18
6055.75906447235  61754.06
6055.81490023608  62127.43
6055.87073241799  61317.71
6055.92656101784  61646.55
6055.98238603542  61886.34
6056.0382074705  62177.12
6056.09402532283  61373.93
6056.14983959222  61644.93
6056.20565027841  61544.75
6056.26145738119  61948.37
6056.31726090033  61486.38
6056.3730608356  61907.14
6056.42885718678  62298.28
6056.48464995364  61425.71
6056.54043913594  61592.56
6056.59622473348  61530.28
6056.652006746  62276.71
6056.7077851733  61945.29
6056.76356001515  61898.31
6056.81933127131  62143.46
6056.87509894156  61652.96
6056.93086302568  62125.34
6056.98662352343  61831.3
6057.04238043459  62108.06
6057.09813375894  61444.82
6057.15388349624  62204.99
6057.20962964628  61663.98
6057.26537220882  62470.87
6057.32111118363  61608.41
6057.3768465705  61699.36
6057.43257836919  61703.04
6057.48830657948  61907.79
6057.54403120115  62114.01
6057.59975223396  61947.7
6057.65546967768  61696.02
6057.71118353211  61071.09
6057.766893797  61594.95
6057.82260047212  62051.33
6057.87830355727  61414.96
6057.9340030522  61429.71
6057.9896989567  62356.78
6058.04539127053  61446.
6058.10107999347  62059.3
6058.1567651253  61870.29
6058.21244666579  61321.13
6058.2681246147  62311.11
6058.32379897183  62457.38
6058.37946973693  62207.72
6058.43513690979  61604.04
6058.49080049018  62343.02
6058.54646047788  61297.12
6058.60211687265  61994.5
6058.65776967427  61620.7
6058.71341888252  62310.28
6058.76906449717  62298.05
6058.82470651799  61626.03
6058.88034494477  61405.93
6058.93597977726  61016.79
6058.99161101526  61181.17
6059.04723865853  61634.77
6059.10286270685  61488.1
6059.15848315999  61467.54
6059.21410001772  61633.45
6059.26971327983  61977.93
6059.32532294609  62274.2
6059.38092901626  61548.8
6059.43653149013  61529.5
6059.49213036747  62105.84
6059.54772564806  61720.13
6059.60331733166  61065.39
6059.65890541806  61579.27
6059.71448990703  62370.31
6059.77007079835  62061.4
6059.82564809179  61071.29
6059.88122178712  61564.98
6059.93679188412  61904.78
6059.99235838256  62015.89
6060.04792128223  61676.34
6060.10348058289  61901.22
6060.15903628432  61364.75
6060.2145883863  62100.66
6060.27013688859  61288.58
6060.32568179099  62136.41
6060.38122309325  61552.73
6060.43676079516  61593.93
6060.4922948965  61572.96
6060.54782539703  61209.62
6060.60335229653  60479.52
6060.65887559479  61644.8
6060.71439529157  61596.85
6060.76991138664  61272.37
6060.82542387979  61292.36
6060.8809327708  61600.56
6060.93643805942  61986.57
6060.99193974546  61927.05
6061.04743782866  61748.07
6061.10293230883  61498.82
6061.15842318572  61227.25
6061.21391045911  61355.65
6061.26939412879  60844.11
6061.32487419452  61772.36
6061.38035065609  61262.37
6061.43582351327  61643.86
6061.49129276582  60970.94
6061.54675841354  61785.45
6061.6022204562  60901.87
6061.65767889357  62038.25
6061.71313372543  61686.02
6061.76858495155  61432.17
6061.82403257171  61503.25
6061.87947658569  61727.33
6061.93491699327  61430.57
6061.99035379421  61837.68
6062.0457869883  61372.74
6062.10121657531  60964.46
6062.15664255502  61393.02
6062.21206492721  61118.7
6062.26748369164  61095.56
6062.3228988481  61207.82
6062.37831039637  61705.61
6062.43371833622  61594.51
6062.48912266743  61220.75
6062.54452338977  61648.57
6062.59992050302  61481.14
6062.65531400695  61695.63
6062.71070390136  61930.38
6062.766090186  62033.99
6062.82147286066  61351.43
6062.87685192511  61250.73
6062.93222737914  61904.65
6062.98759922251  60738.8
6063.042967455  61430.48
6063.0983320764  61643.28
6063.15369308648  61283.87
6063.20905048501  61750.16
6063.26440427177  60790.52
6063.31975444655  61083.94
6063.37510100911  61233.41
6063.43044395923  61085.
6063.48578329669  61419.68
6063.54111902127  61037.47
6063.59645113275  61203.29
6063.6517796309  61870.84
6063.7071045155  61247.53
6063.76242578632  60700.45
6063.81774344315  61878.82
6063.87305748576  60860.07
6063.92836791393  61506.11
6063.98367472744  61649.98
6064.03897792606  61509.88
6064.09427750957  61096.85
6064.14957347775  61553.8
6064.20486583037  61678.66
6064.26015456723  61527.27
6064.31543968808  61545.98
6064.37072119271  61413.88
6064.42599908089  61554.17
6064.48127335242  61563.46
6064.53654400705  61164.09
6064.59181104458  61461.82
6064.64707446477  61692.42
6064.70233426741  61806.83
6064.75759045227  61454.75
6064.81284301913  60814.04
6064.86809196777  60733.76
6064.92333729798  61260.3
6064.97857900951  61493.62
6065.03381710216  61458.39
6065.0890515757  61275.45
6065.14428242991  60964.84
6065.19950966457  61461.66
6065.25473327946  61457.36
6065.30995327434  61726.29
6065.36516964902  61417.21
6065.42038240325  61808.95
6065.47559153682  61631.5
6065.5307970495  60915.25
6065.58599894109  61728.46
6065.64119721134  61255.34
6065.69639186005  61062.32
6065.751582887  60865.02
6065.80677029195  61096.59
6065.86195407469  61938.83
6065.91713423499  61101.22
6065.97231077264  61076.57
6066.02748368742  61306.18
6066.08265297909  61505.9
6066.13781864745  60664.23
6066.19298069227  61358.88
6066.24813911332  61342.66
6066.3032939104  60931.36
6066.35844508327  61353.57
6066.41359263171  61191.39
6066.46873655551  61663.95
6066.52387685444  61887.72
6066.57901352829  61636.45
6066.63414657682  60923.61
6066.68927599983  61369.54
6066.74440179708  61537.45
6066.79952396836  61389.05
6066.85464251345  61465.9
6066.90975743212  61308.55
6066.96486872416  61390.93
6067.01997638935  60853.77
6067.07508042745  61510.62
6067.13018083826  60853.4
6067.18527762156  60767.6
6067.24037077712  61154.9
6067.29546030471  61237.08
6067.35054620413  61691.29
6067.40562847514  60913.34
6067.46070711754  61202.18
6067.5157821311  60945.78
6067.57085351559  60732.26
6067.6259212708  61033.27
6067.68098539651  60952.28
6067.7360458925  60888.77
6067.79110275854  60843.55
6067.84615599442  61220.7
6067.90120559992  61380.65
6067.95625157482  60230.21
6068.01129391888  61027.52
6068.06633263191  61029.31
6068.12136771367  61094.44
6068.17639916394  61439.13
6068.23142698251  60799.81
6068.28645116916  60926.63
6068.34147172366  61472.74
6068.3964886458  61182.16
6068.45150193535  60688.93
6068.5065115921  60813.96
6068.56151761583  60240.87
6068.61652000631  60535.96
6068.67151876332  61270.43
6068.72651388666  60899.39
6068.78150537608  61188.12
6068.83649323139  60694.71
6068.89147745235  61334.
6068.94645803875  60982.69
6069.00143499037  60909.17
6069.05640830699  60852.98
6069.11137798838  61897.44
6069.16634403434  61439.21
6069.22130644463  60825.44
6069.27626521904  61155.8
6069.33122035736  60962.29
6069.38617185935  60925.61
6069.44111972481  60802.89
6069.49606395351  60892.33
6069.55100454524  60133.75
6069.60594149976  60893.29
6069.66087481688  60943.7
6069.71580449636  60744.75
6069.77073053798  60734.56
6069.82565294153  60685.2
6069.8805717068  60886.17
6069.93548683355  61021.51
6069.99039832157  61435.54
6070.04530617064  61194.52
6070.10021038054  60985.56
6070.15511095106  61198.
6070.21000788197  60397.05
6070.26490117306  60977.9
6070.3197908241  61157.5
6070.37467683489  61327.33
6070.42955920519  60569.63
6070.48443793479  60831.07
6070.53931302347  61458.19
6070.59418447102  61215.64
6070.64905227721  60527.36
6070.70391644182  61295.01
6070.75877696465  60943.58
6070.81363384546  61025.88
6070.86848708404  60790.93
6070.92333668018  60425.8
6070.97818263364  60369.13
6071.03302494422  60711.56
6071.0878636117  60777.14
6071.14269863586  61090.45
6071.19753001647  60952.48
6071.25235775333  61100.65
6071.30718184621  60387.
6071.3620022949  61505.07
6071.41681909917  61260.28
6071.47163225881  60584.
6071.5264417736  60979.34
6071.58124764332  60795.84
6071.63604986776  61138.5
6071.69084844669  60902.71
6071.74564337991  60711.64
6071.80043466718  60695.77
6071.85522230829  61599.1
6071.91000630303  61107.09
6071.96478665118  60719.53
6072.01956335251  61490.38
6072.07433640682  60531.95
6072.12910581388  60870.22
6072.18387157347  61154.99
6072.23863368539  61194.02
6072.2933921494  60762.41
6072.34814696529  61078.61
6072.40289813285  60824.45
6072.45764565186  60932.65
6072.5123895221  60920.5
6072.56712974335  60918.86
6072.62186631539  61296.89
6072.67659923801  61554.59
6072.73132851099  60768.02
6072.78605413412  60685.59
6072.84077610717  61275.09
6072.89549442992  61021.57
6072.95020910217  60901.73
6073.00492012369  61457.95
6073.05962749427  60887.68
6073.11433121369  60907.13
6073.16903128172  60589.59
6073.22372769817  60675.71
6073.2784204628  61502.42
6073.3331095754  61448.63
6073.38779503575  61124.29
6073.44247684364  61441.31
6073.49715499886  61347.41
6073.55182950117  61170.68
6073.60650035037  61598.79
6073.66116754624  61106.6
6073.71583108856  61390.27
6073.77049097711  61086.27
6073.82514721169  61105.34
6073.87979979206  61380.04
6073.93444871803  60720.25
6073.98909398936  60735.57
6074.04373560584  60607.07
6074.09837356726  60765.71
6074.15300787339  60829.96
6074.20763852403  61164.38
6074.26226551895  60663.67
6074.31688885795  61313.79
6074.37150854079  61838.05
6074.42612456727  61098.38
6074.48073693718  60995.73
6074.53534565028  61114.09
6074.58995070638  61643.76
6074.64455210524  61399.14
6074.69914984666  61161.5
6074.75374393042  61347.33
6074.8083343563  61250.5
6074.86292112409  60803.95
6074.91750423356  60732.23
6074.97208368451  60832.48
6075.02665947672  61519.14
6075.08123160997  61394.52
6075.13580008405  61059.04
6075.19036489874  61419.82
6075.24492605382  60860.09
6075.29948354908  61026.98
6075.35403738431  61113.
6075.40858755928  60615.02
6075.46313407378  60814.63
6075.51767692759  61055.68
6075.57221612051  61208.98
6075.62675165231  61324.81
6075.68128352277  61124.86
6075.73581173169  60819.23
6075.79033627885  60967.89
6075.84485716403  61409.49
6075.89937438701  61143.31
6075.95388794759  61107.21
6076.00839784554  60718.16
6076.06290408065  60765.24
6076.1174066527  60737.82
6076.17190556148  61072.77
6076.22640080677  61183.7
6076.28089238837  61156.9
6076.33538030604  60752.25
6076.38986455959  61306.5
6076.44434514878  60634.62
6076.49882207342  60989.2
6076.55329533327  60885.67
6076.60776492813  60571.09
6076.66223085779  61043.14
6076.71669312202  61017.79
6076.77115172061  60434.87
6076.82560665335  60459.06
6076.88005792002  61269.73
6076.93450552041  60764.65
6076.9889494543  61174.56
6077.04338972148  61645.32
6077.09782632173  61013.06
6077.15225925484  61336.47
6077.20668852059  60733.25
6077.26111411877  60430.24
6077.31553604917  60762.45
6077.36995431156  61223.22
6077.42436890574  60908.61
6077.47877983148  61114.88
6077.53318708859  61201.07
6077.58759067683  61096.62
6077.641990596  61001.86
6077.69638684588  61377.14
6077.75077942626  60934.14
6077.80516833692  60740.36
6077.85955357765  61127.91
6077.91393514823  61414.1
6077.96831304846  60446.02
6078.02268727811  60825.16
6078.07705783697  61042.83
6078.13142472483  60709.22
6078.18578794147  61586.53
6078.24014748668  60963.41
6078.29450336025  60955.85
6078.34885556195  60403.64
6078.40320409159  60963.99
6078.45754894894  60775.48
6078.51189013378  61380.84
6078.56622764591  61238.92
6078.62056148512  61000.2
6078.67489165118  60713.4
6078.72921814388  60910.48
6078.78354096301  61202.21
6078.83786010836  60003.95
6078.89217557971  60270.83
6078.94648737685  60900.18
6079.00079549956  60743.81
6079.05509994764  60782.38
6079.10940072086  60630.64
6079.16369781901  60848.62
6079.21799124189  60907.5
6079.27228098927  60661.92
6079.32656706095  60771.43
6079.38084945671  61540.62
6079.43512817633  61063.38
6079.48940321961  60878.4
6079.54367458632  60926.98
6079.59794227627  61653.98
6079.65220628922  61395.77
6079.70646662498  60630.42
6079.76072328332  61224.91
6079.81497626404  61227.65
6079.86922556691  60922.93
6079.92347119174  60785.67
6079.9777131383  60957.52
6080.03195140637  60772.09
6080.08618599576  61597.58
6080.14041690625  61219.25
6080.19464413761  61024.96
6080.24886768964  61202.12
6080.30308756213  61395.02
6080.35730375487  60780.8
6080.41151626763  60949.95
6080.46572510022  61216.89
6080.5199302524  61174.07
6080.57413172398  61294.07
6080.62832951474  60816.14
6080.68252362447  60408.35
6080.73671405295  60399.21
6080.79090079997  60412.69
6080.84508386533  61267.43
6080.8992632488  60935.39
6080.95343895017  60742.71
6081.00761096924  60491.2
6081.06177930578  60905.61
6081.11594395959  60578.07
6081.17010493046  61033.63
6081.22426221816  61246.68
6081.27841582251  60750.92
6081.33256574326  60849.46
6081.38671198022  60968.18
6081.44085453318  60819.66
6081.49499340191  60562.05
6081.54912858622  61038.21
6081.60326008588  60637.06
6081.65738790068  60229.56
6081.71151203042  60642.81
6081.76563247488  61101.99
6081.81974923385  60836.54
6081.87386230711  60943.38
6081.92797169446  60680.29
6081.98207739568  60838.68
6082.03617941057  60235.81
6082.0902777389  60835.94
6082.14437238047  61120.31
6082.19846333507  61148.28
6082.25255060248  60712.43
6082.30663418249  61420.75
6082.36071407489  60118.94
6082.41479027947  60687.46
6082.46886279602  60791.02
6082.52293162433  60886.96
6082.57699676418  61194.18
6082.63105821536  61133.32
6082.68511597766  60258.05
6082.73917005087  60779.91
6082.79322043479  60912.02
6082.84726712918  60323.61
6082.90131013386  60878.04
6082.9553494486  60962.52
6083.00938507319  60565.63
6083.06341700743  60731.86
6083.11744525109  60802.39
6083.17146980398  60863.86
6083.22549066587  60520.19
6083.27950783657  60662.05
6083.33352131584  60969.48
6083.3875311035  60378.74
6083.44153719932  60365.12
6083.49553960309  60750.92
6083.5495383146  60993.37
6083.60353333364  61025.64
6083.65752466001  60740.81
6083.71151229349  60707.93
6083.76549623386  60454.87
6083.81947648092  60495.67
6083.87345303446  60866.17
6083.92742589427  60718.86
6083.98139506013  61022.43
6084.03536053184  60703.64
6084.08932230918  60512.76
6084.14328039195  60878.67
6084.19723477993  60917.69
6084.25118547292  61516.07
6084.3051324707  60768.39
6084.35907577306  61228.6
6084.41301537979  61185.11
6084.46695129068  61219.81
6084.52088350552  60612.04
6084.57481202411  61084.75
6084.62873684623  60473.17
6084.68265797166  60648.16
6084.73657540021  60839.86
6084.79048913165  61566.3
6084.84439916578  61158.56
6084.8983055024  60935.05
6084.95220814128  60372.8
6085.00610708222  60974.35
6085.06000232502  60784.49
6085.11389386945  60855.87
6085.16778171531  60581.06
6085.22166586239  60237.93
6085.27554631048  60382.68
6085.32942305937  60485.44
6085.38329610885  60504.82
6085.43716545871  60950.47
6085.49103110874  60921.28
6085.54489305873  61412.59
6085.59875130847  60193.2
6085.65260585775  60822.77
6085.70645670637  60628.79
6085.7603038541  60837.28
6085.81414730075  60841.27
6085.8679870461  60766.16
6085.92182308995  60898.33
6085.97565543207  60977.83
6086.02948407227  60856.
6086.08330901034  60540.9
6086.13713024606  60122.22
6086.19094777923  60414.
6086.24476160964  60552.85
6086.29857173707  61258.39
6086.35237816132  60677.74
6086.40618088218  60881.13
6086.45997989944  61205.79
6086.5137752129  60783.39
6086.56756682233  60638.
6086.62135472753  61313.07
6086.6751389283  60651.03
6086.72891942443  60486.39
6086.7826962157  60206.02
6086.8364693019  60596.17
6086.89023868283  60930.91
6086.94400435829  60161.39
6086.99776632805  60940.43
6087.05152459191  61415.96
6087.10527914967  61019.48
6087.15903000111  61235.96
6087.21277714602  61288.25
6087.2665205842  60401.66
6087.32026031544  60857.65
6087.37399633952  60539.39
6087.42772865625  61350.86
6087.48145726541  60749.55
6087.53518216679  61144.8
6087.58890336018  60954.2
6087.64262084538  61207.65
6087.69633462219  60701.11
6087.75004469037  60332.46
6087.80375104974  60434.14
6087.85745370008  61265.62
6087.91115264119  61048.94
6087.96484787285  61277.03
6088.01853939486  60467.07
6088.07222720701  60761.22
6088.12591130909  61290.33
6088.1795917009  60431.32
6088.23326838222  61220.32
6088.28694135284  61042.29
6088.34061061257  60682.36
6088.39427616118  60745.7
6088.44793799848  61057.82
6088.50159612426  61241.45
6088.5552505383  60560.51
6088.6089012404  60574.98
6088.66254823035  60927.78
6088.71619150794  60901.9
6088.76983107298  60872.12
6088.82346692523  61080.82
6088.87709906451  60911.2
6088.93072749061  61227.59
6088.9843522033  60913.37
6089.03797320239  61334.38
6089.09159048768  60766.5
6089.14520405894  61144.34
6089.19881391599  61145.01
6089.25242005859  60410.78
6089.30602248656  61269.11
6089.35962119968  60526.02
6089.41321619775  60840.53
6089.46680748055  61224.97
6089.52039504788  60940.03
6089.57397889953  61143.18
6089.6275590353  60636.96
6089.68113545498  60996.37
6089.73470815836  60986.46
6089.78827714524  60547.98
6089.8418424154  60752.87
6089.89540396864  61162.29
6089.94896180475  61427.7
6090.00251592353  61034.12
6090.05606632477  60951.16
6090.10961300826  60881.92
6090.16315597379  60922.36
6090.21669522116  60886.08
6090.27023075017  60860.91
6090.32376256059  60764.03
6090.37729065224  60651.71
6090.43081502489  60688.96
6090.48433567835  61216.3
6090.53785261241  61179.64
6090.59136582685  61295.71
6090.64487532148  60077.43
6090.69838109609  61616.64
6090.75188315046  61035.21
6090.8053814844  60986.2
6090.8588760977  60785.61
6090.91236699015  61060.43
6090.96585416154  61928.17
6091.01933761167  61339.12
6091.07281734034  60977.21
6091.12629334733  60926.11
6091.17976563243  61247.06
6091.23323419546  61127.88
6091.28669903618  61061.75
6091.34016015441  60785.19
6091.39361754993  60711.56
6091.44707122254  61067.09
6091.50052117203  61093.25
6091.55396739819  60849.81
6091.60740990083  61007.38
6091.66084867973  61218.09
6091.71428373469  60902.3
6091.7677150655  61419.79
6091.82114267195  60788.35
6091.87456655384  61050.3
6091.92798671097  61188.96
6091.98140314313  60408.36
6092.0348158501  61080.08
6092.0882248317  61400.73
6092.1416300877  60906.82
6092.19503161791  61304.46
6092.24842942212  60929.84
6092.30182350013  60647.77
6092.35521385172  60784.39
6092.40860047669  60508.93
6092.46198337484  61296.5
6092.51536254596  61101.55
6092.56873798985  60756.06
6092.6221097063  60374.05
6092.6754776951  60848.13
6092.72884195606  61311.41
6092.78220248895  60870.09
6092.83555929359  61110.99
6092.88891236976  61280.17
6092.94226171726  60864.09
6092.99560733588  61130.81
6093.04894922542  60748.24
6093.10228738568  61151.08
6093.15562181644  60823.42
6093.2089525175  60781.6
6093.26227948867  60607.7
6093.31560272972  60864.9
6093.36892224046  61078.07
6093.42223802069  60830.64
6093.47555007019  60851.28
6093.52885838876  61178.52
6093.58216297621  61221.38
6093.63546383231  61114.17
6093.68876095688  60549.11
6093.7420543497  60504.57
6093.79534401057  60573.05
6093.84862993928  60850.11
6093.90191213563  60869.91
6093.95519059942  60172.18
6094.00846533043  60815.09
6094.06173632848  61020.77
6094.11500359334  60376.48
6094.16826712482  60652.56
6094.22152692271  60385.15
6094.27478298681  60855.89
6094.32803531692  60509.91
6094.38128391282  60445.01
6094.43452877432  60470.46
6094.48776990121  60814.02
6094.54100729328  60727.42
6094.59424095034  60826.48
6094.64747087217  60795.04
6094.70069705858  60107.75
6094.75391950935  60342.59
6094.8071382243  60704.81
6094.8603532032  60834.69
6094.91356444586  60648.05
6094.96677195207  60677.11
6095.01997572163  61012.48
6095.07317575434  60598.38
6095.12637204999  60373.44
6095.17956460838  60814.68
6095.2327534293  61064.81
6095.28593851254  60485.65
6095.33911985792  60871.93
6095.39229746522  61049.25
6095.44547133423  60990.74
6095.49864146476  60779.29
6095.5518078566  60652.75
6095.60497050955  60790.35
6095.6581294234  60740.39
6095.71128459795  60436.96
6095.764436033  60579.03
6095.81758372835  60570.34
6095.87072768378  60312.08
6095.9238678991  61251.84
6095.9770043741  60920.68
6096.03013710858  61040.73
6096.08326610234  61040.75
6096.13639135517  60708.86
6096.18951286686  60724.81
6096.24263063723  60703.13
6096.29574466606  61029.99
6096.34885495315  61127.75
6096.4019614983  60948.39
6096.4550643013  60891.2
6096.50816336195  61265.46
6096.56125868005  60929.5
6096.61435025539  60956.84
6096.66743808777  60867.29
6096.720522177  60584.37
6096.77360252286  60710.01
6096.82667912515  60501.43
6096.87975198367  60924.3
6096.93282109822  60850.45
6096.9858864686  60830.83
6097.03894809459  60761.12
6097.09200597601  61130.36
6097.14506011264  61194.16
6097.19811050429  61043.19
6097.25115715074  60413.32
6097.30420005181  60341.65
6097.35723920728  60602.55
6097.41027461695  60342.75
6097.46330628063  60412.86
6097.5163341981  60575.5
6097.56935836917  60651.05
6097.62237879364  60997.26
6097.67539547129  60356.02
6097.72840840194  61055.09
6097.78141758537  60834.47
6097.83442302138  60513.29
6097.88742470978  60633.21
6097.94042265036  60079.52
6097.99341684291  60852.91
6098.04640728724  60732.4
6098.09939398315  60357.92
6098.15237693042  60870.02
6098.20535612887  60869.35
6098.25833157828  60872.36
6098.31130327846  60956.1
6098.36427122921  60966.18
6098.41723543031  60737.29
6098.47019588158  61031.52
6098.5231525828  60637.83
6098.57610553378  60427.21
6098.62905473431  60761.57
6098.6820001842  60522.36
6098.73494188323  60295.27
6098.78787983122  60754.64
6098.84081402795  60722.99
6098.89374447323  60339.7
6098.94667116686  61174.88
6098.99959410862  60915.52
6099.05251329833  61157.
6099.10542873578  60576.98
6099.15834042077  59508.13
6099.21124835309  59972.68
6099.26415253255  60348.72
6099.31705295895  60051.93
6099.36994963208  61125.69
6099.42284255173  60478.43
6099.47573171772  60433.77
6099.52861712984  60967.12
6099.58149878789  60305.97
6099.63437669166  60558.13
6099.68725084096  60599.93
6099.74012123559  60573.76
6099.79298787533  60731.91
6099.84585076001  60558.55
6099.8987098894  60717.71
6099.95156526331  60155.68
6100.00441688154  60244.41
6100.0572647439  60581.71
6100.11010885017  60886.41
6100.16294920015  60127.95
6100.21578579366  60404.74
6100.26861863048  60214.44
6100.32144771041  60879.69
6100.37427303326  60147.62
6100.42709459882  60456.63
6100.47991240689  60786.33
6100.53272645728  60801.02
6100.58553674978  60630.29
6100.63834328419  61168.28
6100.69114606031  60395.04
6100.74394507794  60552.54
6100.79674033688  59993.05
6100.84953183693  60888.86
6100.90231957788  60359.4
6100.95510355955  60762.16
6101.00788378173  60768.75
6101.06066024421  60711.32
6101.1134329468  60851.85
6101.1662018893  60617.64
6101.21896707151  60249.72
6101.27172849322  60601.16
6101.32448615424  60772.14
6101.37724005437  60993.91
6101.4299901934  59998.82
6101.48273657114  60418.85
6101.53547918739  60513.02
6101.58821804195  60591.31
6101.64095313461  61180.3
6101.69368446518  60315.02
6101.74641203346  60212.44
6101.79913583924  60554.16
6101.85185588233  60247.91
6101.90457216253  60130.33
6101.95728467964  60277.65
6102.00999343346  60566.02
6102.06269842378  60248.42
6102.11539965042  60328.69
6102.16809711316  60702.92
6102.22079081182  60926.76
6102.27348074618  60983.71
6102.32616691606  61225.96
6102.37884932125  60889.23
6102.43152796155  60045.21
6102.48420283677  60247.51
6102.53687394669  60279.13
6102.58954129113  60401.25
6102.64220486989  60286.16
6102.69486468276  60353.14
6102.74752072955  60504.98
6102.80017301005  60176.46
6102.85282152407  60758.07
6102.90546627142  60521.39
6102.95810725188  60841.48
6103.01074446526  60535.36
6103.06337791136  60476.49
6103.11600758999  60655.87
6103.16863350094  60968.18
6103.22125564401  60131.55
6103.27387401901  60824.18
6103.32648862574  60804.43
6103.37909946399  60832.49
6103.43170653358  60753.92
6103.48430983429  60601.79
6103.53690936593  60783.29
6103.58950512831  60731.1
6103.64209712123  61052.01
6103.69468534447  60653.27
6103.74726979786  60610.48
6103.79985048118  60715.98
6103.85242739425  61245.34
6103.90500053685  60292.3
6103.9575699088  60739.44
6104.01013550989  60110.47
6104.06269733993  60798.14
6104.11525539872  60261.04
6104.16780968605  60600.39
6104.22036020174  60435.54
6104.27290694557  60547.26
6104.32544991737  60496.88
6104.37798911691  60446.19
6104.43052454402  60583.47
6104.48305619849  60236.71
6104.53558408011  60668.74
6104.58810818871  61178.49
6104.64062852406  61008.9
6104.69314508598  60305.11
6104.74565787428  59768.08
6104.79816688874  60747.04
6104.85067212918  60793.12
6104.90317359539  60703.69
6104.95567128718  60547.33
6105.00816520436  60675.3
6105.06065534671  60682.66
6105.11314171405  60445.12
6105.16562430617  60606.39
6105.21810312288  60749.91
6105.27057816398  60354.9
6105.32304942928  60596.45
6105.37551691857  60903.37
6105.42798063167  60472.68
6105.48044056836  60047.13
6105.53289672845  60479.2
6105.58534911175  60925.43
6105.63779771806  60785.78
6105.69024254718  60836.07
6105.74268359892  60335.22
6105.79512087307  60389.3
6105.84755436943  60736.41
6105.89998408782  60495.76
6105.95241002804  60208.28
6106.00483218988  60450.3
6106.05725057315  60798.7
6106.10966517765  60891.88
6106.16207600319  60947.28
6106.21448304957  60699.86
6106.26688631659  61007.14
6106.31928580405  60532.63
6106.37168151176  60405.28
6106.42407343953  60692.52
6106.47646158714  60429.2
6106.52884595441  60684.2
6106.58122654114  60656.3
6106.63360334714  61027.95
6106.6859763722  60948.59
6106.73834561613  60894.9
6106.79071107873  60761.83
6106.84307275981  60871.45
6106.89543065917  60891.55
6106.94778477661  60368.82
6107.00013511193  61035.32
6107.05248166495  60144.56
6107.10482443546  60511.32
6107.15716342326  60766.02
6107.20949862816  60522.34
6107.26183004997  60978.41
6107.31415768849  60468.34
6107.36648154352  60278.15
6107.41880161485  60249.22
6107.47111790231  60529.38
6107.52343040569  60590.27
6107.5757391248  60727.74
6107.62804405943  60551.46
6107.6803452094  60303.83
6107.73264257451  60529.54
6107.78493615455  60093.77
6107.83722594934  59602.51
6107.88951195868  60640.09
6107.94179418237  60656.88
6107.99407262022  60356.31
6108.04634727203  60603.11
6108.0986181376  59833.7
6108.15088521675  60468.15
6108.20314850926  60095.4
6108.25540801496  59661.54
6108.30766373363  60080.66
6108.35991566509  59887.88
6108.41216380914  60153.81
6108.46440816559  60408.62
6108.51664873423  60018.48
6108.56888551488  60057.33
6108.62111850733  60146.02
6108.6733477114  60347.87
6108.72557312688  60467.75
6108.77779475358  60538.26
6108.83001259131  60484.47
6108.88222663986  60452.98
6108.93443689906  60036.85
6108.98664336869  60173.13
6109.03884604856  59749.51
6109.09104493849  59852.17
6109.14324003826  60371.8
6109.1954313477  60268.14
6109.2476188666  59891.98
6109.29980259476  60848.54
6109.351982532  60116.13
6109.40415867811  60286.31
6109.45633103291  60619.85
6109.50849959619  60533.09
6109.56066436777  60669.31
6109.61282534744  60563.18
6109.66498253502  60347.44
6109.7171359303  60867.53
6109.7692855331  60740.5
6109.82143134321  60527.22
6109.87357336045  60332.4
6109.92571158461  60548.44
6109.97784601551  60749.05
6110.02997665295  59646.27
6110.08210349673  60718.08
6110.13422654665  60145.98
6110.18634580254  60381.22
6110.23846126418  60401.12
6110.29057293139  60066.57
6110.34268080397  59890.6
6110.39478488173  60599.95
6110.44688516447  60387.99
6110.49898165199  60264.34
6110.55107434411  60547.38
6110.60316324063  60338.02
6110.65524834135  60292.29
6110.70732964609  60187.84
6110.75940715463  60397.25
6110.8114808668  60211.66
6110.8635507824  60477.09
6110.91561690123  60511.17
6110.9676792231  60976.31
6111.01973774782  60636.26
6111.07179247518  60414.8
6111.12384340501  60274.97
6111.17589053709  60420.08
6111.22793387125  59906.49
6111.27997340728  60782.3
6111.33200914499  60565.05
6111.38404108419  60818.69
6111.43606922468  60485.72
6111.48809356627  60573.98
6111.54011410877  60071.85
6111.59213085198  60320.63
6111.64414379571  60379.44
6111.69615293976  60686.05
6111.74815828394  60305.43
6111.80015982806  60539.17
6111.85215757193  60422.79
6111.90415151534  60532.87
6111.95614165811  60419.13
6112.00812800005  61124.05
6112.06011054095  60228.68
6112.11208928064  59987.34
6112.1640642189  59838.84
6112.21603535555  60444.74
6112.2680026904  60035.
6112.31996622326  60672.94
6112.37192595392  60416.09
6112.4238818822  60376.41
6112.47583400791  59937.2
6112.52778233084  60301.57
6112.57972685081  60293.17
6112.63166756763  60204.85
6112.68360448109  60218.89
6112.73553759102  60655.53
6112.78746689721  60405.1
6112.83939239947  60508.88
6112.89131409761  60034.58
6112.94323199143  60297.65
6112.99514608075  60219.86
6113.04705636537  60532.79
6113.0989628451  60253.16
6113.15086551974  60849.43
6113.20276438911  61045.23
6113.254659453  60388.45
6113.30655071123  60318.42
6113.35843816361  60506.96
6113.41032180993  60613.02
6113.46220165002  59822.43
6113.51407768367  60147.84
6113.5659499107  60106.37
6113.61781833091  60648.32
6113.6696829441  60212.18
6113.7215437501  60591.59
6113.77340074869  60226.46
6113.8252539397  60770.41
6113.87710332293  60408.11
6113.92894889818  59834.86
6113.98079066528  59649.45
6114.03262862401  60134.01
6114.08446277419  60535.71
6114.13629311563  59867.04
6114.18811964814  60351.11
6114.23994237153  59542.56
6114.29176128559  60147.9
6114.34357639015  60038.02
6114.395387685  59813.58
6114.44719516996  60113.82
6114.49899884484  59988.99
6114.55079870943  60437.61
6114.60259476356  60166.22
6114.65438700703  59932.46
6114.70617543964  60360.64
6114.75796006121  60201.09
6114.80974087154  60098.12
6114.86151787044  59994.2
6114.91329105773  60109.38
6114.9650604332  60165.27
6115.01682599667  59941.57
6115.06858774794  60146.
6115.12034568683  59307.84
6115.17209981314  60167.25
6115.22385012668  59270.64
6115.27559662726  59881.52
6115.32733931469  59223.78
6115.37907818877  60153.75
6115.43081324932  59810.58
6115.48254449615  60270.3
6115.53427192905  60418.34
6115.58599554785  59992.52
6115.63771535235  59870.83
6115.68943134236  59794.18
6115.74114351768  60294.23
6115.79285187813  59945.68
6115.84455642352  60060.98
6115.89625715365  59868.41
6115.94795406834  60566.73
6115.99964716739  60235.32
6116.05133645061  60120.58
6116.10302191781  60113.54
6116.1547035688  59769.63
6116.20638140339  60204.71
6116.25805542139  60320.57
6116.30972562261  59177.73
6116.36139200685  59978.49
6116.41305457393  59985.79
6116.46471332365  59654.
6116.51636825583  59817.65
6116.56801937027  59860.34
6116.61966666679  59575.04
6116.67131014519  59912.24
6116.72294980528  60025.53
6116.77458564687  59688.02
6116.82621766978  60022.19
6116.8778458738  60134.47
6116.92947025875  59854.38
6116.98109082445  59942.28
6117.0327075707  59894.39
6117.0843204973  60049.66
6117.13592960408  60348.7
6117.18753489083  60044.79
6117.23913635738  60237.61
6117.29073400352  60162.15
6117.34232782907  59854.93
6117.39391783384  59857.38
6117.44550401763  59966.35
6117.49708638027  60343.18
6117.54866492155  60282.51
6117.6002396413  60355.98
6117.6518105393  59937.6
6117.70337761539  60342.08
6117.75494086937  60212.6
6117.80650030105  60050.2
6117.85805591024  60413.48
6117.90960769674  60735.83
6117.96115566037  60255.04
6118.01269980095  60375.27
6118.06424011827  60269.64
6118.11577661216  59973.49
6118.16730928241  60744.49
6118.21883812885  60209.34
6118.27036315128  60370.96
6118.32188434951  60144.62
6118.37340172335  59946.68
6118.42491527262  59886.26
6118.47642499712  59620.79
6118.52793089666  60024.27
6118.57943297106  60376.65
6118.63093122013  59847.26
6118.68242564367  60329.05
6118.7339162415  60126.39
6118.78540301343  60396.55
6118.83688595926  60056.96
6118.88836507882  60007.69
6118.9398403719  60035.31
6118.99131183833  60156.08
6119.04277947791  60245.33
6119.09424329045  60505.63
6119.14570327577  60031.65
6119.19715943367  60450.16
6119.24861176397  60315.31
6119.30006026648  60188.61
6119.351504941  60633.31
6119.40294578736  60589.62
6119.45438280535  60466.92
6119.5058159948  60627.05
6119.55724535551  59972.72
6119.6086708873  60526.49
6119.66009258997  60216.5
6119.71151046334  60135.03
6119.76292450722  59967.94
6119.81433472142  60433.52
6119.86574110575  59873.37
6119.91714366003  60172.64
6119.96854238406  60259.65
6120.01993727765  60145.74
6120.07132834063  60537.11
6120.12271557279  60054.27
6120.17409897395  60715.43
6120.22547854393  60490.71
6120.27685428253  60191.71
6120.32822618957  60002.84
6120.37959426485  59967.85
6120.4309585082  60293.93
6120.48231891942  60061.61
6120.53367549832  59041.95
6120.58502824471  60631.88
6120.63637715842  60350.39
6120.68772223924  59989.91
6120.739063487  60275.9
6120.79040090149  60104.78
6120.84173448255  59929.56
6120.89306422997  60203.96
6120.94439014357  60075.01
6120.99571222317  60140.23
6121.04703046857  59991.73
6121.09834487958  60374.61
6121.14965545602  59876.12
6121.20096219771  59371.05
6121.25226510444  59113.82
6121.30356417605  59360.
6121.35485941233  59820.11
6121.4061508131  59650.02
6121.45743837818  59932.11
6121.50872210737  60053.41
6121.56000200049  59166.79
6121.61127805735  59551.5
6121.66255027776  59082.06
6121.71381866154  59728.14
6121.7650832085  59653.87
6121.81634391844  59502.64
6121.8676007912  59674.81
6121.91885382656  59637.03
6121.97010302436  59428.83
6122.0213483844  60103.39
6122.0725899065  59320.54
6122.12382759046  59725.16
6122.17506143611  60043.72
6122.22629144325  59408.83
6122.27751761169  59977.07
6122.32873994126  60057.45
6122.37995843175  60215.8
6122.431173083  59876.27
6122.4823838948  60280.91
6122.53359086698  59555.61
6122.58479399934  59975.14
6122.6359932917  60351.96
6122.68718874387  60489.66
6122.73838035567  60238.66
6122.7895681269  60782.57
6122.84075205739  60176.61
6122.89193214694  60380.63
6122.94310839538  59958.49
6122.9942808025  59969.19
6123.04544936813  60654.95
6123.09661409208  60356.65
6123.14777497416  59892.13
6123.19893201419  59980.72
6123.25008521197  60331.34
6123.30123456733  59839.55
6123.35238008008  60027.19
6123.40352175003  60109.94
6123.45465957699  60116.74
6123.50579356078  61034.02
6123.55692370122  60050.63
6123.6080499981  60555.69
6123.65917245126  60554.71
6123.71029106051  60308.54
6123.76140582565  60215.2
6123.8125167465  59784.79
6123.86362382287  60614.88
6123.91472705459  60290.4
6123.96582644146  60299.83
6124.0169219833  60463.57
6124.06801367992  60619.71
6124.11910153114  59739.15
6124.17018553676  60296.22
6124.22126569661  60954.88
6124.2723420105  60213.58
6124.32341447825  60506.96
6124.37448309966  60513.78
6124.42554787455  60177.82
6124.47660880273  59888.48
6124.52766588403  60563.11
6124.57871911825  60421.62
6124.62976850522  60148.54
6124.68081404473  60360.44
6124.73185573661  60708.17
6124.78289358068  60292.57
6124.83392757675  60330.68
6124.88495772462  60026.59
6124.93598402413  60657.4
6124.98700647507  60520.95
6125.03802507727  60114.05
6125.08903983055  60323.49
6125.1400507347  60198.71
6125.19105778957  60145.28
6125.24206099494  60585.69
6125.29306035065  60352.58
6125.3440558565  60118.7
6125.39504751231  60344.86
6125.4460353179  60242.34
6125.49701927307  60046.36
6125.54799937765  59898.71
6125.59897563146  60118.41
6125.6499480343  60313.18
6125.70091658599  60524.03
6125.75188128635  60580.4
6125.80284213519  59861.15
6125.85379913232  60597.92
6125.90475227757  60289.71
6125.95570157074  60288.68
6126.00664701166  60337.47
6126.05758860013  59562.8
6126.10852633598  59904.61
6126.15946021901  59975.77
6126.21039024906  60071.09
6126.26131642592  60438.09
6126.31223874941  60128.05
6126.36315721936  60695.89
6126.41407183557  60601.96
6126.46498259787  60220.29
6126.51588950607  59646.52
6126.56679255997  59572.06
6126.61769175941  59643.13
6126.66858710419  60603.31
6126.71947859413  59745.15
6126.77036622906  59545.69
6126.82125000877  60058.09
6126.87212993309  59636.65
6126.92300600184  60093.78
6126.97387821483  59592.86
6127.02474657187  59829.85
6127.07561107279  60076.9
6127.12647171739  60106.43
6127.1773285055  60341.68
6127.22818143693  60078.66
6127.2790305115  60231.24
6127.32987572902  59745.36
6127.38071708931  60384.14
6127.43155459218  59941.52
6127.48238823746  59590.96
6127.53321802496  60267.27
6127.58404395449  60255.27
6127.63486602588  59750.38
6127.68568423893  59772.07
6127.73649859346  60521.61
6127.7873090893  60212.02
6127.83811572625  59789.64
6127.88891850413  59707.09
6127.93971742277  59979.14
6127.99051248197  60177.41
6128.04130368156  59727.87
6128.09209102135  60151.92
6128.14287450115  60273.49
6128.19365412079  60326.88
6128.24442988008  60031.18
6128.29520177884  60352.72
6128.34596981688  60535.06
6128.39673399402  59933.68
6128.44749431008  60182.44
6128.49825076487  59262.5
6128.54900335821  60132.61
6128.59975208993  60213.64
6128.65049695983  59802.8
6128.70123796774  60530.7
6128.75197511346  60542.25
6128.80270839682  59991.44
6128.85343781764  60186.79
6128.90416337573  59886.75
6128.9548850709  60149.59
6129.00560290299  60327.09
6129.05631687179  60317.07
6129.10702697714  60331.34
6129.15773321885  60190.79
6129.20843559673  60216.55
6129.2591341106  60131.25
6129.30982876029  60357.06
6129.3605195456  60706.91
6129.41120646636  59631.9
6129.46188952238  60132.85
6129.51256871349  60427.04
6129.56324403949  59569.32
6129.61391550021  60134.8
6129.66458309546  59806.4
6129.71524682506  60272.64
6129.76590668883  60416.46
6129.81656268659  60486.98
6129.86721481816  59996.86
6129.91786308334  60398.19
6129.96850748197  60524.04
6130.01914801386  60469.15
6130.06978467882  60213.56
6130.12041747668  59818.11
6130.17104640725  60573.32
6130.22167147035  60611.47
6130.2722926658  60528.51
6130.32290999341  60463.54
6130.37352345301  60304.8
6130.42413304442  60866.98
6130.47473876745  60168.24
6130.52534062191  60146.22
6130.57593860763  60057.23
6130.62653272443  60251.55
6130.67712297213  60053.
6130.72770935053  60496.4
6130.77829185947  60579.9
6130.82887049876  60825.43
6130.87944526822  60582.71
6130.93001616766  60858.53
6130.98058319691  60424.73
6131.03114635578  60389.22
6131.0817056441  60286.91
6131.13226106167  60578.01
6131.18281260833  60912.55
6131.23336028388  60714.71
6131.28390408816  60825.35
6131.33444402097  60253.25
6131.38498008213  60039.86
6131.43551227147  60371.34
6131.48604058879  60448.25
6131.53656503394  60596.87
6131.58708560671  60363.37
6131.63760230693  60107.19
6131.68811513442  61062.7
6131.73862408899  61349.07
6131.78912917048  60387.82
6131.83963037869  60923.06
6131.89012771344  60786.81
6131.94062117456  60743.77
6131.99111076186  61006.91
6132.04159647516  60836.41
6132.09207831429  60932.62
6132.14255627905  60807.03
6132.19303036927  60794.65
6132.24350058478  60636.93
6132.29396692538  60063.05
6132.3444293909  61151.19
6132.39488798117  60640.68
6132.44534269598  60304.12
6132.49579353518  59941.79
6132.54624049857  60395.71
6132.59668358597  60510.59
6132.64712279721  60943.91
6132.69755813211  60923.98
6132.74798959048  60216.9
6132.79841717215  60427.79
6132.84884087693  60693.63
6132.89926070464  60433.95
6132.94967665511  60081.51
6133.00008872816  60781.42
6133.05049692359  60367.23
6133.10090124124  60377.44
6133.15130168092  59650.8
6133.20169824246  60238.04
6133.25209092567  60207.09
6133.30247973038  60211.07
6133.35286465639  60078.37
6133.40324570354  60036.39
6133.45362287165  60665.09
6133.50399616053  60157.96
6133.55436557  61031.05
6133.60473109989  60324.07
6133.65509275001  60215.81
6133.70545052019  59866.92
6133.75580441024  60523.73
6133.80615441999  59977.7
6133.85650054925  60411.57
6133.90684279785  60385.25
6133.95718116561  60900.01
6134.00751565234  60691.64
6134.05784625788  60471.12
6134.10817298203  60981.28
6134.15849582462  60399.37
6134.20881478547  61007.27
6134.2591298644  60720.09
6134.30944106123  60647.05
6134.35974837579  60862.57
6134.41005180789  60174.88
6134.46035135734  60248.19
6134.51064702399  60386.95
6134.56093880764  61062.54
6134.61122670812  60563.27
6134.66151072524  60365.43
6134.71179085883  60377.71
6134.7620671087  60683.61
6134.81233947469  60645.63
6134.86260795661  59925.68
6134.91287255428  60728.53
6134.96313326753  60256.39
6135.01339009617  60526.49
6135.06364304002  60046.93
6135.11389209891  60446.14
6135.16413727266  60450.76
6135.21437856109  60624.82
6135.26461596401  60356.14
6135.31484948126  59862.2
6135.36507911266  60124.27
6135.41530485801  60455.48
6135.46552671716  59946.52
6135.51574468991  59913.55
6135.56595877609  60284.32
6135.61616897552  60699.86
6135.66637528802  60202.12
6135.71657771341  60300.8
6135.76677625152  60033.
6135.81697090217  60466.21
6135.86716166518  60478.21
6135.91734854036  60447.94
6135.96753152755  60115.23
6136.01771062656  59986.08
6136.06788583722  60046.
6136.11805715935  59706.64
6136.16822459276  60426.42
6136.21838813729  60398.68
6136.26854779275  60037.25
6136.31870355897  59986.
6136.36885543576  60032.62
6136.41900342295  59998.05
6136.46914752036  60042.85
6136.51928772782  60814.85
6136.56942404514  60230.32
6136.61955647215  59793.8
6136.66968500867  60700.87
6136.71980965453  60604.93
6136.76993040954  60802.39
6136.82004727352  59797.71
6136.87016024631  60264.02
6136.92026932771  60250.91
6136.97037451756  60396.99
6137.02047581568  60591.2
6137.07057322189  60214.39
6137.120666736  60251.29
6137.17075635786  60081.54
6137.22084208727  59977.67
6137.27092392405  59783.14
6137.32100186804  60122.01
6137.37107591906  60327.27
6137.42114607692  60228.12
6137.47121234145  60221.18
6137.52127471248  60035.98
6137.57133318982  60122.87
6137.6213877733  60552.57
6137.67143846274  59943.9
6137.72148525796  60903.33
6137.77152815879  60093.65
6137.82156716505  59272.73
6137.87160227657  60149.76
6137.92163349316  59919.25
6137.97166081465  59995.61
6138.02168424086  60550.65
6138.07170377162  60296.38
6138.12171940675  60680.52
6138.17173114606  60575.88
6138.2217389894  60732.12
6138.27174293657  60528.1
6138.3217429874  60173.75
6138.37173914172  60174.51
6138.42173139935  59767.99
6138.47171976011  60156.21
6138.52170422382  60158.86
6138.57168479031  60485.57
6138.6216614594  60974.81
6138.67163423092  60393.14
6138.72160310469  60638.9
6138.77156808053  60691.89
6138.82152915827  61002.46
6138.87148633773  60673.41
6138.92143961873  60583.32
6138.97138900109  60210.19
6139.02133448465  60485.1
6139.07127606923  60393.13
6139.12121375464  60068.59
6139.17114754071  60623.05
6139.22107742728  60677.41
6139.27100341414  60490.04
6139.32092550115  60962.
6139.37084368812  60289.25
6139.42075797486  60445.43
6139.47066836121  60484.89
6139.520574847  60524.86
6139.57047743203  60604.29
6139.62037611615  60258.13
6139.67027089917  60316.53
6139.72016178091  60398.19
6139.77004876121  60363.71
6139.81993183988  60246.46
6139.86981101675  60695.46
6139.91968629164  60897.89
6139.96955766439  60385.28
6140.0194251348  60077.43
6140.06928870272  60575.51
6140.11914836795  60887.36
6140.16900413033  60624.92
6140.21885598968  60313.66
6140.26870394583  60427.11
6140.3185479986  60156.63
6140.36838814781  60328.98
6140.41822439329  60325.35
6140.46805673486  60192.81
6140.51788517236  60522.11
6140.56770970559  60362.12
6140.61753033439  60063.95
6140.66734705859  60384.16
6140.71715987801  60601.11
6140.76696879246  59773.78
6140.81677380179  60500.96
6140.86657490581  59516.3
6140.91637210434  60760.8
6140.96616539722  60804.27
6141.01595478426  60504.27
6141.0657402653  60153.73
6141.11552184015  59953.27
6141.16529950865  60373.44
6141.21507327061  60061.75
6141.26484312587  60340.62
6141.31460907425  60104.18
6141.36437111557  59616.71
6141.41412924966  59900.65
6141.46388347634  60740.96
6141.51363379545  60005.62
6141.5633802068  60134.68
6141.61312271022  60473.32
6141.66286130553  60445.46
6141.71259599257  60425.25
6141.76232677115  59618.09
6141.81205364111  60621.73
6141.86177660226  60408.32
6141.91149565444  60288.59
6141.96121079747  60826.24
6142.01092203117  59525.86
6142.06062935538  60477.25
6142.11033276991  60452.72
6142.16003227459  60115.71
6142.20972786925  60703.98
6142.25941955372  60982.95
6142.30910732782  60318.86
6142.35879119137  59812.7
6142.4084711442  60382.17
6142.45814718614  60059.69
6142.50781931702  60518.58
6142.55748753665  59835.18
6142.60715184488  59776.76
6142.65681224151  60334.24
6142.70646872638  60867.2
6142.75612129932  59949.46
6142.80576996015  60892.51
6142.85541470869  61017.95
6142.90505554478  60025.74
6142.95469246824  60636.21
6143.00432547889  60257.91
6143.05395457657  60268.04
6143.10357976109  60044.05
6143.15320103229  59933.72
6143.20281838999  60235.56
6143.25243183402  59615.83
6143.30204136421  60138.02
6143.35164698037  60122.47
6143.40124868235  60201.32
6143.45084646995  59690.35
6143.50044034302  60021.91
6143.55003030138  59663.94
6143.59961634485  59431.67
6143.64919847327  60428.61
6143.69877668645  60478.62
6143.74835098422  60340.79
6143.79792136642  60195.73
6143.84748783287  60018.91
6143.89705038339  60119.31
6143.94660901782  59959.7
6143.99616373597  59855.37
6144.04571453768  59762.25
6144.09526142278  59794.36
6144.14480439108  59671.71
6144.19434344243  60085.43
6144.24387857664  60530.55
6144.29340979354  59798.76
6144.34293709296  59105.43
6144.39246047473  59911.57
6144.44197993867  60469.21
6144.49149548461  59585.06
6144.54100711239  60501.45
6144.59051482181  60270.85
6144.64001861273  59690.76
6144.68951848495  60180.86
6144.73901443831  60254.09
6144.78850647264  59237.21
6144.83799458776  60046.8
6144.8874787835  60451.55
6144.93695905969  59904.54
6144.98643541616  59874.15
6145.03590785273  60218.45
6145.08537636924  60322.75
6145.1348409655  59941.38
6145.18430164135  60397.63
6145.23375839661  60246.1
6145.28321123112  60707.4
6145.3326601447  60297.85
6145.38210513718  60537.55
6145.43154620838  60314.93
6145.48098335814  59917.91
6145.53041658628  60322.68
6145.57984589264  60569.03
6145.62927127703  60727.6
6145.67869273929  60229.64
6145.72811027924  60592.21
6145.77752389672  60478.91
6145.82693359154  60401.18
6145.87633936355  60135.96
6145.92574121256  60200.23
6145.97513913842  60024.84
6146.02453314093  60736.62
6146.07392321994  60931.69
6146.12330937527  60782.77
6146.17269160675  60331.52
6146.22206991421  60655.16
6146.27144429747  60409.16
6146.32081475637  59456.2
6146.37018129073  60793.61
6146.41954390039  59815.44
6146.46890258516  60206.3
6146.51825734489  59584.89
6146.56760817939  60354.5
6146.6169550885  59930.3
6146.66629807205  60696.21
6146.71563712986  59989.64
6146.76497226176  60537.3
6146.81430346759  59605.06
6146.86363074717  59232.65
6146.91295410033  58948.58
6146.96227352689  58985.53
6147.0115890267  58765.57
6147.06090059957  58862.75
6147.11020824533  58761.57
6147.15951196383  59468.46
6147.20881175487  58692.09
6147.2581076183  59195.9
6147.30739955394  59117.
6147.35668756163  58547.23
6147.40597164118  58654.9
6147.45525179243  58618.01
6147.50452801522  58936.53
6147.55380030936  59462.07
6147.60306867469  59481.05
6147.65233311104  59874.62
6147.70159361823  59499.3
6147.7508501961  59943.74
6147.80010284448  60106.34
6147.84935156319  59977.51
6147.89859635207  59431.73
6147.94783721094  59952.33
6147.99707413964  59941.47
6148.04630713799  59630.61
6148.09553620583  59485.48
6148.14476134298  60027.57
6148.19398254926  60512.36
6148.24319982453  59772.33
6148.2924131686  59922.91
6148.34162258129  58810.4
6148.39082806246  59286.64
6148.44002961191  59247.26
6148.48922722948  59212.88
6148.53842091501  58746.94
6148.58761066832  58670.03
6148.63679648924  58728.53
6148.68597837761  58948.26
6148.73515633325  58613.21
6148.78433035599  58542.45
6148.83350044566  59018.46
6148.8826666021  58919.59
6148.93182882513  59124.68
6148.98098711459  59160.34
6149.03014147029  59801.01
6149.07929189209  59835.61
6149.12843837979  59870.13
6149.17758093324  60431.26
6149.22671955227  59263.08
6149.27585423671  60336.48
6149.32498498637  60184.76
6149.37411180111  59707.51
6149.42323468075  59826.39
6149.47235362511  60098.61
6149.52146863403  59229.74
6149.57057970734  60221.46
6149.61968684487  60235.11
6149.66879004646  60335.88
6149.71788931192  60276.35
6149.7669846411  60195.09
6149.81607603382  59897.18
6149.86516348991  60061.25
6149.91424700921  60410.13
6149.96332659154  60204.03
6150.01240223675  60291.44
6150.06147394465  59246.23
6150.11054171508  60263.59
6150.15960554787  60119.37
6150.20866544285  59611.32
6150.25772139985  60166.6
6150.30677341871  59972.66
6150.35582149925  60062.82
6150.40486564131  60079.93
6150.45390584471  60078.85
6150.50294210929  59371.86
6150.55197443489  59888.31
6150.60100282132  59897.46
6150.65002726842  59975.5
6150.69904777603  59692.79
6150.74806434398  60020.16
6150.79707697209  60217.06
6150.8460856602  59801.23
6150.89509040814  59623.91
6150.94409121574  60154.82
6150.99308808284  60041.95
6151.04208100926  59955.8
6151.09106999483  59998.86
6151.1400550394  59961.29
6151.18903614278  60053.79
6151.23801330481  60690.94
6151.28698652533  60578.96
6151.33595580417  60259.06
6151.38492114115  60290.33
6151.43388253611  60164.99
6151.48283998888  59699.4
6151.53179349929  59912.93
6151.58074306718  60661.25
6151.62968869238  60007.9
6151.67863037471  60124.61
6151.72756811402  60205.82
6151.77650191013  60531.97
6151.82543176287  60120.6
6151.87435767208  60255.22
6151.9232796376  59616.61
6151.97219765924  60545.74
6152.02111173685  59436.21
6152.07002187026  60332.12
6152.11892805929  60179.29
6152.16783030379  60075.34
6152.21672860358  59998.82
6152.26562295849  59946.46
6152.31451336837  59578.25
6152.36339983303  60584.5
6152.41228235232  59851.36
6152.46116092607  60469.44
6152.51003555411  60035.17
6152.55890623626  59834.14
6152.60777297238  59410.12
6152.65663576228  60022.41
6152.7054946058  59625.61
6152.75434950277  60181.62
6152.80320045302  59504.15
6152.8520474564  59862.05
6152.90089051273  59866.99
6152.94972962184  59369.2
6152.99856478357  59770.98
6153.04739599775  59510.41
6153.09622326421  60148.86
6153.14504658279  60194.41
6153.19386595332  59748.67
6153.24268137563  60395.02
6153.29149284955  59697.74
6153.34030037492  59954.38
6153.38910395158  59843.86
6153.43790357935  59914.94
6153.48669925807  59650.39
6153.53549098757  59320.71
6153.58427876769  60418.44
6153.63306259825  59693.59
6153.6818424791  59598.3
6153.73061841006  59857.29
6153.77939039097  59626.65
6153.82815842166  59813.05
6153.87692250196  60143.61
6153.92568263172  59719.59
6153.97443881076  59554.59
6154.02319103892  59361.34
6154.07193931602  59998.34
6154.12068364191  59869.73
6154.16942401642  59709.3
6154.21816043938  59378.44
6154.26689291062  60094.26
6154.31562142998  59525.53
6154.3643459973  60193.63
6154.4130666124  60144.46
6154.46178327512  59747.98
6154.5104959853  59895.07
6154.55920474277  59744.18
6154.60790954736  60625.46
6154.6566103989  59683.73
6154.70530729723  60464.34
6154.75400024219  58598.29
6154.80268923361  59919.42
6154.85137427133  59754.79
6154.90005535516  59565.13
6154.94873248496  58895.06
6154.99740566056  58496.8
6155.04607488179  58889.49
6155.09474014848  58029.22
6155.14340146047  58148.87
6155.19205881759  57681.92
6155.24071221969  58108.23
6155.28936166658  57281.17
6155.33800715811  58423.87
6155.38664869411  57854.8
6155.43528627441  57646.9
6155.48391989886  57689.78
6155.53254956729  56970.82
6155.58117527952  57356.69
6155.62979703539  57420.38
6155.67841483475  57420.48
6155.72702867742  58111.51
6155.77563856324  57301.07
6155.82424449204  57441.34
6155.87284646366  57392.62
6155.92144447793  57293.1
6155.97003853469  56968.03
6156.01862863378  56437.23
6156.06721477502  55956.41
6156.11579695825  56198.42
6156.16437518332  56120.09
6156.21294945004  56091.04
6156.26151975827  56412.33
6156.31008610783  55787.46
6156.35864849856  56289.39
6156.40720693029  56751.26
6156.45576140286  57088.4
6156.5043119161  56883.92
6156.55285846986  57170.61
6156.60140106396  58260.6
6156.64993969824  58753.96
6156.69847437254  58537.48
6156.74700508669  60152.7
6156.79553184052  59218.6
6156.84405463388  58752.24
6156.8925734666  59190.64
6156.94108833851  58687.24
6156.98959924945  59427.71
6157.03810619925  59779.83
6157.08660918776  59478.23
6157.1351082148  59430.25
6157.18360328021  58407.38
6157.23209438383  58415.77
6157.28058152549  57886.46
6157.32906470503  56811.51
6157.37754392229  56377.19
6157.4260191771  55507.41
6157.4744904693  55779.45
6157.52295779872  54744.09
6157.57142116519  54987.01
6157.61988056857  55243.25
6157.66833600867  55207.14
6157.71678748534  55070.09
6157.76523499842  55167.98
6157.81367854773  54746.83
6157.86211813312  56255.
6157.91055375443  56490.64
6157.95898541147  57005.5
6158.00741310411  56669.97
6158.05583683216  57981.45
6158.10425659548  58761.7
6158.15267239388  59188.59
6158.20108422722  59152.57
6158.24949209532  59740.22
6158.29789599803  59310.89
6158.34629593517  59982.35
6158.39469190659  59560.46
6158.44308391213  60399.73
6158.49147195161  60446.64
6158.53985602488  60053.07
6158.58823613177  59920.12
6158.63661227212  59818.89
6158.68498444576  59883.71
6158.73335265254  60082.41
6158.78171689229  59798.77
6158.83007716485  60283.12
6158.87843347004  59686.43
6158.92678580772  60151.84
6158.97513417772  59744.36
6159.02347857987  60200.75
6159.07181901401  59796.46
6159.12015547998  59379.21
6159.16848797761  60124.81
6159.21681650675  59993.83
6159.26514106723  59914.7
6159.31346165888  59274.11
6159.36177828154  59058.34
6159.41009093506  60165.11
6159.45839961927  59706.
6159.506704334  59730.34
6159.55500507909  59830.4
6159.60330185439  60030.26
6159.65159465972  59943.61
6159.69988349493  59622.01
6159.74816835985  60171.07
6159.79644925432  59480.68
6159.84472617818  59375.25
6159.89299913126  59591.96
6159.94126811341  60001.37
6159.98953312446  59781.08
6160.03779416424  59846.7
6160.0860512326  59897.88
6160.13430432938  59521.09
6160.1825534544  59651.73
6160.23079860752  60205.51
6160.27903978856  60218.12
6160.32727699737  59876.07
6160.37551023378  59962.05
6160.42373949762  60074.76
6160.47196478875  59757.18
6160.520186107  59893.79
6160.5684034522  60140.57
6160.61661682419  59899.75
6160.66482622281  59514.22
6160.7130316479  59556.34
6160.7612330993  60341.71
6160.80943057684  59512.11
6160.85762408037  59563.27
6160.90581360971  59826.7
6160.95399916472  59560.7
6161.00218074523  59302.81
6161.05035835107  59675.57
6161.09853198209  59336.42
6161.14670163812  59847.41
6161.194867319  59565.04
6161.24302902457  59789.37
6161.29118675467  59555.31
6161.33934050914  59538.39
6161.38749028781  59325.42
6161.43563609053  58961.65
6161.48377791713  58808.58
6161.53191576745  59288.28
6161.58004964133  59709.29
6161.62817953861  58858.72
6161.67630545913  59437.82
6161.72442740273  59879.17
6161.77254536924  58938.58
6161.82065935851  59576.26
6161.86876937037  59303.64
6161.91687540466  59154.53
6161.96497746122  59706.91
6162.01307553989  59122.61
6162.06116964051  60186.55
6162.10925976292  59782.95
6162.15734590696  60104.72
6162.20542807246  59353.93
6162.25350625927  60450.54
6162.30158046722  60233.52
6162.34965069616  59508.68
6162.39771694592  59386.96
6162.44577921634  59708.5
6162.49383750727  60220.29
6162.54189181853  59635.45
6162.58994214998  59689.47
6162.63798850144  60254.98
6162.68603087277  60231.
6162.73406926379  60302.14
6162.78210367435  60546.2
6162.83013410429  60345.97
6162.87816055345  59298.69
6162.92618302167  59977.78
6162.97420150878  59806.48
6163.02221601462  60324.5
6163.07022653905  59913.96
6163.11823308189  59553.39
6163.16623564298  60095.19
6163.21423422217  59914.71
6163.2622288193  60441.77
6163.3102194342  60254.93
6163.35820606672  59610.59
6163.40618871669  59751.49
6163.45416738395  60591.25
6163.50214206835  60233.98
6163.55011276973  59997.31
6163.59807948792  60421.28
6163.64604222277  60054.14
6163.69400097411  60279.84
6163.74195574178  59873.5
6163.78990652563  59960.27
6163.8378533255  59958.03
6163.88579614122  60133.98
6163.93373497264  59761.46
6163.9816698196  59832.56
6164.02960068193  59653.52
6164.07752755949  59716.94
6164.1254504521  59249.23
6164.1733693596  59862.8
6164.22128428185  60070.41
6164.26919521867  59350.59
6164.31710216992  60018.7
6164.36500513542  60445.28
6164.41290411503  60086.07
6164.46079910858  59638.54
6164.50869011591  59382.28
6164.55657713686  59682.62
6164.60446017128  59568.3
6164.652339219  60156.43
6164.70021427987  59411.32
6164.74808535372  59514.84
6164.7959524404  60068.59
6164.84381553975  60095.86
6164.89167465161  60178.12
6164.93952977582  59987.53
6164.98738091221  59860.9
6165.03522806064  59635.76
6165.08307122095  59814.59
6165.13091039297  60591.04
6165.17874557654  60130.05
6165.22657677151  59388.02
6165.27440397772  59679.02
6165.322227195  60042.6
6165.37004642321  59772.11
6165.41786166218  59663.66
6165.46567291175  59749.93
6165.51348017176  59570.21
6165.56128344206  59901.71
6165.60908272249  60125.78
6165.65687801289  59143.07
6165.70466931309  60017.59
6165.75245662295  59292.46
6165.8002399423  59893.82
6165.84801927099  59488.31
6165.89579460885  59571.99
6165.94356595573  59631.79
6165.99133331147  59303.45
6166.0390966759  60221.42
6166.08685604889  59629.71
6166.13461143025  59828.67
6166.18236281985  60477.75
6166.23011021751  59696.22
6166.27785362309  59353.27
6166.32559303641  59470.11
6166.37332845733  60199.15
6166.42105988569  59747.98
6166.46878732132  59789.36
6166.51651076408  59591.48
6166.5642302138  59403.8
6166.61194567032  59614.27
6166.65965713349  59756.7
6166.70736460314  60213.96
6166.75506807913  60201.35
6166.80276756129  59874.14
6166.85046304947  59396.65
6166.89815454351  59538.82
6166.94584204324  59181.14
6166.99352554852  60007.56
6167.04120505918  59935.36
6167.08888057507  59214.58
6167.13655209603  59520.28
6167.1842196219  60184.
6167.23188315253  60126.32
6167.27954268776  59933.43
6167.32719822742  59771.84
6167.37484977137  59872.89
6167.42249731944  59783.5
6167.47014087148  60261.64
6167.51778042733  60269.48
6167.56541598684  59468.84
6167.61304754984  59361.94
6167.66067511618  59727.5
6167.7082986857  60199.27
6167.75591825825  59923.82
6167.80353383366  60269.86
6167.85114541179  60585.13
6167.89875299247  59888.85
6167.94635657555  60192.63
6167.99395616087  59817.07
6168.04155174827  59949.74
6168.08914333759  59802.17
6168.13673092869  59982.06
6168.18431452139  59964.89
6168.23189411556  59440.08
6168.27946971102  60038.7
6168.32704130762  59465.23
6168.37460890521  59374.88
6168.42217250363  59892.64
6168.46973210272  59501.33
6168.51728770233  59595.88
6168.56483930229  60072.94
6168.61238690246  60364.75
6168.65993050268  60202.94
6168.70747010278  60084.34
6168.75500570261  60690.05
6168.80253730203  59558.21
6168.85006490086  59653.86
6168.89758849896  59578.37
6168.94510809616  60461.27
6168.99262369232  60437.05
6169.04013528727  59958.47
6169.08764288086  59758.48
6169.13514647294  59819.47
6169.18264606334  59889.46
6169.23014165191  59262.62
6169.2776332385  59822.93
6169.32512082294  59532.91
6169.37260440509  59151.71
6169.42008398478  59795.03
6169.46755956187  60196.46
6169.51503113619  60133.03
6169.56249870758  59978.98
6169.6099622759  59944.33
6169.65742184099  59375.58
6169.70487740269  60310.88
6169.75232896085  60176.31
6169.7997765153  60358.32
6169.84722006591  60031.63
6169.89465961249  59959.17
6169.94209515492  60279.02
6169.98952669301  60078.68
6170.03695422663  59704.66
6170.08437775562  60148.81
6170.13179727982  60049.64
6170.17921279907  60490.6
6170.22662431323  59985.71
6170.27403182213  60150.24
6170.32143532561  59558.09
6170.36883482354  60451.51
6170.41623031574  60045.22
6170.46362180206  60114.41
6170.51100928236  60837.64
6170.55839275646  59617.36
6170.60577222422  59695.71
6170.65314768549  59962.25
6170.7005191401  60167.81
6170.74788658791  59577.07
6170.79525002875  60026.92
6170.84260946248  60060.43
6170.88996488893  59525.41
6170.93731630796  60393.62
6170.9846637194  60243.04
6171.03200712311  59448.35
6171.07934651893  59646.13
6171.1266819067  60042.15
6171.17401328626  59753.76
6171.22134065747  59436.84
6171.26866402017  59989.95
6171.31598337421  59943.12
6171.36329871942  59264.31
6171.41061005566  59797.52
6171.45791738277  59871.99
6171.5052207006  59397.45
6171.55252000899  60648.08
6171.59981530778  60580.47
6171.64710659683  60458.7
6171.69439387598  60335.25
6171.74167714507  59885.94
6171.78895640394  60121.23
6171.83623165246  59724.79
6171.88350289045  60692.16
6171.93077011777  59766.99
6171.97803333427  60009.01
6172.02529253978  60251.27
6172.07254773416  59550.76
6172.11979891724  59669.77
