6277.61068560403  49956.66
6277.66874966108  49634.95
6277.72681001342  51464.59
6277.78486666081  53462.28
6277.84291960301  53822.85
6277.90096883978  54131.59
6277.9590143709  52702.
6278.01705619613  47909.42
6278.07509431523  43271.37
6278.13312872797  43773.44
6278.19115943413  49572.2
6278.24918643344  53650.08
6278.3072097257  53420.46
6278.36522931066  53609.78
6278.42324518809  53226.42
6278.48125735775  54769.03
6278.53926581942  55839.05
6278.59727057285  55567.55
6278.65527161781  55118.34
6278.71326895406  54742.63
6278.77126258139  53467.08
6278.82925249954  49559.58
6278.88723870828  48897.77
6278.94522120739  50145.59
6279.00319999663  51341.57
6279.06117507576  48870.17
6279.11914644455  47676.48
6279.17711410277  50973.75
6279.23507805017  54009.77
6279.29303828654  55303.72
6279.35099481163  55258.44
6279.40894762521  54623.11
6279.46689672705  55502.1
6279.52484211692  55195.04
6279.58278379457  55164.78
6279.64072175978  54838.62
6279.69865601231  55038.03
6279.75658655193  54379.84
6279.8145133784  51585.55
6279.8724364915  48507.91
6279.93035589099  48997.59
6279.98827157663  52146.01
6280.0461835482  55180.9
6280.10409180545  55008.21
6280.16199634816  54789.97
6280.21989717609  55060.68
6280.27779428901  53588.21
6280.33568768668  49033.56
6280.39357736888  47284.52
6280.45146333537  49605.21
6280.50934558591  53265.32
6280.56722412028  54627.62
6280.62509893823  54619.21
6280.68297003954  55777.66
6280.74083742398  54883.63
6280.7987010913  55321.04
6280.85656104129  54991.85
6280.9144172737  54698.67
6280.9722697883  54791.27
6281.03011858486  54213.68
6281.08796366314  52505.38
6281.14580502292  49410.05
6281.20364266396  49403.5
6281.26147658603  52101.41
6281.3193067889  54261.52
6281.37713327233  55300.97
6281.43495603608  55531.42
6281.49277507994  54997.27
6281.55059040366  54963.53
6281.60840200701  55059.64
6281.66620988976  55129.16
6281.72401405168  55249.05
6281.78181449253  54622.5
6281.83961121209  53726.75
6281.89740421012  50624.78
6281.95519348638  49050.05
6282.01297904065  50877.15
6282.0707608727  53266.66
6282.12853898228  54936.49
6282.18631336917  55542.83
6282.24408403314  54804.55
6282.30185097396  55272.68
6282.35961419138  55305.97
6282.41737368519  55134.34
6282.47512945514  54917.03
6282.53288150101  54543.55
6282.59062982256  54688.63
6282.64837441957  51983.4
6282.70611529179  50912.46
6282.76385243901  51298.45
6282.82158586098  53206.07
6282.87931555747  54999.42
6282.93704152826  54854.19
6282.99476377311  55497.29
6283.05248229178  55311.08
6283.11019708405  55308.64
6283.16790814969  54897.38
6283.22561548846  54933.76
6283.28331910014  54809.18
6283.34101898448  54995.85
6283.39871514127  55213.95
6283.45640757026  54889.45
6283.51409627123  55079.32
6283.57178124394  54653.21
6283.62946248817  54761.98
6283.68714000367  54207.49
6283.74481379023  51917.97
6283.80248384761  51172.88
6283.86015017557  52847.64
6283.91781277389  55055.47
6283.97547164233  55288.68
6284.03312678067  55440.24
6284.09077818867  55307.92
6284.1484258661  55317.14
6284.20606981274  55337.85
6284.26371002834  54397.02
6284.32134651268  54984.95
6284.37897926552  55645.39
6284.43660828665  54822.92
6284.49423357581  53178.44
6284.5518551328  53781.18
6284.60947295736  54500.82
6284.66708704928  54780.45
6284.72469740832  55281.14
6284.78230403425  55798.24
6284.83990692683  55565.88
6284.89750608585  55525.96
6284.95510151107  55426.78
6285.01269320225  55424.16
6285.07028115917  55181.47
6285.1278653816  55302.65
6285.1854458693  55561.56
6285.24302262205  55325.75
6285.30059563961  55214.11
6285.35816492175  55485.18
6285.41573046825  54984.6
6285.47329227888  54969.63
6285.53085035339  55410.12
6285.58840469157  55415.75
6285.64595529318  55244.83
6285.70350215799  55127.67
6285.76104528577  54536.93
6285.81858467629  54897.81
6285.87612032933  54931.53
6285.93365224464  55144.27
6285.991180422  55199.37
6286.04870486119  55940.46
6286.10622556196  55404.62
6286.1637425241  55004.11
6286.22125574736  55531.71
6286.27876523153  55283.52
6286.33627097636  54761.78
6286.39377298164  55673.03
6286.45127124712  55184.64
6286.50876577259  55510.79
6286.5662565578  55552.32
6286.62374360254  55487.11
6286.68122690656  55031.63
6286.73870646965  55547.6
6286.79618229157  55806.75
6286.85365437209  55405.48
6286.91112271098  55483.11
6286.96858730802  55950.41
6287.02604816297  55663.6
6287.0835052756  56345.83
6287.14095864568  55466.09
6287.19840827299  55598.37
6287.25585415729  55527.06
6287.31329629836  55425.21
6287.37073469596  55441.53
6287.42816934987  55958.1
6287.48560025985  55111.18
6287.54302742569  56275.3
6287.60045084714  54955.49
6287.65787052398  53897.42
6287.71528645598  52729.11
6287.77269864291  52085.87
6287.83010708454  54305.48
6287.88751178065  55150.15
6287.94491273099  55624.12
6288.00230993536  54918.17
6288.0597033935  55725.65
6288.1170931052  55836.2
6288.17447907023  55630.16
6288.23186128836  55003.27
6288.28923975935  55315.29
6288.34661448299  55989.52
6288.40398545904  55754.07
6288.46135268727  55828.87
6288.51871616745  55986.48
6288.57607589936  55900.73
6288.63343188276  56006.59
6288.69078411744  55498.71
6288.74813260315  55180.2
6288.80547733967  55448.64
6288.86281832677  56198.51
6288.92015556422  55850.
6288.9774890518  55013.62
6289.03481878928  55632.63
6289.09214477642  55840.38
6289.149467013  55414.13
6289.2067854988  54961.86
6289.26410023357  55461.51
6289.3214112171  53244.08
6289.37871844915  51032.86
6289.4360219295  52272.63
6289.49332165792  54254.42
6289.55061763418  55496.02
6289.60790985805  56213.46
6289.66519832931  55455.73
6289.72248304772  55844.17
6289.77976401306  55746.02
6289.8370412251  56186.
6289.89431468361  55684.38
6289.95158438837  55193.9
6290.00885033914  55076.71
6290.0661125357  55784.79
6290.12337097782  53445.68
6290.18062566527  51202.5
6290.23787659782  49899.12
6290.29512377526  51446.53
6290.35236719734  55096.68
6290.40960686384  55605.13
6290.46684277453  56023.36
6290.52407492919  55255.36
6290.58130332759  56199.76
6290.6385279695  55696.91
6290.69574885468  55434.7
6290.75296598293  55860.08
6290.810179354  55667.07
6290.86738896767  55293.36
6290.92459482371  55875.37
6290.9817969219  55463.84
6291.038995262  55595.15
6291.0961898438  55640.62
6291.15338066706  55855.7
6291.21056773155  55649.93
6291.26775103705  55561.79
6291.32493058333  55457.8
6291.38210637017  55742.76
6291.43927839733  55235.88
6291.49644666459  55271.26
6291.55361117172  55509.15
6291.6107719185  54987.25
6291.66792890469  55572.45
6291.72508213007  55881.82
6291.78223159442  55559.52
6291.8393772975  55393.93
6291.8965192391  55401.55
6291.95365741898  55537.17
6292.01079183691  55333.08
6292.06792249267  53617.46
6292.12504938603  50550.04
6292.18217251677  49756.81
6292.23929188466  52576.19
6292.29640748947  55115.
6292.35351933097  55720.83
6292.41062740894  55499.38
6292.46773172316  55443.7
6292.52483227339  55180.21
6292.58192905941  55367.22
6292.63902208099  55413.69
6292.6961113379  54933.71
6292.75319682993  55848.57
6292.81027855683  55203.86
6292.86735651839  52856.7
6292.92443071439  49869.98
6292.98150114458  49074.83
6293.03856780876  52164.2
6293.09563070668  54277.67
6293.15268983813  55195.31
6293.20974520287  55421.36
6293.26679680069  55330.31
6293.32384463135  55618.61
6293.38088869464  55693.4
6293.43792899031  55237.09
6293.49496551816  55965.56
6293.55199827794  55517.06
6293.60902726944  55690.75
6293.66605249243  55707.57
6293.72307394669  56094.15
6293.78009163198  56076.62
6293.83710554808  55651.39
6293.89411569477  55685.54
6293.95112207181  55733.59
6294.008124679  56356.05
6294.06512351608  56135.55
6294.12211858286  56157.98
6294.17910987909  55456.51
6294.23609740454  56116.21
6294.29308115901  55875.02
6294.35006114226  56116.82
6294.40703735406  55893.93
6294.46400979418  55503.66
6294.52097846241  55953.52
6294.57794335852  55931.99
6294.63490448228  55891.17
6294.69186183347  55577.54
6294.74881541186  56000.46
6294.80576521723  55764.44
6294.86271124934  55526.86
6294.91965350798  56185.64
6294.97659199292  55490.39
6295.03352670394  55403.02
6295.09045764081  52986.89
6295.14738480329  49842.65
6295.20430819118  49555.5
6295.26122780425  52311.03
6295.31814364226  55249.69
6295.37505570499  55437.02
6295.43196399223  55984.16
6295.48886850374  55542.13
6295.5457692393  55470.02
6295.60266619868  55721.96
6295.65955938166  55836.6
6295.71644878802  55898.93
6295.77333441752  55475.44
6295.83021626995  55084.47
6295.88709434508  51200.42
6295.94396864268  48388.74
6296.00083916254  49004.6
6296.05770590442  52843.7
6296.1145688681  54702.41
6296.17142805336  55347.33
6296.22828345997  56047.07
6296.28513508771  55713.21
6296.34198293635  56047.73
6296.39882700566  55611.79
6296.45566729544  55586.86
6296.51250380544  55770.17
6296.56933653544  55601.9
6296.62616548523  55796.88
6296.68299065457  55449.04
6296.73981204325  56153.5
6296.79662965103  55892.22
6296.8534434777  56185.48
6296.91025352302  55811.33
6296.96705978678  55826.72
6297.02386226875  55729.73
6297.08066096871  55655.13
6297.13745588643  55243.71
6297.19424702169  55708.47
6297.25103437426  55428.34
6297.30781794393  55735.31
6297.36459773046  55433.01
6297.42137373363  55514.73
6297.47814595322  55821.87
6297.53491438901  55999.17
6297.59167904077  55007.51
6297.64843990828  55899.22
6297.7051969913  55812.04
6297.76195028963  54882.63
6297.81869980303  55806.87
6297.87544553129  55205.27
6297.93218747417  55886.64
6297.98892563146  55594.66
6298.04566000293  55406.28
6298.10239058836  55890.11
6298.15911738753  55374.38
6298.2158404002  55401.7
6298.27255962616  55169.03
6298.32927506519  54691.42
6298.38598671706  51612.56
6298.44269458154  49336.03
6298.49939865842  50136.61
6298.55609894746  53415.82
6298.61279544846  54951.45
6298.66948816117  55136.47
6298.72617708539  55239.83
6298.78286222089  55309.54
6298.83954356744  55712.16
6298.89622112483  55047.22
6298.95289489282  55431.44
6299.00956487119  55534.56
6299.06623105973  55294.12
6299.12289345821  53687.12
6299.1795520664  49838.32
6299.23620688408  48861.91
6299.29285791104  50402.7
6299.34950514704  53727.75
6299.40614859187  55021.9
6299.4627882453  54892.76
6299.51942410711  55869.27
6299.57605617707  55804.58
6299.63268445497  55011.55
6299.68930894058  55322.21
6299.74592963368  55566.85
6299.80254653404  55793.35
6299.85915964144  55522.45
6299.91576895567  56021.58
6299.97237447649  55834.05
6300.02897620369  55755.1
6300.08557413705  55937.93
6300.14216827633  56188.42
6300.19875862132  55158.15
6300.25534517179  55419.21
6300.31192792753  55577.95
6300.36850688831  55538.63
6300.42508205391  55524.03
6300.48165342411  55715.47
6300.53822099867  56221.47
6300.59478477739  55972.3
6300.65134476005  55901.42
6300.70790094641  55837.43
6300.76445333625  56093.79
6300.82100192936  55623.42
6300.8775467255  55621.45
6300.93408772447  56105.98
6300.99062492604  55719.15
6301.04715832998  55245.75
6301.10368793608  55594.94
6301.1602137441  55858.34
6301.21673575384  55842.62
6301.27325396507  55910.5
6301.32976837756  56015.23
6301.38627899109  55500.32
6301.44278580545  55792.01
6301.49928882041  55807.54
6301.55578803575  56240.81
6301.61228345125  55473.46
6301.66877506669  55770.1
6301.72526288183  55469.33
6301.78174689648  55368.08
6301.83822711039  55683.78
6301.89470352335  54416.43
6301.95117613515  51189.02
6302.00764494555  50348.41
6302.06410995433  51859.98
6302.12057116128  54641.72
6302.17702856618  55477.36
6302.23348216879  56275.36
6302.28993196891  55860.91
6302.34637796631  55646.09
6302.40282016076  56067.05
6302.45925855205  55966.2
6302.51569313996  56058.39
6302.57212392426  55663.62
6302.62855090474  55099.66
6302.68497408117  52205.05
6302.74139345333  50551.23
6302.79780902101  50535.49
6302.85422078397  52763.64
6302.910628742  55516.29
6302.96703289488  56464.5
6303.02343324239  55822.14
6303.0798297843  56115.86
6303.1362225204  56036.9
6303.19261145046  55810.86
6303.24899657427  55925.98
6303.3053778916  55987.64
6303.36175540224  56019.47
6303.41812910596  56173.04
6303.47449900254  55859.75
6303.53086509176  56116.1
6303.5872273734  55712.78
6303.64358584724  55980.89
6303.69994051306  55891.93
6303.75629137064  55982.39
6303.81263841976  56371.77
6303.86898166019  56347.
6303.92532109173  55688.31
6303.98165671414  56178.78
6304.03798852721  56102.61
6304.09431653071  55754.
6304.15064072444  55881.89
6304.20696110816  56156.93
6304.26327768165  56030.73
6304.31959044471  55891.52
6304.3758993971  55778.17
6304.4322045386  56022.09
6304.488505869  55908.71
6304.54480338808  55585.63
6304.60109709562  55501.15
6304.65738699139  55612.16
6304.71367307517  55585.15
6304.76995534676  55567.84
6304.82623380592  54946.69
6304.88250845243  54981.
6304.93877928609  55611.68
6304.99504630666  55682.46
6305.05130951393  55841.2
6305.10756890767  55989.02
6305.16382448768  55593.07
6305.22007625372  55677.7
6305.27632420558  56224.31
6305.33256834304  55892.04
6305.38880866588  55813.59
6305.44504517389  56144.14
6305.50127786683  56154.79
6305.55750674449  55292.91
6305.61373180666  55596.69
6305.66995305311  55237.23
6305.72617048362  53694.
6305.78238409797  51542.56
6305.83859389595  51688.32
6305.89479987734  53108.45
6305.95100204191  55457.64
6306.00720038945  55862.94
6306.06339491973  55723.49
6306.11958563255  56262.39
6306.17577252767  55748.68
6306.23195560489  55595.46
6306.28813486397  55612.11
6306.34431030471  55818.39
6306.40048192689  54956.88
6306.45664973027  54767.71
6306.51281371466  52171.48
6306.56897387981  50632.75
6306.62513022553  52469.07
6306.68128275159  54111.09
6306.73743145777  55891.31
6306.79357634384  55794.91
6306.8497174096  55281.23
6306.90585465483  56213.47
6306.9619880793  56372.43
6307.01811768279  56010.06
6307.0742434651  55926.77
6307.13036542599  55777.73
6307.18648356526  56055.2
6307.24259788268  56456.41
6307.29870837803  56478.46
6307.3548150511  56071.66
6307.41091790166  55752.56
6307.46701692951  56168.47
6307.52311213441  56365.95
6307.57920351615  55616.8
6307.63529107452  56107.87
6307.6913748093  55863.37
6307.74745472026  55648.91
6307.80353080719  56521.46
6307.85960306988  55157.59
6307.91567150809  55498.05
6307.97173612163  55591.49
6308.02779691025  56424.78
6308.08385387376  56016.07
6308.13990701192  56903.75
6308.19595632453  56096.59
6308.25200181137  56432.41
6308.30804347221  56043.39
6308.36408130684  55747.2
6308.42011531504  55955.92
6308.47614549659  56422.44
6308.53217185128  56204.27
6308.58819437889  55944.31
6308.64421307919  56327.17
6308.70022795198  55936.01
6308.75623899703  56068.67
6308.81224621413  56093.76
6308.86824960306  56233.95
6308.9242491636  55936.59
6308.98024489554  55622.46
6309.03623679865  56320.02
6309.09222487272  55342.94
6309.14820911754  56050.12
6309.20418953287  56224.19
6309.26016611852  56128.51
6309.31613887425  55791.25
6309.37210779986  56320.42
6309.42807289512  56007.45
6309.48403415982  55783.35
6309.53999159374  55615.16
6309.59594519666  56209.39
6309.65189496837  56559.28
6309.70784090864  56140.91
6309.76378301727  55634.89
6309.81972129404  53766.98
6309.87565573872  52160.12
6309.9315863511  53725.52
6309.98751313097  55139.71
6310.0434360781  56213.55
6310.09935519228  55928.55
6310.1552704733  56181.75
6310.21118192093  56194.73
6310.26708953496  56299.59
6310.32299331517  56331.97
6310.37889326135  56478.58
6310.43478937328  56080.32
6310.49068165074  55925.46
6310.54657009352  54455.3
6310.60245470139  53200.46
6310.65833547415  52709.68
6310.71421241157  54181.1
6310.77008551345  55678.34
6310.82595477955  56380.85
6310.88182020967  56692.57
6310.9376818036  56482.61
6310.9935395611  55914.38
6311.04939348197  56529.89
6311.10524356599  56163.86
6311.16108981295  56230.14
6311.21693222262  56291.22
6311.2727707948  56580.65
6311.32860552926  56408.61
6311.38443642579  56482.68
6311.44026348418  56001.2
6311.4960867042  56303.26
6311.55190608564  56369.36
6311.60772162829  56465.
6311.66353333192  56614.72
6311.71934119633  56453.98
6311.7751452213  56155.35
6311.8309454066  56367.13
6311.88674175204  56313.37
6311.94253425737  56589.28
6311.99832292241  55908.68
6312.05410774692  57011.67
6312.10988873069  56436.2
6312.16566587351  56713.41
6312.22143917515  55870.59
6312.27720863542  56729.16
6312.33297425407  55859.7
6312.38873603092  56316.04
6312.44449396573  56326.62
6312.50024805829  56263.57
6312.55599830839  56067.27
6312.61174471581  56186.97
6312.66748728034  56457.99
6312.72322600175  56135.66
6312.77896087984  56045.3
6312.83469191439  56238.95
6312.89041910518  55595.23
6312.946142452  56476.23
6313.00186195463  56558.12
6313.05757761286  55939.59
6313.11328942648  56571.18
6313.16899739526  55881.04
6313.22470151899  56065.02
6313.28040179746  56437.53
6313.33609823045  56606.51
6313.39179081775  56351.24
6313.44747955914  56021.27
6313.5031644544  56441.16
6313.55884550333  55975.25
6313.61452270571  56109.96
6313.67019606132  56127.19
6313.72586556994  56314.2
6313.78153123136  55710.2
6313.83719304538  56331.65
6313.89285101176  56579.8
6313.94850513031  56619.12
6314.00415540079  56570.23
6314.05980182301  55739.98
6314.11544439674  55963.5
6314.17108312176  54674.14
6314.22671799787  54100.57
6314.28234902486  55041.34
6314.33797620249  55793.52
6314.39359953057  56265.8
6314.44921900887  55816.64
6314.50483463718  56504.53
6314.5604464153  56301.89
6314.61605434299  56157.29
6314.67165842006  56250.23
6314.72725864627  55722.33
6314.78285502143  56351.3
6314.83844754531  56327.86
6314.89403621771  55251.01
6314.9496210384  54296.66
6315.00520200718  54023.83
6315.06077912382  55125.36
6315.11635238812  56188.1
6315.17192179986  56194.63
6315.22748735882  56167.84
6315.2830490648  57187.02
6315.33860691758  56462.54
6315.39416091694  55919.21
6315.44971106267  56313.05
6315.50525735456  56408.2
6315.56079979239  56598.85
6315.61633837596  57021.68
6315.67187310503  56409.4
6315.72740397941  57033.61
6315.78293099888  56679.78
6315.83845416322  57027.33
6315.89397347222  56941.5
6315.94948892566  56664.37
6316.00500052335  56500.14
6316.06050826504  56703.51
6316.11601215055  56354.77
6316.17151217965  56750.63
6316.22700835213  56439.23
6316.28250066777  55858.75
6316.33798912637  56517.3
6316.3934737277  56367.1
6316.44895447156  56063.34
6316.50443135773  56584.38
6316.559904386  56227.78
6316.61537355616  56331.16
6316.67083886799  56347.58
6316.72630032127  56763.
6316.78175791581  56612.66
6316.83721165137  56988.87
6316.89266152776  56374.17
6316.94810754475  56598.67
6317.00354970214  56051.2
6317.0589879997  56428.32
6317.11442243723  56649.58
6317.16985301452  55965.93
6317.22527973135  56062.02
6317.28070258751  56430.37
6317.33612158278  56053.46
6317.39153671696  56380.22
6317.44694798983  56004.21
6317.50235540117  55780.29
6317.55775895078  56012.86
6317.61315863844  56128.26
6317.66855446394  56347.54
6317.72394642707  56331.71
6317.77933452761  56132.71
6317.83471876535  55992.57
6317.89009914008  56731.64
6317.94547565159  56770.94
6318.00084829966  56762.15
6318.05621708408  56593.96
6318.11158200464  56673.73
6318.16694306113  56348.12
6318.22230025333  56666.56
6318.27765358104  56221.81
6318.33300304403  55748.13
6318.3883486421  56580.04
6318.44369037504  56335.71
6318.49902824263  56978.63
6318.55436224466  56114.8
6318.60969238091  56979.8
6318.66501865119  56375.55
6318.72034105527  56654.27
6318.77565959293  55711.46
6318.83097426399  55740.8
6318.8862850682  55231.11
6318.94159200538  56097.72
6318.9968950753  56789.43
6319.05219427775  56918.54
6319.10748961252  56984.49
6319.1627810794  56808.67
6319.21806867818  57101.97
6319.27335240865  56336.42
6319.32863227058  57126.26
6319.38390826378  56869.73
6319.43918038803  56575.36
6319.49444864311  56415.1
6319.54971302883  55590.59
6319.60497354495  55882.8
6319.66023019129  56179.64
6319.71548296761  56477.19
6319.77073187371  56794.29
6319.82597690939  56765.91
6319.88121807442  56353.61
6319.9364553686  56400.45
6319.99168879171  55576.45
6320.04691834355  56904.16
6320.10214402389  56987.24
6320.15736583254  56405.79
6320.21258376928  56756.64
6320.2677978339  56145.12
6320.32300802618  56832.64
6320.37821434592  56498.86
6320.43341679291  56827.64
6320.48861536693  56580.93
6320.54381006777  56612.45
6320.59900089523  56453.74
6320.65418784908  56863.92
6320.70937092913  56591.18
6320.76455013515  56734.44
6320.81972546695  56703.33
6320.87489692429  56513.24
6320.93006450699  57126.5
6320.98522821482  56524.21
6321.04038804758  56630.89
6321.09554400505  56419.04
6321.15069608702  56390.01
6321.20584429329  56575.8
6321.26098862364  57000.48
6321.31612907786  56972.48
6321.37126565574  56889.53
6321.42639835707  56529.88
6321.48152718164  56758.5
6321.53665212924  56840.38
6321.59177319966  56125.47
6321.64689039269  56732.99
6321.70200370811  56888.36
6321.75711314572  57028.25
6321.81221870531  56752.01
6321.86732038667  56999.95
6321.92241818958  56875.12
6321.97751211384  56668.45
6322.03260215924  56578.3
6322.08768832556  57153.7
6322.14277061259  56664.09
6322.19784902014  56308.24
6322.25292354798  56937.71
6322.3079941959  56742.12
6322.3630609637  56664.56
6322.41812385116  56425.28
6322.47318285809  57425.98
6322.52823798425  56121.56
6322.58328922945  56455.32
6322.63833659348  57018.56
6322.69338007612  56543.26
6322.74841967718  56051.59
6322.80345539642  56583.2
6322.85848723365  56245.83
6322.91351518866  57104.11
6322.96853926124  56136.69
6323.02355945117  56095.94
6323.07857575826  56882.17
6323.13358818228  55923.88
6323.18859672303  56861.04
6323.2436013803  56391.38
6323.29860215388  57045.79
6323.35359904356  56531.63
6323.40859204913  56710.4
6323.46358117038  56813.23
6323.51856640711  57016.4
6323.57354775909  56725.69
6323.62852522613  56293.81
6323.68349880802  55751.03
6323.73846850453  56201.39
6323.79343431548  55650.26
6323.84839624064  56490.14
6323.90335427981  56378.7
6323.95830843277  56606.41
6324.01325869933  56910.76
6324.06820507927  56791.6
6324.12314757238  56853.59
6324.17808617844  56711.88
6324.23302089727  56856.82
6324.28795172863  57001.57
6324.34287867233  56993.16
6324.39780172816  56294.35
6324.45272089591  56337.07
6324.50763617536  56010.79
6324.56254756632  56180.66
6324.61745506856  56850.27
6324.67235868189  56939.1
6324.72725840609  56896.57
6324.78215424096  56878.24
6324.83704618628  56891.62
6324.89193424185  56783.21
6324.94681840747  56836.02
6325.00169868291  56735.15
6325.05657506797  56554.42
6325.11144756245  56971.96
6325.16631616613  56825.51
6325.22118087881  57325.35
6325.27604170028  56338.41
6325.33089863033  56675.61
6325.38575166875  56752.21
6325.44060081533  56726.4
6325.49544606987  56906.72
6325.55028743216  57135.28
6325.60512490199  56723.79
6325.65995847915  56594.45
6325.71478816343  57017.66
6325.76961395462  57327.41
6325.82443585252  57124.93
6325.87925385692  56945.87
6325.93406796761  57327.29
6325.98887818438  56307.36
6326.04368450703  56501.99
6326.09848693534  56868.86
6326.15328546912  56353.54
6326.20808010814  57179.96
6326.26287085221  57067.51
6326.31765770111  56907.89
6326.37244065464  57134.92
6326.42721971259  56726.11
6326.48199487476  56933.13
6326.53676614092  56761.13
6326.59153351088  56393.75
6326.64629698444  57082.55
6326.70105656137  56918.35
6326.75581224148  56549.34
6326.81056402456  56954.9
6326.86531191039  57104.88
6326.92005589878  56710.21
6326.97479598951  56751.51
6327.02953218238  56810.8
6327.08426447718  56834.29
6327.1389928737  57006.79
6327.19371737174  56963.61
6327.24843797108  56903.03
6327.30315467152  56924.28
6327.35786747286  56899.51
6327.41257637488  56740.89
6327.46728137739  56346.56
6327.52198248017  56573.14
6327.576679683  56643.16
6327.63137298571  56893.54
6327.68606238805  56654.07
6327.74074788985  56541.04
6327.79542949088  57136.16
6327.85010719094  57232.72
6327.90478098982  56952.36
6327.95945088732  57104.16
6328.01411688323  56922.45
6328.06877897734  57009.57
6328.12343716945  56922.98
6328.17809145935  56631.06
6328.23274184683  56567.06
6328.28738833168  56852.5
6328.34203091371  57282.42
6328.3966695927  56652.13
6328.45130436844  56627.91
6328.50593524074  56987.3
6328.56056220937  56852.93
6328.61518527415  56232.5
6328.66980443485  57018.91
6328.72441969128  57050.35
6328.77903104323  56351.01
6328.83363849049  56234.93
6328.88824203285  56513.78
6328.94284167011  56478.79
6328.99743740206  56407.27
6329.0520292285  56739.76
6329.10661714921  56553.62
6329.16120116401  56678.21
6329.21578127266  56720.03
6329.27035747499  56250.97
6329.32492977076  56724.31
6329.37949815979  56852.17
6329.43406264185  56931.42
6329.48862321676  56340.23
6329.5431798843  56454.02
6329.59773264426  56284.04
6329.65228149644  56400.54
6329.70682644064  56088.09
6329.76136747664  56608.65
6329.81590460425  56723.85
6329.87043782325  56940.55
6329.92496713344  57015.36
6329.97949253462  56664.49
6330.03401402658  56395.94
6330.08853160911  56383.42
6330.14304528201  56281.27
6330.19755504507  57148.46
6330.25206089809  56850.64
6330.30656284086  56314.66
6330.36106087317  56593.41
6330.41555499483  56533.2
6330.47004520562  56787.99
6330.52453150534  56751.1
6330.57901389379  56940.11
6330.63349237075  56223.
6330.68796693603  56280.81
6330.74243758942  56963.09
6330.79690433071  56833.87
6330.8513671597  56865.13
6330.90582607618  56675.18
6330.96028107995  56962.72
6331.0147321708  57060.55
6331.06917934853  57022.81
6331.12362261293  56367.46
6331.1780619638  56693.12
6331.23249740093  56781.91
6331.28692892412  56546.38
6331.34135653317  56510.43
6331.39578022786  56504.39
6331.45020000799  56027.24
6331.50461587336  55545.48
6331.55902782377  56227.07
6331.613435859  56324.94
6331.66783997886  56680.53
6331.72224018313  56623.75
6331.77663647162  56686.77
6331.83102884412  56851.31
6331.88541730043  56709.25
6331.93980184034  56736.89
6331.99418246364  57110.52
6332.04855917014  56732.97
6332.10293195962  56983.38
6332.15730083188  57332.29
6332.21166578673  56710.64
6332.26602682394  56662.93
6332.32038394333  56838.06
6332.37473714468  57383.44
6332.4290864278  56120.
6332.48343179247  57552.07
6332.53777323849  57170.19
6332.59211076566  57402.32
6332.64644437378  56949.44
6332.70077406263  56963.76
6332.75509983202  56650.6
6332.80942168174  56930.96
6332.86373961159  57101.83
6332.91805362137  56669.39
6332.97236371086  56696.95
6333.02666987987  57225.93
6333.08097212819  56705.73
6333.13527045562  56851.93
6333.18956486196  56921.86
6333.24385534699  56812.64
6333.29814191052  56635.11
6333.35242455235  56707.62
6333.40670327226  56949.86
6333.46097807006  57384.96
6333.51524894554  57368.71
6333.5695158985  56715.13
6333.62377892873  57354.92
6333.67803803604  56676.09
6333.73229322021  56592.08
6333.78654448104  57041.25
6333.84079181834  56928.12
6333.89503523189  57069.51
6333.94927472149  57325.02
6334.00351028695  57662.84
6334.05774192805  57218.58
6334.1119696446  57376.86
6334.16619343638  56536.01
6334.22041330321  57131.26
6334.27462924486  56817.57
6334.32884126115  56664.41
6334.38304935187  56652.32
6334.43725351681  57225.71
6334.49145375576  56835.98
6334.54565006854  56922.36
6334.59984245493  57092.21
6334.65403091474  57226.34
6334.70821544775  57051.45
6334.76239605377  57359.57
6334.81657273259  56798.41
6334.87074548402  57346.29
6334.92491430784  56844.04
6334.97907920385  56326.34
6335.03324017186  57199.57
6335.08739721165  56629.53
6335.14155032304  57133.18
6335.1956995058  57129.21
6335.24984475975  57365.13
6335.30398608467  57100.45
6335.35812348037  57370.66
6335.41225694664  57271.25
6335.46638648329  57070.36
6335.5205120901  57300.6
6335.57463376687  57085.7
6335.62875151341  56751.15
6335.68286532951  56968.14
6335.73697521497  56658.92
6335.79108116959  56906.41
6335.84518319315  57417.77
6335.89928128547  57358.18
6335.95337544634  57415.41
6336.00746567556  57496.11
6336.06155197291  57110.09
6336.11563433822  57308.56
6336.16971277126  57639.02
6336.22378727184  56695.36
6336.27785783975  56829.99
6336.3319244748  57355.71
6336.38598717679  57694.39
6336.4400459455  57147.44
6336.49410078074  56935.62
6336.5481516823  56619.27
6336.60219864999  56981.04
6336.65624168361  57393.73
6336.71028078294  57195.72
6336.76431594779  56699.63
6336.81834717796  57632.74
6336.87237447325  57766.78
6336.92639783345  57156.33
6336.98041725836  57583.59
6337.03443274778  57691.3
6337.08844430151  57766.77
6337.14245191934  57391.83
6337.19645560108  57353.08
6337.25045534653  57241.89
6337.30445115548  57413.54
6337.35844302773  57192.55
6337.41243096307  57208.3
6337.46641496132  57419.51
6337.52039502227  57459.92
6337.5743711457  58008.7
6337.62834333144  57708.16
6337.68231157926  57376.99
6337.73627588898  57017.86
6337.79023626039  57641.59
6337.84419269329  57403.12
6337.89814518748  56832.68
6337.95209374275  57366.16
6338.00603835891  57104.63
6338.05997903576  56953.82
6338.11391577309  57147.28
6338.1678485707  57145.24
6338.22177742839  56345.89
6338.27570234597  57183.22
6338.32962332322  57102.87
6338.38354035995  56498.77
6338.43745345597  56862.88
6338.49136261106  57213.04
6338.54526782503  57385.38
6338.59916909767  57166.95
6338.65306642879  57070.98
6338.70695981818  56904.67
6338.76084926565  57587.65
6338.814734771  56573.4
6338.86861633401  57120.92
6338.9224939545  57024.21
6338.97636763226  57714.24
6339.03023736709  57074.93
6339.08410315879  57258.52
6339.13796500717  57460.07
6339.19182291201  57463.79
6339.24567687312  57557.18
6339.29952689031  57481.32
6339.35337296336  57426.71
6339.40721509208  57910.25
6339.46105327627  57623.35
6339.51488751573  56994.12
6339.56871781025  57038.95
6339.62254415965  57545.3
6339.67636656371  57396.26
6339.73018502224  57415.95
6339.78399953504  57525.14
6339.8378101019  57486.38
6339.89161672264  57390.17
6339.94541939704  57590.46
6339.99921812491  57508.81
6340.05301290605  57372.42
6340.10680374026  57060.51
6340.16059062733  57009.8
6340.21437356708  56910.98
6340.26815255929  57528.69
6340.32192760377  57271.3
6340.37569870032  57617.57
6340.42946584874  56858.67
6340.48322904883  57644.65
6340.5369883004  57574.14
6340.59074360323  57751.47
6340.64449495713  57309.36
6340.69824236191  57037.44
6340.75198581736  57222.59
6340.80572532328  57108.22
6340.85946087947  57390.42
6340.91319248574  57532.39
6340.96692014189  57517.55
6341.02064384771  57769.04
6341.074363603  57260.59
6341.12807940757  56664.48
6341.18179126122  56884.91
6341.23549916375  57423.43
6341.28920311496  57165.51
6341.34290311464  57618.2
6341.39659916261  58066.23
6341.45029125866  57658.37
6341.5039794026  57245.34
6341.55766359421  57349.21
6341.61134383331  57559.15
6341.6650201197  57637.01
6341.71869245318  57538.74
6341.77236083354  57264.54
6341.82602526059  56822.82
6341.87968573413  57296.86
6341.93334225396  57254.86
6341.98699481989  57505.65
6342.04064343171  57580.17
6342.09428808922  56984.09
6342.14792879224  57638.28
6342.20156554055  57529.24
6342.25519833396  57098.28
6342.30882717227  57066.39
6342.36245205528  57106.67
6342.41607298279  56540.71
6342.46968995461  56838.63
6342.52330297054  56791.12
6342.57691203038  57349.92
6342.63051713392  57742.82
6342.68411828098  57458.38
6342.73771547135  57516.58
6342.79130870484  57238.23
6342.84489798124  57008.19
6342.89848330036  57554.08
6342.952064662  57212.4
6343.00564206597  57519.28
6343.05921551205  57294.99
6343.11278500006  57556.11
6343.1663505298  57740.02
6343.21991210108  57347.94
6343.27346971367  57798.22
6343.32702336741  56727.95
6343.38057306208  57254.24
6343.43411879749  57089.49
6343.48766057344  57481.04
6343.54119838973  57200.68
6343.59473224616  57005.49
6343.64826214254  56840.23
6343.70178807867  57559.2
6343.75531005435  57021.72
6343.80882806938  56453.82
6343.86234212357  57026.08
6343.91585221672  57496.33
6343.96935834862  57385.97
6344.02286051909  57688.13
6344.07635872793  57928.46
6344.12985297493  57371.2
6344.1833432599  57277.89
6344.23682958264  57148.7
6344.29031194296  57209.14
6344.34379034066  57153.92
6344.39726477553  57266.18
6344.45073524739  57054.38
6344.50420175604  57969.86
6344.55766430127  57775.44
6344.6111228829  58062.47
6344.66457750071  57910.22
6344.71802815453  57717.29
6344.77147484414  57937.97
6344.82491756936  57418.66
6344.87835632998  57411.43
6344.93179112581  57229.23
6344.98522195666  56944.82
6345.03864882232  57241.12
6345.09207172259  57401.03
6345.14549065728  57430.61
6345.1989056262  57568.08
6345.25231662915  56986.73
6345.30572366592  57492.69
6345.35912673633  57313.95
6345.41252584017  57396.29
6345.46592097725  57345.84
6345.51931214738  57681.95
6345.57269935035  57348.61
6345.62608258597  57001.88
6345.67946185405  57593.78
6345.73283715438  57120.31
6345.78620848677  56204.51
6345.83957585102  56741.27
6345.89293924694  56777.68
6345.94629867433  57007.25
6345.999654133  56174.66
6346.05300562274  55224.43
6346.10635314336  53926.17
6346.15969669467  52701.14
6346.21303627646  50910.24
6346.26637188855  50692.12
6346.31970353073  49956.96
6346.37303120281  49011.14
6346.4263549046  48653.21
6346.47967463589  49219.77
6346.5329903965  48876.61
6346.58630218622  48483.27
6346.63961000486  49801.48
6346.69291385222  49653.19
6346.74621372811  50247.85
6346.79950963233  52156.09
6346.85280156468  52883.71
6346.90608952498  53395.34
6346.95937351301  54956.32
6347.0126535286  55617.26
6347.06592957153  56562.38
6347.11920164162  56983.88
6347.17246973868  57359.98
6347.22573386249  57313.18
6347.27899401288  58137.4
6347.33225018964  57342.93
6347.38550239257  58043.56
6347.43875062149  57444.39
6347.49199487619  58097.03
6347.54523515649  58269.59
6347.59847146218  57613.74
6347.65170379307  57700.7
6347.70493214896  58475.61
6347.75815652966  57530.57
6347.81137693498  58299.87
6347.86459336472  57411.36
6347.91780581868  58065.86
6347.97101429666  57752.17
6348.02421879848  57571.82
6348.07741932393  58231.18
6348.13061587283  57671.23
6348.18380844498  57336.92
6348.23699704017  57930.02
6348.29018165822  58136.49
6348.34336229894  58158.42
6348.39653896212  58486.57
6348.44971164757  57707.43
6348.5028803551  57804.3
6348.55604508451  58187.39
6348.60920583561  57403.04
6348.6623626082  58733.7
6348.71551540208  57855.95
6348.76866421707  58194.1
6348.82180905297  57414.81
6348.87494990957  57777.84
6348.9280867867  57631.84
6348.98121968415  57411.67
6349.03434860173  57977.
6349.08747353924  58192.48
6349.14059449649  58130.5
6349.19371147329  57337.87
6349.24682446944  57693.15
6349.29993348474  58109.91
6349.353038519  58634.49
6349.40613957203  57806.07
6349.45923664363  57893.78
6349.51232973362  58052.75
6349.56541884178  57629.69
6349.61850396794  57194.9
6349.67158511189  57952.52
6349.72466227344  57906.96
6349.7777354524  58335.58
6349.83080464857  58061.88
6349.88386986175  57819.91
6349.93693109177  57597.57
6349.98998833841  58441.72
6350.04304160149  58611.5
6350.09609088081  57450.73
6350.14913617618  57653.61
6350.2021774874  58130.48
6350.25521481429  57962.11
6350.30824815664  58574.92
6350.36127751426  57949.99
6350.41430288696  57620.22
6350.46732427455  58091.05
6350.52034167682  58083.48
6350.57335509359  58075.81
6350.62636452467  57821.6
6350.67936996986  57908.79
6350.73237142896  57237.65
6350.78536890179  57349.97
6350.83836238814  57780.13
6350.89135188783  57538.24
6350.94433740066  57734.4
6350.99731892644  58147.68
6351.05029646498  57697.82
6351.10327001607  58136.31
6351.15623957954  57451.07
6351.20920515518  57731.45
6351.2621667428  57962.27
6351.31512434221  58058.01
6351.36807795321  58034.45
6351.42102757561  57800.03
6351.47397320922  57781.72
6351.52691485385  57687.29
6351.5798525093  58262.12
6351.63278617538  57673.4
6351.68571585189  58054.99
6351.73864153865  58266.47
6351.79156323545  58463.02
6351.84448094211  57588.53
6351.89739465844  58160.16
6351.95030438423  57697.59
6352.00321011931  58215.36
6352.05611186347  57940.44
6352.10900961652  57637.66
6352.16190337827  58037.34
6352.21479314853  58077.41
6352.26767892709  58417.87
6352.32056071378  58486.73
6352.37343850841  57943.
6352.42631231076  58069.22
6352.47918212065  57755.45
6352.5320479379  57906.
6352.58490976231  58312.8
6352.63776759368  57964.21
6352.69062143182  57668.39
6352.74347127655  58465.52
6352.79631712766  57660.73
6352.84915898496  57990.82
6352.90199684827  57633.12
6352.95483071739  58534.56
6353.00766059213  57744.74
6353.0604864723  57836.36
6353.11330835769  58159.36
6353.16612624814  58115.21
6353.21894014343  58187.39
6353.27175004337  57850.37
6353.32455594778  58114.84
6353.37735785647  58468.45
6353.43015576923  57642.69
6353.48294968589  57831.05
6353.53573960624  57768.65
6353.5885255301  57901.09
6353.64130745727  58060.8
6353.69408538756  57908.31
6353.74685932078  58330.05
6353.79962925674  57208.63
6353.85239519524  58199.87
6353.9051571361  58037.94
6353.95791507911  57840.08
6354.0106690241  57907.76
6354.06341897087  57518.44
6354.11616491922  58032.26
6354.16890686897  58171.64
6354.22164481993  58017.64
6354.27437877189  57281.55
6354.32710872468  57811.49
6354.37983467809  57919.17
6354.43255663195  58240.79
6354.48527458605  57183.41
6354.5379885402  58041.73
6354.59069849422  57948.87
6354.6434044479  58366.8
6354.69610640107  57454.98
6354.74880435353  57961.99
6354.80149830509  57381.6
6354.85418825556  57580.03
6354.90687420473  57373.8
6354.95955615244  57776.09
6355.01223409847  58125.38
6355.06490804266  58061.36
6355.11757798479  57883.28
6355.17024392468  58036.34
6355.22290586214  57004.46
6355.27556379698  57974.51
6355.328217729  58177.2
6355.38086765803  57918.1
6355.43351358386  58277.46
6355.4861555063  57636.41
6355.53879342516  57977.33
6355.59142734026  58022.06
6355.6440572514  57777.05
6355.6966831584  57808.61
6355.74930506105  58070.62
6355.80192295918  58324.96
6355.85453685258  57273.28
6355.90714674107  57550.22
6355.95975262447  58751.44
6356.01235450256  58139.88
6356.06495237518  58163.68
6356.11754624212  57584.29
6356.1701361032  58256.87
6356.22272195823  57905.22
6356.27530380701  58227.22
6356.32788164936  57609.65
6356.38045548508  57936.69
6356.43302531398  57494.63
6356.48559113588  57520.88
6356.53815295059  57917.02
6356.59071075791  57528.3
6356.64326455765  58065.57
6356.69581434963  58351.78
6356.74836013365  58135.64
6356.80090190952  57914.21
6356.85343967706  57630.58
6356.90597343607  57434.72
6356.95850318636  57519.24
6357.01102892775  58059.11
6357.06355066004  58301.33
6357.11606838305  57550.62
6357.16858209657  58096.38
6357.22109180044  57875.64
6357.27359749444  58638.21
6357.3260991784  58480.
6357.37859685213  57890.53
6357.43109051543  58313.26
6357.48358016812  58014.64
6357.53606581  58056.06
6357.58854744089  57812.25
6357.64102506059  58316.04
6357.69349866893  58093.3
6357.7459682657  57846.41
6357.79843385071  57862.68
6357.85089542379  58582.7
6357.90335298474  57870.09
6357.95580653336  58142.59
6358.00825606948  58607.14
6358.06070159289  58592.87
6358.11314310342  58272.12
6358.16558060087  57771.24
6358.21801408506  58589.95
6358.27044355579  58645.14
6358.32286901287  57540.95
6358.37529045612  57842.37
6358.42770788535  58461.5
6358.48012130036  58477.28
6358.53253070098  57918.27
6358.584936087  58351.69
6358.63733745824  58412.53
6358.68973481452  57464.82
6358.74212815564  58474.73
6358.79451748141  58369.32
6358.84690279164  57807.35
6358.89928408616  58352.75
6358.95166136476  58672.3
6359.00403462725  58326.49
6359.05640387346  58576.39
6359.10876910319  58603.04
6359.16113031626  58110.65
6359.21348751246  57978.04
6359.26584069163  58757.48
6359.31818985355  58040.
6359.37053499806  58909.13
6359.42287612496  57903.07
6359.47521323405  58685.99
6359.52754632516  58241.02
6359.5798753981  58664.67
6359.63220045267  58633.25
6359.68452148869  59070.46
6359.73683850597  58744.21
6359.78915150431  58794.45
6359.84146048355  58623.96
6359.89376544347  57988.16
6359.9460663839  58555.27
6359.99836330466  57380.51
6360.05065620554  58487.43
6360.10294508636  58525.8
6360.15522994693  58394.57
6360.20751078707  57855.27
6360.25978760659  58761.65
6360.3120604053  57985.64
6360.36432918301  58676.95
6360.41659393954  58362.45
6360.46885467469  58944.75
6360.52111138828  58647.52
6360.57336408012  58601.88
6360.62561275002  58808.5
6360.67785739779  58456.27
6360.73009802326  58677.21
6360.78233462622  58757.8
6360.83456720649  58035.09
6360.88679576389  58507.04
6360.93902029823  58698.94
6360.99124080931  58867.83
6361.04345729695  58426.53
6361.09566976097  58012.96
6361.14787820118  57361.09
6361.20008261738  57909.04
6361.2522830094  57801.66
6361.30447937703  58623.38
6361.35667172011  58722.84
6361.40886003844  58644.21
6361.46104433183  58048.14
6361.51322460009  58272.9
6361.56540084304  57889.33
6361.61757306048  58228.7
6361.66974125225  58271.11
6361.72190541814  58591.79
6361.77406555797  58652.82
6361.82622167154  57914.15
6361.87837375869  58138.35
6361.93052181921  57917.79
6361.98266585292  58853.45
6362.03480585964  58333.84
6362.08694183917  58692.24
6362.13907379134  58110.37
6362.19120171594  58089.43
6362.24332561281  58916.34
6362.29544548174  58707.52
6362.34756132256  58945.79
6362.39967313507  58072.5
6362.45178091909  58094.99
6362.50388467443  58082.31
6362.55598440091  58381.39
6362.60808009834  59007.89
6362.66017176653  59158.64
6362.7122594053  58963.17
6362.76434301446  58562.2
6362.81642259382  58824.57
6362.8684981432  58056.08
6362.9205696624  58250.25
6362.97263715125  58173.22
6363.02470060957  57850.29
6363.07676003715  59182.2
6363.12881543381  58455.44
6363.18086679938  58321.09
6363.23291413366  58928.96
6363.28495743646  58761.17
6363.3369967076  58738.
6363.3890319469  58071.4
6363.44106315417  58436.02
6363.49309032921  58884.45
6363.54511347186  58144.3
6363.59713258191  58337.53
6363.64914765919  58219.95
6363.7011587035  58026.93
6363.75316571467  59326.87
6363.8051686925  58159.71
6363.85716763681  58789.61
6363.90916254742  58886.4
6363.96115342414  58771.26
6364.01314026677  58542.79
6364.06512307515  58673.
6364.11710184908  58360.91
6364.16907658837  58315.78
6364.22104729284  58448.75
6364.2730139623  58060.39
6364.32497659658  58902.43
6364.37693519548  58383.7
6364.42888975881  58499.64
6364.4808402864  57905.03
6364.53278677806  58598.31
6364.58472923359  58962.03
6364.63666765282  58700.31
6364.68860203557  57761.74
6364.74053238163  57912.79
6364.79245869084  58684.58
6364.84438096301  58327.01
6364.89629919794  58551.69
6364.94821339545  58385.4
6365.00012355537  58254.84
6365.0520296775  58739.93
6365.10393176165  57842.96
6365.15582980766  58215.81
6365.20772381532  58074.48
6365.25961378445  58230.32
6365.31149971487  58521.57
6365.3633816064  58341.89
6365.41525945884  57682.67
6365.46713327202  58182.36
6365.51900304575  58067.74
6365.57086877984  58036.9
6365.62273047411  58038.68
6365.67458812838  58373.15
6365.72644174245  58367.81
6365.77829131615  58009.05
6365.8301368493  57894.77
6365.88197834169  58119.96
6365.93381579316  58795.71
6365.98564920351  58505.9
6366.03747857257  58301.03
6366.08930390015  57982.75
6366.14112518606  57781.85
6366.19294243011  58850.59
6366.24475563213  57829.36
6366.29656479193  58780.83
6366.34836990933  59059.61
6366.40017098414  58426.52
6366.45196801617  59031.72
6366.50376100524  58840.93
6366.55554995118  58721.61
6366.60733485379  58149.64
6366.65911571289  58490.36
6366.71089252829  59019.99
6366.76266529982  57988.61
6366.81443402728  58802.69
6366.8661987105  58308.46
6366.91795934928  58375.95
6366.96971594345  58322.55
6367.02146849283  58422.33
6367.07321699722  57949.41
6367.12496145644  58375.21
6367.17670187031  58335.05
6367.22843823866  58224.55
6367.28017056128  58505.67
6367.331898838  58861.96
6367.38362306863  58540.31
6367.435343253  58169.47
6367.48705939091  58739.32
6367.53877148219  58358.83
6367.59047952665  58341.2
6367.6421835241  57813.35
6367.69388347437  58447.74
6367.74557937726  58433.29
6367.79727123261  58347.29
6367.84895904021  57882.37
6367.90064279989  58484.
6367.95232251147  58856.2
6368.00399817476  58296.06
6368.05566978958  58203.89
6368.10733735575  58266.79
6368.15900087308  58318.7
6368.21066034138  57919.61
6368.26231576048  58018.79
6368.3139671302  57996.39
6368.36561445034  57848.13
6368.41725772073  57855.07
6368.46889694119  58403.54
6368.52053211152  58080.49
6368.57216323155  57769.51
6368.6237903011  57878.48
6368.67541331998  58871.44
6368.727032288  57661.52
6368.77864720499  58798.11
6368.83025807077  57349.7
6368.88186488514  58422.85
6368.93346764793  57346.88
6368.98506635896  58348.96
6369.03666101803  58290.41
6369.08825162498  58523.06
6369.13983817961  57795.9
6369.19142068174  58471.
6369.2429991312  58614.49
6369.29457352779  58586.89
6369.34614387134  58238.38
6369.39771016166  57737.29
6369.44927239857  58040.07
6369.50083058189  57885.03
6369.55238471144  58484.18
6369.60393478703  57842.16
6369.65548080848  58308.77
6369.7070227756  58507.22
6369.75856068823  58698.02
6369.81009454617  57835.04
6369.86162434924  57974.77
6369.91315009726  58209.39
6369.96467179005  58855.7
6370.01618942742  57907.38
6370.06770300919  58099.24
6370.11921253519  58327.91
6370.17071800523  57980.25
6370.22221941912  58101.42
6370.27371677669  57577.37
6370.32521007775  56443.74
6370.37669932212  55626.73
6370.42818450962  55274.89
6370.47966564007  54278.72
6370.53114271328  53229.57
6370.58261572908  52281.11
6370.63408468728  52055.28
6370.6855495877  51599.04
6370.73701043015  51627.28
6370.78846721447  52112.05
6370.83991994046  51520.73
6370.89136860794  52692.15
6370.94281321673  52646.39
6370.99425376666  53011.81
6371.04569025753  52976.74
6371.09712268917  54213.53
6371.1485510614  55445.89
6371.19997537403  55779.86
6371.25139562688  56364.92
6371.30281181978  57991.7
6371.35422395253  58288.17
6371.40563202497  57698.7
6371.4570360369  58357.26
6371.50843598814  58338.47
6371.55983187853  58056.32
6371.61122370787  57541.97
6371.66261147598  58607.83
6371.71399518268  58891.22
6371.76537482779  58451.35
6371.81675041113  58596.29
6371.86812193252  58298.79
6371.91948939178  57768.39
6371.97085278873  57700.84
6372.02221212318  59152.05
6372.07356739495  58324.22
6372.12491860387  58917.29
6372.17626574975  58347.33
6372.22760883242  57742.76
6372.27894785168  58112.85
6372.33028280737  58244.8
6372.38161369929  58433.27
6372.43294052728  58282.82
6372.48426329114  57835.57
6372.53558199071  58831.82
6372.58689662579  58749.16
6372.6382071962  58813.84
6372.68951370177  58880.65
6372.74081614232  58400.16
6372.79211451767  58224.56
6372.84340882763  58587.87
6372.89469907202  58433.25
6372.94598525067  58729.09
6372.99726736339  58678.74
6373.04854541  58882.91
6373.09981939033  59268.49
6373.15108930419  58869.8
6373.2023551514  58337.98
6373.25361693179  59134.59
6373.30487464517  59022.53
6373.35612829136  59307.21
6373.40737787018  58782.19
6373.45862338146  58759.94
6373.50986482501  58192.36
6373.56110220065  58506.83
6373.6123355082  58670.28
6373.66356474748  58831.51
6373.71478991832  58881.82
6373.76601102053  58574.61
6373.81722805393  58718.23
6373.86844101834  58432.64
6373.91964991359  58876.09
6373.97085473949  58433.71
6374.02205549586  58599.15
6374.07325218253  58173.43
6374.12444479931  58982.66
6374.17563334602  59053.28
6374.2268178225  59045.12
6374.27799822854  59090.1
6374.32917456398  58639.81
6374.38034682864  57961.64
6374.43151502234  57735.82
6374.48267914489  58675.5
6374.53383919612  58776.05
6374.58499517585  58208.64
6374.6361470839  58855.42
6374.68729492009  58857.42
6374.73843868424  59134.3
6374.78957837617  58587.34
6374.8407139957  59092.54
6374.89184554266  58649.34
6374.94297301686  58025.82
6374.99409641812  59119.95
6375.04521574627  58799.2
6375.09633100113  58548.98
6375.14744218251  58888.37
6375.19854929025  58706.77
6375.24965232415  59074.62
6375.30075128404  58639.84
6375.35184616975  58405.6
6375.40293698109  58784.98
6375.45402371788  58241.56
6375.50510637994  58174.1
6375.55618496711  59008.64
6375.60725947919  58517.88
6375.65832991601  58860.18
6375.70939627739  58595.36
6375.76045856316  58228.82
6375.81151677312  58357.76
6375.86257090711  58551.73
6375.91362096494  58860.63
6375.96466694645  58573.31
6376.01570885144  58396.37
6376.06674667974  57888.7
6376.11778043117  58154.96
6376.16881010556  58440.87
6376.21983570272  57994.07
6376.27085722248  58849.29
6376.32187466466  58364.2
6376.37288802908  57920.49
6376.42389731556  58848.06
6376.47490252392  59381.95
6376.52590365399  58762.45
6376.57690070559  59170.11
6376.62789367853  59367.6
6376.67888257265  58870.77
6376.72986738776  59218.57
6376.78084812368  59293.81
6376.83182478024  59031.15
6376.88279735726  58730.48
6376.93376585457  58835.53
6376.98473027197  58709.64
6377.0356906093  58840.91
6377.08664686638  58983.96
6377.13759904302  58719.75
6377.18854713906  58279.32
6377.23949115432  58254.98
6377.2904310886  58527.12
6377.34136694175  59335.43
6377.39229871358  58821.92
6377.44322640391  58953.23
6377.49415001257  58828.28
6377.54506953938  58210.17
6377.59598498415  58086.1
6377.64689634673  58887.5
6377.69780362691  58973.76
6377.74870682453  59358.75
6377.79960593942  58417.57
6377.85050097139  59028.23
6377.90139192026  58893.2
6377.95227878586  59102.97
6378.00316156802  58929.24
6378.05404026655  58821.28
6378.10491488127  59438.38
6378.15578541202  57982.16
6378.20665185861  58729.45
6378.25751422086  59563.96
6378.30837249861  58995.3
6378.35922669166  58874.09
6378.41007679985  58671.21
6378.46092282299  59394.88
6378.51176476092  58994.1
6378.56260261345  59645.19
6378.6134363804  59281.08
6378.66426606161  58784.63
6378.71509165689  58742.66
6378.76591316606  59469.46
6378.81673058896  58974.91
6378.86754392539  59317.41
6378.91835317519  58606.29
6378.96915833818  58745.7
6379.01995941419  58851.95
6379.07075640302  58363.6
6379.12154930452  59392.28
6379.1723381185  59360.93
6379.22312284479  58520.04
6379.2739034832  59506.95
6379.32468003357  58403.97
6379.37545249572  59206.8
6379.42622086946  59012.66
6379.47698515463  59273.68
6379.52774535105  58902.54
6379.57850145853  58855.45
6379.62925347692  58583.62
6379.68000140602  59008.84
6379.73074524566  59646.52
6379.78148499567  58339.81
6379.83222065587  58892.08
6379.88295222608  58903.84
6379.93367970613  58793.11
6379.98440309585  58561.15
6380.03512239504  58491.75
6380.08583760355  59148.88
6380.13654872119  58797.8
6380.18725574779  59169.85
6380.23795868317  58616.88
6380.28865752716  58424.4
6380.33935227958  58761.25
6380.39004294025  58968.35
6380.440729509  58957.88
6380.49141198565  59482.57
6380.54209037003  58806.32
6380.59276466196  59402.06
6380.64343486127  59461.86
6380.69410096777  59436.29
6380.7447629813  58979.34
6380.79542090168  59287.71
6380.84607472873  58500.62
6380.89672446228  59475.68
6380.94737010215  58610.41
6380.99801164817  58807.18
6381.04864910016  59275.41
6381.09928245795  58956.47
6381.14991172136  58419.29
6381.20053689021  57984.63
6381.25115796433  58760.26
6381.30177494355  58939.14
6381.35238782768  59151.52
6381.40299661657  58631.13
6381.45360131002  58552.5
6381.50420190786  59355.2
6381.55479840992  59108.15
6381.60539081603  59518.25
6381.655979126  59685.46
6381.70656333968  58938.1
6381.75714345686  59374.65
6381.8077194774  57750.38
6381.8582914011  59443.48
6381.90885922779  59047.01
6381.95942295731  59288.42
6382.00998258946  58837.69
6382.0605381241  58912.12
6382.11108956102  58303.3
6382.16163690006  59624.66
6382.21218014105  59068.97
6382.26271928381  59078.13
6382.31325432817  59425.05
6382.36378527395  59094.62
6382.41431212097  58672.51
6382.46483486907  58635.16
6382.51535351806  59064.04
6382.56586806778  59383.48
6382.61637851805  59107.96
6382.66688486869  59564.35
6382.71738711953  58444.05
6382.7678852704  58736.21
6382.81837932112  59262.88
6382.86886927151  59195.73
6382.91935512141  58873.28
6382.96983687064  58506.5
6383.02031451902  58803.98
6383.07078806639  58266.18
6383.12125751255  59333.42
6383.17172285736  58720.63
6383.22218410062  58354.97
6383.27264124216  59032.57
6383.32309428181  58747.3
6383.3735432194  58203.98
6383.42398805475  59230.7
6383.47442878769  58971.38
6383.52486541804  59395.43
6383.57529794564  59620.48
6383.6257263703  59464.13
6383.67615069185  60011.98
6383.72657091012  58913.12
6383.77698702494  59798.25
6383.82739903613  59333.04
6383.87780694352  59668.83
6383.92821074693  59260.68
6383.97861044619  59786.81
6384.02900604113  58527.31
6384.07939753157  59093.62
6384.12978491734  59747.29
6384.18016819827  58878.21
6384.23054737418  59457.23
6384.2809224449  58740.28
6384.33129341026  59653.57
6384.38166027008  59049.86
6384.43202302419  58975.67
6384.48238167242  59353.78
6384.53273621459  59426.47
6384.58308665053  59174.53
6384.63343298006  59370.27
6384.68377520302  59359.04
6384.73411331923  59068.94
6384.78444732852  59574.44
6384.83477723071  59296.05
6384.88510302563  59275.98
6384.93542471311  59150.72
6384.98574229298  59478.02
6385.03605576505  59367.2
6385.08636512917  59344.1
6385.13667038515  59356.16
6385.18697153283  59874.28
6385.23726857202  59139.46
6385.28756150257  58713.17
6385.33785032429  59424.59
6385.38813503701  59630.74
6385.43841564056  59451.39
6385.48869213477  59207.22
6385.53896451946  59284.23
6385.58923279446  60104.98
6385.63949695961  59158.74
6385.68975701472  59936.07
6385.74001295962  59404.5
6385.79026479415  59437.84
6385.84051251812  59501.82
6385.89075613137  59667.79
6385.94099563373  59266.98
6385.99123102501  59716.75
6386.04146230506  59937.15
6386.09168947369  59859.25
6386.14191253075  58531.28
6386.19213147604  59576.23
6386.2423463094  59238.41
6386.29255703066  59396.36
6386.34276363965  59428.42
6386.39296613619  59473.13
6386.44316452011  59718.43
6386.49335879124  60010.96
6386.54354894942  59875.98
6386.59373499446  59568.81
6386.64391692619  59196.38
6386.69409474444  59946.86
6386.74426844905  59270.1
6386.79443803983  59715.48
6386.84460351662  59587.27
6386.89476487924  59842.84
6386.94492212753  58868.61
6386.99507526131  59971.63
6387.0452242804  59634.66
6387.09536918465  58557.31
6387.14550997387  59382.04
6387.1956466479  59416.03
6387.24577920656  59312.52
6387.29590764968  59685.65
6387.34603197709  59213.13
6387.39615218862  59989.23
6387.4462682841  59031.77
6387.49638026335  59467.11
6387.54648812621  59234.84
6387.5965918725  59450.75
6387.64669150205  58970.89
6387.69678701469  59355.61
6387.74687841025  59871.89
6387.79696568856  58621.14
6387.84704884944  59036.25
6387.89712789273  59337.82
6387.94720281826  59583.19
6387.99727362584  60083.71
6388.04734031532  59535.34
6388.09740288653  59516.67
6388.14746133927  59596.51
6388.1975156734  58736.66
6388.24756588874  60201.12
6388.29761198512  59242.31
6388.34765396236  59078.04
6388.39769182029  58770.17
6388.44772555875  59811.54
6388.49775517757  58936.46
6388.54778067657  59833.83
6388.59780205557  59113.02
6388.64781931443  59200.3
6388.69783245295  59472.78
6388.74784147097  60010.95
6388.79784636832  59389.15
6388.84784714483  59336.94
6388.89784380033  59253.96
6388.94783633465  59630.29
6388.99782474761  59374.82
6389.04780903905  58636.58
6389.0977892088  59644.18
6389.14776525668  59308.73
6389.19773718253  59493.82
6389.24770498618  59518.08
6389.29766866745  59040.54
6389.34762822617  59247.66
6389.39758366218  59318.58
6389.44753497531  59295.73
6389.49748216538  59211.34
6389.54742523222  58813.31
6389.59736417566  60113.06
6389.64729899555  59948.23
6389.69722969169  59790.55
6389.74715626393  59603.88
6389.79707871209  59682.99
6389.846997036  59227.02
6389.8969112355  59412.14
6389.94682131042  59705.79
6389.99672726058  59662.52
6390.04662908581  59140.95
6390.09652678594  60251.15
6390.14642036082  59111.36
6390.19630981025  59864.34
6390.24619513408  59390.84
6390.29607633214  59427.77
6390.34595340426  59873.71
6390.39582635026  59097.29
6390.44569516997  59243.58
6390.49555986324  59743.8
6390.54542042988  59772.05
6390.59527686973  59878.43
6390.64512918262  58562.65
6390.69497736837  59126.72
6390.74482142683  58767.84
6390.79466135782  58934.23
6390.84449716117  59373.35
6390.89432883671  58639.99
6390.94415638428  59517.89
6390.9939798037  59487.04
6391.0437990948  59529.32
6391.09361425742  59371.15
6391.14342529138  59096.4
6391.19323219652  59527.18
6391.24303497267  58539.59
6391.29283361965  59245.23
6391.34262813731  59540.61
6391.39241852547  59548.11
6391.44220478395  58638.42
6391.49198691261  59370.48
6391.54176491125  59005.08
6391.59153877972  60083.7
6391.64130851785  59638.65
6391.69107412546  58814.76
6391.74083560239  59245.25
6391.79059294847  59286.23
6391.84034616354  59646.6
6391.89009524741  59491.3
6391.93984019993  59171.54
6391.98958102092  59798.67
6392.03931771023  59524.75
6392.08905026766  58756.11
6392.13877869307  59638.57
6392.18850298628  59478.22
6392.23822314712  59263.13
6392.28793917543  59214.8
6392.33765107103  59170.19
6392.38735883376  59163.05
6392.43706246345  59765.5
6392.48676195993  58597.96
6392.53645732303  58844.61
6392.58614855258  59271.26
6392.63583564842  58978.47
6392.68551861038  58990.64
6392.73519743829  59586.94
6392.78487213198  59670.58
6392.83454269128  59105.12
6392.88420911604  58929.06
6392.93387140606  59206.25
6392.9835295612  59828.
6393.03318358127  59421.75
6393.08283346612  60333.25
6393.13247921558  59458.54
6393.18212082947  59458.25
6393.23175830764  59283.96
6393.2813916499  58939.16
6393.3310208561  59355.2
6393.38064592607  57883.51
6393.43026685963  58626.53
6393.47988365663  59252.39
6393.52949631689  58941.34
6393.57910484025  59143.21
6393.62870922653  59078.52
6393.67830947557  59202.3
6393.72790558721  58701.66
6393.77749756128  59246.34
6393.8270853976  59885.
6393.87666909601  58868.51
6393.92624865635  59753.46
6393.97582407844  59954.69
6394.02539536212  59656.97
6394.07496250722  59646.
6394.12452551358  59567.9
6394.17408438102  59484.54
6394.22363910938  59993.44
6394.2731896985  59532.81
6394.3227361482  60163.54
6394.37227845832  59770.47
6394.42181662869  59735.69
6394.47135065914  60152.81
6394.52088054951  58866.69
6394.57040629963  59095.38
6394.61992790934  58714.7
6394.66944537846  58855.46
6394.71895870683  60223.21
6394.76846789428  59341.48
6394.81797294065  59492.09
6394.86747384576  59141.94
6394.91697060946  59401.32
6394.96646323157  60052.16
6395.01595171193  59523.76
6395.06543605038  59261.22
6395.11491624673  58979.52
6395.16439230084  59816.35
6395.21386421253  59759.34
6395.26333198163  59928.56
6395.31279560798  59499.56
6395.36225509142  60086.11
6395.41171043177  59146.97
6395.46116162887  58916.02
6395.51060868255  59596.75
6395.56005159265  59107.65
6395.609490359  58925.24
6395.65892498144  59298.59
6395.70835545979  59635.87
6395.75778179389  59426.77
6395.80720398358  59037.23
6395.85662202869  59582.08
6395.90603592905  59803.43
6395.9554456845  60370.28
6396.00485129486  59504.34
6396.05425275999  60224.73
6396.1036500797  59450.65
6396.15304325383  58788.88
6396.20243228222  59474.26
6396.2518171647  59520.34
6396.30119790111  59121.59
6396.35057449127  59544.16
6396.39994693503  59678.01
6396.44931523221  58897.88
6396.49867938266  59727.2
6396.54803938621  59541.66
6396.59739524268  59702.48
6396.64674695191  59781.39
6396.69609451375  60544.09
6396.74543792802  59206.77
6396.79477719455  59222.63
6396.84411231319  59566.29
6396.89344328377  60227.15
6396.94277010611  59602.29
6396.99209278006  59371.43
6397.04141130545  58795.39
6397.09072568212  59813.19
6397.14003590989  59862.32
6397.18934198861  59044.95
6397.2386439181  59819.26
6397.28794169822  59197.43
6397.33723532877  59390.02
6397.38652480961  59562.43
6397.43581014057  59753.44
6397.48509132148  59297.57
6397.53436835218  57690.3
6397.5836412325  59343.94
6397.63290996227  58774.84
6397.68217454134  59055.22
6397.73143496954  59168.11
6397.7806912467  59146.34
6397.82994337266  59750.81
6397.87919134724  58554.64
6397.9284351703  59038.09
6397.97767484166  59416.37
6398.02691036115  59857.49
6398.07614172862  59433.57
6398.1253689439  58667.77
6398.17459200682  59752.98
6398.22381091722  59734.2
6398.27302567493  60030.86
6398.32223627979  59713.16
6398.37144273164  60008.91
6398.42064503031  59756.09
6398.46984317563  60014.54
6398.51903716745  58984.99
6398.56822700559  59175.07
6398.6174126899  59634.54
6398.6665942202  59240.51
6398.71577159634  59628.84
6398.76494481814  59586.14
6398.81411388545  59612.72
6398.86327879811  60089.57
6398.91243955593  59732.55
6398.96159615877  59890.06
6399.01074860646  59812.47
6399.05989689883  59746.46
6399.10904103573  58747.21
6399.15818101697  58967.35
6399.20731684241  59771.22
6399.25644851188  58890.34
6399.30557602521  59155.58
6399.35469938224  59731.29
6399.40381858281  58944.95
6399.45293362674  58880.31
6399.50204451389  59970.25
6399.55115124408  58934.7
6399.60025381715  59048.46
6399.64935223293  59401.97
6399.69844649127  59468.38
6399.747536592  59151.26
6399.79662253495  59139.89
6399.84570431996  58886.9
6399.89478194688  58499.41
6399.94385541552  59757.92
6399.99292472574  60008.66
6400.04198987737  59600.52
6400.09105087024  59720.02
6400.14010770418  59415.86
6400.18916037905  58773.4
6400.23820889467  59653.84
6400.28725325088  59390.79
6400.33629344751  59732.06
6400.38532948441  59072.54
6400.43436136141  59869.71
6400.48338907835  60130.88
6400.53241263506  59524.23
6400.58143203138  59579.82
6400.63044726715  60009.21
6400.6794583422  59631.41
6400.72846525637  59589.17
6400.7774680095  59959.01
6400.82646660143  59327.14
