6918.4792929374  42770.04
6918.54327499192  42353.69
6918.60725296158  43096.06
6918.67122684613  42494.94
6918.73519664532  42630.89
6918.79916235889  41924.01
6918.86312398659  40137.1
6918.92708152817  33343.38
6918.99103498338  28434.09
6919.05498435197  30165.86
6919.11892963367  36772.73
6919.18287082825  41462.53
6919.24680793544  41653.21
6919.310740955  42431.97
6919.37466988668  42238.93
6919.43859473021  42241.07
6919.50251548536  42565.92
6919.56643215186  42945.79
6919.63034472947  42777.1
6919.69425321793  43287.66
6919.75815761699  42889.25
6919.8220579264  42809.68
6919.88595414592  43334.66
6919.94984627527  43073.18
6920.01373431422  43505.96
6920.07761826251  42767.2
6920.1414981199  42582.94
6920.20537388612  42859.19
6920.26924556092  43095.41
6920.33311314407  43274.39
6920.39697663529  43051.88
6920.46083603435  42560.71
6920.52469134099  42953.55
6920.58854255495  43121.85
6920.652389676  42846.08
6920.71623270387  42856.14
6920.78007163831  42965.62
6920.84390647907  43167.56
6920.90773722591  43069.88
6920.97156387857  42898.91
6921.03538643679  42699.03
6921.09920490034  42830.29
6921.16301926894  42861.1
6921.22682954236  42808.21
6921.29063572035  42488.12
6921.35443780264  42014.79
6921.418235789  42709.12
6921.48202967916  42774.41
6921.54581947288  42349.64
6921.60960516992  42843.36
6921.67338677  42559.07
6921.73716427289  42707.51
6921.80093767834  42892.31
6921.86470698609  42282.77
6921.92847219589  43051.77
6921.99223330749  41978.07
6922.05599032064  42745.09
6922.11974323509  43252.46
6922.18349205059  43323.05
6922.24723676688  43077.02
6922.31097738372  42747.36
6922.37471390086  42877.96
6922.43844631804  42633.09
6922.50217463502  42517.95
6922.56589885154  42873.34
6922.62961896735  42727.33
6922.69333498221  43001.12
6922.75704689585  42277.94
6922.82075470804  43161.62
6922.88445841852  42568.68
6922.94815802704  42282.
6923.01185353335  42417.97
6923.07554493719  42617.87
6923.13923223833  41930.86
6923.2029154365  37301.28
6923.26659453146  32536.87
6923.33026952296  31473.69
6923.39394041075  35987.04
6923.45760719457  41305.82
6923.52126987418  41939.95
6923.58492844933  42011.21
6923.64858291976  43052.91
6923.71223328523  42268.96
6923.77587954549  43375.04
6923.83952170028  42443.82
6923.90315974935  42494.89
6923.96679369246  42038.46
6924.03042352936  40848.73
6924.09404925979  36156.59
6924.15767088351  31865.51
6924.22128840027  33194.94
6924.2849018098  38551.47
6924.34851111188  41559.52
6924.41211630624  42005.28
6924.47571739264  42548.14
6924.53931437082  42634.95
6924.60290724055  42301.67
6924.66649600156  42741.88
6924.7300806536  43441.73
6924.79366119643  43082.4
6924.8572376298  42850.24
6924.92080995346  43078.29
6924.98437816716  42860.91
6925.04794227064  42692.9
6925.11150226367  42932.
6925.17505814599  43346.67
6925.23860991734  42738.6
6925.30215757749  43243.26
6925.36570112618  42801.14
6925.42924056316  42727.54
6925.49277588819  43007.88
6925.556307101  43005.01
6925.61983420137  43466.71
6925.68335718903  43191.42
6925.74687606373  42928.41
6925.81039082523  42914.61
6925.87390147328  42708.85
6925.93740800762  43324.46
6926.00091042802  42724.41
6926.06440873421  43079.18
6926.12790292596  42795.11
6926.191393003  42722.95
6926.25487896511  43353.9
6926.31836081201  43024.97
6926.38183854347  42982.05
6926.44531215923  43005.02
6926.50878165906  42513.98
6926.57224704269  42677.12
6926.63570830988  42692.72
6926.69916546038  42521.21
6926.76261849394  41810.07
6926.82606741031  42180.26
6926.88951220925  42168.59
6926.95295289051  43045.52
6927.01638945383  42703.61
6927.07982189897  43216.93
6927.14325022568  42593.07
6927.20667443371  42890.45
6927.27009452282  43310.93
6927.33351049274  43320.03
6927.39692234325  43649.27
6927.46033007408  43510.64
6927.52373368499  43548.12
6927.58713317573  43221.49
6927.65052854605  43432.18
6927.7139197957  42463.99
6927.77730692444  42563.1
6927.84068993202  43348.25
6927.90406881819  43094.1
6927.96744358269  43353.34
6928.03081422529  43475.7
6928.09418074573  43225.74
6928.15754314377  43353.18
6928.22090141916  43235.62
6928.28425557164  42863.59
6928.34760560098  42685.41
6928.41095150692  43197.18
6928.47429328922  42686.63
6928.53763094762  42968.33
6928.60096448189  41245.69
6928.66429389176  37349.39
6928.727619177  35702.01
6928.79094033736  37003.02
6928.85425737258  40583.12
6928.91757028243  42570.78
6928.98087906664  42177.93
6929.04418372499  42032.91
6929.1074842572  41495.87
6929.17078066305  42039.55
6929.23407294228  41454.57
6929.29736109465  41299.92
6929.3606451199  41498.94
6929.42392501779  42278.62
6929.48720078807  40522.41
6929.5504724305  36764.54
6929.61373994482  36145.07
6929.67700333079  38119.85
6929.74026258816  41432.5
6929.80351771669  41462.23
6929.86676871613  41514.52
6929.93001558622  42067.6
6929.99325832673  42433.85
6930.0564969374  42421.38
6930.11973141799  42775.47
6930.18296176825  42527.23
6930.24618798793  43066.66
6930.30941007679  43047.98
6930.37262803458  42872.04
6930.43584186105  43361.39
6930.49905155595  42682.11
6930.56225711905  42250.06
6930.62545855008  42676.51
6930.68865584881  42990.08
6930.75184901498  42984.66
6930.81503804836  42745.3
6930.87822294869  43034.62
6930.94140371572  43041.17
6931.00458034921  43503.57
6931.06775284892  42965.7
6931.13092121459  42886.39
6931.19408544598  42323.5
6931.25724554284  42620.24
6931.32040150493  42453.43
6931.383553332  42483.5
6931.4467010238  42359.73
6931.50984458008  43061.73
6931.57298400061  42656.17
6931.63611928512  43221.07
6931.69925043338  42797.25
6931.76237744514  42497.14
6931.82550032016  42059.58
6931.88861905818  42209.81
6931.95173365897  42619.89
6932.01484412226  42973.61
6932.07795044782  42235.64
6932.14105263541  41920.71
6932.20415068477  42464.3
6932.26724459566  42625.9
6932.33033436782  42722.69
6932.39342000103  42968.74
6932.45650149503  42642.15
6932.51957884957  42672.61
6932.5826520644  42745.67
6932.64572113929  42807.4
6932.70878607399  42971.15
6932.77184686824  43446.39
6932.83490352181  42894.43
6932.89795603445  43043.11
6932.9610044059  43354.89
6933.02404863594  43019.76
6933.0870887243  42562.05
6933.15012467074  43588.57
6933.21315647503  43239.61
6933.27618413691  43045.16
6933.33920765613  43026.36
6933.40222703246  42515.7
6933.46524226563  42677.7
6933.52825335542  41835.2
6933.59126030157  41924.23
6933.65426310385  41801.26
6933.71726176199  41862.3
6933.78025627576  40730.25
6933.84324664491  40724.6
6933.9062328692  42009.93
6933.96921494838  42540.21
6934.0321928822  42412.62
6934.09516667042  43212.27
6934.15813631279  43337.77
6934.22110180908  42719.95
6934.28406315903  42414.13
6934.3470203624  40732.14
6934.40997341894  39308.8
6934.4729223284  39544.69
6934.53586709055  41070.87
6934.59880770514  43053.36
6934.66174417192  42937.96
6934.72467649065  43382.59
6934.78760466107  43116.11
6934.85052868296  43798.91
6934.91344855606  43293.07
6934.97636428012  43424.4
6935.0392758549  42212.25
6935.10218328016  42912.23
6935.16508655565  42223.56
6935.22798568114  39653.04
6935.29088065636  39238.01
6935.35377148108  39950.93
6935.41665815505  42252.84
6935.47954067803  42299.86
6935.54241904977  43154.26
6935.60529327003  43137.65
6935.66816333856  42949.01
6935.73102925513  43101.91
6935.79389101948  42917.42
6935.85674863136  43025.96
6935.91960209054  43122.65
6935.98245139677  43517.03
6936.04529654981  43275.14
6936.10813754941  43082.45
6936.17097439532  43389.34
6936.23380708731  42903.91
6936.29663562512  43470.91
6936.35946000852  43233.05
6936.42228023726  43597.26
6936.4850963111  43314.92
6936.54790822978  43781.28
6936.61071599307  43446.85
6936.67351960072  43045.76
6936.73631905249  43527.18
6936.79911434814  43451.8
6936.86190548741  43271.47
6936.92469247007  42847.2
6936.98747529587  43435.32
6937.05025396457  42911.04
6937.11302847592  43041.28
6937.17579882968  43124.66
6937.23856502561  43569.26
6937.30132706346  43007.34
6937.36408494298  43846.14
6937.42683866394  43520.66
6937.48958822609  43576.93
6937.55233362918  42714.25
6937.61507487298  41855.06
6937.67781195723  40144.38
6937.7405448817  40297.24
6937.80327364614  42713.43
6937.86599825031  42695.94
6937.92871869396  42515.15
6937.99143497685  43289.55
6938.05414709874  43393.5
6938.11685505938  43123.59
6938.17955885853  41962.37
6938.24225849595  42373.05
6938.30495397138  42178.36
6938.3676452846  42336.55
6938.43033243535  42771.25
6938.49301542339  43624.63
6938.55569424848  43131.52
6938.61836891038  43950.5
6938.68103940884  43276.14
6938.74370574362  42590.23
6938.80636791447  43672.58
6938.86902592115  43192.46
6938.93167976343  42963.42
6938.99432944105  43902.73
6939.05697495377  43020.19
6939.11961630135  43488.36
6939.18225348355  43304.34
6939.24488650012  43307.77
6939.30751535082  44133.35
6939.37014003541  43392.1
6939.43276055365  43114.74
6939.49537690528  42079.79
6939.55798909008  41492.42
6939.62059710779  40979.23
6939.68320095817  41423.38
6939.74580064098  41906.49
6939.80839615598  42559.44
6939.87098750293  43138.6
6939.93357468158  42810.27
6939.99615769168  42700.77
6940.058736533  42095.9
6940.1213112053  40395.75
6940.18388170833  39339.12
6940.24644804185  40126.28
6940.30901020561  40532.8
6940.37156819937  40905.05
6940.4341220229  41383.12
6940.49667167594  42885.51
6940.55921715827  42953.17
6940.62175846962  42958.3
6940.68429560977  42354.58
6940.74682857847  42781.15
6940.80935737547  42625.18
6940.87188200053  43031.44
6940.93440245342  42300.51
6940.99691873389  42615.97
6941.0594308417  42339.41
6941.1219387766  41982.11
6941.18444253835  40189.97
6941.24694212672  40029.28
6941.30943754146  41689.79
6941.37192878232  43018.94
6941.43441584907  43487.88
6941.49689874146  43082.36
6941.55937745925  43579.14
6941.6218520022  43409.35
6941.68432237007  43737.79
6941.74678856261  43474.61
6941.80925057958  42999.15
6941.87170842075  42916.29
6941.93416208587  43201.16
6941.9966115747  42275.73
6942.05905688699  42450.11
6942.1214980225  41408.6
6942.183934981  41259.94
6942.24636776225  41427.97
6942.30879636599  42105.73
6942.37122079199  42437.3
6942.43364104  42643.87
6942.49605710979  43205.57
6942.55846900111  43734.31
6942.62087671373  42843.25
6942.68328024739  43490.47
6942.74567960187  43601.15
6942.80807477691  43110.33
6942.87046577228  43849.75
6942.93285258773  43249.8
6942.99523522303  43328.45
6943.05761367792  43269.31
6943.11998795218  43560.8
6943.18235804556  43496.98
6943.24472395782  43419.45
6943.30708568872  43684.14
6943.36944323801  43194.74
6943.43179660546  43132.52
6943.49414579082  43435.69
6943.55649079385  43023.88
6943.61883161432  43375.9
6943.68116825198  42678.68
6943.74350070658  41269.8
6943.8058289779  39853.95
6943.86815306569  41541.73
6943.9304729697  42413.12
6943.9927886897  43307.56
6944.05510022544  42658.36
6944.11740757669  43430.9
6944.17971074321  43751.8
6944.24200972474  43154.54
6944.30430452106  43802.2
6944.36659513193  42859.52
6944.42888155709  43144.37
6944.49116379632  43429.46
6944.55344184936  43210.21
6944.61571571599  43770.77
6944.67798539595  43503.6
6944.74025088901  43044.85
6944.80251219493  42798.37
6944.86476931347  43641.01
6944.92702224439  43236.61
6944.98927098744  43694.96
6945.05151554239  43871.16
6945.11375590899  43629.68
6945.17599208701  44203.75
6945.23822407621  43478.18
6945.30045187634  44022.23
6945.36267548717  43688.75
6945.42489490845  43454.09
6945.48711013995  43727.61
6945.54932118143  43704.61
6945.61152803263  43405.31
6945.67373069333  43195.84
6945.73592916329  43656.5
6945.79812344226  43609.15
6945.86031353001  43782.56
6945.92249942629  43124.32
6945.98468113086  43703.13
6946.04685864349  43871.37
6946.10903196394  43313.06
6946.17120109196  42781.66
6946.23336602731  43835.77
6946.29552676977  44186.54
6946.35768331907  43401.67
6946.419835675  43712.86
6946.48198383729  43039.6
6946.54412780573  42595.87
6946.60626758007  42393.94
6946.66840316005  42761.13
6946.73053454546  43756.74
6946.79266173605  44175.87
6946.85478473158  43466.63
6946.9169035318  43536.68
6946.97901813649  43232.61
6947.0411285454  43409.55
6947.10323475828  43644.17
6947.16533677491  43741.18
6947.22743459505  42811.29
6947.28952821844  42713.61
6947.35161764486  42303.53
6947.41370287406  41169.89
6947.47578390581  39033.19
6947.53786073987  38490.99
6947.59993337599  39156.15
6947.66200181394  40726.62
6947.72406605347  42528.2
6947.78612609436  42909.39
6947.84818193636  43362.34
6947.91023357923  43518.25
6947.97228102273  43472.27
6948.03432426663  43342.99
6948.09636331068  43775.77
6948.15839815465  43108.29
6948.22042879829  43449.84
6948.28245524138  43254.74
6948.34447748366  43376.61
6948.4064955249  43850.02
6948.46850936486  43559.54
6948.53051900331  43487.3
6948.59252444  43867.57
6948.6545256747  43683.55
6948.71652270716  43678.86
6948.77851553715  43323.11
6948.84050416443  42752.55
6948.90248858876  42534.03
6948.96446880991  41220.29
6949.02644482763  40688.64
6949.08841664168  41107.62
6949.15038425184  41374.49
6949.21234765785  42789.41
6949.27430685948  42972.43
6949.33626185649  43508.59
6949.39821264865  43797.05
6949.46015923571  42798.46
6949.52210161744  43221.75
6949.5840397936  43525.84
6949.64597376395  42778.97
6949.70790352825  43370.72
6949.76982908627  42940.77
6949.83175043776  43493.61
6949.89366758249  42709.86
6949.95558052023  44081.41
6950.01748925072  43575.78
6950.07939377374  43454.83
6950.14129408904  43677.33
6950.20319019639  43566.75
6950.26508209555  43330.82
6950.32696978629  43682.66
6950.38885326836  43798.07
6950.45073254152  44039.44
6950.51260760554  43674.68
6950.57447846019  43556.06
6950.63634510522  42559.53
6950.6982075404  42860.64
6950.76006576548  42203.66
6950.82191978023  43214.
6950.88376958441  43029.24
6950.94561517779  44086.7
6951.00745656013  43463.37
6951.06929373119  43589.67
6951.13112669073  43276.13
6951.19295543851  43345.88
6951.2547799743  43087.62
6951.31660029787  42855.59
6951.37841640896  43915.55
6951.44022830735  43435.38
6951.5020359928  43457.42
6951.56383946507  43434.07
6951.62563872392  43293.93
6951.68743376911  43658.45
6951.74922460042  43713.32
6951.8110112176  42828.01
6951.87279362041  43184.54
6951.93457180862  43511.28
6951.99634578199  43908.56
6952.05811554029  43163.08
6952.11988108327  42930.14
6952.18164241069  43091.98
6952.24339952233  43538.87
6952.30515241795  42872.27
6952.3669010973  43172.95
6952.42864556016  42876.39
6952.49038580627  42597.69
6952.55212183542  43558.73
6952.61385364736  43406.77
6952.67558124185  43494.89
6952.73730461866  43099.97
6952.79902377754  43928.16
6952.86073871828  43327.96
6952.92244944062  43212.52
6952.98415594433  43300.54
6953.04585822917  42867.59
6953.10755629491  43105.01
6953.16925014131  43408.93
6953.23093976814  43461.48
6953.29262517515  43892.39
6953.35430636211  43938.71
6953.41598332879  43184.76
6953.47765607495  42669.88
6953.53932460034  41710.03
6953.60098890475  41601.51
6953.66264898792  41245.27
6953.72430484963  41888.17
6953.78595648963  42602.54
6953.84760390769  42546.62
6953.90924710358  42795.19
6953.97088607705  43016.87
6954.03252082788  43625.76
6954.09415135582  42744.91
6954.15577766064  43556.69
6954.21739974211  43298.85
6954.27901759998  43489.11
6954.34063123403  43055.33
6954.40224064401  43305.39
6954.46384582968  43928.44
6954.52544679083  43080.53
6954.5870435272  43366.84
6954.64863603856  43813.18
6954.71022432468  43527.77
6954.77180838532  43578.94
6954.83338822024  43490.73
6954.89496382921  43658.47
6954.956535212  43710.5
6955.01810236836  43894.6
6955.07966529806  43569.03
6955.14122400087  44404.94
6955.20277847655  43468.01
6955.26432872487  43262.1
6955.32587474558  43251.04
6955.38741653846  44061.21
6955.44895410326  43635.88
6955.51048743976  43623.37
6955.57201654772  43758.51
6955.6335414269  43235.66
6955.69506207706  43788.54
6955.75657849797  43785.52
6955.81809068941  43384.2
6955.87959865112  44078.1
6955.94110238288  43634.23
6956.00260188444  44282.38
6956.06409715559  44117.62
6956.12558819607  43836.22
6956.18707500566  43471.62
6956.24855758411  42342.49
6956.3100359312  41194.4
6956.37151004669  39459.87
6956.43297993035  37825.53
6956.49444558193  38519.27
6956.55590700121  40773.77
6956.61736418795  41917.25
6956.67881714191  43537.96
6956.74026586286  43926.15
6956.80171035057  43537.77
6956.8631506048  43719.72
6956.92458662531  43473.23
6956.98601841187  43686.49
6957.04744596425  44176.45
6957.10886928221  43635.03
6957.17028836551  43812.78
6957.23170321393  43544.78
6957.29311382722  44026.45
6957.35452020516  43443.14
6957.4159223475  43829.17
6957.47732025402  43969.46
6957.53871392448  44039.86
6957.60010335864  43977.8
6957.66148855627  43769.43
6957.72286951713  43686.3
6957.784246241  43951.
6957.84561872764  43892.86
6957.9069869768  43673.12
6957.96835098827  43401.92
6958.0297107618  43772.3
6958.09106629716  43233.47
6958.15241759411  44221.13
6958.21376465242  43775.77
6958.27510747187  43356.11
6958.3364460522  43231.13
6958.39778039319  44051.35
6958.45911049461  43824.89
6958.52043635622  44094.96
6958.58175797779  43370.22
6958.64307535908  43896.6
6958.70438849985  43994.09
6958.76569739989  43676.36
6958.82700205894  43539.25
6958.88830247678  44451.71
6958.94959865317  44025.21
6959.01089058789  43478.11
6959.07217828068  43593.68
6959.13346173134  43367.29
6959.1947409396  43454.9
6959.25601590526  43484.96
6959.31728662806  42714.56
6959.37855310778  41741.26
6959.43981534419  40847.83
6959.50107333704  41070.75
6959.56232708611  42416.1
6959.62357659117  43210.24
6959.68482185197  43672.58
6959.74606286829  43334.14
6959.8072996399  44239.54
6959.86853216655  43457.06
6959.92976044801  42977.92
6959.99098448406  43721.71
6960.05220427446  43439.46
6960.11341981898  44115.61
6960.17463111738  44301.55
6960.23583816942  43893.21
6960.29704097488  43660.09
6960.35823953353  43546.21
6960.41943384513  44315.41
6960.48062390944  43747.45
6960.54180972624  44149.27
6960.60299129528  43847.41
6960.66416861635  43670.77
6960.7253416892  43679.71
6960.7865105136  43493.42
6960.84767508931  43903.89
6960.90883541612  44392.02
6960.96999149378  43839.72
6961.03114332206  43963.99
6961.09229090072  43198.08
6961.15343422954  41873.34
6961.21457330828  40363.98
6961.27570813671  39030.82
6961.33683871459  40662.5
6961.39796504171  42970.94
6961.45908711781  43286.52
6961.52020494266  44125.79
6961.58131851605  44269.24
6961.64242783773  43839.54
6961.70353290746  43404.47
6961.76463372503  43917.43
6961.82573029019  43671.33
6961.88682260271  43946.88
6961.94791066237  44636.
6962.00899446892  43887.45
6962.07007402214  43722.01
6962.1311493218  44434.41
6962.19222036765  43666.73
6962.25328715947  43754.29
6962.31434969703  44345.92
6962.3754079801  44001.41
6962.43646200844  43970.87
6962.49751178181  43739.37
6962.5585573  44453.75
6962.61959856276  44396.52
6962.68063556987  43814.48
6962.74166832108  44018.23
6962.80269681618  43753.42
6962.86372105493  43918.98
6962.92474103709  43688.43
6962.98575676243  43766.15
6963.04676823073  43741.72
6963.10777544175  43207.35
6963.16877839525  43913.66
6963.22977709101  43766.52
6963.2907715288  44018.88
6963.35176170838  43450.48
6963.41274762952  44074.77
6963.47372929199  44341.1
6963.53470669556  43678.88
6963.59567984  43496.38
6963.65664872507  43793.02
6963.71761335054  44121.24
6963.77857371619  44074.03
6963.83952982177  43801.25
6963.90048166707  43691.22
6963.96142925184  43968.32
6964.02237257585  44346.79
6964.08331163889  43933.82
6964.1442464407  43498.87
6964.20517698106  43683.27
6964.26610325975  43731.73
6964.32702527652  43507.73
6964.38794303116  43981.62
6964.44885652342  43572.6
6964.50976575307  43177.63
6964.57067071989  42430.96
6964.63157142364  43539.73
6964.69246786409  43995.39
6964.75336004101  44336.73
6964.81424795418  43606.47
6964.87513160335  44038.38
6964.9360109883  43959.14
6964.9968861088  43415.25
6965.05775696461  43642.52
6965.1186235555  43380.4
6965.17948588126  43284.74
6965.24034394163  43430.99
6965.30119773639  44031.09
6965.36204726532  44289.3
6965.42289252818  43963.22
6965.48373352474  43844.94
6965.54457025477  44393.59
6965.60540271803  43902.48
6965.66623091431  44652.41
6965.72705484336  44079.69
6965.78787450496  44503.57
6965.84868989887  43880.96
6965.90950102487  44219.79
6965.97030788273  44239.88
6966.03111047221  44595.64
6966.09190879308  44181.79
6966.15270284512  44397.52
6966.21349262809  44097.96
6966.27427814177  43722.23
6966.33505938591  44549.6
6966.3958363603  43939.16
6966.4566090647  44373.63
6966.51737749888  44063.2
6966.57814166262  44297.79
6966.63890155568  44150.27
6966.69965717782  43732.28
6966.76040852883  44353.94
6966.82115560847  44003.23
6966.88189841651  44170.29
6966.94263695272  43513.09
6967.00337121688  44039.8
6967.06410120874  43904.02
6967.12482692808  44669.79
6967.18554837468  43665.82
6967.2462655483  44106.23
6967.30697844871  43862.27
6967.36768707567  44125.04
6967.42839142897  44047.83
6967.48909150838  43815.26
6967.54978731365  44112.51
6967.61047884457  44205.96
6967.6711661009  44226.06
6967.73184908241  44334.92
6967.79252778888  44413.93
6967.85320222007  44058.44
6967.91387237576  43970.57
6967.97453825571  44475.96
6968.03519985969  44247.61
6968.09585718748  44177.94
6968.15651023884  44090.63
6968.21715901356  44349.82
6968.27780351139  44085.
6968.3384437321  44458.9
6968.39907967548  43938.2
6968.45971134129  44015.59
6968.52033872929  44124.57
6968.58096183927  44415.93
6968.64158067099  44110.88
6968.70219522422  44888.41
6968.76280549873  44205.
6968.8234114943  44167.05
6968.88401321069  44703.54
6968.94461064768  44258.29
6969.00520380503  44198.55
6969.06579268252  44627.86
6969.12637727992  44400.49
6969.18695759701  44298.52
6969.24753363354  44933.2
6969.30810538929  44075.93
6969.36867286404  44244.72
6969.42923605755  44143.2
6969.48979496959  44063.16
6969.55034959994  44059.39
6969.61089994837  43863.98
6969.67144601465  44287.5
6969.73198779855  44569.83
6969.79252529984  43500.26
6969.85305851829  44094.66
6969.91358745368  44014.98
6969.97411210578  44534.1
6970.03463247434  44243.48
6970.09514855916  43930.57
6970.15566036  44152.3
6970.21616787663  44483.19
6970.27667110883  44228.15
6970.33717005636  44355.83
6970.39766471899  44339.06
6970.4581550965  44554.61
6970.51864118867  44294.
6970.57912299525  44018.72
6970.63960051603  44305.53
6970.70007375077  43954.84
6970.76054269925  44123.7
6970.82100736123  43336.87
6970.8814677365  43239.34
6970.94192382482  43067.84
6971.00237562596  44526.52
6971.0628231397  44511.39
6971.12326636581  44306.36
6971.18370530405  44454.59
6971.24413995421  44628.05
6971.30457031606  44608.85
6971.36499638935  44259.13
6971.42541817388  44294.96
6971.48583566941  44170.12
6971.54624887571  44199.13
6971.60665779255  44245.29
6971.66706241971  43797.59
6971.72746275696  44783.95
6971.78785880407  44250.58
6971.84825056082  43846.
6971.90863802697  44185.49
6971.9690212023  44213.67
6972.02940008657  44337.1
6972.08977467958  44498.86
6972.15014498108  44272.33
6972.21051099084  44046.01
6972.27087270865  44031.78
6972.33123013427  43567.77
6972.39158326748  44370.8
6972.45193210804  44243.16
6972.51227665573  44865.36
6972.57261691033  44475.82
6972.6329528716  44594.17
6972.69328453933  43942.44
6972.75361191327  44236.02
6972.81393499321  44293.06
6972.87425377892  44637.14
6972.93456827016  44330.72
6972.99487846672  44376.63
6973.05518436837  44351.27
6973.11548597487  44550.7
6973.175783286  45086.93
6973.23607630154  44645.16
6973.29636502126  44524.4
6973.35664944493  43967.9
6973.41692957232  44381.39
6973.47720540321  45163.63
6973.53747693737  44466.8
6973.59774417457  44411.57
6973.65800711458  44349.34
6973.71826575719  44685.08
6973.77852010216  44312.78
6973.83877014926  44391.45
6973.89901589828  44287.09
6973.95925734897  43941.21
6974.01949450113  44522.21
6974.07972735451  44367.53
6974.13995590889  43895.85
6974.20018016405  44606.68
6974.26040011976  44440.59
6974.32061577579  44681.27
6974.38082713192  44893.87
6974.44103418792  44196.44
6974.50123694356  44016.14
6974.56143539862  44627.89
6974.62162955287  44778.
6974.68181940609  44426.22
6974.74200495804  45130.74
6974.8021862085  44081.92
6974.86236315726  45064.39
6974.92253580406  44728.56
6974.98270414871  45070.27
6975.04286819096  44876.35
6975.10302793059  44612.37
6975.16318336738  44771.73
6975.22333450109  45107.81
6975.28348133151  44646.23
6975.3436238584  44763.95
6975.40376208155  45300.
6975.46389600072  45133.45
6975.52402561568  45054.94
6975.58415092623  44594.48
6975.64427193212  45207.17
6975.70438863313  44279.4
6975.76450102903  44779.26
6975.8246091196  44915.57
6975.88471290463  44711.37
6975.94481238386  44956.31
6976.00490755709  44365.74
6976.06499842409  44777.15
6976.12508498462  44790.41
6976.18516723848  44903.42
6976.24524518542  45344.98
6976.30531882523  45455.21
6976.36538815767  44910.64
6976.42545318253  45547.92
6976.48551389958  44748.83
6976.54557030859  44378.34
6976.60562240933  44888.98
6976.66567020159  44771.57
6976.72571368514  45282.73
6976.78575285974  44989.38
6976.84578772518  45325.41
6976.90581828123  44985.1
6976.96584452767  45132.03
6977.02586646427  45218.91
6977.0858840908  44751.8
6977.14589740704  44860.53
6977.20590641276  45568.7
6977.26591110775  44549.08
6977.32591149177  43955.42
6977.3859075646  44383.86
6977.44589932601  44107.07
6977.50588677578  43046.05
6977.56586991369  43780.74
6977.6258487395  44090.27
6977.685823253  44921.21
6977.74579345396  45278.94
6977.80575934216  44667.93
6977.86572091737  44933.55
6977.92567817936  44234.03
6977.98563112791  44472.93
6978.0455797628  44992.4
6978.1055240838  45246.77
6978.16546409068  45159.83
6978.22539978323  44566.29
6978.28533116121  45216.94
6978.34525822441  45093.14
6978.40518097259  44950.15
6978.46509940554  44989.59
6978.52501352303  45113.32
6978.58492332484  45229.02
6978.64482881073  44479.81
6978.70472998049  45101.71
6978.76462683389  44738.33
6978.82451937071  45173.06
6978.88440759072  44957.52
6978.9442914937  45115.71
6979.00417107942  45215.69
6979.06404634767  44986.2
6979.12391729821  44276.36
6979.18378393082  44291.13
6979.24364624528  44181.57
6979.30350424136  44689.42
6979.36335791885  44764.35
6979.4232072775  45355.34
6979.48305231711  44912.67
6979.54289303745  44926.39
6979.60272943829  44636.87
6979.66256151941  44483.29
6979.72238928059  44978.95
6979.7822127216  44838.15
6979.84203184221  44504.95
6979.90184664221  44669.94
6979.96165712137  45048.06
6980.02146327947  44429.29
6980.08126511628  45148.72
6980.14106263158  44657.95
6980.20085582514  44805.23
6980.26064469675  45362.09
6980.32042924617  44886.41
6980.38020947319  45149.14
6980.43998537758  44845.89
6980.49975695912  44799.67
6980.55952421758  44596.6
6980.61928715274  44912.16
6980.67904576438  45085.68
6980.73880005227  44783.86
6980.79855001619  45169.66
6980.85829565593  45311.77
6980.91803697124  45045.43
6980.97777396191  44319.5
6981.03750662772  45168.92
6981.09723496845  45393.04
6981.15695898387  45459.63
6981.21667867375  45165.02
6981.27639403788  45267.42
6981.33610507603  44900.63
6981.39581178797  44064.15
6981.4555141735  44439.55
6981.51521223237  43898.18
6981.57490596437  44235.77
6981.63459536928  44484.39
6981.69428044687  44789.69
6981.75396119693  45090.82
6981.81363761921  44850.7
6981.87330971352  45056.9
6981.93297747962  45000.2
6981.99264091728  44590.16
6982.05230002629  44974.28
6982.11195480643  44607.43
6982.17160525746  45168.14
6982.23125137917  44740.53
6982.29089317134  45009.62
6982.35053063374  44775.67
6982.41016376615  45573.77
6982.46979256835  45144.41
6982.52941704011  44525.56
6982.58903718121  44639.48
6982.64865299144  45358.04
6982.70826447056  44845.43
6982.76787161836  45654.05
6982.8274744346  44593.38
6982.88707291908  44965.
6982.94666707157  44510.
6983.00625689184  44716.71
6983.06584237968  44702.94
6983.12542353486  44781.92
6983.18500035716  44620.76
6983.24457284635  44650.69
6983.30414100222  44862.62
6983.36370482453  44456.06
6983.42326431308  44869.65
6983.48281946764  44967.82
6983.54237028799  45084.89
6983.60191677389  44542.02
6983.66145892514  45127.82
6983.72099674151  44718.03
6983.78053022278  44981.92
6983.84005936873  44397.59
6983.89958417913  44985.45
6983.95910465376  44770.43
6984.0186207924  44523.71
6984.07813259483  44467.91
6984.13764006083  44638.23
6984.19714319017  44967.7
6984.25664198264  44480.87
6984.31613643801  44696.7
6984.37562655606  44578.82
6984.43511233657  45037.66
6984.49459377932  45047.84
6984.55407088408  44994.88
6984.61354365063  44951.79
6984.67301207876  44862.7
6984.73247616824  44548.84
6984.79193591885  45111.36
6984.85139133037  44254.78
6984.91084240257  43839.94
6984.97028913524  44313.52
6985.02973152816  45030.03
6985.08916958109  45131.84
6985.14860329384  44396.14
6985.20803266615  45390.62
6985.26745769783  45518.99
6985.32687838865  44949.95
6985.38629473838  45046.56
6985.44570674681  45238.24
6985.50511441372  45144.13
6985.56451773887  45449.46
6985.62391672207  44332.15
6985.68331136307  44612.88
6985.74270166166  43782.41
6985.80208761763  44689.42
6985.86146923073  44563.12
6985.92084650077  44226.87
6985.98021942752  44969.66
6986.03958801075  45589.04
6986.09895225025  44619.48
6986.15831214579  45620.24
6986.21766769716  45322.04
6986.27701890412  44730.43
6986.33636576647  44790.27
6986.39570828399  44417.74
6986.45504645644  44551.59
6986.51438028362  42821.01
6986.57370976529  41572.55
6986.63303490125  41883.02
6986.69235569126  43348.7
6986.75167213511  44334.24
6986.81098423258  44786.
6986.87029198345  44789.88
6986.92959538749  45382.49
6986.98889444449  45342.39
6987.04818915423  45324.64
6987.10747951648  45164.46
6987.16676553103  45273.64
6987.22604719765  44836.95
6987.28532451614  44992.37
6987.34459748625  45378.67
6987.40386610778  44778.92
6987.4631303805  44937.19
6987.5223903042  44951.86
6987.58164587866  45622.45
6987.64089710365  44915.06
6987.70014397895  44732.91
6987.75938650435  44233.39
6987.81862467962  44927.35
6987.87785850455  45186.06
6987.93708797891  45067.08
6987.99631310249  45101.62
6988.05553387506  45327.82
6988.11475029641  44846.61
6988.17396236631  45481.8
6988.23317008455  45376.71
6988.2923734509  45034.1
6988.35157246515  45363.96
6988.41076712708  45211.49
6988.46995743647  44996.51
6988.52914339309  45302.29
6988.58832499673  45280.5
6988.64750224716  45067.98
6988.70667514418  44797.29
6988.76584368755  45068.05
6988.82500787707  44617.61
6988.8841677125  43596.41
6988.94332319364  41048.25
6989.00247432026  41703.5
6989.06162109214  42312.47
6989.12076350906  44523.63
6989.1799015708  44465.28
6989.23903527715  44777.1
6989.29816462788  44655.31
6989.35728962278  45753.57
6989.41641026163  45755.19
6989.47552654421  45005.48
6989.53463847029  45066.86
6989.59374603966  45309.8
6989.6528492521  45739.64
6989.71194810739  45758.05
6989.77104260532  45318.43
6989.83013274566  45617.16
6989.88921852819  45726.61
6989.94829995269  45596.54
6990.00737701896  45353.61
6990.06644972676  45259.28
6990.12551807588  45099.14
6990.1845820661  45125.07
6990.2436416972  45334.51
6990.30269696896  43371.27
6990.36174788116  44052.83
6990.4207944336  44312.68
6990.47983662603  44712.52
6990.53887445826  45013.98
6990.59790793005  45249.11
6990.65693704119  45191.42
6990.71596179147  45446.4
6990.77498218066  45567.73
6990.83399820854  45538.12
6990.8930098749  46056.63
6990.95201717952  45294.18
6991.01102012218  45265.69
6991.07001870266  44942.75
6991.12901292074  45479.
6991.18800277621  45322.54
6991.24698826884  45229.97
6991.30596939842  45488.48
6991.36494616473  46241.32
6991.42391856755  45606.46
6991.48288660667  45439.81
6991.54185028186  45682.09
6991.6008095929  45261.45
6991.65976453959  45306.3
6991.7187151217  45045.73
6991.77766133901  45554.97
6991.8366031913  44861.11
6991.89554067837  45179.59
6991.95447379998  45513.78
6992.01340255592  44826.15
6992.07232694598  45645.95
6992.13124696993  45927.37
6992.19016262756  45877.55
6992.24907391865  45501.92
6992.30798084298  45971.57
6992.36688340033  45279.32
6992.4257815905  45945.68
6992.48467541325  45952.21
6992.54356486837  45469.56
6992.60244995565  45126.87
6992.66133067486  45569.87
6992.72020702579  46327.77
6992.77907900822  45334.92
6992.83794662194  45450.25
6992.89680986672  45179.8
6992.95566874235  45370.7
6993.01452324861  45886.92
6993.07337338528  45369.29
6993.13221915216  45716.04
6993.19106054901  45545.13
6993.24989757562  45605.76
6993.30873023177  45546.61
6993.36755851726  44733.8
6993.42638243185  44368.56
6993.48520197534  43283.27
6993.5440171475  43271.29
6993.60282794812  44077.63
6993.66163437699  45183.94
6993.72043643387  44754.32
6993.77923411857  45248.32
6993.83802743085  45714.92
6993.89681637051  45037.89
6993.95560093733  44896.73
6994.01438113108  44048.76
6994.07315695156  43627.27
6994.13192839854  43428.01
6994.19069547181  43995.09
6994.24945817116  44995.34
6994.30821649636  44999.03
6994.3669704472  45108.2
6994.42572002346  45283.25
6994.48446522492  45321.77
6994.54320605137  45266.19
6994.6019425026  45210.67
6994.66067457838  45288.03
6994.7194022785  45029.9
6994.77812560274  46298.28
6994.83684455089  45798.95
6994.89555912272  45263.47
6994.95426931803  45908.11
6995.0129751366  45858.59
6995.0716765782  45704.06
6995.13037364264  45456.32
6995.18906632967  45141.52
6995.2477546391  45520.11
6995.3064385707  45074.97
6995.36511812426  45174.38
6995.42379329956  46128.16
6995.48246409639  45277.93
6995.54113051452  45814.48
6995.59979255376  45979.96
6995.65845021386  46044.46
6995.71710349463  45266.39
6995.77575239585  45336.73
6995.83439691729  45980.5
6995.89303705875  46047.31
6995.95167282001  45793.7
6996.01030420084  45932.65
6996.06893120104  46163.51
6996.1275538204  45573.52
6996.18617205868  45842.68
6996.24478591568  45897.42
6996.30339539119  45811.82
6996.36200048498  45809.54
6996.42060119684  45577.39
6996.47919752656  45878.98
6996.53778947392  45636.3
6996.5963770387  45318.91
6996.65496022068  45554.15
6996.71353901966  45861.95
6996.77211343542  45834.84
6996.83068346774  46225.73
6996.8892491164  45852.12
6996.9478103812  45502.77
6997.00636726191  46287.43
6997.06491975832  45592.78
6997.12346787021  45501.64
6997.18201159737  45790.96
6997.24055093958  46064.36
6997.29908589664  45675.68
6997.35761646831  45422.02
6997.4161426544  45412.2
6997.47466445467  45810.56
6997.53318186892  45548.36
6997.59169489694  45866.53
6997.6502035385  45597.59
6997.70870779339  45396.04
6997.7672076614  45877.25
6997.82570314232  45172.25
6997.88419423591  44929.07
6997.94268094199  44644.53
6998.00116326031  44496.82
6998.05964119068  44656.14
6998.11811473287  44904.57
6998.17658388668  45313.55
6998.23504865189  45577.2
6998.29350902827  45366.5
6998.35196501563  45097.05
6998.41041661374  45642.25
6998.46886382238  45687.89
6998.52730664135  45828.05
6998.58574507043  45490.81
6998.6441791094  44866.54
6998.70260875805  44310.86
6998.76103401617  44533.37
6998.81945488353  44543.12
6998.87787135994  44337.22
6998.93628344516  42778.25
6998.99469113899  43524.61
6999.05309444121  43340.45
6999.11149335162  45469.56
6999.16988786998  45797.13
6999.2282779961  45918.78
6999.28666372975  45919.53
6999.34504507072  46056.18
6999.40342201879  46295.35
6999.46179457376  45614.77
6999.52016273541  46017.08
6999.57852650352  46159.02
6999.63688587788  46169.11
6999.69524085828  46258.79
6999.75359144449  46505.22
6999.81193763632  45865.13
6999.87027943354  45930.72
6999.92861683594  45805.58
6999.9869498433  46043.46
7000.04527845542  46387.41
7000.10360267207  45787.85
7000.16192249305  44898.61
7000.22023791813  46010.16
7000.27854894712  46113.8
7000.33685557978  45680.27
7000.39515781592  45403.44
7000.45345565531  45914.39
7000.51174909773  46072.84
7000.57003814299  45984.97
7000.62832279087  45770.1
7000.68660304113  45478.77
7000.74487889359  45937.88
7000.80315034802  45160.06
7000.86141740421  45351.45
7000.91968006195  45419.8
7000.97793832102  45380.45
7001.03619218121  44558.36
7001.0944416423  45443.2
7001.15268670408  44660.98
7001.21092736635  45056.7
7001.26916362888  44350.65
7001.32739549146  44348.43
7001.38562295388  44678.34
7001.44384601593  44381.57
7001.50206467739  43974.59
7001.56027893805  45287.49
7001.61848879769  44089.8
7001.67669425611  44378.
7001.73489531309  44362.69
7001.79309196841  45251.14
7001.85128422187  44792.11
7001.90947207325  45146.2
7001.96765552233  45557.18
7002.02583456892  45212.52
7002.08400921278  45094.18
7002.14217945371  45578.43
7002.2003452915  45520.83
7002.25850672593  45629.43
7002.31666375679  46476.02
7002.37481638387  46879.31
7002.43296460696  46427.11
7002.49110842584  46201.82
7002.54924784029  46748.91
7002.60738285012  46652.65
7002.66551345509  45647.31
7002.72363965502  46092.38
7002.78176144966  46049.79
7002.83987883883  46492.48
7002.8979918223  46544.58
7002.95610039986  46236.9
7003.0142045713  46951.92
7003.0723043364  46729.77
7003.13039969497  46964.78
7003.18849064677  46408.4
7003.2465771916  46873.73
7003.30465932925  46124.98
7003.3627370595  47081.07
7003.42081038215  46352.77
7003.47887929698  46611.72
7003.53694380377  47203.79
7003.59500390232  46358.61
7003.65305959242  46199.4
7003.71111087385  46956.68
7003.76915774639  46327.46
7003.82720020984  46192.07
7003.88523826399  46407.18
7003.94327190863  45920.89
7004.00130114353  45784.33
7004.05932596849  46071.8
7004.11734638331  46251.09
7004.17536238775  45904.48
7004.23337398163  45748.34
7004.29138116471  45975.95
7004.3493839368  45001.
7004.40738229767  45347.64
7004.46537624712  45195.12
7004.52336578493  46210.46
7004.5813509109  46302.43
7004.63933162481  45580.07
7004.69730792645  44167.95
7004.75527981561  44001.75
7004.81324729208  43958.59
7004.87121035564  44891.28
7004.92916900608  45633.15
7004.9871232432  45795.63
7005.04507306678  45585.93
7005.10301847661  45229.24
7005.16095947248  45442.64
7005.21889605417  45240.84
7005.27682822148  46057.36
7005.3347559742  45748.45
7005.3926793121  45749.24
7005.45059823499  45770.85
7005.50851274265  45335.47
7005.56642283487  46059.79
7005.62432851144  45996.84
7005.68222977214  45855.22
7005.74012661677  45757.76
7005.79801904512  46619.21
7005.85590705697  46299.62
7005.91379065211  46222.14
7005.97166983033  46264.2
7006.02954459143  46054.31
7006.08741493518  45699.23
7006.14528086138  45417.36
7006.20314236982  45625.84
7006.26099946029  45342.67
7006.31885213258  45682.38
7006.37670038647  46200.23
7006.43454422175  46008.45
7006.49238363822  46458.36
7006.55021863567  45856.36
7006.60804921387  45954.61
7006.66587537263  45830.86
7006.72369711173  46040.21
7006.78151443096  46246.32
7006.83932733012  46351.96
7006.89713580898  45987.94
7006.95493986734  46654.16
7007.01273950499  46615.89
7007.07053472172  46287.82
7007.12832551731  46533.82
7007.18611189157  46564.42
7007.24389384427  46069.07
7007.30167137522  45639.31
7007.35944448418  46449.45
7007.41721317096  46227.07
7007.47497743535  46214.54
7007.53273727714  46381.8
7007.59049269611  46532.5
7007.64824369206  46809.81
7007.70599026477  46028.52
7007.76373241404  46693.92
7007.82147013966  47185.94
7007.87920344141  45713.06
7007.93693231908  46547.29
7007.99465677247  46606.97
7008.05237680137  46619.73
7008.11009240556  47102.29
7008.16780358484  46337.1
7008.225510339  46318.43
7008.28321266781  45621.19
7008.34091057109  46243.29
7008.39860404862  46783.7
7008.45629310018  46516.09
7008.51397772556  46267.07
7008.57165792457  46053.99
7008.62933369698  46757.15
7008.68700504259  46111.05
7008.74467196119  46139.81
7008.80233445257  46509.86
7008.85999251652  46757.09
7008.91764615283  46582.66
7008.97529536128  45868.49
7009.03294014168  46544.98
7009.09058049381  46599.54
7009.14821641747  46735.3
7009.20584791243  46018.35
7009.2634749785  46899.14
7009.32109761547  46647.74
7009.37871582312  46874.76
7009.43632960124  47166.7
7009.49393894963  46381.95
7009.55154386808  46477.96
7009.60914435638  46911.84
7009.66674041431  46922.66
7009.72433204168  46949.64
7009.78191923826  46761.58
7009.83950200386  46454.43
7009.89708033826  46455.57
7009.95465424125  46516.83
7010.01222371263  46857.37
7010.06978875219  46938.
7010.12734935971  46778.07
7010.18490553499  46870.13
7010.24245727782  47025.59
7010.30000458799  46483.64
7010.35754746529  47021.66
7010.41508590951  47157.45
7010.47261992045  46488.31
7010.53014949789  46508.39
7010.58767464163  47221.38
7010.64519535146  46899.6
7010.70271162717  46550.64
7010.76022346855  46391.97
7010.81773087539  46417.16
7010.87523384749  46819.15
7010.93273238463  46064.71
7010.99022648661  45548.51
7011.04771615321  45652.88
7011.10520138424  46344.22
7011.16268217948  46300.42
7011.22015853872  45764.86
7011.27763046176  45237.35
7011.33509794838  45476.44
7011.39256099838  45724.31
7011.45001961155  46340.07
7011.50747378769  46721.27
7011.56492352658  46362.42
7011.62236882801  46149.39
7011.67980969178  46095.61
7011.73724611768  46738.41
7011.7946781055  46828.89
7011.85210565504  46981.37
7011.90952876608  46683.91
7011.96694743842  46582.93
7012.02436167185  46941.54
7012.08177146616  46988.34
7012.13917682114  46911.13
7012.19657773659  46497.29
7012.2539742123  46795.43
7012.31136624805  46374.74
7012.36875384365  46848.85
7012.42613699889  46557.37
7012.48351571355  46972.22
7012.54088998743  46584.22
7012.59825982032  46440.9
7012.65562521202  46674.55
7012.71298616231  46758.27
7012.77034267099  47267.67
7012.82769473786  47209.8
7012.88504236269  47135.24
7012.9423855453  46956.71
7012.99972428546  46659.7
7013.05705858297  46611.5
7013.11438843763  46152.27
7013.17171384922  47491.39
7013.22903481755  47195.85
7013.28635134239  46515.
7013.34366342355  46577.85
7013.40097106082  46729.21
7013.45827425399  46895.03
7013.51557300285  47294.67
7013.5728673072  47555.26
7013.63015716682  47188.52
7013.68744258152  46820.39
7013.74472355108  46687.94
7013.8020000753  46605.77
7013.85927215397  46352.84
7013.91653978689  46253.15
7013.97380297384  47232.47
7014.03106171462  46872.7
7014.08831600902  47089.46
7014.14556585684  47755.18
7014.20281125787  47169.15
7014.2600522119  47534.9
7014.31728871872  46918.83
7014.37452077814  46537.9
7014.43174838994  46773.11
7014.48897155391  46087.93
7014.54619026985  47545.58
7014.60340453755  46957.48
7014.66061435681  46809.58
7014.71781972741  46147.89
7014.77502064916  46532.08
7014.83221712185  47398.83
7014.88940914526  46816.9
7014.9465967192  46335.45
7015.00377984345  46824.06
7015.06095851781  46988.23
7015.11813274208  46942.79
7015.17530251604  46778.95
7015.23246783949  46487.26
7015.28962871223  46020.75
7015.34678513405  46393.97
7015.40393710474  46504.81
7015.46108462409  46307.21
7015.51822769191  46718.65
7015.57536630798  47018.31
7015.63250047209  47531.04
7015.68963018405  47212.61
7015.74675544364  47020.14
7015.80387625066  46193.73
7015.8609926049  46588.86
7015.91810450616  45321.64
7015.97521195424  45539.92
7016.03231494891  46598.53
7016.08941348999  46424.51
7016.14650757726  47151.9
7016.20359721052  46268.82
7016.26068238956  46270.3
7016.31776311418  45381.73
7016.37483938417  44507.95
7016.43191119932  43306.73
7016.48897855943  42606.62
7016.54604146429  44880.23
7016.60309991371  46137.57
7016.66015390746  46351.87
7016.71720344535  47030.21
7016.77424852717  47112.54
7016.83128915272  46950.28
7016.88832532179  47168.63
7016.94535703417  46666.81
7017.00238428966  46910.57
7017.05940708805  47194.57
7017.11642542915  46683.02
7017.17343931274  47837.5
7017.23044873861  46252.86
7017.28745370657  47408.89
7017.3444542164  46661.81
7017.40145026791  45983.62
7017.45844186088  46815.48
7017.51542899511  46672.99
7017.5724116704  47066.1
7017.62938988655  47319.44
7017.68636364334  47156.77
7017.74333294057  46866.07
7017.80029777803  46906.36
7017.85725815553  47121.21
7017.91421407286  47210.55
7017.9711655298  47082.2
7018.02811252616  47556.36
7018.08505506174  47121.5
7018.14199313631  46802.16
7018.1989267497  47545.73
7018.25585590168  46913.4
7018.31278059205  46880.22
7018.36970082061  47141.69
7018.42661658715  46972.08
7018.48352789147  47408.89
7018.54043473336  47838.16
7018.59733711263  47383.27
7018.65423502906  47505.79
7018.71112848244  47238.38
7018.76801747259  46660.95
7018.82490199928  46494.66
7018.88178206232  46913.51
7018.9386576615  47638.67
7018.99552879662  46598.72
7019.05239546748  46672.3
7019.10925767386  48037.49
7019.16611541557  46932.05
7019.22296869239  46937.91
7019.27981750413  47068.32
7019.33666185059  46995.85
7019.39350173155  46192.78
7019.45033714681  47209.15
7019.50716809618  47307.37
7019.56399457944  47178.14
7019.62081659639  47361.99
7019.67763414683  47377.02
7019.73444723055  47283.87
7019.79125584735  47531.09
7019.84805999702  47488.2
7019.90485967936  47088.13
7019.96165489418  47363.58
7020.01844564125  47193.36
7020.07523192038  46920.77
7020.13201373137  46913.96
7020.18879107401  46762.09
7020.2455639481  47333.79
7020.30233235343  47220.28
7020.35909628981  47699.06
7020.41585575702  47229.11
7020.47261075486  47390.3
7020.52936128313  47182.74
7020.58610734163  47079.67
7020.64284893015  47385.59
7020.69958604849  47074.34
7020.75631869644  47003.1
7020.81304687381  46883.69
7020.86977058038  47060.46
7020.92648981596  46541.81
7020.98320458034  46744.84
7021.03991487332  48092.21
7021.0966206947  47430.71
7021.15332204426  46980.68
7021.21001892181  47368.27
7021.26671132715  47383.98
7021.32339926007  47714.49
7021.38008272036  47619.71
7021.43676170784  46979.68
7021.49343622228  47056.65
7021.5501062635  46663.61
7021.60677183128  47894.06
7021.66343292542  47496.29
7021.72008954572  47399.79
7021.77674169198  47470.25
7021.83338936399  47742.45
7021.89003256156  47619.46
7021.94667128447  47597.72
7022.00330553253  47628.12
7022.05993530553  47707.84
7022.11656060327  47605.1
7022.17318142555  47046.02
7022.22979777216  47238.05
7022.2864096429  47511.11
7022.34301703757  47367.7
7022.39961995597  48010.23
7022.45621839788  47588.23
7022.51281236312  46607.08
7022.56940185148  46801.6
7022.62598686276  47027.9
7022.68256739674  47861.58
7022.73914345324  48380.8
7022.79571503204  47559.43
7022.85228213295  47916.41
7022.90884475577  48019.61
7022.96540290028  47733.64
7023.02195656629  47416.3
7023.0785057536  46927.67
7023.13505046201  47368.87
7023.1915906913  48324.46
7023.24812644128  47608.89
7023.30465771175  47535.27
7023.36118450251  46705.84
7023.41770681335  45473.88
7023.47422464406  45067.58
7023.53073799446  44337.05
7023.58724686433  45540.64
7023.64375125348  46195.07
7023.7002511617  47550.17
7023.75674658879  47673.95
7023.81323753455  47474.09
7023.86972399878  47587.29
7023.92620598127  47565.28
7023.98268348182  46867.31
7024.03915650024  47588.62
7024.09562503631  47541.63
7024.15208908984  47544.9
7024.20854866062  47928.66
7024.26500374847  47223.81
7024.32145435316  47772.2
7024.3779004745  47546.18
7024.43434211229  48029.71
7024.49077926633  47877.54
7024.54721193642  48190.66
7024.60364012234  47547.65
7024.66006382392  47227.29
7024.71648304093  47849.84
7024.77289777318  47120.23
7024.82930802047  46891.02
7024.8857137826  47068.11
7024.94211505936  47434.38
7024.99851185056  48188.94
7025.05490415599  47550.03
7025.11129197545  47605.19
7025.16767530875  47950.74
7025.22405415567  48072.59
7025.28042851602  47325.23
7025.3367983896  47148.04
7025.3931637762  47395.49
7025.44952467563  47453.18
7025.50588108768  47906.1
7025.56223301215  47447.19
7025.61858044884  48110.84
7025.67492339756  47114.56
7025.73126185809  47994.25
7025.78759583024  47876.87
7025.84392531381  48169.26
7025.9002503086  48086.08
7025.9565708144  47283.03
7026.01288683102  47185.84
7026.06919835825  47457.1
7026.12550539589  47842.61
7026.18180794375  47297.49
7026.23810600162  47910.32
7026.2943995693  47999.94
7026.35068864659  47574.84
7026.4069732333  46748.
7026.46325332921  47551.73
7026.51952893413  47546.88
7026.57580004786  47562.47
7026.63206667019  48230.2
7026.68832880094  47695.47
7026.74458643989  47962.41
7026.80083958685  48012.37
7026.85708824161  47273.17
7026.91333240398  46385.61
7026.96957207376  45925.38
7027.02580725074  47305.28
7027.08203793472  47570.34
7027.13826412551  47858.47
7027.19448582291  47889.94
7027.25070302671  47515.
7027.30691573671  47658.76
7027.36312395272  46208.23
7027.41932767453  45392.5
7027.47552690194  44921.66
7027.53172163476  44795.23
7027.58791187278  45832.56
7027.64409761581  46871.74
7027.70027886364  47835.71
7027.75645561608  47785.5
7027.81262787292  47141.54
7027.86879563396  46434.38
7027.92495889901  47119.52
7027.98111766786  47777.45
7028.03727194032  47309.54
7028.09342171618  48216.05
7028.14956699524  47303.37
7028.20570777732  48057.27
7028.2618440622  48016.46
7028.31797584968  47828.3
7028.37410313957  47155.28
7028.43022593167  47525.55
7028.48634422578  48275.09
7028.54245802169  47970.35
7028.59856731921  48156.86
7028.65467211815  48248.88
7028.71077241829  48265.93
7028.76686821944  47777.5
7028.82295952141  48605.68
7028.87904632398  47745.84
7028.93512862697  47863.56
7028.99120643017  48072.83
7029.04727973338  47379.43
7029.10334853641  47558.91
7029.15941283906  47707.23
7029.21547264112  48530.75
7029.2715279424  47633.53
7029.32757874269  48530.61
7029.3836250418  47496.16
7029.43966683954  48358.96
7029.49570413569  47854.28
7029.55173693007  48303.49
7029.60776522247  48739.73
7029.66378901269  47728.74
7029.71980830054  48317.47
7029.77582308581  47657.23
7029.83183336831  48190.28
7029.88783914784  47729.93
7029.9438404242  47384.15
7029.9998371972  48088.12
7030.05582946662  47317.79
7030.11181723227  48167.36
7030.16780049396  48144.63
7030.22377925149  48670.61
7030.27975350465  48326.85
7030.33572325326  47827.62
7030.3916884971  48614.18
7030.44764923599  47492.59
7030.50360546971  48108.46
7030.55955719809  47638.73
7030.61550442091  47595.97
7030.67144713797  47999.11
7030.72738534909  48127.43
7030.78331905406  47565.14
7030.83924825268  48192.3
7030.89517294476  48223.75
7030.95109313009  47835.91
7031.00700880848  47790.18
7031.06291997973  48174.05
7031.11882664364  47589.51
7031.17472880001  47720.73
7031.23062644866  48351.81
7031.28651958936  47640.48
7031.34240822194  48205.13
7031.39829234619  48170.13
7031.45417196191  48177.4
7031.51004706891  47932.84
7031.56591766698  47055.2
7031.62178375593  48221.95
7031.67764533557  48169.56
7031.73350240568  47940.36
7031.78935496609  48244.21
7031.84520301658  48023.48
7031.90104655696  48084.55
7031.95688558704  48184.97
7032.0127201066  48142.32
7032.06855011547  48348.82
7032.12437561344  48927.7
7032.1801966003  48808.52
7032.23601307588  47720.46
7032.29182503995  48636.68
7032.34763249234  47683.84
7032.40343543284  48373.54
7032.45923386125  47654.18
7032.51502777737  48239.55
7032.57081718102  47969.18
7032.62660207199  47876.51
7032.68238245008  48499.39
7032.7381583151  48764.26
7032.79392966685  47551.54
7032.84969650514  48379.8
7032.90545882975  48329.47
7032.96121664051  48539.5
7033.0169699372  47875.06
7033.07271871964  48230.86
7033.12846298763  47933.4
7033.18420274096  48726.83
7033.23993797945  48590.3
7033.29566870289  48549.11
7033.35139491109  48644.59
7033.40711660385  48610.41
7033.46283378097  48018.1
7033.51854644227  48254.39
7033.57425458753  48926.17
7033.62995821656  48232.34
7033.68565732918  48627.32
7033.74135192517  47563.16
7033.79704200434  48413.36
7033.8527275665  48139.03
7033.90840861145  48775.4
7033.964085139  48946.68
7034.01975714894  48334.91
7034.07542464107  48434.95
7034.13108761521  48685.95
7034.18674607116  48679.25
7034.24240000872  49011.6
7034.29804942769  48635.83
7034.35369432788  48737.91
7034.40933470908  48583.06
7034.46497057111  48981.
7034.52060191377  48844.12
7034.57622873686  49103.07
7034.63185104018  48219.86
7034.68746882354  49297.93
7034.74308208674  48959.09
7034.79869082959  48617.94
7034.85429505188  48474.27
7034.90989475344  48131.54
7034.96548993404  48950.84
7035.02108059351  48968.54
7035.07666673164  48376.69
7035.13224834825  48077.8
7035.18782544312  48570.04
7035.24339801607  48387.52
7035.2989660669  48684.19
7035.35452959541  48442.93
7035.41008860142  48745.16
7035.46564308471  48553.26
7035.5211930451  47993.18
7035.5767384824  48686.29
7035.63227939639  47866.38
7035.6878157869  49013.41
7035.74334765372  48244.47
7035.79887499666  48849.96
7035.85439781552  48168.1
7035.90991611011  47750.58
7035.96542988023  48341.27
7036.02093912568  48567.01
7036.07644384627  48748.13
7036.1319440418  47947.54
7036.18743971208  48896.21
7036.24293085692  48512.4
7036.29841747611  48520.3
7036.35389956947  48450.27
7036.40937713679  48509.33
7036.46485017788  48356.54
7036.52031869254  48407.45
7036.57578268059  48333.7
7036.63124214182  48504.05
7036.68669707604  48803.92
7036.74214748306  47986.57
7036.79759336267  48279.04
7036.85303471469  48452.84
7036.90847153892  48520.58
7036.96390383516  49043.8
7037.01933160322  48133.41
7037.0747548429  48422.7
7037.13017355401  47327.03
7037.18558773635  47037.57
7037.24099738973  48278.05
7037.29640251396  47873.25
7037.35180310883  47752.87
7037.40719917416  47539.35
7037.46259070975  47373.3
7037.51797771539  46561.71
7037.57336019091  46082.02
7037.6287381361  47683.55
7037.68411155078  47261.79
7037.73948043473  47756.49
7037.79484478777  47613.2
7037.85020460972  48635.97
7037.90555990036  48167.61
7037.9609106595  48678.64
7038.01625688696  47821.08
7038.07159858254  48268.71
7038.12693574603  48639.63
7038.18226837726  47718.56
7038.23759647602  48647.77
7038.29292004212  47977.05
7038.34823907536  47896.91
7038.40355357555  48210.39
7038.45886354249  48061.03
7038.514168976  48188.23
7038.56946987588  48030.24
7038.62476624193  48195.2
7038.68005807395  47434.9
7038.73534537176  47925.43
7038.79062813516  48328.64
7038.84590636396  48508.31
7038.90118005796  48327.44
7038.95644921696  47672.26
7039.01171384078  48199.1
7039.06697392922  48323.43
7039.12222948209  48025.61
7039.17748049918  47925.11
7039.23272698031  47768.05
7039.28796892529  47400.64
7039.34320633392  47119.9
7039.398439206  48111.24
7039.45366754135  47975.96
7039.50889133976  47788.26
7039.56411060104  47639.2
7039.61932532501  48124.14
7039.67453551147  46795.23
7039.72974116022  46093.8
7039.78494227107  45474.38
7039.84013884382  46045.17
7039.89533087829  46558.74
7039.95051837427  47205.84
7040.00570133158  48020.09
7040.06087975002  47764.13
7040.1160536294  48299.61
7040.17122296953  48608.6
7040.22638777021  48432.15
7040.28154803124  48695.79
7040.33670375244  48142.13
7040.39185493361  47867.3
7040.44700157456  47827.01
7040.50214367509  47951.49
7040.55728123501  48403.
7040.61241425414  47150.01
7040.66754273226  48280.14
7040.7226666692  48187.79
7040.77778606476  47660.02
7040.83290091874  47921.31
7040.88801123096  48491.69
7040.94311700121  48867.59
7040.99821822931  47980.66
7041.05331491507  48239.04
7041.10840705828  48639.33
7041.16349465876  48087.14
7041.21857771632  48140.71
7041.27365623076  48183.52
7041.32873020188  48272.91
7041.38379962951  48435.72
7041.43886451343  48318.65
7041.49392485347  48626.59
7041.54898064942  48986.98
7041.6040319011  47849.71
7041.65907860831  48084.07
7041.71412077086  47818.27
7041.76915838856  47922.18
7041.82419146121  47248.27
7041.87921998862  47850.24
7041.9342439706  48413.85
7041.98926340696  48877.54
7042.04427829751  49028.56
7042.09928864204  48504.27
7042.15429444038  48523.79
7042.20929569232  49125.78
7042.26429239767  48829.87
7042.31928455625  49149.52
7042.37427216786  48528.28
7042.42925523231  49299.81
7042.4842337494  49251.77
7042.53920771894  48252.36
7042.59417714075  47951.92
7042.64914201462  48103.39
7042.70410234038  48445.75
7042.75905811781  48256.79
7042.81400934674  49379.65
7042.86895602697  47853.07
7042.92389815831  48769.99
7042.97883574056  49329.35
7043.03376877354  48868.85
7043.08869725705  49255.75
7043.14362119091  49018.5
7043.19854057491  48985.92
7043.25345540887  49400.48
7043.30836569259  48599.43
7043.36327142589  49338.18
7043.41817260857  48766.26
7043.47306924044  47773.08
7043.5279613213  49148.48
7043.58284885098  48381.32
7043.63773182926  48630.12
7043.69261025598  48758.68
7043.74748413092  49135.84
7043.8023534539  48945.09
7043.85721822474  48811.04
7043.91207844323  48797.54
7043.96693410918  48666.52
7044.02178522241  49191.23
7044.07663178273  48617.87
7044.13147378993  49177.99
7044.18631124384  48568.48
7044.24114414425  49279.74
7044.29597249098  48865.84
7044.35079628384  48932.13
7044.40561552263  49230.13
7044.46043020717  49190.33
7044.51524033726  49136.24
7044.57004591271  47946.09
7044.62484693333  49002.27
7044.67964339893  49315.17
7044.73443530932  48187.1
7044.7892226643  49176.36
7044.8440054637  48140.05
7044.8987837073  48844.61
7044.95355739494  49580.12
7045.0083265264  48959.65
7045.06309110151  49196.19
7045.11785112007  49459.81
7045.17260658189  48944.86
7045.22735748678  49135.84
7045.28210383455  49327.68
7045.33684562501  49208.51
7045.39158285796  48604.46
7045.44631553323  48951.08
7045.50104365061  49254.39
7045.55576720991  48740.46
7045.61048621095  49477.36
7045.66520065354  48928.46
7045.71991053748  48797.27
7045.77461586258  48804.18
7045.82931662866  49144.3
7045.88401283552  48785.8
7045.93870448297  48756.06
7045.99339157082  49198.53
7046.04807409889  49470.31
7046.10275206697  49021.29
7046.15742547489  49496.46
7046.21209432245  49138.71
7046.26675860946  49428.21
7046.32141833573  49268.8
7046.37607350107  48543.13
7046.43072410528  48715.6
7046.48537014819  48409.16
7046.5400116296  49976.84
7046.59464854932  49184.59
7046.64928090715  49061.66
7046.70390870292  49139.78
7046.75853193642  48193.99
7046.81315060748  48833.8
7046.86776471589  48724.97
7046.92237426148  48322.03
7046.97697924404  49400.6
7047.0315796634  49514.88
7047.08617551935  49690.99
7047.14076681171  49148.77
7047.1953535403  49606.39
7047.24993570492  49201.81
7047.30451330537  49319.76
7047.35908634148  49021.98
7047.41365481305  48133.24
7047.46821871989  48485.23
7047.52277806182  49946.96
7047.57733283864  49284.9
7047.63188305016  49128.68
7047.6864286962  49505.16
7047.74096977655  49335.38
7047.79550629105  49479.69
7047.85003823949  49193.96
7047.90456562169  48485.77
7047.95908843746  48847.48
7048.0136066866  48439.18
7048.06812036893  48622.98
7048.12262948426  49493.64
7048.1771340324  49668.91
7048.23163401316  50063.65
7048.28612942636  48975.96
7048.34062027179  49223.07
7048.39510654928  49216.74
7048.44958825863  49488.67
7048.50406539966  49916.92
7048.55853797217  50044.44
7048.61300597599  49913.6
7048.66746941091  49884.66
7048.72192827674  49864.2
7048.77638257331  49227.89
7048.83083230042  49726.03
7048.88527745788  49208.99
7048.93971804551  49901.94
7048.99415406311  49768.17
7049.0485855105  48883.61
7049.10301238748  49334.41
7049.15743469388  49422.98
7049.21185242949  48841.91
7049.26626559413  49086.95
7049.32067418762  49954.26
7049.37507820976  49888.59
7049.42947766037  48811.96
7049.48387253925  48911.15
7049.53826284623  49165.79
7049.5926485811  48685.39
7049.64702974368  50382.11
7049.70140633379  48839.61
7049.75577835123  49974.83
7049.81014579582  49432.39
7049.86450866737  50206.46
7049.91886696568  49578.43
7049.97322069058  48876.29
7050.02756984187  48287.74
7050.08191441937  49348.15
7050.13625442288  49355.03
7050.19058985222  49224.
7050.2449207072  49318.14
7050.29924698764  49983.99
7050.35356869334  49654.7
7050.40788582411  49692.09
7050.46219837977  49755.47
7050.51650636014  49563.33
7050.57080976501  48853.06
7050.62510859421  49057.04
7050.67940284755  48973.52
7050.73369252483  48829.48
7050.78797762588  47188.24
7050.84225815049  47827.03
7050.8965340985  47964.71
7050.9508054697  49089.48
7051.00507226391  49171.82
7051.05933448094  49088.36
7051.11359212061  49307.4
7051.16784518272  49476.06
7051.2220936671  49594.11
7051.27633757354  49279.85
7051.33057690187  49947.03
7051.38481165189  49721.27
7051.43904182343  48842.96
7051.49326741628  49599.89
7051.54748843027  48847.55
7051.6017048652  49479.34
7051.6559167209  50447.7
7051.71012399716  49694.5
7051.76432669382  49694.51
7051.81852481066  48826.98
7051.87271834752  49069.7
7051.9269073042  49914.96
7051.98109168052  49483.52
7052.03527147628  50223.88
7052.08944669131  49428.66
7052.1436173254  49800.89
7052.19778337839  49348.45
7052.25194485008  50212.71
7052.30610174028  48931.77
7052.3602540488  48652.83
7052.41440177546  49244.35
7052.46854492008  49561.07
7052.52268348246  48586.98
7052.57681746242  49202.3
7052.63094685977  49136.37
7052.68507167432  48584.98
7052.7391919059  48077.09
7052.7933075543  47921.24
7052.84741861935  48555.54
7052.90152510085  48856.64
7052.95562699863  49713.66
7053.00972431249  49524.46
7053.06381704224  49379.14
7053.11790518771  49756.99
7053.1719887487  49452.36
7053.22606772503  49231.96
7053.28014211652  50702.
7053.33421192296  50343.16
7053.38827714418  49873.9
7053.44233778  49610.27
7053.49639383022  49661.12
7053.55044529466  50264.71
7053.60449217313  49655.07
7053.65853446545  50015.2
7053.71257217143  49953.5
7053.76660529089  49571.6
7053.82063382363  50251.3
7053.87465776947  49182.81
7053.92867712823  50737.68
7053.98269189971  50636.82
7054.03670208375  49382.73
7054.09070768013  49785.14
7054.14470868869  49854.58
7054.19870510923  48909.34
7054.25269694158  49147.51
