8475.70959774366  14803.84
8475.78796633899  14663.92
8475.86632993459  14936.82
8475.94468853015  14788.14
8476.02304212532  14531.37
8476.10139071977  14553.01
8476.17973431318  14462.69
8476.25807290521  14724.58
8476.33640649554  14894.32
8476.41473508382  14721.91
8476.49305866973  14378.55
8476.57137725294  14441.02
8476.64969083311  14631.15
8476.72799940991  14738.1
8476.80630298302  14924.45
8476.8846015521  14716.47
8476.96289511682  14882.7
8477.04118367685  14846.73
8477.11946723186  14746.88
8477.19774578152  14603.79
8477.27601932549  15048.88
8477.35428786345  14534.03
8477.43255139507  14711.8
8477.51080992002  14493.99
8477.58906343795  14833.9
8477.66731194856  14559.7
8477.74555545149  14897.56
8477.82379394643  14888.48
8477.90202743304  14859.46
8477.980255911  14865.46
8478.05847937997  14685.26
8478.13669783962  14725.37
8478.21491128963  15187.25
8478.29311972966  14748.46
8478.37132315938  14940.2
8478.44952157847  15086.23
8478.52771498659  14863.31
8478.60590338341  14795.73
8478.6840867686  14996.32
8478.76226514185  15075.49
8478.8404385028  15122.98
8478.91860685115  14503.03
8478.99677018654  15159.37
8479.07492850867  14994.55
8479.15308181719  14909.91
8479.23123011178  15113.05
8479.30937339211  14705.62
8479.38751165786  14908.71
8479.46564490868  14927.98
8479.54377314425  15139.97
8479.62189636425  15014.06
8479.70001456834  15157.9
8479.7781277562  14853.52
8479.85623592749  14843.21
8479.9343390819  15135.09
8480.01243721908  14989.18
8480.09053033871  15253.31
8480.16861844047  15235.95
8480.24670152402  15381.07
8480.32477958903  14971.33
8480.40285263519  15005.08
8480.48092066215  14985.74
8480.5589836696  14891.01
8480.6370416572  14875.85
8480.71509462462  15244.52
8480.79314257154  14805.72
8480.87118549764  15251.72
8480.94922340257  14997.18
8481.02725628601  14529.31
8481.10528414764  15191.16
8481.18330698713  14726.82
8481.26132480416  14971.33
8481.33933759838  14918.38
8481.41734536948  15238.16
8481.49534811713  14793.93
8481.573345841  14876.05
8481.65133854076  14885.65
8481.72932621609  15238.57
8481.80730886666  14880.54
8481.88528649214  14892.29
8481.96325909221  15305.6
8482.04122666654  15268.7
8482.11918921479  15025.43
8482.19714673665  14593.52
8482.27509923179  15145.55
8482.35304669988  15250.12
8482.4309891406  15131.27
8482.50892655361  14841.11
8482.58685893859  15325.79
8482.66478629522  15028.1
8482.74270862316  15118.51
8482.8206259221  14945.45
8482.89853819171  14952.1
8482.97644543165  14993.48
8483.05434764161  15202.23
8483.13224482125  15032.89
8483.21013697025  14720.22
8483.28802408829  14987.97
8483.36590617504  15150.24
8483.44378323018  15203.88
8483.52165525337  15037.72
8483.59952224429  14814.09
8483.67738420262  14742.75
8483.75524112803  14938.1
8483.83309302019  15182.16
8483.91093987879  15110.61
8483.98878170348  14987.6
8484.06661849396  15334.46
8484.1444502499  15196.5
8484.22227697095  15168.62
8484.30009865681  15271.62
8484.37791530715  15334.46
8484.45572692165  15381.96
8484.53353349997  14784.66
8484.61133504179  15353.59
8484.6891315468  15502.26
8484.76692301465  14808.16
8484.84470944504  15077.79
8484.92249083762  15472.29
8485.00026719209  14881.83
8485.07803850812  15251.9
8485.15580478537  14937.24
8485.23356602353  15000.54
8485.31132222227  15225.68
8485.38907338127  14991.83
8485.4668195002  15044.36
8485.54456057874  14860.55
8485.62229661657  15199.08
8485.70002761336  15214.35
8485.77775356878  15184.79
8485.85547448252  15575.1
8485.93319035424  15363.49
8486.01090118363  15389.9
8486.08860697036  15448.61
8486.16630771411  15326.55
8486.24400341456  15250.2
8486.32169407137  15017.99
8486.39937968423  15078.13
8486.47706025282  15027.46
8486.5547357768  14691.96
8486.63240625587  15207.34
8486.71007168968  15289.22
8486.78773207793  14919.35
8486.86538742028  14730.78
8486.94303771643  14778.79
8487.02068296602  15011.25
8487.09832316876  14854.09
8487.17595832432  14698.13
8487.25358843237  15177.2
8487.33121349259  14747.52
8487.40883350465  14835.83
8487.48644846824  14976.71
8487.56405838303  15014.01
8487.64166324871  15178.19
8487.71926306494  15131.88
8487.7968578314  15066.3
8487.87444754778  14847.04
8487.95203221374  15160.43
8488.02961182898  15477.09
8488.10718639316  15350.38
8488.18475590597  15286.91
8488.26232036708  15147.29
8488.33987977617  15149.9
8488.41743413292  15140.64
8488.494983437  15110.7
8488.5725276881  14957.57
8488.65006688589  15279.9
8488.72760103005  15207.
8488.80513012026  15538.28
8488.8826541562  15106.84
8488.96017313755  15369.36
8489.03768706398  15060.03
8489.11519593518  15340.4
8489.19269975082  15295.94
8489.27019851058  14908.23
8489.34769221414  15319.85
8489.42518086119  15228.28
8489.50266445139  15151.26
8489.58014298443  15189.36
8489.65761645999  15216.97
8489.73508487774  15126.
8489.81254823736  15187.43
8489.89000653855  15136.08
8489.96745978096  15445.6
8490.04490796429  15182.58
8490.12235108821  15497.58
8490.19978915241  15170.76
8490.27722215655  15323.65
8490.35465010033  15303.72
8490.43207298342  15382.46
8490.5094908055  15196.9
8490.58690356625  15175.53
8490.66431126535  15310.6
8490.74171390249  15222.54
8490.81911147733  15288.59
8490.89650398957  15172.44
8490.97389143887  15394.18
8491.05127382494  15208.82
8491.12865114742  15241.12
8491.20602340603  15307.76
8491.28339060043  15357.21
8491.36075273029  15326.41
8491.43810979532  15471.79
8491.51546179517  15328.67
8491.59280872954  15183.53
8491.67015059811  15345.72
8491.74748740056  14788.61
8491.82481913656  15155.01
8491.9021458058  15432.17
8491.97946740796  15272.25
8492.05678394273  15219.65
8492.13409540977  15186.79
8492.21140180877  14900.55
8492.28870313942  14897.46
8492.3659994014  15003.78
8492.44329059438  15113.64
8492.52057671805  15108.67
8492.59785777209  14946.93
8492.67513375618  15194.36
8492.75240467  15128.22
8492.82967051324  15134.4
8492.90693128557  15172.62
8492.98418698668  15050.31
8493.06143761625  14843.08
8493.13868317396  14806.74
8493.2159236595  14684.28
8493.29315907254  14980.
8493.37038941278  15022.59
8493.44761467988  15106.33
8493.52483487353  14922.97
8493.60204999342  14681.64
8493.67926003922  15213.07
8493.75646501062  14942.03
8493.83366490731  14432.25
8493.91085972896  15033.17
8493.98804947525  15067.42
8494.06523414588  14967.18
8494.14241374052  15496.62
8494.21958825885  15007.79
8494.29675770056  15416.1
8494.37392206534  15085.9
8494.45108135285  14969.14
8494.5282355628  15119.63
8494.60538469485  15400.14
8494.6825287487  15302.44
8494.75966772402  15421.31
8494.8368016205  15323.69
8494.91393043783  15246.61
8494.99105417568  15126.7
8495.06817283374  14980.59
8495.1452864117  14981.12
8495.22239490924  14847.78
8495.29949832603  14839.85
8495.37659666177  15142.87
8495.45368991613  14660.98
8495.53077808882  15033.67
8495.60786117949  15018.45
8495.68493918784  15165.08
8495.76201211356  15115.18
8495.83907995633  15107.99
8495.91614271583  14695.41
8495.99320039175  14791.21
8496.07025298377  14928.4
8496.14730049157  14824.16
8496.22434291484  14758.39
8496.30138025327  14874.21
8496.37841250653  14614.71
8496.45543967432  14952.43
8496.53246175631  14466.72
8496.6094787522  14327.94
8496.68649066167  14167.57
8496.7634974844  13714.81
8496.84049922007  13343.49
8496.91749586838  12888.45
8496.994487429  12559.42
8497.07147390163  12394.38
8497.14845528594  12386.53
8497.22543158163  12248.54
8497.30240278837  12209.29
8497.37936890586  12486.73
8497.45632993378  12131.15
8497.53328587181  12486.77
8497.61023671964  12928.48
8497.68718247696  12999.8
8497.76412314344  13696.72
8497.84105871878  13649.13
8497.91798920267  14196.22
8497.99491459479  14048.21
8498.07183489481  14313.82
8498.14875010244  14397.48
8498.22566021735  14396.08
8498.30256523924  14379.31
8498.37946516778  14439.04
8498.45636000267  14538.9
8498.53324974359  14417.77
8498.61013439023  14915.91
8498.68701394227  14174.95
8498.7638883994  14439.57
8498.8407577613  14365.19
8498.91762202767  14425.46
8498.99448119819  14386.86
8499.07133527255  14662.27
8499.14818425043  14232.19
8499.22502813152  14494.55
8499.30186691551  14630.74
8499.37870060208  14563.48
8499.45552919092  14416.82
8499.53235268172  14419.26
8499.60917107416  14109.63
8499.68598436794  14353.02
8499.76279256274  14470.9
8499.83959565824  14586.21
8499.91639365414  14288.52
8499.99318655012  14433.21
8500.06997434587  14371.76
8500.14675704108  14570.07
8500.22353463542  14225.84
8500.30030712861  14339.64
8500.37707452031  14559.4
8500.45383681022  14143.08
8500.53059399803  14414.76
8500.60734608342  14438.73
8500.68409306609  14545.96
8500.76083494571  14215.51
8500.83757172198  14420.71
8500.91430339458  14298.71
8500.99102996322  14369.99
8501.06775142756  14404.24
8501.14446778731  14300.14
8501.22117904214  14278.52
8501.29788519176  14293.4
8501.37458623584  14158.28
8501.45128217407  14397.41
8501.52797300615  14439.07
8501.60465873176  14418.27
8501.6813393506  14537.05
8501.75801486234  14216.47
8501.83468526669  14405.26
8501.91135056332  14398.73
8501.98801075193  14384.07
8502.06466583221  14130.48
8502.14131580384  14406.52
8502.21796066652  14446.92
8502.29460041993  14580.64
8502.37123506377  14576.95
8502.44786459772  14276.79
8502.52448902147  14187.78
8502.60110833471  14434.24
8502.67772253714  14459.12
8502.75433162844  14529.02
8502.8309356083  14554.15
8502.90753447641  14623.74
8502.98412823247  14632.96
8503.06071687615  14653.41
8503.13730040715  14281.32
8503.21387882517  14500.83
8503.29045212989  14309.54
8503.367020321  14666.77
8503.44358339819  14539.36
8503.52014136115  14802.69
8503.59669420958  14570.93
8503.67324194316  14741.03
8503.74978456158  14645.9
8503.82632206454  14637.29
8503.90285445172  14778.21
8503.97938172281  14683.68
8504.05590387752  14667.58
8504.13242091551  15042.8
8504.2089328365  14930.
8504.28543964017  14980.72
8504.3619413262  14585.01
8504.4384378943  14803.34
8504.51492934415  15019.72
8504.59141567544  14768.02
8504.66789688786  14624.77
8504.74437298112  14954.14
8504.82084395488  14981.39
8504.89730980886  14823.49
8504.97377054274  14935.98
8505.05022615621  15010.46
8505.12667664896  14869.47
8505.20312202069  15175.15
8505.27956227108  15065.58
8505.35599739983  15098.61
8505.43242740663  15089.55
8505.50885229118  14797.19
8505.58527205316  15059.97
8505.66168669226  15032.63
8505.73809620818  15356.08
8505.81450060061  15092.47
8505.89089986925  15266.67
8505.96729401378  14976.23
8506.0436830339  15149.32
8506.1200669293  15361.34
8506.19644569967  14997.86
8506.27281934471  15539.35
8506.3491878641  15372.85
8506.42555125755  15247.33
8506.50190952474  15573.97
8506.57826266536  15519.28
8506.65461067911  15733.27
8506.73095356568  15554.67
8506.80729132477  15581.31
8506.88362395607  15319.62
8506.95995145927  15775.84
8507.03627383406  15638.14
8507.11259108013  15234.66
8507.18890319719  15431.2
8507.26521018493  15703.8
8507.34151204303  15627.33
8507.41780877119  15419.08
8507.4941003691  15696.67
8507.57038683647  15075.45
8507.64666817297  15279.4
8507.72294437831  15230.39
8507.79921545218  15488.58
8507.87548139427  15316.75
8507.95174220428  15356.78
8508.0279978819  15341.37
8508.10424842682  15477.95
8508.18049383875  15484.08
8508.25673411737  15649.98
8508.33296926237  15512.65
8508.40919927346  15366.74
8508.48542415032  15604.65
8508.56164389266  15524.13
8508.63785850015  15674.44
8508.71406797251  15315.98
8508.79027230943  15246.2
8508.86647151059  15266.89
8508.94266557569  15430.17
8509.01885450444  15425.94
8509.09503829652  15070.47
8509.17121695162  15112.42
8509.24739046945  15271.03
8509.3235588497  15632.12
8509.39972209206  15641.31
8509.47588019622  15001.04
8509.5520331619  15324.1
8509.62818098877  15534.51
8509.70432367654  15538.28
8509.78046122489  15518.88
8509.85659363353  15696.81
8509.93272090215  15695.21
8510.00884303045  15453.87
8510.08496001812  15732.94
8510.16107186486  15912.47
8510.23717857037  15739.4
8510.31328013433  16005.96
8510.38937655644  15987.71
8510.46546783641  16009.45
8510.54155397393  15853.68
8510.61763496869  15637.87
8510.69371082039  15754.43
8510.76978152872  15639.4
8510.84584709339  15810.89
8510.92190751409  15988.81
8510.99796279051  15872.19
8511.07401292235  15899.36
8511.15005790931  15455.69
8511.22609775108  15477.66
8511.30213244737  15420.5
8511.37816199786  15781.04
8511.45418640227  15497.95
8511.53020566026  15937.23
8511.60621977157  15683.49
8511.68222873586  16002.96
8511.75823255285  15961.55
8511.83423122222  15316.14
8511.91022474369  15551.26
8511.98621311693  15558.17
8512.06219634166  15562.49
8512.13817441757  15888.33
8512.21414734435  15953.42
8512.29011512171  16131.96
8512.36607774934  15658.86
8512.44203522694  15665.27
8512.5179875542  15696.24
8512.59393473083  15851.71
8512.66987675651  15972.37
8512.74581363096  15888.21
8512.82174535387  16271.83
8512.89767192493  15763.42
8512.97359334385  15854.63
8513.04950961031  15721.03
8513.12542072403  15876.27
8513.20132668469  15793.15
8513.277227492  15891.99
8513.35312314566  15704.11
8513.42901364535  15598.58
8513.5048989908  16100.25
8513.58077918168  16356.53
8513.65665421769  15689.97
8513.73252409855  15992.06
8513.80838882394  16070.98
8513.88424839357  16217.86
8513.96010280713  15827.71
8514.03595206432  16170.86
8514.11179616484  16316.52
8514.1876351084  16066.69
8514.26346889468  16474.54
8514.33929752339  15816.2
8514.41512099423  15829.62
8514.4909393069  16058.94
8514.5667524611  16271.59
8514.64256045652  15924.14
8514.71836329286  15789.37
8514.79416096983  15977.55
8514.86995348713  16109.84
8514.94574084445  15938.76
8515.02152304149  16145.75
8515.09730007795  16061.84
8515.17307195354  16279.62
8515.24883866796  15917.51
8515.3246002209  15992.46
8515.40035661205  16046.
8515.47610784114  16270.96
8515.55185390784  16064.86
8515.62759481188  16248.54
8515.70333055293  16095.5
8515.77906113071  16201.87
8515.85478654491  16267.31
8515.93050679524  16089.62
8516.00622188139  16336.88
8516.08193180308  15869.65
8516.15763655998  16136.7
8516.23333615182  16215.06
8516.30903057828  16306.4
8516.38471983908  16178.03
8516.4604039339  16322.72
8516.53608286246  16346.42
8516.61175662444  16214.81
8516.68742521956  16027.41
8516.76308864752  16104.71
8516.838746908  16099.44
8516.91440000073  16123.94
8516.99004792539  16386.06
8517.0656906817  16300.79
8517.14132826934  16408.18
8517.21696068803  16450.16
8517.29258793746  16467.36
8517.36821001734  16317.15
8517.44382692736  16340.71
8517.51943866724  16452.98
8517.59504523666  16421.64
8517.67064663534  15962.47
8517.74624286297  16134.95
8517.82183391926  16492.24
8517.8974198039  16431.32
8517.97300051661  16261.24
8518.04857605708  16295.7
8518.12414642502  16063.34
8518.19971162012  16429.81
8518.2752716421  16566.91
8518.35082649065  16364.6
8518.42637616547  16325.98
8518.50192066627  16515.9
8518.57745999275  16278.05
8518.65299414462  16602.57
8518.72852312157  16587.15
8518.8040469233  16734.29
8518.87956554953  16273.51
8518.95507899996  16619.26
8519.03058727428  16636.99
8519.1060903722  16590.39
8519.18158829342  16218.33
8519.25708103766  16359.25
8519.3325686046  16556.25
8519.40805099395  16853.22
8519.48352820543  16339.2
8519.55900023872  16260.15
8519.63446709354  16468.77
8519.70992876958  16692.67
8519.78538526655  16275.43
8519.86083658416  16633.76
8519.93628272211  16718.03
8520.0117236801  16546.58
8520.08715945783  16419.61
8520.16259005502  16539.83
8520.23801547136  16455.47
8520.31343570656  16369.42
8520.38885076031  16463.67
8520.46426063234  16673.44
8520.53966532234  16531.8
8520.61506483001  16653.1
8520.69045915506  16578.71
8520.76584829719  16386.78
8520.84123225611  15967.97
8520.91661103153  16135.53
8520.99198462314  16575.46
8521.06735303065  16396.85
8521.14271625377  16323.02
8521.21807429221  16021.97
8521.29342714565  16587.62
8521.36877481383  16388.93
8521.44411729642  16358.09
8521.51945459315  16378.74
8521.59478670371  16466.58
8521.67011362782  16746.21
8521.74543536518  16569.88
8521.82075191548  16523.91
8521.89606327845  16327.62
8521.97136945377  16599.13
8522.04667044117  16986.29
8522.12196624033  16381.66
8522.19725685098  16310.2
8522.27254227282  16684.2
8522.34782250555  16196.18
8522.42309754887  16723.14
8522.49836740249  16706.18
8522.57363206613  16721.74
8522.64889153948  16505.95
8522.72414582225  16681.94
8522.79939491414  16413.09
8522.87463881487  16557.74
8522.94987752414  16508.08
8523.02511104166  16393.95
8523.10033936713  16256.12
8523.17556250025  16576.36
8523.25078044074  16343.65
8523.3259931883  15974.65
8523.40120074264  16437.42
8523.47640310347  16247.28
8523.55160027048  16192.75
8523.6267922434  16083.01
8523.70197902192  16693.64
8523.77716060575  16535.33
8523.8523369946  16415.51
8523.92750818818  16671.5
8524.00267418619  16564.83
8524.07783498834  16454.3
8524.15299059433  16755.26
8524.22814100389  16624.53
8524.30328621671  16732.58
8524.37842623249  16809.34
8524.45356105095  16784.89
8524.5286906718  16290.39
8524.60381509474  16925.53
8524.67893431948  16840.23
8524.75404834572  16571.97
8524.82915717319  16463.27
8524.90426080157  16811.87
8524.97935923059  16761.18
8525.05445245995  17093.31
8525.12954048935  16509.03
8525.20462331851  16973.67
8525.27970094713  16465.91
8525.35477337493  16559.
8525.4298406016  16848.96
8525.50490262687  16594.21
8525.57995945043  16744.16
8525.65501107199  16880.29
8525.73005749127  16388.16
8525.80509870798  16482.59
8525.88013472181  16172.32
8525.95516553248  16612.09
8526.0301911397  16585.55
8526.10521154318  16370.83
8526.18022674263  16439.17
8526.25523673775  16457.09
8526.33024152825  16483.35
8526.40524111385  15965.78
8526.48023549425  16566.15
8526.55522466917  16508.2
8526.6302086383  16630.39
8526.70518740137  16621.77
8526.78016095807  16584.58
8526.85512930813  16465.47
8526.93009245124  16421.97
8527.00505038713  16364.83
8527.08000311549  16287.53
8527.15495063604  16431.11
8527.22989294848  16396.05
8527.30483005254  16447.51
8527.37976194791  16247.16
8527.45468863431  16557.03
8527.52961011145  16601.52
8527.60452637903  16758.98
8527.67943743677  16659.42
8527.75434328438  16699.
8527.82924392157  16630.27
8527.90413934805  16695.22
8527.97902956353  16385.77
8528.05391456771  16692.51
8528.12879436032  16510.17
8528.20366894105  16633.81
8528.27853830963  16840.24
8528.35340246576  16599.08
8528.42826140915  16681.76
8528.50311513952  16546.08
8528.57796365657  16563.75
8528.65280696001  16225.68
8528.72764504956  16715.85
8528.80247792494  16582.4
8528.87730558583  16513.69
8528.95212803197  16726.43
8529.02694526306  16457.95
8529.10175727882  16251.8
8529.17656407894  16602.8
8529.25136566315  16731.45
8529.32616203116  16362.14
8529.40095318268  16319.46
8529.47573911742  16473.85
8529.55051983509  16391.71
8529.6252953354  16280.42
8529.70006561807  16366.53
8529.7748306828  16358.62
8529.84959052932  16417.83
8529.92434515733  16081.63
8529.99909456654  16509.15
8530.07383875666  16527.44
8530.14857772742  16423.06
8530.22331147851  16445.33
8530.29804000965  16036.75
8530.37276332057  16327.08
8530.44748141096  16552.78
8530.52219428053  16418.48
8530.59690192901  16249.34
8530.67160435611  16402.57
8530.74630156153  16279.57
8530.820993545  16010.49
8530.89568030621  15801.48
8530.9703618449  16066.28
8531.04503816076  16005.23
8531.11970925351  16202.52
8531.19437512288  15876.84
8531.26903576856  16186.13
8531.34369119026  16208.46
8531.41834138772  16274.45
8531.49298636063  16049.16
8531.56762610871  16037.14
8531.64226063169  16185.39
8531.71688992926  16293.93
8531.79151400114  16175.18
8531.86613284704  16339.07
8531.94074646669  16491.76
8532.01535485979  16555.77
8532.08995802605  16144.99
8532.1645559652  16287.38
8532.23914867695  16432.54
8532.313736161  16268.35
8532.38831841707  16810.87
8532.46289544488  16510.5
8532.53746724414  16949.41
8532.61203381457  16575.92
8532.68659515588  16500.62
8532.76115126778  16426.26
8532.83570214999  16406.6
8532.91024780223  16643.31
8532.9847882242  16448.82
8533.05932341563  16386.28
8533.13385337622  16340.59
8533.20837810569  16092.87
8533.28289760376  16456.42
8533.35741187015  16146.59
8533.43192090456  16167.54
8533.5064247067  16269.1
8533.58092327632  16098.67
8533.65541661309  16366.07
8533.72990471676  16302.22
8533.80438758703  16422.16
8533.87886522362  15952.58
8533.95333762624  16311.96
8534.0278047946  16497.24
8534.10226672844  16146.2
8534.17672342744  15845.77
8534.25117489135  16270.56
8534.32562111987  15991.94
8534.40006211271  15926.93
8534.4744978696  16018.58
8534.54892839024  16082.8
8534.62335367436  16306.26
8534.69777372167  15747.73
8534.77218853188  16231.65
8534.84659810472  16052.5
8534.92100243989  16112.31
8534.99540153712  15885.15
8535.06979539613  16181.53
8535.14418401661  15986.99
8535.21856739831  16100.04
8535.29294554092  15701.37
8535.36731844417  15869.11
8535.44168610778  16122.36
8535.51604853145  16024.02
8535.59040571491  15890.83
8535.66475765788  16150.86
8535.73910436006  15718.22
8535.81344582119  15789.44
8535.88778204096  16439.72
8535.96211301912  15834.75
8536.03643875536  15991.25
8536.1107592494  16210.26
8536.18507450097  15883.6
8536.25938450978  15880.29
8536.33368927555  15926.44
8536.40798879799  15573.83
8536.48228307683  15675.89
8536.55657211177  15761.79
8536.63085590254  15840.56
8536.70513444886  15892.98
8536.77940775044  15994.39
8536.85367580701  15948.26
8536.92793861827  15692.51
8537.00219618395  16073.32
8537.07644850377  15967.34
8537.15069557744  15749.23
8537.22493740468  15817.69
8537.29917398521  15592.12
8537.37340531875  15828.42
8537.44763140501  16092.54
8537.52185224372  15970.48
8537.59606783459  15710.63
8537.67027817734  15926.15
8537.74448327169  16221.22
8537.81868311736  15839.48
8537.89287771407  15827.65
8537.96706706153  15788.8
8538.04125115947  15866.04
8538.1154300076  15634.14
8538.18960360565  15739.58
8538.26377195333  15667.26
8538.33793505035  15929.99
8538.41209289645  15764.23
8538.48624549133  15815.21
8538.56039283472  15895.56
8538.63453492634  15649.96
8538.70867176591  15755.89
8538.78280335314  15840.03
8538.85692968776  15933.92
8538.93105076948  15307.44
8539.00516659803  15531.95
8539.07927717312  15634.08
8539.15338249448  15659.16
8539.22748256182  15592.43
8539.30157737487  15864.33
8539.37566693333  15722.71
8539.44975123695  15213.03
8539.52383028542  15182.88
8539.59790407848  15328.38
8539.67197261585  15641.57
8539.74603589723  15587.34
8539.82009392236  15643.92
8539.89414669096  15321.54
8539.96819420274  15779.57
8540.04223645743  15597.58
8540.11627345475  15835.84
8540.19030519441  15527.43
8540.26433167614  15553.88
8540.33835289966  15427.76
8540.41236886468  15477.5
8540.48637957094  15340.48
8540.56038501815  15110.52
8540.63438520602  14869.27
8540.7083801343  14607.68
8540.78236980269  13920.26
8540.85635421091  13058.74
8540.93033335869  12768.9
8541.00430724574  12596.57
8541.0782758718  11958.55
8541.15223923658  11559.09
8541.22619733979  11649.72
8541.30015018118  11434.15
8541.37409776044  11548.02
8541.44804007732  11406.24
8541.52197713151  11644.82
8541.59590892277  11809.7
8541.66983545079  12438.5
8541.74375671531  12727.46
8541.81767271604  13004.42
8541.89158345271  13676.2
8541.96548892505  14138.28
8542.03938913276  14255.25
8542.11328407558  14481.39
8542.18717375322  14759.09
8542.26105816542  14971.64
8542.33493731189  14799.9
8542.40881119235  14728.07
8542.48267980652  15084.92
8542.55654315414  15293.04
8542.63040123492  15093.96
8542.70425404858  15048.01
8542.77810159485  14953.86
8542.85194387345  14786.78
8542.9257808841  14973.14
8542.99961262653  14902.51
8543.07343910046  15086.09
8543.14726030561  14847.94
8543.2210762417  14961.77
8543.29488690847  14968.6
8543.36869230563  14876.31
8543.4424924329  15045.38
8543.51628729001  15152.01
8543.59007687668  15111.67
8543.66386119264  15035.92
8543.7376402376  15188.13
8543.8114140113  14812.41
8543.88518251346  15072.09
8543.9589457438  15396.4
8544.03270370203  15019.73
8544.1064563879  14856.07
8544.18020380112  15140.94
8544.25394594142  15038.73
8544.32768280852  14847.79
8544.40141440213  14876.61
8544.475140722  14864.27
8544.54886176785  15241.19
8544.62257753938  15033.03
8544.69628803635  15296.32
8544.76999325845  15163.36
8544.84369320543  14894.39
8544.917387877  15254.54
8544.99107727289  15147.
8545.06476139283  15253.42
8545.13844023653  14878.93
8545.21211380373  15120.32
8545.28578209415  15113.38
8545.35944510751  15190.6
8545.43310284354  15196.34
8545.50675530196  15028.5
8545.5804024825  15016.91
8545.65404438489  15230.31
8545.72768100885  15426.54
8545.8013123541  14875.87
8545.87493842038  15207.24
8545.94855920739  15337.14
8546.02217471488  15180.49
8546.09578494257  15149.07
8546.16938989018  15397.15
8546.24298955743  15219.24
8546.31658394407  15089.52
8546.3901730498  15389.21
8546.46375687435  15268.75
8546.53733541746  15279.93
8546.61090867885  15271.58
8546.68447665824  15387.41
8546.75803935536  15158.86
8546.83159676993  15793.43
8546.90514890169  15250.36
8546.97869575035  15679.13
8547.05223731566  15742.51
8547.12577359732  15925.27
8547.19930459507  15691.43
8547.27283030864  15508.86
8547.34635073774  15495.94
8547.41986588212  15481.33
8547.49337574149  15685.88
8547.56688031558  15782.08
8547.64037960412  15626.63
8547.71387360683  15762.9
8547.78736232345  15928.28
8547.8608457537  15842.24
8547.9343238973  15729.65
8548.00779675399  15641.4
8548.08126432348  16064.1
8548.15472660552  15895.31
8548.22818359982  15982.99
8548.30163530612  15476.86
8548.37508172414  16048.04
8548.4485228536  16016.9
8548.52195869424  15918.99
8548.59538924578  16227.29
8548.66881450796  16185.96
8548.74223448049  16315.48
8548.81564916311  16294.73
8548.88905855555  16247.59
8548.96246265752  16091.85
8549.03586146877  16431.98
8549.10925498902  16428.84
8549.182643218  16329.34
8549.25602615543  16206.94
8549.32940380105  16516.43
8549.40277615458  16230.97
8549.47614321575  16569.03
8549.54950498428  16672.85
8549.62286145992  16463.63
8549.69621264238  16444.77
8549.7695585314  16182.48
8549.8428991267  16506.27
8549.91623442802  16654.46
8549.98956443507  16056.15
8550.0628891476  16655.49
8550.13620856533  16760.98
8550.20952268798  16646.93
8550.28283151529  16708.5
8550.35613504699  16723.56
8550.42943328281  15948.76
8550.50272622247  16406.57
8550.5760138657  16273.5
8550.64929621225  16748.62
8550.72257326182  16456.27
8550.79584501416  16561.31
8550.86911146899  16168.98
8550.94237262604  16310.21
8551.01562848504  16509.91
8551.08887904573  16253.79
8551.16212430783  16419.13
8551.23536427107  16339.14
8551.30859893518  16085.71
8551.3818282999  16516.87
8551.45505236495  16460.91
8551.52827113006  16546.64
8551.60148459496  16625.23
8551.67469275939  16426.1
8551.74789562307  16655.3
8551.82109318573  16446.62
8551.8942854471  16763.95
8551.96747240693  16876.33
8552.04065406492  17155.79
8552.11383042083  16990.4
8552.18700147436  16795.55
8552.26016722527  17021.76
8552.33332767328  17352.06
8552.40648281811  17328.12
8552.47963265951  16820.5
8552.55277719719  17088.6
8552.6259164309  17088.73
8552.69905036037  16753.84
8552.77217898532  17176.87
8552.84530230548  17127.92
8552.91842032059  17053.14
8552.99153303038  17102.34
8553.06464043459  16918.15
8553.13774253293  16996.63
8553.21083932514  17326.7
8553.28393081097  17076.25
8553.35701699013  17048.08
8553.43009786236  17005.33
8553.50317342739  17094.63
8553.57624368495  17086.42
8553.64930863478  17254.75
8553.7223682766  16817.06
8553.79542261015  17170.3
8553.86847163517  17178.02
8553.94151535137  17091.9
8554.0145537585  17236.3
8554.0875868563  17320.65
8554.16061464448  17003.67
8554.23363712278  16638.96
8554.30665429094  17120.51
8554.37966614869  17397.35
8554.45267269575  16992.29
8554.52567393188  16872.93
8554.59866985678  17262.08
8554.67166047021  17076.3
8554.74464577189  16785.02
8554.81762576155  16923.49
8554.89060043893  17085.27
8554.96356980376  17052.27
8555.03653385578  16866.19
8555.10949259471  16885.05
8555.18244602029  16508.47
8555.25539413227  16870.26
8555.32833693035  17090.32
8555.40127441429  16794.08
8555.47420658381  16882.57
8555.54713343865  16506.43
8555.62005497854  17136.74
8555.69297120322  17200.15
8555.76588211241  17011.95
8555.83878770586  16921.66
8555.9116879833  17269.54
8555.98458294446  17360.18
8556.05747258907  17087.57
8556.13035691687  17203.17
8556.2032359276  17226.09
8556.27610962098  17188.53
8556.34897799676  17326.76
8556.42184105466  17271.49
8556.49469879442  17421.08
8556.56755121577  17554.12
8556.64039831846  17420.63
8556.71324010221  17307.04
8556.78607656676  17146.47
8556.85890771185  17524.86
8556.9317335372  17482.64
8557.00455404255  17268.32
8557.07736922765  17558.81
8557.15017909222  17632.78
8557.22298363599  17424.04
8557.29578285871  17612.49
8557.3685767601  17563.17
8557.44136533991  17430.82
8557.51414859787  17491.54
8557.58692653371  17330.13
8557.65969914718  17565.3
8557.73246643799  17377.53
8557.80522840591  17565.64
8557.87798505064  17486.38
8557.95073637194  17938.3
8558.02348236953  17564.51
8558.09622304315  17803.01
8558.16895839255  17715.25
8558.24168841746  17366.47
8558.3144131176  17587.8
8558.38713249272  17888.88
8558.45984654255  17538.94
8558.53255526684  17674.2
8558.60525866531  17557.57
8558.6779567377  17783.34
8558.75064948375  17360.75
8558.82333690319  17406.37
8558.89601899576  17688.09
8558.96869576121  17563.25
8559.04136719925  17620.
8559.11403330964  17681.93
8559.18669409211  17119.04
8559.25934954638  17300.73
8559.33199967222  17931.46
8559.40464446933  17478.55
8559.47728393748  17529.67
8559.54991807638  17509.87
8559.62254688579  17537.59
8559.69517036543  17804.3
8559.76778851504  17731.87
8559.84040133437  17782.94
8559.91300882315  18029.49
8559.9856109811  17905.4
8560.05820780798  17961.95
8560.13079930353  17712.91
8560.20338546747  17764.
8560.27596629955  17524.08
8560.3485417995  17707.43
8560.42111196706  17521.97
8560.49367680197  17550.9
8560.56623630396  17331.03
8560.63879047278  17439.6
8560.71133930817  17653.18
8560.78388280985  17654.27
8560.85642097758  17857.21
8560.92895381108  17967.85
8561.0014813101  17857.26
8561.07400347437  17925.95
8561.14652030364  17474.55
8561.21903179763  18074.86
8561.29153795609  17695.47
8561.36403877877  17615.19
8561.43653426538  17853.84
8561.50902441569  17689.65
8561.58150922942  18144.46
8561.65398870631  18144.65
8561.7264628461  17991.9
8561.79893164853  17855.82
8561.87139511334  17343.73
8561.94385324028  18119.34
8562.01630602906  17825.03
8562.08875347945  18169.62
8562.16119559117  17888.95
8562.23363236397  17872.41
8562.30606379758  17860.57
8562.37848989175  18018.91
8562.45091064621  18029.76
8562.52332606071  17967.33
8562.59573613498  17962.45
8562.66814086876  17959.07
8562.74054026179  17566.27
8562.81293431382  17780.23
8562.88532302457  17951.51
8562.95770639381  17987.47
8563.03008442125  17934.13
8563.10245710664  18093.08
8563.17482444974  18006.04
8563.24718645025  18098.95
8563.31954310795  17922.06
8563.39189442256  17989.7
8563.46424039382  17765.6
8563.53658102147  18204.95
8563.60891630526  18098.45
8563.68124624493  18041.17
8563.75357084021  17750.56
8563.82589009084  17821.37
8563.89820399658  17962.87
8563.97051255715  17978.69
8564.0428157723  18014.91
8564.11511364177  17984.84
8564.1874061653  18167.19
8564.25969334264  17578.58
8564.33197517351  18445.57
8564.40425165768  18270.09
8564.47652279486  17894.02
8564.54878858482  17943.33
8564.62104902728  17848.47
8564.693304122  17675.94
8564.76555386869  17525.58
8564.83779826713  18169.73
8564.91003731704  17644.98
8564.98227101817  17525.58
8565.05449937025  18085.43
8565.12672237304  17296.94
8565.19894002626  17638.69
8565.27115232967  17780.38
8565.343359283  17518.4
8565.41556088601  17452.92
8565.48775713842  17853.82
8565.55994803998  17598.94
8565.63213359044  17738.71
8565.70431378953  17473.43
8565.776488637  17572.81
8565.84865813259  17755.4
8565.92082227605  17700.99
8565.99298106711  17894.22
8566.06513450553  18295.68
8566.13728259103  18296.74
8566.20942532337  18372.92
8566.28156270228  17852.82
8566.35369472752  17975.76
8566.42582139881  18133.34
8566.49794271592  18106.19
8566.57005867857  18173.55
8566.64216928651  18273.39
8566.71427453949  17843.09
8566.78637443725  18060.75
8566.85846897953  17924.37
8566.93055816607  17568.85
8567.00264199663  17777.11
8567.07472047093  17813.97
8567.14679358873  17465.59
8567.21886134977  17631.16
8567.2909237538  17526.37
8567.36298080054  17880.68
8567.43503248977  18054.48
8567.5070788212  17664.66
8567.57911979459  17952.88
8567.65115540969  18086.67
8567.72318566623  18052.02
8567.79521056396  18095.53
8567.86723010262  18283.15
8567.93924428197  18294.63
8568.01125310174  18056.08
8568.08325656168  18378.05
8568.15525466152  18525.7
8568.22724740102  18302.57
8568.29923477993  18142.79
8568.37121679797  18179.19
8568.44319345492  18442.49
8568.51516475049  18499.76
8568.58713068445  18307.75
8568.65909125653  18468.1
8568.73104646648  18241.64
8568.80299631404  17993.
8568.87494079896  18627.99
8568.94687992099  18396.44
8569.01881367986  18272.96
8569.09074207534  18224.57
8569.16266510715  18451.39
8569.23458277505  18591.45
8569.30649507878  18529.24
8569.37840201809  18684.9
8569.45030359271  18326.99
8569.52219980241  18321.06
8569.59409064692  18450.02
8569.66597612599  18487.55
8569.73785623936  18463.92
8569.80973098679  18396.12
8569.881600368  18654.89
8569.95346438277  18257.26
8570.02532303082  18500.39
8570.09717631191  18419.99
8570.16902422578  18438.27
8570.24086677217  18563.03
8570.31270395084  18412.6
8570.38453576153  18453.73
8570.45636220398  18201.27
8570.52818327795  18473.76
8570.59999898318  18384.85
8570.67180931941  18433.98
8570.7436142864  18539.31
8570.81541388388  18262.3
8570.88720811161  18205.82
8570.95899696933  18713.67
8571.0307804568  18410.39
8571.10255857375  18714.34
8571.17433131993  18702.02
8571.2460986951  18560.36
8571.31786069899  18386.1
8571.38961733136  18560.28
8571.46136859195  18507.81
8571.53311448051  18796.71
8571.60485499679  18144.71
8571.67659014053  18761.
8571.74831991149  18349.44
8571.8200443094  18147.13
8571.89176333402  18492.5
8571.9634769851  18337.83
8572.03518526238  18227.03
8572.10688816562  18543.4
8572.17858569455  18902.05
8572.25027784892  18407.85
8572.3219646285  18353.79
8572.39364603301  18451.05
8572.46532206222  18419.85
8572.53699271587  18517.59
8572.6086579937  18418.8
8572.68031789547  18418.65
8572.75197242092  18461.04
8572.82362156981  18524.9
8572.89526534188  18600.47
8572.96690373688  18533.6
8573.03853675456  18773.73
8573.11016439466  18197.68
8573.18178665694  18142.06
8573.25340354115  18352.12
8573.32501504702  18521.83
8573.39662117433  18698.23
8573.4682219228  18617.07
8573.53981729219  18394.39
8573.61140728226  18345.75
8573.68299189274  18170.
8573.75457112339  18408.11
8573.82614497396  18020.13
8573.8977134442  18107.32
8573.96927653386  18055.21
8574.04083424268  18299.11
8574.11238657041  18326.91
8574.18393351681  17958.41
8574.25547508163  18345.77
8574.32701126461  18153.01
8574.39854206551  18164.
8574.47006748407  17798.94
8574.54158752005  18381.57
8574.61310217319  18408.38
8574.68461144324  18295.67
8574.75611532997  18296.65
8574.8276138331  18245.33
8574.8991069524  17795.09
8574.97059468762  18129.49
8575.0420770385  18511.68
8575.1135540048  17780.91
8575.18502558627  18463.28
8575.25649178265  18152.76
8575.3279525937  18462.5
8575.39940801918  17928.3
8575.47085805882  18453.93
8575.54230271238  18088.92
8575.61374197961  18271.32
8575.68517586027  18531.61
8575.7566043541  18202.28
8575.82802746085  18533.46
8575.89944518028  18249.46
8575.97085751214  18156.76
8576.04226445617  18091.1
8576.11366601214  18280.49
8576.18506217978  18421.49
8576.25645295886  18451.48
8576.32783834912  18025.44
8576.39921835032  18345.4
8576.4705929622  18105.76
8576.54196218453  18423.36
8576.61332601704  18426.1
8576.68468445949  18189.71
8576.75603751164  18279.29
8576.82738517324  18529.19
8576.89872744403  18252.17
8576.97006432378  18040.41
8577.04139581222  18073.73
8577.11272190912  18311.94
8577.18404261423  17901.8
8577.2553579273  18098.84
8577.32666784808  18252.28
8577.39797237632  18204.47
8577.46927151178  18558.93
8577.54056525421  17969.07
8577.61185360336  18428.04
8577.68313655899  18646.45
8577.75441412084  18603.62
8577.82568628867  18179.48
8577.89695306223  18367.89
8577.96821444128  18504.09
8578.03947042557  18453.83
8578.11072101486  18364.41
8578.18196620888  18079.52
8578.25320600741  18201.78
8578.32444041018  18019.82
8578.39566941696  18276.21
8578.46689302751  18301.55
8578.53811124155  18384.34
8578.60932405887  18327.44
8578.6805314792  17832.59
8578.75173350231  18171.
8578.82293012794  17947.04
8578.89412135586  17827.51
8578.9653071858  18140.35
8579.03648761753  18056.57
8579.10766265081  17838.55
8579.17883228538  17996.9
8579.249996521  18190.77
8579.32115535742  18092.42
8579.39230879441  17977.3
8579.4634568317  17486.9
8579.53459946906  18485.17
8579.60573670624  18467.11
8579.67686854299  17934.34
8579.74799497908  18055.16
8579.81911601425  18495.81
8579.89023164825  18209.49
8579.96134188086  18591.9
8580.03244671181  18432.44
8580.10354614086  18270.43
8580.17464016777  18211.88
8580.24572879229  17926.8
8580.31681201419  17514.33
8580.3878898332  17906.08
8580.45896224909  18071.5
8580.53002926162  18262.62
8580.60109087053  18330.14
8580.67214707559  18229.15
8580.74319787655  18080.91
8580.81424327316  17902.63
8580.88528326518  18447.06
8580.95631785237  18148.06
8581.02734703448  17904.14
8581.09837081126  17768.04
8581.16938918248  17687.69
8581.24040214789  17927.71
8581.31140970724  18157.07
8581.38241186029  17869.59
8581.4534086068  18179.53
8581.52439994651  18447.9
8581.59538587921  18023.19
8581.66636640462  17880.8
8581.73734152252  18090.82
8581.80831123264  18048.88
8581.87927553477  18101.45
8581.95023442864  18125.57
8582.02118791402  17873.1
8582.09213599067  17961.88
8582.16307865833  17669.75
8582.23401591677  17705.98
8582.30494776574  17789.92
8582.375874205  17635.85
8582.44679523432  17865.21
8582.51771085343  17285.67
8582.5886210621  17390.29
8582.65952586009  17874.38
8582.73042524716  17561.58
8582.80131922306  17697.77
8582.87220778754  17642.68
8582.94309094038  17494.02
8583.01396868131  17681.17
8583.08484101011  17795.17
8583.15570792653  17855.84
8583.22656943032  17754.96
8583.29742552125  17685.46
8583.36827619907  17209.13
8583.43912146354  17588.39
8583.50996131441  17920.48
8583.58079575145  17915.05
8583.65162477441  17561.79
8583.72244838306  17482.05
8583.79326657714  17589.6
8583.86407935642  17767.19
8583.93488672066  17339.27
8584.0056886696  17328.97
8584.07648520302  17818.24
8584.14727632067  17161.63
8584.21806202231  17411.91
8584.28884230769  17212.63
8584.35961717658  17591.2
8584.43038662874  17330.46
8584.50115066391  16982.31
8584.57190928187  17295.24
8584.64266248237  17498.76
8584.71341026517  17439.38
8584.78415263003  17494.29
8584.8548895767  17280.01
8584.92562110495  17588.64
8584.99634721453  17247.87
8585.06706790521  17010.72
8585.13778317674  17465.21
8585.20849302889  17630.12
8585.27919746141  17372.02
8585.34989647406  17107.63
8585.4205900666  17431.39
8585.49127823878  17547.14
8585.56196099039  17630.06
8585.63263832115  17936.69
8585.70331023085  17698.19
8585.77397671924  17510.08
8585.84463778608  17583.97
8585.91529343113  17274.6
8585.98594365415  17449.04
8586.05658845489  17555.24
8586.12722783313  17262.24
8586.19786178861  17131.27
8586.2684903211  17204.52
8586.33911343037  17096.01
8586.40973111616  17205.24
8586.48034337825  17050.84
8586.55095021638  17219.22
8586.62155163033  17110.6
8586.69214761985  17199.21
8586.7627381847  17229.22
8586.83332332464  17036.76
8586.90390303944  16886.03
8586.97447732886  17359.63
8587.04504619265  17717.87
8587.11560963058  17666.91
8587.18616764241  17596.43
8587.25672022789  17569.43
8587.3272673868  17773.32
8587.39780911888  17368.12
8587.46834542392  17208.35
8587.53887630165  17585.32
8587.60940175185  17176.47
8587.67992177428  17211.36
8587.75043636869  17492.7
8587.82094553486  17310.65
8587.89144927254  17091.9
8587.96194758149  17301.21
8588.03244046148  17094.99
8588.10292791226  17294.19
8588.1734099336  16922.71
8588.24388652526  16898.65
8588.31435768701  17113.36
8588.3848234186  16912.49
8588.4552837198  17081.21
8588.52573859037  17082.26
8588.59618803007  16943.69
8588.66663203866  17239.39
8588.73707061591  17293.86
8588.80750376158  17559.49
8588.87793147544  17553.83
8588.94835375723  17650.8
8589.01877060673  17321.32
8589.0891820237  17224.32
8589.15958800791  17277.65
8589.2299885591  17235.82
8589.30038367706  17433.63
8589.37077336154  16990.81
8589.4411576123  17158.99
8589.51153642911  16458.81
8589.58190981173  16992.06
8589.65227775992  16938.4
8589.72264027345  16858.11
8589.79299735207  16816.79
8589.86334899556  16815.12
8589.93369520368  16570.18
8590.00403597619  16697.96
8590.07437131285  16608.42
8590.14470121343  16745.73
8590.21502567769  16592.05
8590.2853447054  16556.87
8590.35565829631  16811.57
8590.4259664502  16848.38
8590.49626916682  16941.62
8590.56656644594  16913.22
8590.63685828733  16620.66
8590.70714469075  16713.95
8590.77742565596  16955.13
8590.84770118273  16381.8
8590.91797127082  16742.48
8590.98823591999  16679.64
8591.05849513002  16474.66
8591.12874890066  16617.
8591.19899723168  16357.23
8591.26924012285  16576.53
8591.33947757392  16670.71
8591.40970958466  16647.1
8591.47993615485  16583.78
8591.55015728424  16821.51
8591.6203729726  16669.45
8591.69058321969  16820.72
8591.76078802527  16449.68
8591.83098738913  16719.56
8591.90118131101  16760.52
8591.97136979068  16730.33
8592.04155282792  16417.1
8592.11173042248  16810.07
8592.18190257413  16313.57
8592.25206928263  16330.68
8592.32223054776  16448.4
8592.39238636927  16176.35
8592.46253674693  16244.46
8592.53268168052  16086.
8592.60282116978  15952.22
8592.6729552145  16027.57
8592.74308381443  15873.72
8592.81320696935  16181.92
8592.88332467901  15711.13
8592.95343694319  15964.9
8593.02354376165  15807.51
8593.09364513415  16030.09
8593.16374106047  15634.42
8593.23383154036  15745.92
8593.30391657361  15911.67
8593.37399615996  15793.92
8593.44407029919  15693.9
8593.51413899107  15749.42
8593.58420223536  15589.37
8593.65426003183  15581.67
8593.72431238024  15677.28
8593.79435928037  15368.37
8593.86440073198  15955.85
8593.93443673483  15899.23
8594.0044672887  16127.17
8594.07449239334  15602.19
8594.14451204854  15722.71
8594.21452625405  15623.54
8594.28453500964  15922.89
8594.35453831508  15754.86
8594.42453617014  15982.14
8594.49452857459  15847.56
8594.56451552818  15861.13
8594.6344970307  15790.38
8594.7044730819  16216.93
8594.77444368156  15649.05
8594.84440882944  16085.4
8594.91436852531  15700.69
8594.98432276894  16135.01
8595.0542715601  15712.7
8595.12421489855  15671.2
8595.19415278407  15834.5
8595.26408521642  15667.62
8595.33401219536  15574.97
8595.40393372068  15754.31
8595.47384979213  15840.08
8595.54376040949  15424.87
8595.61366557251  15538.59
8595.68356528098  15538.69
8595.75345953467  15305.85
8595.82334833332  15725.2
8595.89323167673  15375.25
8595.96310956465  15350.99
8596.03298199686  15282.14
8596.10284897313  14946.01
8596.17271049321  15534.02
8596.24256655689  15616.66
8596.31241716393  15345.6
8596.3822623141  15593.63
8596.45210200717  15700.44
8596.52193624291  15375.99
8596.59176502109  15312.33
8596.66158834147  14967.78
8596.73140620383  15526.78
8596.80121860794  15191.93
8596.87102555357  14774.6
8596.94082704048  15036.63
8597.01062306845  15000.76
8597.08041363725  14994.7
8597.15019874663  15319.85
8597.21997839639  15094.01
8597.28975258628  14941.69
8597.35952131608  14957.73
8597.42928458555  15047.47
8597.49904239447  14931.63
8597.5687947426  14878.73
8597.63854162972  14940.46
8597.7082830556  14962.16
8597.77801902  15100.45
8597.84774952271  14653.27
8597.91747456348  14946.58
8597.98719414209  15189.58
8598.0569082583  15042.21
8598.1266169119  14786.95
8598.19632010265  14876.76
8598.26601783032  14838.52
8598.33571009469  14830.1
8598.40539689552  15366.02
8598.47507823258  15064.09
8598.54475410565  14769.42
8598.61442451449  15140.87
8598.68408945888  15370.47
8598.7537489386  15504.23
8598.8234029534  15416.22
8598.89305150307  15631.33
8598.96269458737  15529.84
8599.03233220607  15516.98
8599.10196435896  15277.52
8599.17159104579  15559.11
8599.24121226634  15450.27
8599.31082802039  15050.89
8599.38043830769  15222.22
8599.45004312803  15546.71
8599.51964248118  15339.92
8599.58923636692  15234.38
8599.658824785  15434.13
8599.72840773521  15193.46
8599.79798521731  15528.59
8599.86755723108  15679.33
8599.9371237763  15596.
8600.00668485272  15800.1
8600.07624046014  15754.04
8600.1457905983  15708.33
8600.21533526701  15503.68
8600.28487446602  16165.8
8600.3544081951  15909.2
8600.42393645403  15774.55
8600.49345924258  15852.6
8600.56297656053  15895.23
8600.63248840764  15759.28
8600.7019947837  15443.67
8600.77149568847  15828.45
8600.84099112173  15989.79
8600.91048108325  15979.44
8600.9799655728  15949.47
8601.04944459016  16122.67
8601.1189181351  16074.3
8601.18838620739  16135.69
8601.25784880681  16129.69
8601.32730593313  15833.95
8601.39675758613  15763.99
8601.46620376558  16148.53
8601.53564447124  15936.07
8601.60507970291  16183.03
8601.67450946034  16238.65
8601.74393374332  15967.37
8601.81335255161  16062.08
8601.882765885  16207.06
8601.95217374325  15741.79
8602.02157612615  15940.28
8602.09097303345  16317.16
8602.16036446495  16153.76
8602.22975042041  15988.82
8602.29913089961  16432.
8602.36850590232  16124.93
8602.43787542832  15984.72
8602.50723947737  16170.32
8602.57659804927  16559.78
8602.64595114377  16349.32
8602.71529876067  16049.25
8602.78464089972  16263.25
8602.85397756071  16333.91
8602.92330874341  16489.39
8602.99263444759  16256.7
8603.06195467304  16292.08
8603.13126941952  16538.68
8603.20057868682  16045.44
8603.2698824747  16248.62
8603.33918078294  16566.38
8603.40847361132  16935.37
8603.47776095962  16553.78
8603.5470428276  16590.15
8603.61631921505  16623.84
8603.68559012173  16710.42
8603.75485554743  16834.68
8603.82411549193  16814.67
8603.89336995499  16728.46
8603.9626189364  16866.7
8604.03186243592  17061.13
8604.10110045335  16518.89
8604.17033298844  16874.04
8604.23956004098  16587.26
8604.30878161074  16628.23
8604.37799769751  16648.09
8604.44720830105  16796.36
8604.51641342115  16635.53
8604.58561305757  16974.09
8604.65480721011  16889.64
8604.72399587852  16568.34
8604.7931790626  17046.97
8604.86235676211  17114.65
8604.93152897684  17220.23
8605.00069570655  16782.31
8605.06985695104  16702.64
8605.13901271006  16615.04
8605.20816298341  16575.28
8605.27730777086  16787.05
8605.34644707218  16387.33
8605.41558088716  16975.99
8605.48470921557  16919.75
8605.55383205718  16737.95
8605.62294941178  17136.22
8605.69206127915  17323.49
8605.76116765904  16729.21
8605.83026855126  16898.21
8605.89936395558  16844.22
8605.96845387177  16856.68
8606.03753829961  17169.84
8606.10661723888  17194.49
8606.17569068936  16977.91
8606.24475865082  17147.51
8606.31382112304  17279.87
8606.3828781058  17220.12
8606.45192959889  17267.98
8606.52097560207  17319.5
8606.59001611513  17426.97
8606.65905113784  17703.55
8606.72808066999  17168.54
8606.79710471134  17453.58
8606.86612326169  17580.54
8606.9351363208  17685.13
8607.00414388847  17884.04
8607.07314596445  17821.14
8607.14214254855  17867.72
8607.21113364052  17459.72
8607.28011924016  17543.21
8607.34909934724  17285.23
8607.41807396154  17580.
8607.48704308284  17272.5
8607.55600671092  17443.41
8607.62496484555  17292.99
8607.69391748653  17110.17
8607.76286463362  16924.12
8607.83180628661  17510.17
8607.90074244527  17584.83
8607.96967310939  16876.93
8608.03859827875  17542.47
8608.10751795311  17049.4
8608.17643213228  17200.73
8608.24534081602  17132.2
8608.31424400411  17104.56
8608.38314169633  17387.99
8608.45203389247  17118.
8608.5209205923  17433.6
8608.58980179561  17543.39
8608.65867750217  17134.62
8608.72754771177  17501.84
8608.79641242418  17350.54
8608.86527163919  17384.41
8608.93412535657  17365.27
8609.00297357611  17399.83
8609.07181629758  17553.95
8609.14065352078  17466.64
8609.20948524547  17775.29
8609.27831147144  17044.23
8609.34713219847  17348.93
8609.41594742634  17617.78
8609.48475715483  17611.52
8609.55356138372  17516.57
8609.6223601128  17667.56
8609.69115334184  17621.28
8609.75994107063  17255.21
8609.82872329894  17513.53
8609.89750002656  17291.62
8609.96627125328  17572.71
8610.03503697886  17726.69
8610.1037972031  17965.66
8610.17255192577  17919.4
8610.24130114665  17996.79
8610.31004486554  17812.34
8610.3787830822  17931.67
8610.44751579642  18175.89
8610.51624300799  18160.48
8610.58496471668  18249.66
8610.65368092227  17821.8
8610.72239162457  17975.07
8610.79109682332  17700.7
8610.85979651833  18191.59
8610.92849070938  17909.97
8610.99717939624  18430.45
8611.06586257871  18356.85
8611.13454025655  18560.41
8611.20321242956  17782.83
8611.27187909752  18404.48
8611.34054026021  18436.02
8611.40919591741  18429.05
8611.4778460689  18165.12
8611.54649071448  18430.78
8611.61512985392  17958.33
8611.683763487  18125.64
8611.7523916135  17939.7
8611.82101423322  18104.88
8611.88963134593  17799.26
8611.95824295142  18242.54
8612.02684904946  18109.05
8612.09544963985  18125.09
8612.16404472237  18184.31
8612.23263429679  17607.62
8612.30121836291  17213.52
8612.3697969205  17756.19
8612.43836996936  17173.53
8612.50693750926  17678.73
8612.57549953998  17248.23
8612.64405606132  17889.44
8612.71260707305  17594.17
8612.78115257496  17613.19
8612.84969256684  17496.67
8612.91822704846  17683.79
8612.98675601961  17482.67
8613.05527948008  17427.5
8613.12379742965  17388.47
8613.19230986811  17816.82
8613.26081679523  18179.32
8613.3293182108  17759.52
8613.39781411461  17960.38
8613.46630450645  17666.89
8613.53478938608  17749.98
8613.60326875332  17879.95
8613.67174260792  18194.64
8613.74021094968  17783.5
8613.8086737784  17502.22
8613.87713109384  17949.61
8613.9455828958  18295.42
8614.01402918406  17920.47
8614.0824699584  17926.94
8614.15090521861  17864.54
8614.21933496448  17859.81
8614.28775919579  18115.66
8614.35617791233  17780.96
8614.42459111388  17937.75
8614.49299880023  17887.37
8614.56140097116  18060.92
8614.62979762645  18335.54
8614.6981887659  18024.12
8614.76657438929  18020.22
8614.83495449641  18329.91
8614.90332908704  18320.
8614.97169816096  18281.34
8615.04006171797  18213.56
8615.10841975785  18016.88
8615.17677228038  18000.11
8615.24511928536  17512.58
8615.31346077256  17882.38
8615.38179674178  17823.51
8615.45012719279  17608.92
8615.5184521254  17774.61
8615.58677153937  17617.84
8615.65508543451  18049.89
8615.72339381059  17988.37
8615.79169666741  18411.33
8615.85999400475  18243.52
8615.92828582239  17934.88
8615.99657212013  18023.11
8616.06485289774  18184.75
8616.13312815502  17642.74
8616.20139789176  17759.46
8616.26966210774  18183.04
8616.33792080275  18303.
8616.40617397657  17986.65
8616.474421629  17987.42
8616.54266375981  17950.99
8616.61090036881  18252.77
8616.67913145577  17835.81
8616.74735702048  17881.42
8616.81557706273  17912.91
8616.88379158231  17543.95
8616.952000579  18218.91
8617.0202040526  18172.
8617.08840200289  17932.02
8617.15659442966  17418.45
8617.2247813327  17927.58
8617.29296271179  18367.75
8617.36113856673  18233.15
8617.42930889729  18456.19
8617.49747370328  18438.81
8617.56563298447  18415.23
8617.63378674066  18017.64
8617.70193497163  18281.88
8617.77007767718  17956.53
8617.83821485709  18618.28
8617.90634651114  18648.66
8617.97447263914  18523.21
8618.04259324086  18289.33
8618.11070831611  18120.4
8618.17881786465  18380.83
8618.24692188629  18374.45
8618.31502038081  18295.41
8618.38311334801  18573.25
8618.45120078766  18025.96
8618.51928269956  18418.8
8618.58735908351  18841.1
8618.65542993928  18354.03
8618.72349526667  18643.49
8618.79155506547  18808.99
8618.85960933547  19042.71
8618.92765807645  18811.3
8618.9957012882  18386.56
8619.06373897053  18597.5
8619.1317711232  18914.56
8619.19979774603  18825.02
8619.26781883878  18418.
8619.33583440126  18875.41
8619.40384443326  19146.9
8619.47184893456  19056.67
8619.53984790496  18912.39
8619.60784134424  19312.36
8619.67582925219  18524.67
8619.74381162861  18826.54
8619.81178847329  18930.47
8619.87975978601  19222.26
8619.94772556657  19176.69
8620.01568581475  19132.71
8620.08364053035  19004.37
8620.15158971316  18599.17
8620.21953336297  19187.48
8620.28747147957  18878.31
8620.35540406275  19016.33
8620.4233311123  18802.61
8620.49125262801  18992.97
8620.55916860967  18792.88
8620.62707905708  19178.34
8620.69498397003  18753.34
8620.7628833483  18674.25
8620.83077719169  18672.77
8620.89866549999  18881.9
8620.96654827299  18593.92
8621.03442551048  18805.76
8621.10229721225  18897.81
8621.1701633781  18836.02
8621.23802400782  18916.24
8621.30587910119  18930.7
8621.37372865801  18810.93
8621.44157267808  18771.38
8621.50941116118  19039.63
8621.5772441071  18820.03
8621.64507151565  19173.69
8621.7128933866  18808.41
8621.78070971975  19039.3
8621.84852051491  18883.22
8621.91632577184  19316.8
8621.98412549035  18853.76
8622.05191967024  19190.38
8622.11970831129  18895.67
8622.18749141329  19057.98
8622.25526897604  18889.74
8622.32304099934  19011.31
8622.39080748296  18810.88
8622.45856842672  19151.48
8622.52632383039  19239.67
8622.59407369378  18934.05
8622.66181801667  18907.18
8622.72955679886  18955.19
8622.79729004014  19110.8
8622.8650177403  19104.28
8622.93273989914  18810.77
8623.00045651645  19109.35
8623.06816759203  18640.76
8623.13587312567  18647.08
8623.20357311715  19097.88
8623.27126756628  19120.62
8623.33895647285  18948.21
8623.40663983665  19134.4
8623.47431765747  18876.53
8623.54198993511  18806.76
8623.60965666937  19126.86
8623.67731786003  19185.91
8623.74497350689  18756.63
8623.81262360975  19118.12
8623.8802681684  19004.78
8623.94790718263  19059.41
8624.01554065223  19168.54
8624.08316857701  19200.04
8624.15079095675  18879.17
8624.21840779125  18999.93
8624.28601908031  19464.63
8624.35362482371  19122.41
8624.42122502126  19255.24
8624.48881967274  19240.2
8624.55640877796  19117.96
8624.62399233671  19074.63
8624.69157034878  18928.08
8624.75914281396  18948.16
8624.82670973206  18194.83
8624.89427110286  18757.01
8624.96182692616  18279.09
8625.02937720177  18806.68
8625.09692192946  18562.56
8625.16446110904  18230.86
8625.2319947403  18675.71
8625.29952282305  18792.68
8625.36704535706  18650.84
8625.43456234214  18158.52
8625.50207377809  18536.46
8625.5695796647  18824.72
8625.63708000177  18495.66
8625.70457478908  18963.84
8625.77206402645  19214.42
8625.83954771366  18988.02
8625.9070258505  19096.65
8625.97449843678  18887.89
8626.04196547229  18940.9
8626.10942695683  18903.69
8626.17688289019  18775.37
8626.24433327218  18782.41
8626.31177810257  18559.52
8626.37921738118  18512.66
8626.4466511078  18693.4
8626.51407928222  18323.93
8626.58150190425  18601.12
8626.64891897367  18358.53
8626.71633049029  19130.33
8626.7837364539  18792.65
8626.8511368643  18833.87
8626.91853172128  18642.77
8626.98592102465  19233.43
8627.0533047742  19161.2
8627.12068296972  19166.91
8627.18805561101  18228.4
8627.25542269788  18987.06
8627.32278423011  18787.31
8627.39014020751  18630.61
8627.45749062987  18621.17
8627.52483549699  18639.27
8627.59217480866  18400.13
8627.6595085647  18652.11
8627.72683676488  18684.78
8627.79415940902  18025.16
8627.86147649689  18031.56
8627.92878802832  17569.13
8627.9960940031  17889.47
8628.06339442101  17458.38
8628.13068928186  17497.04
8628.19797858545  17195.3
8628.26526233157  17582.2
8628.33254052003  17693.71
8628.39981315062  17337.61
8628.46708022314  17115.14
8628.53434173738  17303.58
8628.60159769316  17788.3
8628.66884809026  17637.1
8628.73609292848  17777.6
8628.80333220763  18078.56
8628.87056592749  17671.79
8628.93779408788  18240.65
8629.00501668858  18034.95
8629.07223372941  18260.91
8629.13944521015  18628.86
8629.2066511306  18170.27
8629.27385149057  18640.55
8629.34104628985  18526.54
8629.40823552824  18395.37
8629.47541920555  18628.6
8629.54259732156  18736.03
8629.60976987609  18485.14
8629.67693686893  18186.72
8629.74409829987  18525.62
8629.81125416873  18523.83
8629.87840447529  18265.54
8629.94554921936  18382.89
8630.01268840074  18014.73
8630.07982201922  17939.61
8630.14695007461  18167.1
8630.21407256671  18065.23
8630.28118949532  17985.75
8630.34830086023  17803.96
8630.41540666126  18279.13
8630.48250689818  18093.28
8630.54960157082  18041.8
8630.61669067897  18480.81
8630.68377422242  17778.57
8630.75085220098  17933.65
8630.81792461445  18583.88
8630.88499146263  18112.15
8630.95205274532  18225.51
8631.01910846232  18562.7
8631.08615861343  18375.3
8631.15320319845  18092.45
8631.22024221719  18333.74
8631.28727566944  17508.57
8631.35430355501  17526.62
8631.42132587369  17793.04
8631.48834262529  17871.47
8631.55535380961  17665.42
8631.62235942644  18018.38
8631.6893594756  17821.61
8631.75635395688  17874.83
8631.82334287008  18350.33
8631.890326215  18080.92
8631.95730399146  18045.54
8632.02427619924  18265.66
8632.09124283815  18246.03
8632.158203908  18229.44
8632.22515940857  18355.64
8632.29210933968  18088.24
8632.35905370113  18030.98
8632.42599249271  18214.01
8632.49292571424  18074.98
8632.55985336551  17889.6
8632.62677544632  17898.15
8632.69369195648  17680.67
8632.76060289579  18114.6
8632.82750826405  18295.28
8632.89440806107  18082.25
8632.96130228664  17985.27
8633.02819094058  17274.15
8633.09507402267  17724.88
8633.16195153272  17915.85
8633.22882347055  18265.37
8633.29568983594  18375.99
8633.36255062871  17909.71
8633.42940584865  18393.88
8633.49625549557  17839.87
8633.56309956927  18164.05
8633.62993806956  18389.09
8633.69677099623  18295.62
8633.7635983491  18247.65
8633.83042012795  18273.2
8633.89723633261  18501.05
8633.96404696287  18298.3
8634.03085201853  18244.44
8634.09765149939  18080.62
8634.16444540527  17689.4
8634.23123373597  18048.58
8634.29801649128  18300.36
8634.36479367102  18015.68
8634.43156527498  18297.81
8634.49833130296  18325.26
8634.56509175479  18217.85
8634.63184663025  18454.35
8634.69859592916  18786.98
8634.76533965131  18137.64
8634.83207779651  18454.07
8634.89881036456  18348.92
8634.96553735528  18332.25
8635.03225876845  18424.94
8635.0989746039  18659.82
8635.16568486142  18148.73
8635.23238954081  18837.07
8635.29908864189  18324.21
8635.36578216445  17111.99
8635.4324701083  17456.68
8635.49915247325  17778.65
8635.5658292591  18396.83
8635.63250046565  18792.36
8635.69916609272  18401.01
8635.7658261401  18386.81
8635.8324806076  18235.32
8635.89912949503  18191.94
8635.96577280218  18183.16
8636.03241052888  18365.95
8636.09904267491  17522.33
8636.1656692401  18603.38
8636.23229022423  18447.5
8636.29890562712  18142.22
8636.36551544858  17851.36
8636.43211968841  18564.13
8636.49871834641  18444.29
8636.56531142239  18545.04
8636.63189891616  18386.87
8636.69848082752  17720.32
8636.76505715629  18208.38
8636.83162790225  18203.34
8636.89819306523  18344.28
8636.96475264502  18613.47
8637.03130664144  18433.58
8637.09785505429  18603.44
8637.16439788337  18210.23
8637.2309351285  18140.35
8637.29746678947  18315.54
8637.36399286611  18283.5
8637.4305133582  18451.72
8637.49702826556  18554.14
8637.563537588  18634.54
8637.63004132532  18768.05
8637.69653947733  18668.11
8637.76303204383  18432.
8637.82951902464  18371.28
8637.89600041956  18869.17
8637.9624762284  18733.55
8638.02894645096  18577.79
8638.09541108705  18720.15
8638.16187013648  18762.1
8638.22832359906  18679.47
8638.29477147459  18713.26
8638.36121376288  18800.4
8638.42765046375  18863.08
8638.49408157699  18832.9
8638.56050710241  18191.02
8638.62692703982  18283.22
8638.69334138903  18882.3
8638.75975014986  18804.21
8638.8261533221  18947.39
8638.89255090556  18914.6
8638.95894290005  18654.34
8639.02532930538  18654.28
8639.09171012136  18954.83
8639.15808534779  18409.62
8639.22445498449  18418.9
8639.29081903126  18332.88
8639.35717748792  18451.59
8639.42353035426  18325.67
8639.4898776301  18048.19
8639.55621931525  18345.71
8639.62255540951  18304.66
8639.6888859127  18066.67
8639.75521082462  18048.57
8639.82153014508  18110.57
8639.88784387389  18440.88
8639.95415201087  18454.84
8640.02045455581  18489.55
8640.08675150852  18292.05
8640.15304286883  18193.91
8640.21932863653  18330.47
8640.28560881144  18504.59
8640.35188339336  18492.18
8640.41815238211  17444.86
8640.48441577749  18060.7
8640.55067357931  18215.89
8640.61692578739  18209.4
8640.68317240152  18054.9
8640.74941342154  18185.26
8640.81564884723  18509.72
8640.88187867841  18182.13
8640.94810291489  18263.83
8641.01432155649  18302.83
8641.08053460301  18509.58
8641.14674205426  18681.51
8641.21294391006  18625.15
8641.2791401702  18533.03
8641.34533083451  18448.22
8641.41151590279  18522.2
8641.47769537485  18220.16
8641.54386925051  18425.35
8641.61003752958  18779.12
8641.67620021185  18479.08
8641.74235729715  18146.34
8641.80850878529  18078.28
8641.87465467608  18389.31
8641.94079496932  18022.58
8642.00692966483  17853.29
