5380.32910894142  360.3204
5380.37888856326  363.2013
5380.42866501677  389.6859
5380.47843830175  404.6038
5380.52820841798  345.3469
5380.57797536522  399.8909
5380.62773914326  388.7821
5380.67749975188  360.9773
5380.72725719086  377.6128
5380.77701145997  343.0154
5380.82676255899  385.9041
5380.8765104877  374.1703
5380.92625524589  380.0015
5380.97599683332  370.4565
5381.02573524979  396.628
5381.07547049506  395.6831
5381.12520256891  449.5778
5381.17493147113  420.914
5381.22465720149  421.3868
5381.27437975978  365.5869
5381.32409914577  410.1157
5381.37381535923  406.9838
5381.42352839996  391.2432
5381.47323826773  416.7866
5381.52294496232  353.2195
5381.5726484835  356.5731
5381.62234883106  398.9437
5381.67204600478  388.1598
5381.72174000444  427.5927
5381.7714308298  361.5433
5381.82111848067  384.2277
5381.87080295681  384.3016
5381.920484258  417.0175
5381.97016238403  370.6114
5382.01983733467  409.4199
5382.06950910971  375.6436
5382.11917770892  418.6863
5382.16884313208  383.7173
5382.21850537898  388.4725
5382.26816444939  376.435
5382.31782034309  388.1718
5382.36747305987  403.5894
5382.4171225995  406.4251
5382.46676896176  364.2498
5382.51641214644  406.4721
5382.56605215331  407.5581
5382.61568898216  415.7158
5382.66532263276  442.6319
5382.71495310489  409.1926
5382.76458039835  450.264
5382.81420451289  426.718
5382.86382544832  400.1414
5382.9134432044  438.4767
5382.96305778092  431.3226
5383.01266917766  443.1895
5383.0622773944  437.8887
5383.11188243091  402.0717
5383.16148428699  481.3476
5383.21108296241  454.698
5383.26067845695  441.1997
5383.3102707704  455.5358
5383.35985990253  408.557
5383.40944585312  443.8625
5383.45902862197  417.9702
5383.50860820884  400.5753
5383.55818461352  443.2326
5383.60775783579  415.7095
5383.65732787543  427.9686
5383.70689473222  448.2414
5383.75645840595  428.966
5383.80601889639  419.6714
5383.85557620333  367.7508
5383.90513032655  361.8772
5383.95468126583  402.1499
5384.00422902095  362.7308
5384.0537735917  388.5321
5384.10331497785  362.7469
5384.15285317919  395.6369
5384.20238819549  396.5337
5384.25192002655  423.5571
5384.30144867214  388.4426
5384.35097413204  378.5659
5384.40049640604  419.0171
5384.45001549392  413.108
5384.49953139546  400.6481
5384.54904411044  413.4976
5384.59855363864  420.1195
5384.64805997986  399.8434
5384.69756313386  430.2088
5384.74706310043  413.407
5384.79655987936  417.9458
5384.84605347042  465.9388
5384.8955438734  400.3549
5384.94503108809  445.0255
5384.99451511426  463.8249
5385.04399595169  436.4096
5385.09347360017  491.814
5385.14294805949  455.9939
5385.19241932941  481.1086
5385.24188740974  516.1999
5385.29135230024  510.3317
5385.34081400071  477.9072
5385.39027251092  493.6196
5385.43972783067  469.692
5385.48917995972  511.4713
5385.53862889787  498.7704
5385.5880746449  487.1323
5385.63751720059  519.3335
5385.68695656472  470.8773
5385.73639273708  546.6627
5385.78582571745  511.8806
5385.83525550562  530.1661
5385.88468210136  511.2873
5385.93410550446  498.5656
5385.98352571471  481.2832
5386.03294273188  479.8655
5386.08235655577  474.7923
5386.13176718615  481.4959
5386.18117462281  498.6396
5386.23057886553  495.8326
5386.2799799141  476.877
5386.3293777683  527.8921
5386.37877242791  515.5889
5386.42816389272  517.2852
5386.47755216252  510.3688
5386.52693723708  511.6472
5386.57631911618  523.9664
5386.62569779962  507.794
5386.67507328719  539.3944
5386.72444557865  484.7018
5386.77381467379  517.2777
5386.82318057241  507.3164
5386.87254327428  509.9778
5386.9219027792  507.2507
5386.97125908693  493.8979
5387.02061219728  515.8616
5387.06996211001  500.4434
5387.11930882493  507.6253
5387.1686523418  529.4905
5387.21799266043  458.6144
5387.26732978058  494.6312
5387.31666370205  516.1686
5387.36599442462  495.4965
5387.41532194807  544.9672
5387.46464627219  519.3597
5387.51396739678  488.2968
5387.5632853216  462.0009
5387.61260004644  521.5373
5387.6619115711  536.6202
5387.71121989535  472.707
5387.76052501898  493.4898
5387.80982694178  516.8329
5387.85912566353  537.242
5387.90842118401  544.411
5387.95771350302  521.1227
5388.00700262033  576.8979
5388.05628853574  526.3024
5388.10557124902  511.6552
5388.15485075997  515.6859
5388.20412706836  517.8397
5388.253400174  476.438
5388.30267007665  554.6865
5388.3519367761  495.7398
5388.40120027215  496.5999
5388.45046056458  564.4749
5388.49971765317  533.7748
5388.5489715377  559.4565
5388.59822221798  542.6058
5388.64746969378  530.1324
5388.69671396488  540.0122
5388.74595503108  542.3217
5388.79519289215  547.675
5388.84442754789  530.1931
5388.89365899808  517.8459
5388.94288724252  528.9428
5388.99211228097  516.5214
5389.04133411324  527.2903
5389.0905527391  515.7371
5389.13976815835  576.7512
5389.18898037077  532.3399
5389.23818937615  528.0884
5389.28739517427  582.8764
5389.33659776491  527.5837
5389.38579714788  531.0131
5389.43499332295  586.0717
5389.48418628991  549.4813
5389.53337604854  533.2852
5389.58256259865  541.0556
5389.63174594  557.5226
5389.68092607239  554.0563
5389.7301029956  523.7461
5389.77927670943  567.0813
5389.82844721365  542.7974
5389.87761450806  542.1849
5389.92677859245  564.2248
5389.97593946659  549.6821
5390.02509713029  560.7491
5390.07425158332  548.796
5390.12340282547  549.6573
5390.17255085653  560.0986
5390.22169567629  504.2479
5390.27083728454  532.4875
5390.31997568106  549.0211
5390.36911086564  538.8617
5390.41824283806  557.7535
5390.46737159813  531.9323
5390.51649714561  508.7472
5390.56561948031  526.8057
5390.61473860201  560.9844
5390.66385451049  557.4937
5390.71296720555  525.9987
5390.76207668697  533.2285
5390.81118295455  548.8417
5390.86028600806  559.1252
5390.9093858473  517.6087
5390.95848247206  563.056
5391.00757588212  577.406
5391.05666607727  543.1573
5391.1057530573  541.71
5391.154836822  559.9382
5391.20391737116  583.2576
5391.25299470457  559.4278
5391.30206882201  581.1277
5391.35113972327  565.572
5391.40020740814  545.937
5391.44927187642  594.7121
5391.49833312788  614.0942
5391.54739116232  602.6682
5391.59644597952  580.6973
5391.64549757928  563.6499
5391.69454596139  605.9029
5391.74359112563  600.9481
5391.79263307179  552.7426
5391.84167179966  607.7568
5391.89070730903  589.5412
5391.93973959969  550.2587
5391.98876867143  559.3493
5392.03779452403  534.9459
5392.08681715729  544.421
5392.135836571  576.5999
5392.18485276495  558.0259
5392.23386573892  530.1342
5392.2828754927  530.0407
5392.33188202609  547.0579
5392.38088533887  521.4269
5392.42988543083  559.7208
5392.47888230177  556.005
5392.52787595147  555.2863
5392.57686637972  509.8684
5392.62585358631  560.376
5392.67483757104  590.0152
5392.72381833368  589.6058
5392.77279587404  560.7206
5392.8217701919  620.4404
5392.87074128705  598.1575
5392.91970915928  519.5335
5392.96867380838  585.675
5393.01763523415  569.1088
5393.06659343636  638.9642
5393.11554841482  612.6085
5393.16450016931  596.9902
5393.21344869963  588.9241
5393.26239400555  574.762
5393.31133608688  587.9922
5393.3602749434  627.6744
5393.40921057491  618.2327
5393.4581429812  594.9424
5393.50707216205  632.0623
5393.55599811725  628.3615
5393.6049208466  613.1407
5393.6538403499  585.014
5393.70275662692  571.1561
5393.75166967745  592.3564
5393.8005795013  549.16
5393.84948609825  533.4982
5393.89838946809  599.8945
5393.94728961062  557.2342
5393.99618652562  584.986
5394.04508021289  564.093
5394.09397067221  617.1479
5394.14285790338  550.4842
5394.19174190619  566.9301
5394.24062268043  560.4933
5394.28950022589  555.5372
5394.33837454237  594.9101
5394.38724562965  558.3846
5394.43611348752  574.0782
5394.48497811579  563.9315
5394.53383951423  615.4213
5394.58269768265  619.8281
5394.63155262082  607.0757
5394.68040432855  612.3028
5394.72925280563  595.092
5394.77809805185  569.5847
5394.82694006699  643.3046
5394.87577885086  610.825
5394.92461440324  626.8358
5394.97344672393  668.6719
5395.02227581271  698.6753
5395.07110166939  674.2144
5395.11992429375  647.4237
5395.16874368558  636.387
5395.21755984468  646.9218
5395.26637277083  591.6758
5395.31518246384  675.9114
5395.36398892349  640.6497
5395.41279214958  632.39
5395.4615921419  687.9036
5395.51038890024  641.6022
5395.55918242439  644.6168
5395.60797271414  609.2108
5395.6567597693  646.1559
5395.70554358965  609.6808
5395.75432417498  678.7405
5395.80310152509  626.8544
5395.85187563977  653.4567
5395.90064651881  679.2558
5395.94941416201  653.2908
5395.99817856916  641.6395
5396.04693974005  640.5867
5396.09569767447  623.8926
5396.14445237223  657.2239
5396.1932038331  625.7146
5396.24195205689  684.9195
5396.29069704339  655.8563
5396.33943879238  668.946
5396.38817730367  714.9096
5396.43691257705  721.7104
5396.48564461232  629.1996
5396.53437340925  655.4229
5396.58309896766  664.6752
5396.63182128732  751.7034
5396.68054036805  756.9844
5396.72925620962  736.8569
5396.77796881184  717.2555
5396.82667817449  699.146
5396.87538429737  715.4822
5396.92408718028  706.3133
5396.972786823  702.0771
5397.02148322534  732.2756
5397.07017638709  665.3795
5397.11886630803  738.7781
5397.16755298798  694.0305
5397.21623642671  709.9926
5397.26491662402  686.5881
5397.31359357971  656.962
5397.36226729357  696.1791
5397.4109377654  692.4084
5397.45960499499  642.9177
5397.50826898213  676.5735
5397.55692972662  658.756
5397.60558722826  668.0229
5397.65424148684  584.2068
5397.70289250214  607.3299
5397.75154027398  596.0231
5397.80018480214  568.1597
5397.84882608641  584.3107
5397.8974641266  547.147
5397.9460989225  608.4227
5397.99473047389  585.8747
5398.04335878059  559.8714
5398.09198384237  575.5092
5398.14060565904  589.4307
5398.1892242304  596.1902
5398.23783955623  537.1334
5398.28645163633  583.0566
5398.33506047051  602.2723
5398.38366605854  582.025
5398.43226840023  579.1844
5398.48086749538  599.1804
5398.52946334377  637.5792
5398.57805594521  618.6223
5398.62664529949  617.53
5398.6752314064  571.3116
5398.72381426575  617.5511
5398.77239387732  656.6309
5398.82097024091  660.8469
5398.86954335633  680.0331
5398.91811322335  686.4764
5398.96667984179  705.4172
5399.01524321143  697.5457
5399.06380333207  685.5179
5399.11236020352  725.3651
5399.16091382555  679.2111
5399.20946419798  695.9302
5399.25801132059  681.1663
5399.30655519318  711.0237
5399.35509581555  763.9742
5399.40363318749  684.545
5399.45216730881  698.1872
5399.50069817929  688.5093
5399.54922579874  728.1472
5399.59775016695  716.3393
5399.64627128371  709.3641
5399.69478914883  711.4538
5399.74330376209  767.3779
5399.7918151233  799.2559
5399.84032323226  757.9254
5399.88882808875  772.5335
5399.93732969258  695.8187
5399.98582804355  821.0782
5400.03432314144  749.5148
5400.08281498606  768.3309
5400.13130357721  812.9046
5400.17978891467  763.8969
5400.22827099826  752.6229
5400.27674982776  756.2318
5400.32522540297  767.6594
5400.37369772369  814.2634
5400.42216678972  739.6393
5400.47063260085  757.7968
5400.51909515689  783.1451
5400.56755445762  731.5881
5400.61601050285  716.9649
5400.66446329237  783.361
5400.71291282598  772.5905
5400.76135910349  702.2841
5400.80980212467  733.2888
5400.85824188935  750.2754
5400.9066783973  772.4792
5400.95511164833  755.1679
5401.00354164224  740.943
5401.05196837883  713.4364
5401.10039185789  709.7148
5401.14881207922  717.4689
5401.19722904262  742.4579
5401.24564274789  703.4187
5401.29405319482  712.4825
5401.34246038321  681.6639
5401.39086431286  761.6069
5401.43926498358  743.6091
5401.48766239515  733.5795
5401.53605654738  724.4258
5401.58444744007  693.9766
5401.632835073  738.4183
5401.68121944599  740.6072
5401.72960055883  717.0135
5401.77797841132  711.0339
5401.82635300325  722.301
5401.87472433443  705.3802
5401.92309240465  714.6257
5401.97145721372  723.8512
5402.01981876143  699.4961
5402.06817704757  718.7042
5402.11653207196  781.7688
5402.16488383439  798.9489
5402.21323233466  725.5686
5402.26157757256  766.4313
5402.30991954789  795.0843
5402.35825826047  845.9859
5402.40659371007  804.9907
5402.45492589651  780.6486
5402.50325481958  772.9445
5402.55158047908  775.2935
5402.59990287481  788.8165
5402.64822200658  845.7546
5402.69653787417  856.3318
5402.74485047739  815.3255
5402.79315981604  742.7499
5402.84146588992  816.6982
5402.88976869883  761.0193
5402.93806824256  837.3355
5402.98636452093  809.7042
5403.03465753371  759.6349
5403.08294728073  824.4518
5403.13123376177  832.1014
5403.17951697664  797.7092
5403.22779692514  780.1772
5403.27607360706  858.7157
5403.32434702221  862.723
5403.37261717039  819.8976
5403.42088405139  833.4872
5403.46914766502  800.7324
5403.51740801107  809.4704
5403.56566508936  839.2953
5403.61391889967  837.662
5403.66216944181  824.2463
5403.71041671558  837.4213
5403.75866072078  825.5746
5403.80690145721  873.6946
5403.85513892466  846.0113
5403.90337312295  798.3288
5403.95160405187  850.8233
5403.99983171122  815.2536
5404.04805610081  792.8532
5404.09627722043  810.3554
5404.14449506988  815.3578
5404.19270964897  842.3868
5404.24092095749  812.1252
5404.28912899526  803.4769
5404.33733376206  793.0988
5404.38553525769  808.5193
5404.43373348198  791.8137
5404.4819284347  817.4074
5404.53012011566  763.3315
5404.57830852467  722.7541
5404.62649366152  741.249
5404.67467552602  739.8305
5404.72285411797  761.0203
5404.77102943717  702.5477
5404.81920148342  721.2858
5404.86737025652  747.2525
5404.91553575628  711.3901
5404.96369798249  692.7702
5405.01185693496  680.489
5405.06001261348  664.3598
5405.10816501787  694.9706
5405.15631414792  737.9485
5405.20446000344  679.4342
5405.25260258422  697.4051
5405.30074189008  681.5485
5405.3488779208  697.3357
5405.39701067619  695.8032
5405.44514015606  669.3378
5405.49326636021  702.0129
5405.54138928843  710.3523
5405.58950894054  718.1542
5405.63762531633  746.7084
5405.6857384156  811.1837
5405.73384823817  769.2314
5405.78195478382  821.3971
5405.83005805237  830.0114
5405.87815804361  793.4064
5405.92625475735  760.2631
5405.97434819339  781.4007
5406.02243835154  783.6359
5406.07052523159  776.9989
5406.11860883335  725.3309
5406.16668915662  793.2965
5406.21476620121  761.0941
5406.26283996691  738.6583
5406.31091045353  791.2147
5406.35897766088  751.7713
5406.40704158875  734.3395
5406.45510223696  720.7961
5406.50315960529  699.1244
5406.55121369356  671.6753
5406.59926450158  754.2714
5406.64731202912  684.0016
5406.69535627602  671.2552
5406.74339724207  678.2802
5406.79143492707  721.2159
5406.83946933082  716.4112
5406.88750045313  711.1738
5406.93552829381  697.8524
5406.98355285265  729.4679
5407.03157412946  703.5071
5407.07959212405  695.6742
5407.12760683621  743.55
5407.17561826576  730.7239
5407.22362641249  799.835
5407.27163127621  730.5176
5407.31963285672  791.0667
5407.36763115382  768.9644
5407.41562616733  850.2446
5407.46361789705  855.2223
5407.51160634277  865.2554
5407.5595915043  858.3061
5407.60757338145  903.6082
5407.65555197403  878.7481
5407.70352728182  868.9409
5407.75149930465  884.5327
5407.79946804232  865.8394
5407.84743349462  920.66
5407.89539566137  824.3792
5407.94335454236  800.3088
5407.99131013741  852.5948
5408.03926244631  776.6635
5408.08721146887  896.7278
5408.1351572049  837.3052
5408.18309965421  847.5493
5408.23103881658  829.7283
5408.27897469184  838.7198
5408.32690727979  827.8524
5408.37483658022  922.9488
5408.42276259295  861.8747
5408.47068531779  875.7965
5408.51860475452  849.1066
5408.56652090297  892.4821
5408.61443376294  853.9847
5408.66234333422  855.8817
5408.71024961663  876.1761
5408.75815260998  830.6826
5408.80605231406  873.9799
5408.85394872868  946.923
5408.90184185365  906.7861
5408.94973168878  875.1174
5408.99761823386  861.6005
5409.04550148871  948.4643
5409.09338145313  906.4678
5409.14125812693  873.2776
5409.1891315099  918.8198
5409.23700160187  938.8829
5409.28486840263  904.3847
5409.33273191199  998.4918
5409.38059212975  918.2178
5409.42844905572  879.035
5409.47630268971  938.4427
5409.52415303153  939.335
5409.57200008097  953.2677
5409.61984383785  882.311
5409.66768430197  907.9576
5409.71552147314  953.5505
5409.76335535117  894.6334
5409.81118593585  820.5334
5409.859013227  909.832
5409.90683722442  909.6711
5409.95465792793  895.5042
5410.00247533732  918.0699
5410.0502894524  921.1244
5410.09810027298  850.463
5410.14590779887  919.0743
5410.19371202988  786.2933
5410.2415129658  818.4733
5410.28931060645  791.1151
5410.33710495163  826.1038
5410.38489600115  757.1552
5410.43268375482  831.9569
5410.48046821244  797.6547
5410.52824937383  787.5518
5410.57602723878  792.9135
5410.62380180711  724.5618
5410.67157307862  815.5793
5410.71934105312  815.7798
5410.76710573043  791.5544
5410.81486711033  772.7625
5410.86262519264  824.8883
5410.91037997718  806.7763
5410.95813146374  845.2885
5411.00587965214  819.1372
5411.05362454217  797.517
5411.10136613366  806.7153
5411.1491044264  795.8081
5411.19683942021  826.0987
5411.24457111489  839.1274
5411.29229951026  868.0519
5411.3400246061  918.6751
5411.38774640225  865.166
5411.4354648985  863.5228
5411.48318009466  839.8337
5411.53089199055  874.5959
5411.57860058595  875.4504
5411.6263058807  857.4573
5411.67400787459  843.7298
5411.72170656743  900.5472
5411.76940195904  853.913
5411.81709404921  854.6704
5411.86478283776  868.2875
5411.91246832449  868.6469
5411.96015050922  896.3563
5412.00782939176  855.359
5412.0555049719  800.9978
5412.10317724946  895.3162
5412.15084622426  870.9249
5412.19851189608  860.5444
5412.24617426476  835.7032
5412.29383333009  859.1459
5412.34148909188  812.781
5412.38914154995  889.5945
5412.4367907041  886.4884
5412.48443655413  841.9153
5412.53207909987  950.3578
5412.57971834111  968.3109
5412.62735427768  929.2486
5412.67498690936  1033.208
5412.72261623599  985.2602
5412.77024225736  946.1906
5412.81786497328  1019.764
5412.86548438356  985.9224
5412.91310048803  990.7272
5412.96071328646  984.8089
5413.0083227787  970.2488
5413.05592896453  947.7411
5413.10353184378  1008.034
5413.15113141625  1011.041
5413.19872768174  958.2211
5413.24632064008  993.696
5413.29391029106  954.4747
5413.34149663451  932.1618
5413.38907967022  978.3746
5413.43665939801  1019.201
5413.4842358177  1013.389
5413.53180892908  1035.026
5413.57937873197  970.5265
5413.62694522617  1005.503
5413.67450841151  1022.961
5413.72206828779  1023.912
5413.76962485482  1022.751
5413.81717811241  975.7507
5413.86472806036  1024.333
5413.9122746985  942.8224
5413.95981802663  1049.039
5414.00735804456  991.0703
5414.0548947521  1003.128
5414.10242814907  953.543
5414.14995823526  1019.67
5414.1974850105  983.3105
5414.2450084746  976.7172
5414.29252862736  946.6573
5414.3400454686  972.8716
5414.38755899812  994.6323
5414.43506921574  974.5662
5414.48257612127  975.3535
5414.53007971452  1001.454
5414.57757999529  966.726
5414.62507696341  1004.425
5414.67257061869  1082.969
5414.72006096092  934.4426
5414.76754798993  1009.396
5414.81503170553  974.5338
5414.86251210752  992.1425
5414.90998919573  982.0591
5414.95746296995  978.5488
5415.00493343001  1020.833
5415.0524005757  1019.4
5415.09986440686  981.6583
5415.14732492327  943.3851
5415.19478212477  973.2211
5415.24223601116  996.3708
5415.28968658224  976.9624
5415.33713383784  968.3546
5415.38457777777  998.8633
5415.43201840183  960.4605
5415.47945570984  973.4601
5415.52688970161  1000.828
5415.57432037695  923.8806
5415.62174773568  995.6904
5415.6691717776  984.5599
5415.71659250253  977.0723
5415.76400991028  929.4598
5415.81142400067  907.1268
5415.8588347735  833.1011
5415.90624222859  965.0369
5415.95364636574  871.4263
5416.00104718478  893.5991
5416.04844468552  895.8382
5416.09583886776  853.9126
5416.14322973132  888.4175
5416.19061727602  892.7495
5416.23800150166  939.4165
5416.28538240806  881.9966
5416.33275999502  859.5686
5416.38013426237  942.0706
5416.42750520992  934.0577
5416.47487283748  891.0353
5416.52223714485  929.3321
5416.56959813187  869.5866
5416.61695579833  920.3586
5416.66431014405  897.5416
5416.71166116885  948.4827
5416.75900887253  955.3393
5416.80635325491  1014.962
5416.85369431581  993.3825
5416.90103205504  987.7523
5416.9483664724  1061.653
5416.99569756772  1044.324
5417.0430253408  1033.049
5417.09034979147  1081.57
5417.13767091953  1036.458
5417.1849887248  1072.772
5417.23230320708  1110.383
5417.27961436621  1103.18
5417.32692220198  1008.158
5417.37422671421  1037.855
5417.42152790273  1064.858
5417.46882576733  979.8802
5417.51612030783  1051.119
5417.56341152406  1079.942
5417.61069941581  1043.101
5417.65798398292  1009.975
5417.70526522518  1078.227
5417.75254314241  1061.939
5417.79981773444  993.8815
5417.84708900106  1062.969
5417.89435694211  1081.078
5417.94162155738  1009.746
5417.9888828467  1057.654
5418.03614080988  1077.073
5418.08339544674  1014.837
5418.13064675708  1052.901
5418.17789474073  1061.004
5418.2251393975  1059.741
5418.27238072719  1029.882
5418.31961872964  1058.161
5418.36685340465  1060.003
5418.41408475204  1053.55
5418.46131277161  1014.76
5418.5085374632  1017.112
5418.5557588266  1029.838
5418.60297686164  1081.129
5418.65019156814  1047.547
5418.6974029459  1092.354
5418.74461099474  993.6078
5418.79181571448  1071.505
5418.83901710493  1125.021
5418.88621516591  1072.256
5418.93340989723  1037.453
5418.98060129871  1075.712
5419.02778937017  1092.624
5419.07497411141  1012.775
5419.12215552226  1111.619
5419.16933360252  1064.233
5419.21650835203  1022.193
5419.26367977058  1021.496
5419.310847858  963.3091
5419.3580126141  998.436
5419.40517403871  1033.887
5419.45233213162  975.2546
5419.49948689267  1048.152
5419.54663832166  994.5125
5419.59378641841  971.5684
5419.64093118275  1004.949
5419.68807261447  1037.936
5419.73521071341  1081.082
5419.78234547937  1047.907
5419.82947691217  1085.528
5419.87660501163  1015.6
5419.92372977757  974.2257
5419.9708512098  1064.365
5420.01796930814  1070.152
5420.0650840724  1111.366
5420.1121955024  1024.102
5420.15930359796  1011.951
5420.20640835889  1057.644
5420.25350978501  964.4446
5420.30060787614  1007.065
5420.34770263209  964.6771
5420.39479405268  1102.443
5420.44188213773  1006.755
5420.48896688706  1041.326
5420.53604830047  1045.084
5420.58312637779  1005.589
5420.63020111884  1020.814
5420.67727252343  1074.016
5420.72434059137  1034.408
5420.7714053225  1076.17
5420.81846671661  1021.367
5420.86552477354  1060.742
5420.91257949309  1096.484
5420.95963087509  1014.111
5421.00667891935  995.0836
5421.05372362569  1006.896
5421.10076499393  1000.567
5421.14780302389  982.9184
5421.19483771537  1009.006
5421.2418690682  1005.666
5421.28889708221  1024.385
5421.33592175719  1019.457
5421.38294309298  1036.811
5421.42996108939  1050.209
5421.47697574624  961.173
5421.52398706334  1007.463
5421.57099504052  987.6735
5421.61799967759  1016.061
5421.66500097437  933.6395
5421.71199893068  968.2047
5421.75899354634  952.0138
5421.80598482116  974.399
5421.85297275496  943.2466
5421.89995734757  970.0131
5421.94693859879  970.2495
5421.99391650845  990.6142
5422.04089107636  1015.022
5422.08786230235  971.0383
5422.13483018624  1005.195
5422.18179472783  996.4599
5422.22875592695  1015.335
5422.27571378343  1022.321
5422.32266829706  996.6187
5422.36961946769  1079.215
5422.41656729512  1046.957
5422.46351177917  1056.571
5422.51045291967  937.1818
5422.55739071643  1030.711
5422.60432516926  1108.973
5422.651256278  1061.001
5422.69818404245  1026.196
5422.74510846244  1071.754
5422.79202953779  1039.219
5422.83894726831  1060.569
5422.88586165383  1100.233
5422.93277269416  1029.45
5422.97968038913  1074.515
5423.02658473855  1085.046
5423.07348574224  1134.368
5423.12038340001  1171.465
5423.16727771171  1056.772
5423.21416867713  1073.598
5423.2610562961  1115.83
5423.30794056845  1089.882
5423.35482149398  1125.214
5423.40169907252  1142.49
5423.44857330389  1049.553
5423.49544418791  1129.765
5423.5423117244  1126.151
5423.58917591317  1081.018
5423.63603675406  1138.814
5423.68289424687  1097.222
5423.72974839144  1055.027
5423.77659918757  1082.11
5423.82344663509  1113.141
5423.87029073381  1120.799
5423.91713148357  1064.111
5423.96396888418  1068.444
5424.01080293546  1124.464
5424.05763363723  1150.502
5424.10446098931  1109.101
5424.15128499152  1063.371
5424.19810564369  1072.241
5424.24492294562  1060.388
5424.29173689715  1062.457
5424.33854749809  1015.879
5424.38535474827  1059.366
5424.4321586475  1061.663
5424.47895919561  1008.702
5424.52575639241  1010.973
5424.57255023773  1018.862
5424.6193407314  997.4271
5424.66612787322  981.2833
5424.71291166302  922.3063
5424.75969210062  953.3348
5424.80646918585  963.9646
5424.85324291852  962.8655
5424.90001329845  931.6277
5424.94678032548  919.4936
5424.99354399941  879.6829
5425.04030432007  940.4229
5425.08706128728  846.8054
5425.13381490086  866.2656
5425.18056516064  873.5291
5425.22731206643  909.2681
5425.27405561806  932.1803
5425.32079581534  844.3987
5425.36753265811  889.8909
5425.41426614618  883.2814
5425.46099627937  894.9043
5425.50772305751  943.3165
5425.55444648042  927.3463
5425.60116654792  896.9111
5425.64788325982  934.289
5425.69459661596  983.5613
5425.74130661616  962.6808
5425.78801326023  999.7347
5425.83471654801  1000.7
5425.8814164793  984.0115
5425.92811305394  1034.158
5425.97480627175  1032.046
5426.02149613254  1082.851
5426.06818263615  1078.863
5426.11486578239  1038.231
5426.16154557109  1004.796
5426.20822200206  1051.757
5426.25489507514  1070.859
5426.30156479014  1095.804
5426.34823114688  1089.868
5426.3948941452  1048.045
5426.44155378491  1097.361
5426.48821006583  1079.385
5426.53486298779  1084.375
5426.58151255062  1072.681
5426.62815875412  1082.754
5426.67480159813  1116.661
5426.72144108247  1113.733
5426.76807720697  1071.349
5426.81470997144  1078.275
5426.86133937571  1072.734
5426.9079654196  1077.109
5426.95458810294  1075.043
5427.00120742554  1065.243
5427.04782338724  1141.523
5427.09443598786  1162.408
5427.14104522721  1079.755
5427.18765110513  1079.931
5427.23425362143  1123.167
5427.28085277594  1084.385
5427.32744856849  1106.897
5427.37404099889  1105.371
5427.42063006697  1141.317
5427.46721577257  1143.175
5427.51379811548  1124.107
5427.56037709555  1094.172
5427.6069527126  1116.586
5427.65352496645  1134.425
5427.70009385692  1169.047
5427.74665938384  1118.29
5427.79322154703  1092.824
5427.83978034632  1082.281
5427.88633578153  1117.388
5427.93288785249  1127.022
5427.97943655902  1115.969
5428.02598190094  1176.192
5428.07252387807  1180.55
5428.11906249026  1172.007
5428.1655977373  1196.635
5428.21212961904  1094.027
5428.2586581353  1055.46
5428.3051832859  1135.625
5428.35170507066  1190.521
5428.39822348942  1184.788
5428.44473854199  1162.745
5428.4912502282  1136.124
5428.53775854787  1106.473
5428.58426350084  1224.685
5428.63076508692  1112.405
5428.67726330593  1144.232
5428.72375815772  1150.455
5428.77024964209  1067.882
5428.81673775888  1179.807
5428.86322250791  1136.436
5428.90970388901  1141.569
5428.95618190199  1147.339
5429.0026565467  1185.422
5429.04912782294  1156.115
5429.09559573055  1128.127
5429.14206026935  1160.063
5429.18852143918  1094.906
5429.23497923984  1102.752
5429.28143367118  1082.599
5429.32788473301  1140.576
5429.37433242516  1109.358
5429.42077674745  1120.738
5429.46721769972  1101.145
5429.51365528179  1131.574
5429.56008949348  1090.288
5429.60652033462  1059.263
5429.65294780503  1070.931
5429.69937190455  1100.489
5429.745792633  1154.046
5429.7922099902  1070.4
5429.83862397598  1089.918
5429.88503459016  1122.713
5429.93144183259  1055.843
5429.97784570306  1049.818
5430.02424620143  1034.321
5430.0706433275  1000.278
5430.11703708112  935.3253
5430.16342746209  936.5048
5430.20981447026  902.3214
5430.25619810545  937.1039
5430.30257836748  898.1292
5430.34895525619  869.6716
5430.39532877139  888.4241
5430.44169891292  881.9008
5430.48806568059  786.1689
5430.53442907425  853.6097
5430.58078909371  856.6467
5430.62714573881  856.2258
5430.67349900936  854.3638
5430.7198489052  813.7424
5430.76619542616  864.7579
5430.81253857205  914.054
5430.85887834271  888.5836
5430.90521473797  798.1413
5430.95154775765  879.2028
5430.99787740158  815.438
5431.04420366958  856.4604
5431.0905265615  850.2736
5431.13684607714  955.1685
5431.18316221634  940.0268
5431.22947497893  945.6689
5431.27578436474  995.5932
5431.32209037359  998.5198
5431.3683930053  984.2495
5431.41469225972  1040.436
5431.46098813666  1031.625
5431.50728063596  1099.832
5431.55356975743  1064.515
5431.59985550092  1055.507
5431.64613786624  1119.927
5431.69241685323  1131.761
5431.73869246171  1187.236
5431.78496469152  1178.839
5431.83123354247  1147.234
5431.87749901441  1097.575
5431.92376110714  1120.13
5431.97001982052  1095.032
5432.01627515436  1136.8
5432.06252710848  1161.612
5432.10877568273  1185.913
5432.15502087693  1129.215
5432.2012626909  1112.549
5432.24750112448  1140.112
5432.2937361775  1121.769
5432.33996784977  1191.087
5432.38619614114  1159.742
5432.43242105143  1166.828
5432.47864258047  1161.393
5432.52486072808  1186.194
5432.57107549411  1105.459
5432.61728687837  1103.766
5432.66349488069  1193.998
5432.70969950091  1122.409
5432.75590073886  1174.401
5432.80209859435  1157.749
5432.84829306723  1126.822
5432.89448415732  1096.16
5432.94067186445  1118.839
5432.98685618844  1097.717
5433.03303712914  1048.305
5433.07921468637  1010.193
5433.12538885995  1051.492
5433.17155964972  1088.91
5433.21772705551  1055.49
5433.26389107714  1010.877
5433.31005171446  994.5625
5433.35620896727  999.1483
5433.40236283542  1041.813
5433.44851331874  985.8931
5433.49466041706  978.6135
5433.5408041302  1044.444
5433.58694445799  1002.984
5433.63308140027  949.356
5433.67921495687  928.3985
5433.72534512761  956.1152
5433.77147191233  1022.238
5433.81759531085  960.8766
5433.86371532301  1007.415
5433.90983194864  950.2383
5433.95594518756  960.8871
5434.00205503961  989.0595
5434.04816150461  1048.189
5434.09426458241  1005.54
5434.14036427282  970.4675
5434.18646057569  1030.14
5434.23255349083  1010.432
5434.27864301808  1017.004
5434.32472915728  1007.147
5434.37081190824  1029.842
5434.41689127081  1083.788
5434.46296724481  1052.832
5434.50903983007  1084.11
5434.55510902644  1102.528
5434.60117483372  1061.539
5434.64723725177  1117.782
5434.6932962804  1058.099
5434.73935191945  1083.901
5434.78540416876  1066.125
5434.83145302814  1053.177
5434.87749849744  1083.477
5434.92354057648  1010.607
5434.9695792651  1060.027
5435.01561456312  978.3821
5435.06164647039  982.4598
5435.10767498672  1002.558
5435.15370011196  940.6666
5435.19972184593  978.5218
5435.24574018846  923.1608
5435.29175513939  942.0264
5435.33776669855  895.7371
5435.38377486577  997.2851
5435.42977964088  957.545
5435.47578102371  997.968
5435.5217790141  911.3128
5435.56777361188  913.8102
5435.61376481688  945.8906
5435.65975262893  915.6572
5435.70573704786  918.9353
5435.75171807351  966.4572
5435.7976957057  950.4521
5435.84366994428  968.3306
5435.88964078907  909.3192
5435.93560823991  971.639
5435.98157229662  965.9454
5436.02753295904  1013.196
5436.07349022701  986.1072
5436.11944410034  972.0848
5436.16539457889  1004.962
5436.21134166248  995.593
5436.25728535094  1017.2
5436.3032256441  1072.504
5436.3491625418  1104.722
5436.39509604388  1060.063
5436.44102615015  1047.695
5436.48695286047  1013.536
5436.53287617465  1074.192
5436.57879609254  1027.526
5436.62471261396  965.0585
5436.67062573875  1056.062
5436.71653546674  1009.955
5436.76244179777  1081.357
5436.80834473167  1064.456
5436.85424426826  1023.744
5436.9001404074  982.6984
5436.9460331489  1078.738
5436.9919224926  980.5958
5437.03780843833  1030.131
5437.08369098594  1011.978
5437.12957013525  1019.187
5437.17544588609  967.8663
5437.2213182383  936.3286
5437.26718719172  1010.965
5437.31305274617  1004.169
5437.35891490149  1025.898
5437.40477365752  978.0433
5437.45062901409  995.3112
5437.49648097103  999.0718
5437.54232952817  1043.325
5437.58817468535  999.2729
5437.63401644241  981.9307
5437.67985479918  976.8358
5437.72568975548  1024.141
5437.77152131117  1000.682
5437.81734946607  997.7985
5437.86317422001  997.9318
5437.90899557283  1022.974
5437.95481352437  1048.698
5438.00062807445  1088.108
5438.04643922292  1051.851
5438.0922469696  1012.137
5438.13805131434  1043.843
5438.18385225696  1041.112
5438.2296497973  1030.946
5438.2754439352  1115.145
5438.32123467049  1067.473
5438.36702200301  1104.529
5438.41280593259  1058.276
5438.45858645906  1095.324
5438.50436358226  1109.975
5438.55013730203  1079.457
5438.5959076182  1048.396
5438.6416745306  1090.866
5438.68743803907  1064.063
5438.73319814345  1088.883
5438.77895484357  1049.314
5438.82470813927  1087.819
5438.87045803038  1104.11
5438.91620451673  1039.148
5438.96194759817  1113.696
5439.00768727452  1115.922
5439.05342354563  1069.574
5439.09915641133  1091.779
5439.14488587145  1072.418
5439.19061192583  1120.177
5439.23633457431  1054.06
5439.28205381672  1100.506
5439.3277696529  1108.117
5439.37348208268  1111.856
5439.41919110589  1143.287
5439.46489672239  1169.592
5439.51059893199  1064.745
5439.55629773454  1046.907
5439.60199312988  1101.268
5439.64768511783  1090.902
5439.69337369824  1100.353
5439.73905887094  1086.474
5439.78474063577  1089.742
5439.83041899256  1051.11
5439.87609394115  1116.019
5439.92176548138  1117.808
5439.96743361309  1084.175
5440.0130983361  1119.427
5440.05875965026  1075.745
5440.1044175554  1084.004
5440.15007205136  1091.968
5440.19572313798  1084.558
5440.24137081509  1070.831
5440.28701508253  1098.228
5440.33265594013  1085.396
5440.37829338774  1005.198
5440.42392742519  1072.557
5440.46955805232  1047.176
5440.51518526896  1077.231
5440.56080907495  1142.881
5440.60642947014  1097.924
5440.65204645434  1091.604
5440.69766002741  1126.636
5440.74327018918  1085.051
5440.78887693948  1061.273
5440.83448027817  1084.357
5440.88008020506  1092.33
5440.92567672  1058.783
5440.97126982283  1077.39
5441.01685951338  1062.645
5441.0624457915  1078.057
5441.10802865701  1123.754
5441.15360810976  1103.308
5441.19918414959  1114.311
5441.24475677633  1083.434
5441.29032598982  1102.852
5441.33589178989  1087.312
5441.3814541764  1095.439
5441.42701314917  1115.032
5441.47256870804  1009.823
5441.51812085284  1109.769
5441.56366958343  1135.787
5441.60921489964  1051.619
5441.65475680129  1074.041
5441.70029528825  1078.339
5441.74583036033  1109.461
5441.79136201738  1082.098
5441.83689025924  1059.333
5441.88241508574  1036.628
5441.92793649673  1069.542
5441.97345449205  1051.1
5442.01896907152  1027.206
5442.06448023499  1110.904
5442.1099879823  1072.023
5442.15549231329  1036.784
5442.2009932278  1065.497
5442.24649072566  1040.027
5442.29198480671  1080.046
5442.3374754708  979.1164
5442.38296271776  1030.996
5442.42844654743  1117.179
5442.47392695965  964.8271
5442.51940395425  1121.899
5442.56487753109  1025.07
5442.61034768999  1040.443
5442.6558144308  1102.882
5442.70127775335  1003.222
5442.74673765748  1036.303
5442.79219414304  1013.479
5442.83764720987  1029.395
5442.88309685779  1046.527
5442.92854308666  1108.396
5442.97398589631  1031.072
5443.01942528658  1047.766
5443.06486125731  1023.543
5443.11029380835  1017.032
5443.15572293952  1058.05
5443.20114865067  1022.113
5443.24657094164  1003.4
5443.29198981228  1116.809
5443.33740526241  1071.392
5443.38281729188  1067.539
5443.42822590053  1025.907
5443.4736310882  1043.023
5443.51903285473  1103.272
5443.56443119995  1015.629
5443.60982612372  1085.873
5443.65521762587  1042.016
5443.70060570624  1076.302
5443.74599036467  1023.652
5443.791371601  1048.644
5443.83674941507  1053.734
5443.88212380673  1084.29
5443.9274947758  1089.714
5443.97286232214  1071.046
5444.01822644559  1099.163
5444.06358714597  1030.989
5444.10894442314  1115.908
5444.15429827694  1061.936
5444.1996487072  1046.073
5444.24499571377  1027.5
5444.29033929649  1010.718
5444.3356794552  1020.158
5444.38101618974  1036.959
5444.42634949994  1080.289
5444.47167938567  1066.546
5444.51700584674  990.0355
5444.56232888301  1052.503
5444.60764849431  999.7111
5444.65296468049  1073.672
5444.69827744139  1074.294
5444.74358677685  1029.05
5444.7888926867  1008.466
5444.83419517081  989.3801
5444.87949422899  998.1752
5444.9247898611  958.4846
5444.97008206698  1030.388
5445.01537084646  1029.763
5445.0606561994  1019.802
5445.10593812562  1025.617
5445.15121662498  1044.011
5445.19649169732  1084.557
5445.24176334247  997.4824
5445.28703156028  980.864
5445.3322963506  1026.917
5445.37755771325  1031.513
5445.42281564809  1040.027
5445.46807015496  979.9097
5445.5133212337  906.4406
5445.55856888415  976.9625
5445.60381310615  959.7039
5445.64905389955  921.1232
5445.69429126418  908.0811
5445.7395251999  931.3046
5445.78475570654  968.2537
5445.82998278395  893.1036
5445.87520643197  933.2983
5445.92042665043  924.3082
5445.96564343919  935.0945
5446.01085679808  877.5274
5446.05606672696  893.5447
5446.10127322565  929.1019
5446.14647629401  931.9855
5446.19167593188  908.6118
5446.23687213909  942.7773
5446.2820649155  881.1315
5446.32725426094  950.2227
5446.37244017527  830.4382
5446.41762265831  911.2153
5446.46280170992  924.6472
5446.50797732994  924.8101
5446.55314951821  923.8442
5446.59831827457  902.0764
5446.64348359887  975.6621
5446.68864549095  955.4417
5446.73380395066  972.3071
5446.77895897784  984.1519
5446.82411057232  950.5988
5446.86925873396  956.2184
5446.9144034626  993.3203
5446.95954475809  916.5098
5447.00468262026  1015.835
5447.04981704896  970.3491
5447.09494804403  920.1727
5447.14007560532  963.5999
5447.18519973267  892.454
5447.23032042592  843.7956
5447.27543768493  844.5843
5447.32055150953  838.5106
5447.36566189956  852.9133
5447.41076885488  782.3673
5447.45587237532  840.9451
5447.50097246073  812.9111
5447.54606911096  795.4307
5447.59116232584  731.3995
5447.63625210522  766.158
5447.68133844895  765.7983
5447.72642135687  729.4158
5447.77150082883  745.8792
5447.81657686467  739.1452
5447.86164946424  767.5235
5447.90671862737  707.2387
5447.95178435391  769.3976
5447.99684664372  761.7331
5448.04190549663  733.6823
5448.08696091248  708.1367
5448.13201289113  721.6989
5448.17706143242  752.1902
5448.22210653619  788.7725
5448.26714820229  829.4468
5448.31218643056  809.6073
5448.35722122085  816.201
5448.402252573  846.8873
5448.44728048686  872.6255
5448.49230496228  913.6133
5448.53732599909  886.7653
5448.58234359715  886.7839
5448.62735775629  992.7697
5448.67236847637  906.9881
5448.71737575723  954.9769
5448.76237959872  973.4674
5448.80738000068  948.4185
5448.85237696295  1036.303
5448.89737048539  943.6919
5448.94236056784  991.8722
5448.98734721014  1015.178
5449.03233041214  972.376
5449.07731017368  1021.521
5449.12228649462  1004.002
5449.16725937479  1047.305
5449.21222881405  983.7889
5449.25719481223  983.6749
5449.30215736919  990.5165
5449.34711648478  978.4403
5449.39207215882  955.8537
5449.43702439119  1032.149
5449.48197318171  974.0077
5449.52691853024  1011.529
5449.57186043663  995.9834
5449.61679890071  972.0421
5449.66173392234  960.1882
5449.70666550136  991.0799
5449.75159363761  995.884
5449.79651833095  966.5096
5449.84143958123  980.0526
5449.88635738828  998.8511
5449.93127175196  1039.016
5449.97618267211  990.4578
5450.02109014858  1019.925
5450.06599418121  942.7366
5450.11089476986  925.6454
5450.15579191436  971.9265
5450.20068561457  954.8163
5450.24557587033  981.491
5450.2904626815  994.5707
5450.33534604791  964.9663
5450.38022596942  952.1276
5450.42510244587  951.2189
5450.46997547711  991.4613
5450.51484506298  993.5386
5450.55971120334  951.0648
5450.60457389803  984.2542
5450.6494331469  1025.311
5450.69428894979  976.9081
5450.73914130656  1004.599
5450.78399021705  1035.023
5450.8288356811  996.7934
5450.87367769858  1008.718
5450.91851626932  986.8785
5450.96335139317  978.2944
5451.00818306998  972.211
5451.0530112996  966.3065
5451.09783608188  998.6248
5451.14265741666  1000.373
5451.18747530379  984.4587
5451.23228974312  967.6428
5451.27710073449  1064.567
5451.32190827777  923.6642
5451.36671237279  1016.082
5451.4115130194  993.4948
5451.45631021745  989.8785
5451.5011039668  979.3517
5451.54589426727  958.475
5451.59068111874  975.4695
5451.63546452104  982.7055
5451.68024447402  936.77
5451.72502097754  974.6322
5451.76979403143  978.7767
5451.81456363556  997.337
5451.85932978976  933.423
5451.90409249388  891.6944
5451.94885174779  921.9344
5451.99360755131  1041.908
5452.03835990431  937.5271
5452.08310880663  987.9989
5452.12785425813  943.8261
5452.17259625864  928.6177
5452.21733480802  923.1313
5452.26206990612  932.8116
5452.30680155279  943.7277
5452.35152974787  901.2045
5452.39625449122  925.6492
5452.44097578269  964.4926
5452.48569362211  962.3073
5452.53040800936  976.0662
5452.57511894427  929.0719
5452.61982642668  926.4197
5452.66453045647  927.4305
5452.70923103346  950.8464
5452.75392815752  933.5555
5452.79862182848  920.1918
5452.84331204621  961.4619
5452.88799881055  955.7638
5452.93268212135  920.8987
5452.97736197846  902.3255
5453.02203838173  967.4143
5453.06671133102  926.39
5453.11138082616  962.4824
5453.15604686701  922.0389
5453.20070945343  914.3431
5453.24536858525  934.7667
5453.29002426234  881.2288
5453.33467648454  887.5639
5453.3793252517  916.8152
5453.42397056367  918.9894
5453.4686124203  971.7936
5453.51325082145  856.152
5453.55788576696  904.0283
5453.60251725669  940.0354
5453.64714529047  928.2408
5453.69176986818  946.9239
5453.73639098965  924.1084
5453.78100865474  878.1454
5453.82562286329  884.6331
5453.87023361516  935.1689
5453.9148409102  880.8055
5453.95944474826  887.3418
5454.00404512919  857.8727
5454.04864205285  871.5659
5454.09323551907  890.3149
5454.13782552772  953.5042
5454.18241207865  827.2888
5454.2269951717  840.2422
5454.27157480673  875.0117
5454.31615098359  877.0185
5454.36072370213  869.7434
5454.4052929622  895.9692
5454.44985876365  865.4
5454.49442110634  896.4042
5454.53897999011  931.1372
5454.58353541482  899.0779
5454.62808738032  889.7469
5454.67263588646  885.7054
5454.71718093309  868.9728
5454.76172252007  919.2773
5454.80626064725  877.3696
5454.85079531447  883.5729
5454.89532652159  914.9909
5454.93985426846  855.0977
5454.98437855494  878.0567
5455.02889938087  905.3914
5455.07341674611  891.5109
5455.11793065051  864.61
5455.16244109392  886.1049
5455.2069480762  826.2849
5455.25145159719  924.1247
5455.29595165676  849.9118
5455.34044825474  856.3013
5455.384941391  867.0895
5455.42943106538  910.8891
5455.47391727774  884.3897
5455.51840002793  866.4308
5455.56287931581  878.3196
5455.60735514122  803.8794
5455.65182750402  900.3365
5455.69629640407  851.7748
5455.7407618412  871.8738
5455.78522381529  828.1874
5455.82968232617  831.925
5455.87413737371  867.134
5455.91858895776  809.7681
5455.96303707816  789.7606
5456.00748173478  803.6194
5456.05192292746  790.5652
5456.09636065606  738.5203
5456.14079492043  748.5214
5456.18522572043  719.1402
5456.2296530559  698.7341
5456.27407692671  724.5415
5456.3184973327  699.8341
5456.36291427373  677.0012
5456.40732774965  681.3259
5456.45173776031  724.8516
5456.49614430558  663.8329
5456.5405473853  671.3005
5456.58494699932  690.6617
5456.6293431475  680.0229
5456.6737358297  684.6794
5456.71812504576  750.8767
5456.76251079555  719.7019
5456.80689307891  719.4386
5456.8512718957  673.5399
5456.89564724577  660.5482
5456.94001912898  705.0015
5456.98438754518  653.8314
5457.02875249423  722.9398
5457.07311397598  709.512
5457.11747199028  718.6585
5457.16182653698  769.9678
5457.20617761595  759.4227
5457.25052522704  786.2066
5457.2948693701  839.4841
5457.33921004498  843.9348
5457.38354725155  814.2873
5457.42788098964  822.3994
5457.47221125913  846.511
5457.51653805986  823.8309
5457.56086139169  842.134
5457.60518125447  836.0706
5457.64949764807  905.1287
5457.69381057232  795.9141
5457.73812002709  855.6572
5457.78242601223  906.0623
5457.82672852761  839.0104
5457.87102757306  857.2686
5457.91532314845  843.1103
5457.95961525364  841.6528
5458.00390388847  831.5223
5458.04818905281  862.1638
5458.0924707465  837.2281
5458.13674896941  854.5468
5458.18102372139  910.9089
5458.22529500229  822.3585
5458.26956281197  795.1501
5458.31382715029  891.7891
5458.3580880171  887.8938
5458.40234541225  851.2177
5458.44659933561  864.1398
5458.49084978702  881.1147
5458.53509676635  799.4957
5458.57934027344  858.3544
5458.62358030817  848.7089
5458.66781687037  899.0488
5458.71204995991  867.4799
5458.75627957664  810.5422
5458.80050572042  905.6957
5458.84472839111  848.7986
5458.88894758856  825.585
5458.93316331262  806.3878
5458.97737556316  860.4743
5459.02158434002  878.248
5459.06578964308  876.4144
5459.10999147217  811.6645
5459.15418982716  824.3508
5459.19838470791  839.9133
5459.24257611427  798.0799
5459.2867640461  842.2263
5459.33094850325  855.8871
5459.37512948558  855.3212
5459.41930699295  864.84
5459.46348102521  782.776
5459.50765158223  833.082
5459.55181866385  855.882
5459.59598226994  842.5295
5459.64014240035  846.5925
5459.68429905493  790.662
5459.72845223356  856.4828
5459.77260193607  826.1467
5459.81674816234  821.3065
5459.86089091221  818.2386
5459.90503018554  832.2238
5459.9491659822  858.2299
5459.99329830204  812.3528
5460.03742714491  797.4631
5460.08155251067  844.0641
5460.12567439918  797.1859
5460.1697928103  827.8148
5460.21390774389  779.1683
5460.2580191998  882.8857
5460.30212717789  797.0633
5460.34623167802  845.412
5460.39033270004  796.0571
5460.43443024382  817.574
5460.4785243092  826.2427
5460.52261489606  784.1279
5460.56670200425  776.1744
5460.61078563361  792.6276
5460.65486578402  840.2546
5460.69894245534  784.3403
5460.74301564741  875.6135
5460.7870853601  852.1322
5460.83115159326  740.6848
5460.87521434675  764.4806
5460.91927362044  821.7795
5460.96332941418  782.9427
5461.00738172783  777.3994
5461.05143056124  818.504
5461.09547591427  749.9043
5461.13951778679  759.7445
5461.18355617865  784.1764
5461.22759108972  794.3316
5461.27162251984  780.0412
5461.31565046888  815.1257
5461.35967493669  789.0924
5461.40369592314  779.3813
5461.44771342809  729.2175
5461.49172745138  775.3033
5461.53573799289  785.7162
5461.57974505247  746.7994
5461.62374862998  791.4732
5461.66774872527  760.884
5461.71174533822  752.8197
5461.75573846867  772.8893
5461.79972811649  740.2368
5461.84371428153  822.1888
5461.88769696366  691.294
5461.93167616273  793.8
5461.9756518786  717.8859
5462.01962411114  812.7974
5462.0635928602  780.8325
5462.10755812564  754.1907
5462.15151990732  791.4579
5462.1954782051  766.008
5462.23943301884  737.6458
5462.2833843484  750.869
5462.32733219364  711.4532
5462.37127655443  699.1072
5462.41521743061  733.306
5462.45915482204  759.871
5462.5030887286  757.1171
5462.54701915014  759.8256
5462.59094608651  743.5164
5462.63486953759  707.2057
5462.67878950322  676.6362
5462.72270598328  688.6882
5462.76661897761  747.9653
5462.81052848608  772.9955
5462.85443450856  776.7333
5462.89833704489  681.5364
5462.94223609494  688.5243
5462.98613165858  711.184
5463.03002373565  713.6368
5463.07391232603  702.7905
5463.11779742957  682.2965
5463.16167904614  711.2548
5463.20555717559  649.6619
5463.24943181778  691.0813
5463.29330297258  693.4372
5463.33717063985  723.7803
5463.38103481944  702.1895
5463.42489551122  678.8967
5463.46875271505  678.1557
5463.51260643079  658.2796
5463.5564566583  649.1801
5463.60030339744  632.7692
5463.64414664807  561.4933
5463.68798641006  641.4299
5463.73182268327  629.9484
5463.77565546755  587.6655
5463.81948476277  581.7447
5463.86331056879  646.2397
5463.90713288547  617.392
5463.95095171268  595.0755
5463.99476705026  585.948
5464.0385788981  552.1901
5464.08238725604  618.5972
5464.12619212395  538.7472
5464.16999350168  599.8305
5464.21379138912  591.0861
5464.2575857861  595.0238
5464.3013766925  585.6659
5464.34516410818  559.0148
5464.388948033  599.6652
5464.43272846682  571.5084
5464.4765054095  627.5944
5464.52027886091  591.1049
5464.56404882091  645.1258
5464.60781528935  637.619
5464.65157826611  574.0969
5464.69533775104  629.6432
5464.73909374401  646.7053
5464.78284624488  670.3683
5464.82659525351  625.8975
5464.87034076976  653.2047
5464.9140827935  644.4727
5464.95782132459  675.5432
5465.00155636289  676.8295
5465.04528790826  656.4797
5465.08901596057  653.804
5465.13274051968  721.7822
5465.17646158545  661.7563
5465.22017915775  715.9647
5465.26389323643  688.5389
5465.30760382137  665.1714
5465.35131091242  682.5792
5465.39501450944  658.6647
5465.43871461231  718.0347
5465.48241122088  688.249
5465.52610433501  674.704
5465.56979395457  659.9605
5465.61348007943  672.2923
5465.65716270944  665.8229
5465.70084184447  683.9399
5465.74451748438  682.4802
5465.78818962904  712.4831
5465.8318582783  684.3529
5465.87552343204  675.9346
5465.91918509012  715.2112
5465.96284325239  704.8464
5466.00649791873  664.5159
5466.050149089  682.2618
5466.09379676306  726.3364
5466.13744094077  704.6125
5466.181081622  705.1177
5466.22471880661  711.1889
5466.26835249447  754.5706
5466.31198268544  673.9942
5466.35560937938  726.9768
5466.39923257617  710.4532
5466.44285227565  710.0905
5466.4864684777  690.3345
5466.53008118219  712.9388
5466.57369038896  726.8211
5466.6172960979  687.1598
5466.66089830886  684.4487
5466.70449702171  668.3833
5466.74809223631  666.8694
5466.79168395253  614.3191
5466.83527217023  636.5599
5466.87885688928  658.898
5466.92243810954  639.7236
5466.96601583087  664.7519
5467.00959005315  640.5781
5467.05316077622  650.8144
5467.09672799997  655.7104
5467.14029172425  624.1109
5467.18385194894  622.8315
5467.22740867389  657.401
5467.27096189896  617.6866
5467.31451162403  612.7132
5467.35805784897  572.4006
5467.40160057362  637.8217
5467.44513979787  669.6949
5467.48867552157  607.8838
5467.53220774459  632.1671
5467.5757364668  560.7206
5467.61926168806  632.0714
5467.66278340824  620.8826
5467.7063016272  610.4566
5467.74981634481  603.2706
5467.79332756093  581.8975
5467.83683527542  601.3701
5467.88033948817  588.5994
5467.92384019902  591.9702
5467.96733740785  596.1215
5468.01083111452  611.3259
5468.0543213189  617.2845
5468.09780802085  613.4607
5468.14129122024  635.9705
5468.18477091694  659.8056
5468.22824711081  655.2585
5468.27171980172  636.5023
5468.31518898953  695.3417
5468.35865467411  645.8353
5468.40211685532  650.7318
5468.44557553304  600.5873
5468.48903070713  648.7546
5468.53248237745  641.5181
5468.57593054387  676.4834
5468.61937520627  605.1035
5468.66281636449  629.9159
5468.70625401842  656.4362
5468.74968816791  598.6447
5468.79311881284  648.6345
5468.83654595307  618.7234
5468.87996958846  594.7797
5468.9233897189  638.6938
5468.96680634423  627.2798
5469.01021946433  639.3184
5469.05362907906  657.2575
5469.0970351883  636.4575
5469.1404377919  647.1754
5469.18383688975  653.4982
5469.22723248169  622.1324
5469.27062456761  608.6446
5469.31401314736  653.0915
5469.35739822081  656.152
5469.40077978784  649.7918
5469.44415784831  612.2614
5469.48753240208  613.6533
5469.53090344903  659.5456
5469.57427098902  627.9232
5469.61763502192  608.0049
5469.6609955476  632.1512
5469.70435256592  632.1768
5469.74770607675  644.9405
5469.79105607996  581.0389
5469.83440257542  641.0331
5469.87774556299  648.915
5469.92108504255  605.7286
5469.96442101396  620.2369
5470.00775347708  585.3433
5470.0510824318  612.5801
5470.09440787797  554.8962
5470.13772981546  650.9344
5470.18104824414  643.8145
5470.22436316388  642.1351
5470.26767457455  617.6115
5470.31098247602  609.1494
5470.35428686815  608.1759
5470.39758775081  613.5042
5470.44088512387  592.0276
5470.4841789872  587.1105
5470.52746934067  619.3841
5470.57075618415  551.9747
5470.6140395175  582.6362
5470.6573193406  571.6641
5470.7005956533  609.6095
5470.74386845549  606.8404
5470.78713774703  604.0754
5470.83040352778  562.7676
5470.87366579763  582.2098
5470.91692455643  586.1373
5470.96017980405  595.585
5471.00343154037  558.0281
5471.04667976526  565.2599
5471.08992447857  635.1552
5471.13316568019  559.6053
5471.17640336998  549.105
5471.21963754781  522.5133
5471.26286821355  550.4956
5471.30609536707  588.594
5471.34931900823  579.3168
5471.39253913692  543.0205
5471.43575575299  591.1057
5471.47896885632  562.0579
5471.52217844677  495.4726
5471.56538452422  543.4604
5471.60858708853  574.5222
5471.65178613958  517.3101
5471.69498167724  534.6334
5471.73817370137  546.7469
5471.78136221184  532.2462
5471.82454720853  567.4613
5471.86772869131  538.3578
5471.91090666004  518.1921
5471.95408111459  588.777
5471.99725205484  558.2203
5472.04041948065  557.6773
5472.0835833919  569.7775
5472.12674378845  571.2713
5472.16990067018  526.6757
5472.21305403695  573.4035
5472.25620388864  564.9822
5472.29935022512  552.2924
5472.34249304625  552.0208
5472.38563235191  590.941
5472.42876814198  593.2588
5472.47190041631  544.0646
5472.51502917477  511.6298
5472.55815441725  549.105
5472.60127614361  548.5329
5472.64439435372  524.467
5472.68750904745  528.9922
5472.73062022468  542.1096
5472.77372788527  606.2061
5472.8168320291  578.1395
5472.85993265603  608.4109
5472.90302976594  550.0051
5472.94612335869  536.4199
5472.98921343417  564.587
5473.03229999224  551.4789
5473.07538303277  569.5007
5473.11846255563  556.8596
5473.1615385607  560.6596
5473.20461104785  536.9822
5473.24768001694  508.2238
5473.29074546785  532.8943
5473.33380740045  525.0182
5473.37686581462  519.7912
5473.41992071021  522.8843
5473.46297208712  555.6924
5473.5060199452  530.4659
5473.54906428433  498.1501
5473.59210510438  543.6171
5473.63514240522  533.5203
5473.67817618673  539.4721
5473.72120644877  542.1196
5473.76423319123  469.79
5473.80725641396  472.8042
5473.85027611685  483.5135
5473.89329229975  498.1654
5473.93630496256  503.324
5473.97931410514  518.0416
5474.02231972736  433.2186
5474.06532182909  562.1324
5474.10832041021  475.9918
5474.15131547059  535.2075
5474.1943070101  488.7073
5474.23729502861  497.3539
5474.280279526  504.4094
5474.32326050213  470.9913
5474.36623795689  482.0913
5474.40921189014  523.2239
5474.45218230176  504.2598
5474.49514919162  465.1437
5474.5381125596  501.7715
5474.58107240555  460.8899
5474.62402872937  453.3982
5474.66698153092  472.8069
5474.70993081007  483.2537
5474.75287656669  479.2296
5474.79581880067  473.4191
5474.83875751188  503.7257
5474.88169270018  502.1515
5474.92462436545  453.5524
5474.96755250756  455.3965
5475.01047712639  443.816
5475.05339822181  450.505
5475.0963157937  454.4599
5475.13922984192  474.4652
5475.18214036635  471.1364
5475.22504736687  470.4978
5475.26795084335  464.6246
5475.31085079566  483.9724
5475.35374722367  478.5159
5475.39664012726  454.3538
5475.43952950631  513.2296
5475.48241536068  485.0218
5475.52529769025  500.3267
5475.5681764949  495.3044
5475.61105177449  495.5005
5475.65392352891  515.3947
5475.69679175803  494.488
5475.73965646172  521.2007
5475.78251763985  530.9175
5475.8253752923  480.6185
5475.86822941894  511.9374
5475.91108001966  493.9565
5475.95392709431  506.9699
5475.99677064279  504.5272
5476.03961066495  529.2349
5476.08244716068  513.0662
5476.12528012986  470.0194
5476.16810957234  505.6624
5476.21093548802  498.3063
5476.25375787676  457.0174
5476.29657673844  504.591
5476.33939207293  449.4017
5476.38220388012  478.1828
5476.42501215986  456.4838
5476.46781691205  486.778
5476.51061813655  526.9944
5476.55341583324  486.9774
5476.59621000199  491.6642
5476.63900064268  508.2183
5476.68178775519  453.3486
5476.72457133938  453.4301
5476.76735139514  475.4721
5476.81012792235  443.2882
5476.85290092086  455.6331
5476.89567039057  423.8027
5476.93843633134  427.8653
5476.98119874305  429.8208
5477.02395762558  414.0391
5477.06671297881  400.1494
5477.1094648026  410.127
5477.15221309684  403.0723
5477.19495786139  456.7768
5477.23769909615  398.072
5477.28043680097  340.31
5477.32317097574  415.9897
5477.36590162034  354.9844
5477.40862873463  358.1086
5477.4513523185  359.5896
5477.49407237182  345.9885
5477.53678889447  354.9525
5477.57950188632  343.1977
5477.62221134726  324.3595
5477.66491727714  331.9557
5477.70761967587  355.4139
5477.75031854329  311.4464
5477.79301387931  321.73
5477.83570568379  296.4062
5477.8783939566  343.6634
5477.92107869763  357.9554
5477.96375990675  359.9995
5478.00643758384  334.4195
5478.04911172877  389.6424
5478.09178234142  362.2031
5478.13444942168  362.0059
5478.1771129694  375.2451
5478.21977298448  384.4902
5478.26242946679  381.8738
5478.3050824162  366.3176
5478.34773183259  369.081
5478.39037771585  365.9906
5478.43302006584  369.9951
5478.47565888244  367.1068
5478.51829416554  395.8589
5478.560925915  388.7161
5478.60355413071  433.0799
5478.64617881254  387.6273
5478.68879996037  419.7999
5478.73141757408  415.8463
5478.77403165355  414.2367
5478.81664219865  395.8026
5478.85924920925  418.7122
5478.90185268525  436.3364
5478.94445262651  440.1818
5478.98704903291  424.1526
5479.02964190433  398.1192
5479.07223124066  408.9918
5479.11481704175  415.5243
5479.15739930751  377.9377
5479.19997803779  442.253
5479.24255323249  435.2539
5479.28512489147  436.1165
5479.32769301462  401.7646
5479.37025760182  410.5862
5479.41281865293  432.0774
5479.45537616785  435.4277
5479.49793014645  387.1801
5479.5404805886  419.3857
5479.58302749419  404.4271
5479.62557086309  401.8217
5479.66811069519  448.3359
5479.71064699036  366.9792
5479.75317974847  446.5693
5479.79570896942  405.8348
5479.83823465307  434.1034
5479.88075679931  400.1694
5479.92327540801  398.3403
5479.96579047905  437.0392
5480.00830201232  411.559
5480.05081000768  379.0479
5480.09331446503  428.3723
5480.13581538423  404.9053
5480.17831276518  425.3785
5480.22080660773  424.9394
5480.26329691179  406.7685
5480.30578367722  441.0629
5480.3482669039  418.2037
5480.39074659172  399.5165
5480.43322274054  476.8389
5480.47569535026  423.8424
5480.51816442075  413.0931
5480.56062995189  416.7719
5480.60309194357  402.9545
5480.64555039565  412.6252
5480.68800530802  363.4099
5480.73045668056  387.1816
5480.77290451315  459.7746
5480.81534880566  426.9684
5480.85778955799  431.9753
5480.90022677  431.4552
5480.94266044158  402.1532
5480.9850905726  427.7946
5481.02751716296  393.6899
5481.06994021252  409.153
5481.11235972116  423.2092
5481.15477568878  367.9152
5481.19718811524  424.9247
5481.23959700043  403.1099
5481.28200234423  418.9102
5481.32440414652  358.1631
5481.36680240718  362.9124
5481.40919712608  418.1969
5481.45158830312  401.8755
5481.49397593816  366.6981
5481.53636003109  363.7615
5481.57874058179  402.9377
5481.62111759015  382.7516
5481.66349105604  378.5535
5481.70586097934  348.1409
5481.74822735993  321.8847
5481.7905901977  388.8396
5481.83294949252  341.1162
5481.87530524428  356.1374
5481.91765745286  350.8443
5481.96000611813  314.9654
5482.00235123998  293.489
5482.04469281829  316.8022
5482.08703085295  296.0248
5482.12936534382  327.7417
5482.1716962908  311.2126
5482.21402369376  343.0788
5482.25634755259  342.1257
5482.29866786716  325.7458
5482.34098463737  353.6493
5482.38329786308  311.8744
5482.42560754419  363.1167
5482.46791368056  361.6011
5482.5102162721  325.2082
5482.55251531866  317.1571
5482.59481082015  363.8755
5482.63710277644  333.6889
5482.6793911874  312.445
5482.72167605293  326.1693
5482.76395737291  340.4901
5482.80623514721  339.6893
5482.84850937572  339.4314
5482.89078005832  367.0596
5482.9330471949  320.8003
5482.97531078533  357.424
5483.01757082949  352.8393
5483.05982732727  361.9224
5483.10208027856  331.9982
5483.14432968323  396.2981
5483.18657554117  364.9077
5483.22881785225  402.2614
5483.27105661637  380.4803
5483.3132918334  388.2624
5483.35552350322  378.1504
5483.39775162572  375.2469
5483.43997620078  354.2082
5483.48219722829  321.7076
5483.52441470812  358.5337
5483.56662864016  367.2004
5483.6088390243  363.7664
5483.6510458604  319.9669
5483.69324914837  357.8828
5483.73544888808  349.2808
5483.7776450794  337.9542
5483.81983772224  359.9449
5483.86202681646  333.8006
5483.90421236196  362.0705
5483.94639435861  351.1806
5483.9885728063  335.7986
5484.03074770492  321.6098
5484.07291905434  329.6951
5484.11508685444  320.9112
5484.15725110512  341.4613
5484.19941180626  332.3008
5484.24156895773  324.1965
5484.28372255943  303.0757
5484.32587261123  324.7063
5484.36801911303  347.3772
5484.41016206469  355.8963
5484.45230146612  324.6945
5484.49443731718  331.9203
5484.53656961777  316.6209
5484.57869836777  328.1638
5484.62082356706  345.2663
5484.66294521552  324.2046
5484.70506331305  321.2929
5484.74717785952  347.723
5484.78928885482  300.6779
5484.83139629883  360.8786
5484.87350019144  332.968
5484.91560053253  361.2687
5484.95769732199  340.585
5484.9997905597  358.7324
5485.04188024554  391.3672
5485.0839663794  340.5527
5485.12604896115  337.0675
5485.1681279907  314.1681
5485.21020346793  313.25
5485.2522753927  350.991
5485.29434376492  349.8462
5485.33640858447  330.3807
5485.37846985122  315.3766
5485.42052756507  315.1082
5485.4625817259  353.6896
5485.5046323336  373.9137
5485.54667938805  341.5342
5485.58872288913  346.7281
5485.63076283673  344.7904
5485.67279923074  353.4073
5485.71483207104  336.6987
5485.75686135751  312.3784
5485.79888709004  329.4224
5485.84090926852  321.335
5485.88292789283  358.2952
5485.92494296286  319.1896
5485.96695447849  336.4293
