6396.11693869107  963.0521
6396.17609436706  923.2903
6396.23524628031  931.0811
6396.29439443055  895.7458
6396.35353881753  928.1483
6396.41267944097  954.1284
6396.47181630062  976.7486
6396.5309493962  962.9387
6396.59007872747  970.1967
6396.64920429414  940.3822
6396.70832609596  998.0354
6396.76744413266  899.9503
6396.82655840398  984.0972
6396.88566890966  975.8588
6396.94477564943  928.3831
6397.00387862303  992.615
6397.06297783019  954.2293
6397.12207327066  978.8774
6397.18116494416  1001.261
6397.24025285044  960.6616
6397.29933698923  950.4866
6397.35841736027  1005.029
6397.41749396329  943.9584
6397.47656679803  985.8233
6397.53563586424  1026.
6397.59470116164  981.6458
6397.65376268996  1041.462
6397.71282044896  962.0147
6397.77187443837  980.3121
6397.83092465792  1030.538
6397.88997110735  999.7876
6397.9490137864  1017.389
6398.00805269481  1018.094
6398.06708783231  1025.005
6398.12611919864  965.8244
6398.18514679353  1053.699
6398.24417061674  981.8794
6398.30319066798  1076.509
6398.36220694701  984.6127
6398.42121945355  971.5565
6398.48022818735  1029.286
6398.53923314814  995.2879
6398.59823433567  930.3774
6398.65723174967  1015.945
6398.71622538987  995.199
6398.77521525602  979.4757
6398.83420134785  1079.897
6398.8931836651  981.4885
6398.95216220752  1004.623
6399.01113697483  966.0662
6399.07010796678  1066.209
6399.1290751831  1038.908
6399.18803862354  1023.835
6399.24699828783  1013.9
6399.30595417571  1053.751
6399.36490628691  1033.652
6399.42385462119  1076.152
6399.48279917827  999.8787
6399.5417399579  1065.227
6399.60067695981  1045.358
6399.65961018374  1014.733
6399.71853962943  995.4265
6399.77746529663  1000.867
6399.83638718506  1026.65
6399.89530529448  953.5265
6399.95421962461  1045.267
6400.01313017519  1050.011
6400.07203694597  1014.761
6400.13093993669  996.2725
6400.18983914709  1039.946
6400.24873457689  990.4228
6400.30762622585  1001.313
6400.36651409371  972.3238
6400.42539818019  1019.865
6400.48427848505  1003.479
6400.54315500801  995.3345
6400.60202774883  922.9014
6400.66089670725  950.8658
6400.71976188299  941.877
6400.7786232758  904.6749
6400.83748088543  973.6436
6400.8963347116  893.4675
6400.95518475407  938.8515
6401.01403101256  919.3879
6401.07287348683  867.2119
6401.13171217661  879.6906
6401.19054708164  901.3434
6401.24937820166  842.5358
6401.30820553642  848.6635
6401.36702908564  938.6888
6401.42584884908  884.7955
6401.48466482648  880.336
6401.54347701756  884.9436
6401.60228542209  826.1714
6401.66109003979  916.1087
6401.7198908704  917.5515
6401.77868791367  918.7861
6401.83748116934  956.7361
6401.89627063715  978.2173
6401.95505631684  980.9941
6402.01383820815  1003.591
6402.07261631082  938.8254
6402.13139062459  971.572
6402.19016114921  1079.91
6402.24892788441  1089.782
6402.30769082995  1091.453
6402.36644998554  1103.216
6402.42520535095  1050.224
6402.48395692591  1037.492
6402.54270471016  1124.014
6402.60144870345  1140.15
6402.66018890551  1145.743
6402.71892531609  1115.637
6402.77765793493  1137.334
6402.83638676177  1118.919
6402.89511179635  1139.248
6402.95383303841  1158.223
6403.01255048771  1102.727
6403.07126414397  1113.371
6403.12997400694  1118.427
6403.18868007636  1101.973
6403.24738235198  1117.17
6403.30608083354  1098.029
6403.36477552077  1111.503
6403.42346641343  1154.415
6403.48215351125  1040.306
6403.54083681398  1145.252
6403.59951632136  1183.767
6403.65819203313  1132.632
6403.71686394903  1129.758
6403.77553206881  1122.907
6403.83419639221  1156.573
6403.89285691897  1120.826
6403.95151364884  1174.853
6404.01016658155  1124.987
6404.06881571686  1118.284
6404.12746105449  1138.826
6404.18610259421  1161.41
6404.24474033574  1135.261
6404.30337427884  1132.358
6404.36200442325  1098.365
6404.4206307687  1131.573
6404.47925331495  1130.316
6404.53787206174  1125.46
6404.5964870088  1158.613
6404.65509815589  1149.844
6404.71370550274  1166.349
6404.77230904911  1143.168
6404.83090879472  1151.794
6404.88950473934  1182.833
6404.94809688269  1176.047
6405.00668522454  1164.161
6405.06526976461  1133.147
6405.12385050265  1110.332
6405.18242743841  1156.964
6405.24100057163  1185.233
6405.29956990206  1151.447
6405.35813542944  1168.137
6405.4166971535  1192.221
6405.47525507401  1145.31
6405.5338091907  1198.771
6405.59235950331  1163.103
6405.6509060116  1242.991
6405.7094487153  1182.72
6405.76798761416  1235.754
6405.82652270792  1165.825
6405.88505399633  1139.944
6405.94358147914  1174.848
6406.00210515608  1187.31
6406.06062502691  1156.85
6406.11914109136  1156.674
6406.17765334918  1118.572
6406.23616180013  1154.393
6406.29466644393  1111.096
6406.35316728035  1181.59
6406.41166430911  1163.607
6406.47015752998  1123.29
6406.52864694269  1148.403
6406.58713254698  1074.296
6406.64561434261  1167.08
6406.70409232932  1143.704
6406.76256650685  1117.849
6406.82103687495  1193.12
6406.87950343337  1131.091
6406.93796618185  1147.52
6406.99642512014  1153.326
6407.05488024797  1187.108
6407.11333156511  1174.5
6407.17177907129  1229.318
6407.23022276626  1187.818
6407.28866264977  1127.661
6407.34709872155  1181.486
6407.40553098137  1186.193
6407.46395942896  1185.607
6407.52238406407  1148.337
6407.58080488644  1221.288
6407.63922189583  1154.691
6407.69763509198  1213.091
6407.75604447463  1147.943
6407.81445004353  1214.08
6407.87285179843  1209.086
6407.93124973908  1257.723
6407.98964386521  1118.123
6408.04803417659  1135.068
6408.10642067295  1148.429
6408.16480335404  1166.889
6408.22318221961  1227.243
6408.2815572694  1207.398
6408.33992850317  1191.854
6408.39829592065  1110.026
6408.4566595216  1195.126
6408.51501930576  1125.884
6408.57337527288  1156.018
6408.63172742271  1149.574
6408.690075755  1084.222
6408.74842026948  1152.504
6408.80676096591  1106.481
6408.86509784404  1074.145
6408.92343090362  1014.255
6408.98176014438  1078.674
6409.04008556609  1099.337
6409.09840716847  1059.051
6409.1567249513  1135.863
6409.21503891431  1066.081
6409.27334905724  1104.195
6409.33165537985  1119.12
6409.38995788189  1136.114
6409.4482565631  1159.137
6409.50655142324  1142.493
6409.56484246204  1133.567
6409.62312967926  1148.04
6409.68141307464  1132.169
6409.73969264794  1156.151
6409.7979683989  1148.117
6409.85624032727  1128.048
6409.9145084328  1206.503
6409.97277271524  1197.271
6410.03103317433  1197.849
6410.08928980983  1275.7
6410.14754262148  1200.401
6410.20579160903  1209.288
6410.26403677223  1254.041
6410.32227811083  1185.525
6410.38051562458  1225.005
6410.43874931322  1284.087
6410.49697917651  1211.037
6410.5552052142  1291.969
6410.61342742603  1290.017
6410.67164581175  1291.487
6410.72986037111  1307.091
6410.78807110386  1266.736
6410.84627800975  1292.801
6410.90448108854  1286.217
6410.96268033995  1236.5
6411.02087576377  1205.83
6411.07906735971  1279.207
6411.13725512755  1256.722
6411.19543906702  1362.352
6411.25361917787  1296.674
6411.31179545987  1257.425
6411.36996791275  1300.878
6411.42813653626  1301.575
6411.48630133016  1252.756
6411.5444622942  1386.428
6411.60261942812  1263.582
6411.66077273167  1300.018
6411.71892220462  1261.077
6411.77706784669  1303.173
6411.83520965766  1283.402
6411.89334763725  1245.995
6411.95148178524  1256.819
6412.00961210136  1202.464
6412.06773858537  1226.453
6412.12586123701  1211.547
6412.18398005605  1268.324
6412.24209504222  1176.248
6412.30020619528  1180.335
6412.35831351498  1164.342
6412.41641700107  1163.802
6412.4745166533  1144.033
6412.53261247142  1227.313
6412.59070445519  1200.379
6412.64879260435  1104.378
6412.70687691866  1192.668
6412.76495739786  1159.855
6412.82303404171  1151.752
6412.88110684995  1128.243
6412.93917582235  1164.028
6412.99724095864  1137.784
6413.05530225859  1180.902
6413.11335972194  1168.153
6413.17141334845  1126.762
6413.22946313786  1198.443
6413.28750908993  1214.349
6413.3455512044  1195.843
6413.40358948105  1245.278
6413.4616239196  1225.274
6413.51965451981  1253.936
6413.57768128145  1268.011
6413.63570420425  1335.126
6413.69372328797  1310.013
6413.75173853236  1315.038
6413.80974993718  1258.638
6413.86775750217  1332.747
6413.92576122709  1336.356
6413.98376111169  1270.216
6414.04175715573  1272.583
6414.09974935894  1338.629
6414.1577377211  1296.458
6414.21572224195  1366.951
6414.27370292123  1377.263
6414.33167975872  1342.26
6414.38965275414  1301.29
6414.44762190727  1345.567
6414.50558721786  1324.887
6414.56354868564  1414.874
6414.62150631039  1342.974
6414.67946009184  1357.699
6414.73741002976  1295.853
6414.7953561239  1351.572
6414.85329837401  1374.976
6414.91123677983  1317.118
6414.96917134114  1306.052
6415.02710205767  1300.803
6415.08502892919  1309.328
6415.14295195544  1307.268
6415.20087113618  1337.471
6415.25878647116  1352.783
6415.31669796014  1269.646
6415.37460560287  1298.008
6415.4325093991  1332.649
6415.49040934859  1287.753
6415.54830545108  1379.986
6415.60619770634  1326.19
6415.66408611412  1342.324
6415.72197067417  1343.398
6415.77985138625  1348.777
6415.8377282501  1328.128
6415.89560126549  1389.952
6415.95347043216  1293.989
6416.01133574988  1370.57
6416.06919721839  1326.48
6416.12705483745  1291.972
6416.18490860681  1331.48
6416.24275852623  1335.34
6416.30060459547  1346.657
6416.35844681427  1308.822
6416.41628518239  1412.464
6416.47411969959  1349.794
6416.53195036562  1323.008
6416.58977718024  1330.197
6416.6476001432  1359.943
6416.70541925424  1293.286
6416.76323451314  1358.515
6416.82104591965  1404.265
6416.87885347351  1441.449
6416.93665717449  1389.011
6416.99445702233  1351.766
6417.0522530168  1382.58
6417.11004515765  1380.332
6417.16783344464  1413.298
6417.22561787751  1437.62
6417.28339845603  1331.425
6417.34117517995  1436.457
6417.39894804903  1402.234
6417.45671706301  1326.959
6417.51448222167  1370.881
6417.57224352475  1419.846
6417.630000972  1342.348
6417.68775456319  1371.376
6417.74550429807  1450.196
6417.80325017639  1393.338
6417.86099219791  1314.878
6417.91873036239  1422.194
6417.97646466959  1363.007
6418.03419511925  1407.761
6418.09192171114  1416.36
6418.14964444501  1389.963
6418.20736332061  1367.303
6418.26507833771  1404.727
6418.32278949606  1384.722
6418.38049679542  1369.132
6418.43820023554  1329.797
6418.49589981617  1396.73
6418.55359553709  1393.475
6418.61128739803  1380.972
6418.66897539876  1280.012
6418.72665953904  1388.333
6418.78433981862  1304.928
6418.84201623726  1413.261
6418.89968879471  1425.419
6418.95735749074  1363.162
6419.0150223251  1395.737
6419.07268329753  1419.817
6419.13034040782  1452.496
6419.18799365571  1412.447
6419.24564304095  1436.476
6419.30328856331  1451.885
6419.36093022254  1474.294
6419.4185680184  1457.501
6419.47620195065  1396.728
6419.53383201903  1332.955
6419.59145822333  1469.9
6419.64908056327  1445.93
6419.70669903864  1430.228
6419.76431364918  1393.882
6419.82192439466  1418.333
6419.87953127482  1461.626
6419.93713428943  1531.34
6419.99473343825  1385.543
6420.05232872103  1454.82
6420.10992013753  1434.613
6420.16750768751  1474.349
6420.22509137073  1444.316
6420.28267118694  1426.565
6420.34024713591  1381.448
6420.39781921739  1467.832
6420.45538743114  1445.857
6420.51295177691  1409.827
6420.57051225448  1410.795
6420.62806886359  1368.759
6420.685621604  1426.111
6420.74317047548  1399.508
6420.80071547777  1367.55
6420.85825661065  1392.116
6420.91579387387  1326.073
6420.97332726718  1290.016
6421.03085679035  1354.889
6421.08838244313  1430.832
6421.14590422529  1436.453
6421.20342213658  1387.341
6421.26093617676  1429.081
6421.3184463456  1339.669
6421.37595264284  1412.032
6421.43345506825  1415.586
6421.4909536216  1416.998
6421.54844830263  1335.999
6421.6059391111  1318.767
6421.66342604679  1388.805
6421.72090910944  1382.376
6421.77838829882  1342.275
6421.83586361468  1378.66
6421.89333505679  1370.972
6421.9508026249  1387.279
6422.00826631878  1348.653
6422.06572613818  1301.513
6422.12318208286  1322.772
6422.18063415259  1350.823
6422.23808234713  1403.888
6422.29552666622  1437.19
6422.35296710965  1363.574
6422.41040367715  1384.31
6422.46783636851  1328.385
6422.52526518346  1322.588
6422.58269012178  1289.51
6422.64011118323  1320.934
6422.69752836757  1390.729
6422.75494167455  1356.416
6422.81235110393  1410.404
6422.86975665549  1331.802
6422.92715832897  1386.503
6422.98455612414  1313.588
6423.04195004076  1360.502
6423.0993400786  1413.348
6423.1567262374  1426.171
6423.21410851693  1395.602
6423.27148691696  1494.596
6423.32886143725  1511.458
6423.38623207754  1455.85
6423.44359883762  1502.839
6423.50096171723  1560.471
6423.55832071614  1517.444
6423.61567583411  1534.781
6423.6730270709  1634.949
6423.73037442628  1448.558
6423.78771789999  1551.391
6423.84505749182  1515.406
6423.90239320151  1506.092
6423.95972502883  1551.398
6424.01705297354  1676.944
6424.07437703541  1577.41
6424.13169721418  1480.828
6424.18901350964  1533.292
6424.24632592153  1605.61
6424.30363444962  1516.026
6424.36093909368  1585.814
6424.41823985345  1552.836
6424.47553672871  1573.803
6424.53282971922  1587.471
6424.59011882475  1612.949
6424.64740404504  1543.032
6424.70468537987  1577.428
6424.76196282899  1589.931
6424.81923639218  1547.884
6424.87650606919  1618.926
6424.93377185978  1553.806
6424.99103376372  1543.264
6425.04829178077  1605.444
6425.10554591069  1487.812
6425.16279615325  1593.013
6425.2200425082  1506.503
6425.27728497532  1543.954
6425.33452355436  1552.73
6425.39175824508  1624.908
6425.44898904726  1597.71
6425.50621596065  1589.892
6425.56343898502  1478.711
6425.62065812013  1612.05
6425.67787336573  1621.042
6425.73508472161  1612.752
6425.79229218751  1574.099
6425.84949576321  1539.343
6425.90669544846  1555.025
6425.96389124303  1555.907
6426.02108314669  1569.691
6426.07827115919  1559.861
6426.13545528031  1586.814
6426.19263550979  1486.572
6426.24981184742  1558.26
6426.30698429295  1520.57
6426.36415284614  1526.694
6426.42131750676  1694.292
6426.47847827458  1527.381
6426.53563514936  1540.849
6426.59278813085  1546.906
6426.64993721884  1515.2
6426.70708241307  1468.716
6426.76422371332  1606.585
6426.82136111934  1496.919
6426.87849463091  1507.974
6426.93562424779  1580.781
6426.99274996974  1554.631
6427.04987179653  1541.768
6427.10698972792  1626.994
6427.16410376368  1603.784
6427.22121390357  1551.816
6427.27832014735  1602.598
6427.33542249479  1633.387
6427.39252094566  1525.366
6427.44961549972  1600.353
6427.50670615673  1624.056
6427.56379291646  1601.37
6427.62087577868  1590.878
6427.67795474316  1625.515
6427.73502980964  1522.33
6427.79210097791  1623.855
6427.84916824772  1540.912
6427.90623161885  1553.698
6427.96329109105  1615.658
6428.0203466641  1595.853
6428.07739833775  1664.951
6428.13444611178  1604.988
6428.19148998594  1631.727
6428.24852996002  1588.56
6428.30556603376  1619.374
6428.36259820694  1585.497
6428.41962647932  1603.293
6428.47665085067  1631.708
6428.53367132076  1633.434
6428.59068788934  1552.687
6428.6477005562  1598.835
6428.70470932108  1645.899
6428.76171418377  1667.102
6428.81871514401  1540.526
6428.8757122016  1548.366
6428.93270535627  1597.218
6428.98969460782  1582.502
6429.04667995599  1582.967
6429.10366140056  1546.033
6429.1606389413  1638.318
6429.21761257796  1661.115
6429.27458231032  1639.071
6429.33154813815  1587.72
6429.38851006121  1584.773
6429.44546807926  1685.379
6429.50242219208  1656.901
6429.55937239943  1607.514
6429.61631870107  1659.563
6429.67326109679  1600.662
6429.73019958633  1610.341
6429.78713416948  1639.309
6429.84406484599  1593.834
6429.90099161563  1580.457
6429.95791447818  1649.709
6430.0148334334  1655.399
6430.07174848105  1604.386
6430.12865962091  1642.796
6430.18556685274  1647.894
6430.24247017631  1625.332
6430.29936959138  1650.964
6430.35626509772  1591.968
6430.41315669511  1632.569
6430.47004438332  1561.976
6430.52692816209  1606.299
6430.58380803122  1621.026
6430.64068399045  1684.061
6430.69755603957  1641.425
6430.75442417834  1603.443
6430.81128840653  1650.588
6430.8681487239  1689.664
6430.92500513023  1614.012
6430.98185762528  1619.525
6431.03870620882  1625.384
6431.09555088062  1640.146
6431.15239164045  1620.319
6431.20922848808  1626.804
6431.26606142327  1510.27
6431.32289044579  1539.019
6431.37971555542  1597.848
6431.43653675192  1580.061
6431.49335403506  1538.852
6431.5501674046  1466.176
6431.60697686033  1478.844
6431.663782402  1496.137
6431.72058402939  1538.913
6431.77738174226  1489.967
6431.83417554039  1470.422
6431.89096542354  1471.903
6431.94775139148  1446.852
6432.00453344399  1500.515
6432.06131158082  1468.299
6432.11808580176  1502.776
6432.17485610657  1487.053
6432.23162249501  1540.854
6432.28838496687  1554.821
6432.3451435219  1509.686
6432.40189815988  1529.752
6432.45864888058  1506.569
6432.51539568377  1509.589
6432.57213856921  1544.196
6432.62887753669  1556.387
6432.68561258596  1579.875
6432.74234371679  1594.41
6432.79907092897  1620.112
6432.85579422225  1628.489
6432.91251359641  1637.337
6432.96922905122  1641.725
6433.02594058645  1564.125
6433.08264820187  1738.711
6433.13935189724  1661.059
6433.19605167235  1651.7
6433.25274752695  1571.656
6433.30943946083  1661.432
6433.36612747375  1615.933
6433.42281156548  1565.717
6433.47949173579  1661.724
6433.53616798445  1647.74
6433.59284031124  1639.293
6433.64950871593  1635.621
6433.70617319828  1556.82
6433.76283375806  1624.437
6433.81949039506  1589.388
6433.87614310903  1642.639
6433.93279189975  1658.268
6433.989436767  1635.812
6434.04607771054  1566.427
6434.10271473014  1652.266
6434.15934782558  1661.119
6434.21597699662  1614.765
6434.27260224304  1664.535
6434.32922356461  1578.93
6434.38584096111  1584.361
6434.4424544323  1635.615
6434.49906397794  1642.724
6434.55566959783  1661.467
6434.61227129173  1648.702
6434.6688690594  1626.705
6434.72546290063  1591.924
6434.78205281518  1606.658
6434.83863880283  1694.695
6434.89522086335  1628.379
6434.9517989965  1699.424
6435.00837320207  1656.407
6435.06494347982  1679.563
6435.12150982953  1701.672
6435.17807225097  1702.016
6435.23463074391  1653.035
6435.29118530813  1699.712
6435.34773594339  1686.556
6435.40428264947  1750.036
6435.46082542614  1714.397
6435.51736427318  1694.074
6435.57389919035  1641.565
6435.63043017744  1717.509
6435.6869572342  1790.536
6435.74348036042  1624.498
6435.79999955587  1754.918
6435.85651482033  1734.211
6435.91302615355  1746.279
6435.96953355533  1703.477
6436.02603702542  1730.18
6436.08253656361  1733.062
6436.13903216967  1700.744
6436.19552384337  1722.863
6436.25201158448  1709.044
6436.30849539278  1714.526
6436.36497526804  1667.321
6436.42145121004  1696.502
6436.47792321854  1740.911
6436.53439129332  1642.078
6436.59085543416  1798.486
6436.64731564084  1622.208
6436.70377191311  1733.403
6436.76022425076  1713.043
6436.81667265356  1650.605
6436.87311712129  1685.558
6436.92955765371  1729.097
6436.98599425061  1792.866
6437.04242691176  1699.909
6437.09885563692  1805.158
6437.15528042589  1737.607
6437.21170127842  1687.286
6437.2681181943  1790.819
6437.32453117329  1722.612
6437.38094021518  1732.97
6437.43734531974  1800.638
6437.49374648673  1683.416
6437.55014371595  1734.719
6437.60653700716  1682.788
6437.66292636013  1572.662
6437.71931177465  1618.914
6437.77569325048  1719.129
6437.8320707874  1659.973
6437.88844438519  1735.429
6437.94481404362  1775.245
6438.00117976246  1684.847
6438.05754154149  1797.353
6438.1138993805  1758.17
6438.17025327924  1661.599
6438.2266032375  1719.086
6438.28294925505  1699.343
6438.33929133167  1731.984
6438.39562946713  1788.286
6438.45196366121  1691.124
6438.50829391369  1679.505
6438.56462022433  1732.968
6438.62094259292  1726.177
6438.67726101923  1656.46
6438.73357550304  1695.599
6438.78988604412  1708.127
6438.84619264225  1628.886
6438.90249529721  1741.325
6438.95879400876  1578.596
6439.01508877669  1713.619
6439.07137960077  1730.203
6439.12766648079  1669.608
6439.1839494165  1777.801
6439.2402284077  1655.702
6439.29650345416  1643.56
6439.35277455565  1615.489
6439.40904171195  1643.875
6439.46530492284  1647.289
6439.52156418808  1607.373
6439.57781950747  1617.634
6439.63407088078  1601.13
6439.69031830778  1503.009
6439.74656178825  1570.089
6439.80280132197  1475.414
6439.85903690871  1546.404
6439.91526854826  1454.368
6439.97149624038  1474.168
6440.02771998485  1513.972
6440.08393978146  1565.654
6440.14015562997  1459.073
6440.19636753017  1496.321
6440.25257548184  1404.394
6440.30877948474  1492.307
6440.36497953867  1438.515
6440.42117564339  1549.916
6440.47736779868  1487.971
6440.53355600432  1465.155
6440.58974026009  1467.397
6440.64592056577  1462.176
6440.70209692113  1533.992
6440.75826932595  1593.521
6440.81443778001  1490.087
6440.87060228309  1545.912
6440.92676283496  1553.859
6440.9829194354  1605.676
6441.0390720842  1691.321
6441.09522078112  1707.114
6441.15136552595  1791.487
6441.20750631846  1758.375
6441.26364315844  1684.774
6441.31977604566  1696.422
6441.3759049799  1795.528
6441.43202996094  1701.654
6441.48815098855  1715.41
6441.54426806252  1743.121
6441.60038118262  1641.745
6441.65649034864  1750.663
6441.71259556035  1704.565
6441.76869681752  1731.902
6441.82479411994  1756.393
6441.8808874674  1693.833
6441.93697685966  1709.887
6441.9930622965  1679.223
6442.04914377771  1740.894
6442.10522130306  1792.251
6442.16129487233  1785.767
6442.2173644853  1736.164
6442.27343014176  1768.256
6442.32949184147  1799.824
6442.38554958423  1750.814
6442.4416033698  1702.055
6442.49765319797  1691.994
6442.55369906852  1788.487
6442.60974098122  1697.658
6442.66577893586  1771.976
6442.72181293222  1779.348
6442.77784297008  1723.286
6442.83386904921  1853.43
6442.88989116939  1787.446
6442.94590933041  1753.966
6443.00192353205  1781.463
6443.05793377408  1742.714
6443.11394005628  1771.004
6443.16994237845  1731.91
6443.22594074035  1740.963
6443.28193514176  1808.295
6443.33792558247  1769.95
6443.39391206225  1837.878
6443.4498945809  1781.425
6443.50587313818  1786.787
6443.56184773387  1731.331
6443.61781836777  1720.108
6443.67378503964  1756.987
6443.72974774927  1782.651
6443.78570649644  1742.75
6443.84166128094  1705.849
6443.89761210253  1725.491
6443.95355896101  1761.598
6444.00950185615  1733.804
6444.06544078773  1796.06
6444.12137575554  1738.218
6444.17730675936  1735.356
6444.23323379896  1791.208
6444.28915687413  1844.932
6444.34507598465  1767.109
6444.4009911303  1788.261
6444.45690231087  1750.725
6444.51280952613  1741.713
6444.56871277586  1721.977
6444.62461205985  1720.365
6444.68050737788  1796.697
6444.73639872973  1744.343
6444.79228611517  1778.658
6444.84816953401  1737.191
6444.904048986  1790.651
6444.95992447095  1806.431
6445.01579598862  1821.799
6445.0716635388  1777.427
6445.12752712128  1727.885
6445.18338673583  1812.158
6445.23924238224  1742.641
6445.29509406029  1689.678
6445.35094176975  1794.939
6445.40678551042  1775.481
6445.46262528208  1810.163
6445.5184610845  1797.197
6445.57429291748  1811.658
6445.63012078078  1728.889
6445.68594467421  1729.654
6445.74176459753  1715.134
6445.79758055053  1787.207
6445.85339253299  1739.788
6445.90920054471  1802.152
6445.96500458545  1736.291
6446.020804655  1705.753
6446.07660075314  1747.099
6446.13239287967  1693.982
6446.18818103435  1846.846
6446.24396521698  1711.896
6446.29974542734  1758.398
6446.35552166521  1803.996
6446.41129393037  1764.085
6446.4670622226  1720.133
6446.5228265417  1742.593
6446.57858688744  1753.627
6446.6343432596  1725.646
6446.69009565798  1708.991
6446.74584408235  1783.325
6446.8015885325  1771.712
6446.85732900821  1888.284
6446.91306550926  1751.992
6446.96879803544  1770.542
6447.02452658654  1747.4
6447.08025116233  1802.449
6447.1359717626  1747.004
6447.19168838714  1734.89
6447.24740103573  1834.545
6447.30310970814  1748.597
6447.35881440418  1757.977
6447.41451512361  1809.499
6447.47021186624  1709.769
6447.52590463183  1738.985
6447.58159342017  1839.294
6447.63727823105  1698.465
6447.69295906426  1797.712
6447.74863591957  1722.784
6447.80430879678  1794.698
6447.85997769566  1774.205
6447.91564261601  1741.629
6447.97130355759  1769.576
6448.02696052022  1793.853
6448.08261350365  1694.091
6448.13826250769  1809.066
6448.19390753211  1787.305
6448.24954857671  1800.661
6448.30518564126  1753.821
6448.36081872555  1801.347
6448.41644782937  1770.677
6448.4720729525  1814.451
6448.52769409473  1756.482
6448.58331125583  1800.053
6448.63892443561  1762.342
6448.69453363384  1772.56
6448.75013885031  1782.019
6448.8057400848  1754.424
6448.8613373371  1742.898
6448.916930607  1807.012
6448.97251989428  1761.114
6449.02810519872  1840.36
6449.08368652012  1727.136
6449.13926385826  1737.726
6449.19483721292  1776.67
6449.2504065839  1839.938
6449.30597197097  1797.661
6449.36153337392  1863.302
6449.41709079255  1724.195
6449.47264422662  1829.928
6449.52819367595  1841.979
6449.58373914029  1746.369
6449.63928061946  1800.148
6449.69481811322  1708.57
6449.75035162137  1802.126
6449.8058811437  1686.752
6449.86140667999  1733.179
6449.91692823002  1671.678
6449.97244579359  1661.085
6450.02795937048  1642.329
6450.08346896047  1679.293
6450.13897456336  1737.89
6450.19447617894  1681.253
6450.24997380698  1663.5
6450.30546744728  1626.669
6450.36095709962  1693.693
6450.41644276378  1608.473
6450.47192443957  1606.381
6450.52740212676  1684.137
6450.58287582515  1572.083
6450.63834553451  1545.522
6450.69381125464  1597.858
6450.74927298532  1489.97
6450.80473072634  1490.604
6450.86018447749  1467.657
6450.91563423856  1518.922
6450.97108000934  1449.981
6451.02652178961  1522.313
6451.08195957915  1534.063
6451.13739337777  1542.403
6451.19282318524  1452.766
6451.24824900135  1447.042
6451.3036708259  1530.606
6451.35908865866  1538.013
6451.41450249944  1491.88
6451.46991234801  1495.88
6451.52531820416  1595.672
6451.58072006769  1527.416
6451.63611793838  1545.185
6451.69151181602  1592.976
6451.7469017004  1573.541
6451.8022875913  1589.894
6451.85766948852  1603.241
6451.91304739185  1710.938
6451.96842130106  1663.447
6452.02379121596  1690.85
6452.07915713633  1690.269
6452.13451906195  1752.11
6452.18987699263  1660.25
6452.24523092814  1719.062
6452.30058086828  1746.533
6452.35592681283  1704.106
6452.41126876158  1765.24
6452.46660671433  1716.272
6452.52194067087  1758.002
6452.57727063097  1752.99
6452.63259659443  1745.716
6452.68791856105  1718.116
6452.7432365306  1778.085
6452.79855050289  1761.349
6452.85386047769  1723.048
6452.9091664548  1769.972
6452.96446843401  1761.661
6453.01976641511  1681.741
6453.07506039789  1812.594
6453.13035038213  1796.945
6453.18563636763  1747.806
6453.24091835418  1677.532
6453.29619634157  1727.091
6453.35147032958  1825.454
6453.40674031801  1783.576
6453.46200630665  1673.41
6453.51726829529  1753.386
6453.57252628371  1700.29
6453.62778027172  1756.059
6453.68303025909  1716.289
6453.73827624563  1779.198
6453.79351823111  1757.241
6453.84875621533  1762.879
6453.90399019808  1730.295
6453.95922017916  1720.995
6454.01444615835  1726.328
6454.06966813544  1691.36
6454.12488611022  1811.774
6454.18010008249  1783.148
6454.23531005204  1753.966
6454.29051601865  1803.125
6454.34571798212  1756.589
6454.40091594224  1815.034
6454.45610989879  1837.487
6454.51129985159  1837.371
6454.5664858004  1756.528
6454.62166774502  1760.796
6454.67684568525  1798.926
6454.73201962088  1795.334
6454.7871895517  1721.984
6454.84235547749  1752.366
6454.89751739806  1759.319
6454.95267531319  1781.364
6455.00782922267  1745.567
6455.0629791263  1758.327
6455.11812502387  1805.285
6455.17326691517  1793.136
6455.22840479998  1757.724
6455.28353867812  1787.861
6455.33866854935  1824.34
6455.39379441349  1773.822
6455.44891627031  1750.669
6455.50403411962  1806.788
6455.55914796121  1675.785
6455.61425779485  1760.483
6455.66936362036  1765.142
6455.72446543752  1725.064
6455.77956324612  1749.271
6455.83465704596  1725.044
6455.88974683683  1772.049
6455.94483261851  1683.383
6455.99991439082  1739.603
6456.05499215352  1765.813
6456.11006590643  1696.88
6456.16513564933  1575.145
6456.22020138202  1653.848
6456.27526310429  1642.941
6456.33032081592  1646.456
6456.38537451672  1617.648
6456.44042420648  1696.5
6456.49546988499  1701.232
6456.55051155204  1612.104
6456.60554920743  1643.491
6456.66058285094  1648.908
6456.71561248239  1676.043
6456.77063810155  1614.354
6456.82565970821  1581.596
6456.88067730219  1517.244
6456.93569088326  1592.77
6456.99070045122  1549.071
6457.04570600587  1507.71
6457.100707547  1542.947
6457.1557050744  1563.495
6457.21069858786  1519.356
6457.26568808719  1554.327
6457.32067357217  1653.845
6457.3756550426  1558.98
6457.43063249827  1586.784
6457.48560593898  1574.538
6457.54057536452  1578.757
6457.59554077468  1650.28
6457.65050216927  1605.092
6457.70545954806  1660.394
6457.76041291087  1642.45
6457.81536225748  1649.048
6457.87030758768  1560.048
6457.92524890128  1720.174
6457.98018619806  1658.678
6458.03511947782  1703.076
6458.09004874036  1624.15
6458.14497398547  1681.391
6458.19989521295  1682.642
6458.25481242258  1704.688
6458.30972561417  1669.124
6458.36463478752  1740.743
6458.4195399424  1733.864
6458.47444107863  1736.43
6458.52933819599  1807.445
6458.58423129428  1722.036
6458.6391203733  1726.616
6458.69400543284  1775.182
6458.7488864727  1764.589
6458.80376349267  1724.855
6458.85863649255  1701.019
6458.91350547213  1769.101
6458.96837043121  1782.179
6459.02323136958  1761.043
6459.07808828704  1760.459
6459.13294118339  1830.389
6459.18779005843  1705.188
6459.24263491194  1790.954
6459.29747574372  1730.841
6459.35231255357  1746.521
6459.40714534129  1685.726
6459.46197410667  1777.239
6459.51679884951  1797.208
6459.5716195696  1807.536
6459.62643626675  1758.283
6459.68124894074  1808.756
6459.73605759137  1803.7
6459.79086221845  1774.578
6459.84566282175  1771.557
6459.9004594011  1815.874
6459.95525195626  1792.391
6460.01004048706  1781.901
6460.06482499328  1764.306
6460.11960547472  1784.518
6460.17438193117  1768.704
6460.22915436244  1722.438
6460.28392276832  1724.709
6460.3386871486  1782.712
6460.39344750309  1722.406
6460.44820383158  1788.275
6460.50295613386  1774.977
6460.55770440974  1743.289
6460.61244865902  1724.108
6460.66718888148  1745.28
6460.72192507693  1718.665
6460.77665724517  1693.232
6460.83138538599  1668.49
6460.88610949918  1790.612
6460.94082958456  1696.169
6460.99554564191  1776.264
6461.05025767103  1759.425
6461.10496567172  1778.901
6461.15966964378  1763.76
6461.214369587  1704.948
6461.26906550119  1792.177
6461.32375738614  1678.858
6461.37844524165  1652.755
6461.43312906752  1743.61
6461.48780886354  1750.51
6461.54248462952  1692.93
6461.59715636525  1741.274
6461.65182407053  1675.637
6461.70648774516  1728.733
6461.76114738893  1728.195
6461.81580300165  1665.834
6461.87045458312  1749.493
6461.92510213313  1734.726
6461.97974565147  1699.066
6462.03438513796  1754.964
6462.08902059239  1715.261
6462.14365201455  1735.671
6462.19827940426  1751.964
6462.25290276129  1707.913
6462.30752208546  1792.036
6462.36213737656  1738.568
6462.4167486344  1770.2
6462.47135585877  1757.354
6462.52595904946  1771.734
6462.58055820629  1689.409
6462.63515332904  1751.695
6462.68974441753  1719.39
6462.74433147154  1676.754
6462.79891449087  1684.753
6462.85349347534  1636.213
6462.90806842472  1685.365
6462.96263933884  1710.945
6463.01720621748  1642.572
6463.07176906044  1635.055
6463.12632786753  1567.746
6463.18088263855  1482.282
6463.23543337328  1575.412
6463.28998007154  1500.554
6463.34452273313  1474.651
6463.39906135784  1429.869
6463.45359594547  1432.072
6463.50812649583  1425.472
6463.56265300871  1370.442
6463.61717548392  1501.539
6463.67169392125  1509.726
6463.72620832051  1450.035
6463.78071868149  1376.903
6463.835225004  1432.384
6463.88972728784  1372.206
6463.9442255328  1363.165
6463.99871973869  1437.598
6464.05320990531  1374.607
6464.10769603246  1376.269
6464.16217811994  1423.071
6464.21665616755  1488.039
6464.27113017509  1459.409
6464.32560014236  1514.76
6464.38006606917  1455.754
6464.43452795531  1452.84
6464.48898580059  1542.983
6464.54343960481  1595.468
6464.59788936776  1621.303
6464.65233508926  1637.021
6464.70677676909  1700.346
6464.76121440707  1718.894
6464.81564800299  1662.245
6464.87007755665  1721.043
6464.92450306787  1663.774
6464.97892453642  1657.791
6465.03334196214  1701.438
6465.0877553448  1702.134
6465.14216468421  1659.898
6465.19656998019  1681.545
6465.25097123252  1706.38
6465.305368441  1651.13
6465.35976160545  1653.943
6465.41415072566  1629.86
6465.46853580144  1694.578
6465.52291683259  1691.021
6465.5772938189  1675.809
6465.63166676019  1692.178
6465.68603565625  1649.274
6465.74040050688  1646.612
6465.7947613119  1681.195
6465.84911807109  1764.533
6465.90347078428  1657.355
6465.95781945124  1734.435
6466.0121640718  1629.997
6466.06650464574  1701.208
6466.12084117289  1744.366
6466.17517365303  1691.409
6466.22950208597  1674.421
6466.28382647151  1663.771
6466.33814680946  1646.002
6466.39246309962  1647.6
6466.44677534179  1643.865
6466.50108353578  1668.685
6466.55538768138  1663.857
6466.6096877784  1708.918
6466.66398382666  1633.571
6466.71827582594  1614.455
6466.77256377605  1640.273
6466.82684767679  1645.107
6466.88112752798  1675.817
6466.93540332941  1737.609
6466.98967508088  1699.108
6467.0439427822  1716.374
6467.09820643318  1675.771
6467.15246603361  1677.769
6467.2067215833  1741.147
6467.26097308206  1744.974
6467.31522052969  1676.227
6467.36946392599  1676.382
6467.42370327076  1684.269
6467.47793856382  1634.54
6467.53216980497  1629.76
6467.586396994  1668.762
6467.64062013072  1669.813
6467.69483921495  1693.675
6467.74905424647  1678.713
6467.8032652251  1658.789
6467.85747215065  1689.249
6467.9116750229  1703.087
6467.96587384168  1675.311
6468.02006860679  1679.604
6468.07425931802  1741.985
6468.12844597519  1645.272
6468.1826285781  1701.735
6468.23680712655  1644.45
6468.29098162035  1675.941
6468.3451520593  1709.321
6468.39931844322  1629.854
6468.45348077189  1608.736
6468.50763904514  1706.941
6468.56179326276  1689.034
6468.61594342456  1687.796
6468.67008953035  1648.751
6468.72423157992  1630.576
6468.7783695731  1688.14
6468.83250350967  1728.673
6468.88663338945  1618.176
6468.94075921224  1656.852
6468.99488097785  1722.416
6469.04899868609  1770.541
6469.10311233675  1651.916
6469.15722192965  1675.153
6469.21132746459  1628.149
6469.26542894137  1723.274
6469.31952635981  1604.858
6469.37361971971  1726.825
6469.42770902087  1593.591
6469.48179426311  1706.958
6469.53587544622  1716.873
6469.58995257002  1556.606
6469.6440256343  1575.656
6469.69809463888  1634.302
6469.75215958357  1591.277
6469.80622046816  1567.911
6469.86027729247  1608.228
6469.9143300563  1536.867
6469.96837875946  1548.844
6470.02242340175  1647.674
6470.07646398299  1552.603
6470.13050050297  1589.458
6470.18453296151  1526.649
6470.23856135842  1620.411
6470.29258569349  1596.581
6470.34660596654  1573.041
6470.40062217737  1536.799
6470.45463432579  1640.8
6470.50864241161  1559.562
6470.56264643464  1548.28
6470.61664639468  1636.023
6470.67064229154  1611.81
6470.72463412502  1595.157
6470.77862189494  1575.808
6470.8326056011  1632.78
6470.88658524331  1614.766
6470.94056082138  1573.273
6470.99453233511  1572.949
6471.04849978432  1561.254
6471.1024631688  1592.776
6471.15642248837  1584.704
6471.21037774284  1617.041
6471.26432893201  1564.376
6471.3182760557  1574.634
6471.3722191137  1625.832
6471.42615810583  1661.073
6471.4800930319  1694.855
6471.53402389171  1618.387
6471.58795068507  1626.761
6471.6418734118  1549.777
6471.69579207169  1571.119
6471.74970666456  1636.19
6471.80361719022  1595.002
6471.85752364847  1585.38
6471.91142603912  1663.862
6471.96532436199  1649.389
6472.01921861688  1603.176
6472.07310880359  1577.587
6472.12699492194  1560.503
6472.18087697174  1626.89
6472.2347549528  1521.763
6472.28862886492  1492.812
6472.34249870791  1524.491
6472.39636448158  1409.732
6472.45022618575  1501.443
6472.50408382022  1463.243
6472.5579373848  1386.892
6472.6117868793  1464.802
6472.66563230352  1497.746
6472.71947365729  1411.139
6472.7733109404  1425.074
6472.82714415267  1449.932
6472.88097329391  1477.708
6472.93479836392  1388.94
6472.98861936252  1514.693
6473.04243628951  1462.375
6473.09624914471  1462.719
6473.15005792792  1462.855
6473.20386263896  1450.162
6473.25766327764  1484.678
6473.31145984376  1402.205
6473.36525233713  1459.118
6473.41904075757  1427.654
6473.47282510489  1533.586
6473.52660537889  1523.361
6473.58038157939  1570.237
6473.63415370619  1565.733
6473.68792175911  1547.582
6473.74168573795  1569.514
6473.79544564253  1600.62
6473.84920147267  1579.273
6473.90295322816  1562.365
6473.95670090882  1685.585
6474.01044451445  1639.539
6474.06418404488  1529.082
6474.11791949992  1543.006
6474.17165087936  1552.863
6474.22537818302  1544.054
6474.27910141073  1653.782
6474.33282056227  1636.578
6474.38653563747  1543.936
6474.44024663614  1570.985
6474.49395355809  1577.932
6474.54765640313  1615.72
6474.60135517107  1597.266
6474.65504986172  1567.332
6474.70874047489  1622.297
6474.7624270104  1601.023
6474.81610946806  1656.139
6474.86978784768  1585.065
6474.92346214906  1613.107
6474.97713237203  1556.74
6475.03079851639  1584.351
6475.08446058196  1525.687
6475.13811856854  1524.179
6475.19177247596  1601.115
6475.24542230401  1485.208
6475.29906805252  1627.042
6475.35270972129  1633.994
6475.40634731014  1593.36
6475.45998081887  1562.899
6475.51361024731  1654.996
6475.56723559527  1589.003
6475.62085686255  1600.279
6475.67447404897  1576.394
6475.72808715433  1512.832
6475.78169617847  1507.258
6475.83530112118  1453.961
6475.88890198227  1496.134
6475.94249876157  1513.582
6475.99609145888  1529.27
6476.04968007402  1524.785
6476.1032646068  1495.262
6476.15684505703  1557.325
6476.21042142453  1488.432
6476.26399370911  1485.656
6476.31756191057  1419.105
6476.37112602874  1527.02
6476.42468606343  1552.111
6476.47824201445  1533.195
6476.53179388162  1476.974
6476.58534166474  1424.032
6476.63888536363  1483.639
6476.6924249781  1533.463
6476.74596050798  1482.914
6476.79949195306  1485.82
6476.85301931317  1394.225
6476.90654258812  1500.468
6476.96006177772  1473.346
6477.01357688179  1449.021
6477.06708790014  1486.049
6477.12059483258  1419.065
6477.17409767892  1428.411
6477.22759643899  1524.225
6477.2810911126  1461.976
6477.33458169955  1415.063
6477.38806819967  1557.96
6477.44155061276  1551.908
6477.49502893865  1503.895
6477.54850317714  1569.616
6477.60197332806  1558.132
6477.65543939121  1490.427
6477.70890136641  1545.829
6477.76235925347  1491.647
6477.81581305222  1587.419
6477.86926276245  1539.987
6477.92270838399  1571.31
6477.97614991666  1606.6
6478.02958736026  1509.701
6478.08302071462  1604.495
6478.13644997954  1512.562
6478.18987515485  1606.957
6478.24329624035  1612.862
6478.29671323587  1524.391
6478.35012614121  1601.113
6478.40353495619  1616.383
6478.45693968064  1599.271
6478.51034031435  1632.497
6478.56373685716  1532.185
6478.61712930886  1556.581
6478.67051766929  1543.331
6478.72390193825  1498.589
6478.77728211556  1542.72
6478.83065820104  1521.747
6478.8840301945  1529.525
6478.93739809575  1524.864
6478.99076190462  1530.734
6479.04412162092  1502.574
6479.09747724446  1538.614
6479.15082877507  1494.324
6479.20417621255  1477.207
6479.25751955672  1563.357
6479.3108588074  1503.952
6479.36419396441  1480.814
6479.41752502755  1546.518
6479.47085199666  1531.197
6479.52417487153  1530.39
6479.577493652  1557.796
6479.63080833788  1498.103
6479.68411892897  1524.619
6479.73742542511  1564.561
6479.7907278261  1508.644
6479.84402613176  1531.267
6479.89732034192  1507.657
6479.95061045638  1508.217
6480.00389647496  1472.257
6480.05717839748  1502.838
6480.11045622376  1481.561
6480.16372995361  1364.804
6480.21699958686  1584.733
6480.27026512331  1520.956
6480.32352656278  1469.546
6480.3767839051  1492.524
6480.43003715008  1516.648
6480.48328629753  1461.12
6480.53653134728  1537.605
6480.58977229914  1537.261
6480.64300915292  1521.509
6480.69624190846  1606.768
6480.74947056555  1524.079
6480.80269512403  1538.701
6480.85591558371  1542.541
6480.9091319444  1512.164
6480.96234420593  1485.076
6481.01555236811  1496.593
6481.06875643076  1462.466
6481.1219563937  1558.836
6481.17515225674  1530.214
6481.22834401971  1466.315
6481.28153168242  1504.693
6481.3347152447  1542.611
6481.38789470635  1459.822
6481.4410700672  1484.741
6481.49424132706  1492.581
6481.54740848576  1466.769
6481.60057154311  1452.135
6481.65373049893  1481.334
6481.70688535304  1538.373
6481.76003610525  1508.336
6481.8131827554  1471.471
6481.86632530329  1511.856
6481.91946374874  1463.678
6481.97259809157  1491.567
6482.02572833161  1470.488
6482.07885446867  1448.914
6482.13197650256  1540.741
6482.18509443312  1482.336
6482.23820826015  1507.163
6482.29131798348  1471.071
6482.34442360293  1404.629
6482.39752511831  1496.704
6482.45062252944  1461.825
6482.50371583615  1406.35
6482.55680503825  1345.612
6482.60989013557  1403.351
6482.66297112792  1404.73
6482.71604801512  1370.986
6482.76912079699  1353.514
6482.82218947335  1433.144
6482.87525404402  1362.628
6482.92831450883  1388.618
6482.98137086758  1396.26
6483.03442312011  1377.55
6483.08747126622  1337.925
6483.14051530575  1307.21
6483.1935552385  1344.509
6483.24659106431  1282.262
6483.29962278299  1295.015
6483.35265039435  1266.824
6483.40567389824  1304.978
6483.45869329445  1344.419
6483.51170858281  1394.563
6483.56471976315  1372.498
6483.61772683528  1369.269
6483.67072979902  1316.239
6483.7237286542  1291.055
6483.77672340063  1264.722
6483.82971403813  1314.327
6483.88270056654  1331.16
6483.93568298566  1367.374
6483.98866129532  1349.153
6484.04163549534  1374.219
6484.09460558554  1406.463
6484.14757156573  1443.707
6484.20053343576  1321.836
6484.25349119542  1432.944
6484.30644484455  1449.218
6484.35939438297  1406.034
6484.41233981049  1409.438
6484.46528112694  1386.778
6484.51821833214  1439.578
6484.57115142591  1434.09
6484.62408040808  1387.803
6484.67700527845  1411.744
6484.72992603687  1407.525
6484.78284268314  1400.504
6484.8357552171  1413.288
6484.88866363855  1375.589
6484.94156794733  1428.565
6484.99446814326  1443.851
6485.04736422615  1452.074
6485.10025619582  1398.139
6485.15314405212  1445.05
6485.20602779484  1442.53
6485.25890742382  1421.597
6485.31178293888  1411.664
6485.36465433984  1376.491
6485.41752162652  1368.75
6485.47038479875  1361.049
6485.52324385634  1375.366
6485.57609879912  1400.641
6485.62894962692  1424.516
6485.68179633955  1377.06
6485.73463893684  1391.244
6485.78747741861  1411.504
6485.84031178468  1487.65
6485.89314203488  1425.557
6485.94596816903  1452.756
6485.99879018695  1393.814
6486.05160808847  1432.228
6486.1044218734  1463.908
6486.15723154158  1459.954
6486.21003709282  1408.322
6486.26283852695  1454.504
6486.31563584379  1435.117
6486.36842904316  1380.728
6486.42121812489  1375.982
6486.4740030888  1424.618
6486.52678393472  1438.354
6486.57956066246  1439.667
6486.63233327186  1413.523
6486.68510176273  1355.392
6486.7378661349  1292.813
6486.7906263882  1369.317
6486.84338252244  1401.923
6486.89613453745  1362.471
6486.94888243306  1376.26
6487.00162620908  1413.562
6487.05436586535  1457.621
6487.10710140168  1365.515
6487.15983281791  1374.772
6487.21256011385  1390.604
6487.26528328933  1388.399
6487.31800234417  1404.972
6487.37071727821  1410.505
6487.42342809125  1439.224
6487.47613478313  1388.96
6487.52883735367  1328.463
6487.58153580271  1316.465
6487.63423013004  1371.351
6487.68692033552  1342.491
6487.73960641895  1399.124
6487.79228838017  1338.237
6487.84496621901  1401.767
6487.89763993527  1357.747
6487.95030952879  1385.411
6488.0029749994  1297.904
6488.05563634693  1343.067
6488.10829357118  1385.12
6488.16094667199  1412.077
6488.2135956492  1423.417
6488.26624050261  1430.048
6488.31888123205  1348.679
6488.37151783736  1370.915
6488.42415031836  1354.759
6488.47677867487  1403.051
6488.52940290671  1330.972
6488.58202301373  1430.511
6488.63463899572  1338.603
6488.68725085254  1438.534
6488.73985858399  1323.471
6488.79246218992  1362.214
6488.84506167013  1313.313
6488.89765702446  1339.958
6488.95024825274  1371.763
6489.00283535479  1304.61
6489.05541833044  1370.354
6489.1079971795  1372.33
6489.16057190182  1317.98
6489.21314249722  1298.456
6489.26570896551  1338.857
6489.31827130653  1364.053
6489.37082952011  1373.958
6489.42338360607  1370.771
6489.47593356424  1334.198
6489.52847939444  1338.029
6489.5810210965  1359.365
6489.63355867025  1353.455
6489.68609211551  1317.528
6489.73862143212  1419.697
6489.79114661989  1404.957
6489.84366767866  1373.162
6489.89618460825  1369.002
6489.94869740849  1306.583
6490.0012060792  1318.008
6490.05371062022  1367.828
6490.10621103137  1401.277
6490.15870731248  1335.486
6490.21119946337  1356.298
6490.26368748387  1350.461
6490.31617137382  1393.495
6490.36865113303  1290.492
6490.42112676134  1318.208
6490.47359825857  1322.688
6490.52606562455  1340.941
6490.5785288591  1375.57
6490.63098796207  1287.164
6490.68344293326  1332.15
6490.73589377252  1257.586
6490.78834047967  1207.529
6490.84078305453  1252.696
6490.89322149694  1190.879
6490.94565580672  1304.634
6490.99808598371  1333.478
6491.05051202772  1321.805
6491.10293393859  1353.922
6491.15535171615  1300.829
6491.20776536022  1321.124
6491.26017487063  1343.225
6491.31258024722  1279.484
6491.36498148981  1313.261
6491.41737859822  1310.22
6491.46977157229  1317.855
6491.52216041185  1326.151
6491.57454511671  1317.791
6491.62692568673  1278.324
6491.67930212172  1302.989
6491.7316744215  1332.111
6491.78404258592  1296.576
6491.8364066148  1184.26
6491.88876650796  1314.262
6491.94112226524  1324.944
6491.99347388647  1280.212
6492.04582137147  1291.073
6492.09816472008  1273.184
6492.15050393212  1225.229
6492.20283900742  1280.952
6492.25516994582  1255.384
6492.30749674714  1219.205
6492.35981941121  1259.296
6492.41213793786  1267.911
6492.46445232693  1204.557
6492.51676257823  1252.7
6492.56906869161  1218.34
6492.62137066688  1186.015
6492.67366850389  1213.148
6492.72596220246  1255.787
6492.77825176241  1267.745
6492.83053718359  1201.09
6492.88281846582  1214.311
6492.93509560893  1175.22
6492.98736861275  1178.385
6493.03963747711  1194.381
6493.09190220184  1225.812
6493.14416278677  1206.863
6493.19641923174  1207.461
6493.24867153656  1198.548
6493.30091970108  1258.557
6493.35316372513  1243.091
6493.40540360853  1206.797
6493.45763935111  1228.738
6493.50987095271  1280.231
6493.56209841316  1295.065
6493.61432173228  1304.476
6493.66654090991  1241.037
6493.71875594588  1257.293
6493.77096684002  1221.602
6493.82317359216  1251.521
6493.87537620214  1229.163
6493.92757466978  1287.233
6493.97976899491  1266.101
6494.03195917737  1179.346
6494.08414521699  1243.767
6494.13632711359  1292.274
6494.18850486702  1234.011
6494.2406784771  1187.175
6494.29284794366  1228.29
6494.34501326654  1117.651
6494.39717444556  1127.3
6494.44933148057  1107.654
6494.50148437138  1118.777
6494.55363311783  1159.949
6494.60577771976  1039.712
6494.657918177  1114.815
6494.71005448937  1086.292
6494.76218665671  1099.911
6494.81431467886  1074.229
6494.86643855563  1050.261
6494.91855828688  1140.512
6494.97067387242  1058.554
6495.0227853121  1184.879
6495.07489260574  1060.295
6495.12699575318  1030.109
6495.17909475424  1074.89
6495.23118960876  1069.792
6495.28328031658  1000.644
6495.33536687752  1051.918
6495.38744929143  1032.854
6495.43952755812  1003.187
6495.49160167744  1026.066
6495.54367164921  979.2011
6495.59573747328  1000.748
6495.64779914947  1001.034
6495.69985667762  971.9793
6495.75191005755  1028.667
6495.80395928911  943.2064
6495.85600437212  1005.223
6495.90804530643  1019.415
6495.96008209185  980.0483
6496.01211472823  970.6566
6496.0641432154  1018.071
6496.11616755319  985.5222
6496.16818774144  1071.171
6496.22020377998  981.9231
6496.27221566864  983.5987
6496.32422340726  992.2341
6496.37622699567  1053.632
6496.4282264337  1044.779
6496.48022172119  1048.012
6496.53221285798  1028.073
6496.58419984389  969.6418
6496.63618267876  1034.259
6496.68816136242  1020.543
6496.74013589471  1023.6
6496.79210627547  1033.212
6496.84407250452  1054.411
6496.8960345817  1101.871
6496.94799250685  1073.929
6496.9999462798  1051.554
6497.05189590038  1142.871
6497.10384136844  1144.915
6497.15578268379  1038.225
6497.20771984628  1103.475
6497.25965285575  1068.591
6497.31158171202  1058.106
6497.36350641494  1077.194
6497.41542696433  1031.327
6497.46734336004  1029.536
6497.51925560189  952.4151
6497.57116368972  1005.456
6497.62306762337  1013.397
6497.67496740267  1006.658
6497.72686302746  992.7386
6497.77875449757  944.0698
6497.83064181284  994.7586
6497.8825249731  1051.21
6497.93440397819  920.5605
6497.98627882795  958.157
6498.0381495222  1064.056
6498.09001606079  956.626
6498.14187844354  973.1896
6498.19373667031  970.2794
6498.24559074091  959.9522
6498.2974406552  1009.667
6498.34928641299  974.3782
6498.40112801414  1013.956
6498.45296545847  1044.026
6498.50479874582  1042.647
6498.55662787603  965.4695
6498.60845284893  1036.559
6498.66027366437  1039.572
6498.71209032216  1092.205
6498.76390282216  1076.22
6498.8157111642  1091.294
6498.86751534811  1109.646
6498.91931537373  1141.934
6498.9711112409  1205.313
6499.02290294945  1198.594
6499.07469049923  1173.127
6499.12647389006  1157.894
6499.17825312178  1185.905
6499.23002819424  1134.121
6499.28179910726  1138.227
6499.33356586069  1132.763
6499.38532845435  1107.434
6499.4370868881  1126.025
6499.48884116176  1170.767
6499.54059127517  1141.887
6499.59233722817  1170.258
6499.6440790206  1151.312
6499.69581665229  1182.864
6499.74755012308  1103.585
6499.79927943281  1095.247
6499.85100458132  1089.367
6499.90272556843  1068.11
6499.954442394  1105.075
6500.00615505786  1074.566
6500.05786355984  1055.7
6500.10956789979  1054.229
6500.16126807754  1082.867
6500.21296409292  1017.167
6500.26465594579  1022.836
6500.31634363596  969.8994
6500.36802716329  998.7545
6500.41970652761  981.7079
6500.47138172876  1001.408
6500.52305276658  1004.187
6500.5747196409  983.4595
6500.62638235156  1020.326
6500.6780408984  973.8393
6500.72969528127  1025.698
6500.78134549999  958.9637
6500.83299155441  1025.92
6500.88463344436  1010.754
6500.93627116969  1002.606
6500.98790473023  993.3787
6501.03953412581  1047.495
6501.0911593563  1041.049
6501.1427804215  1067.679
6501.19439732128  1007.314
6501.24601005545  1076.616
6501.29761862388  1072.774
6501.34922302639  1045.126
6501.40082326282  1002.641
6501.45241933301  1020.81
6501.5040112368  1049.226
6501.55559897404  1074.134
6501.60718254455  1056.262
6501.65876194818  1103.7
6501.71033718477  1104.091
6501.76190825415  1114.555
6501.81347515617  1080.646
6501.86503789068  1099.422
6501.91659645749  1123.698
6501.96815085646  1089.903
6502.01970108743  1030.317
6502.07124715023  1050.546
6502.12278904471  1095.199
6502.1743267707  1058.715
6502.22586032804  1086.78
6502.27738971658  1043.516
6502.32891493616  1082.738
6502.38043598661  1074.436
6502.43195286777  1053.787
6502.48346557949  1055.218
6502.5349741216  1024.708
6502.58647849395  1108.636
6502.63797869638  1059.566
6502.68947472872  1018.19
6502.74096659081  1056.76
6502.7924542825  1041.329
6502.84393780364  1076.558
6502.89541715405  1044.411
6502.94689233358  996.4966
6502.99836334206  1028.941
6503.04983017935  1076.054
6503.10129284528  1059.917
6503.15275133969  1064.499
6503.20420566243  1006.451
6503.25565581333  1012.966
6503.30710179223  1066.168
6503.35854359898  1074.356
6503.40998123342  1047.874
6503.46141469538  1000.835
6503.51284398472  1048.301
6503.56426910126  1070.592
6503.61569004486  1014.065
6503.66710681535  1048.984
6503.71851941258  1014.123
6503.76992783639  1059.351
6503.82133208661  1036.179
6503.87273216309  1056.58
6503.92412806568  1045.301
6503.9755197942  1033.515
6504.02690734852  1025.711
6504.07829072846  1051.299
6504.12966993387  1060.194
6504.18104496459  1010.022
6504.23241582046  1057.847
6504.28378250133  1103.213
6504.33514500704  1057.094
6504.38650333742  1032.427
6504.43785749233  980.8834
6504.4892074716  1091.072
6504.54055327508  1032.67
6504.5918949026  1008.093
6504.64323235402  1062.115
6504.69456562917  967.7673
6504.7458947279  1012.335
6504.79721965005  969.7173
6504.84854039546  970.2498
6504.89985696397  979.7316
6504.95116935543  1066.073
6505.00247756968  1059.217
6505.05378160656  1005.432
6505.10508146592  1037.916
6505.1563771476  1083.325
6505.20766865144  1045.422
6505.25895597728  946.9161
6505.31023912497  988.8992
6505.36151809436  953.506
6505.41279288527  1000.435
6505.46406349757  981.1243
6505.51532993109  938.1537
6505.56659218567  1005.166
6505.61785026116  977.9944
6505.6691041574  970.2301
6505.72035387424  1029.625
6505.77159941152  928.1799
6505.82284076908  1041.368
6505.87407794676  962.6335
6505.92531094442  998.1585
6505.97653976189  1043.773
6506.02776439902  979.8853
6506.07898485565  1031.448
6506.13020113163  1018.922
6506.1814132268  980.2552
6506.232621141  969.0463
6506.28382487408  1004.53
6506.33502442589  1003.226
6506.38621979626  955.4427
6506.43741098504  973.2032
6506.48859799208  986.826
6506.53978081722  1008.111
6506.5909594603  997.958
6506.64213392118  996.173
6506.69330419969  1005.784
6506.74447029568  991.9747
6506.79563220899  943.4381
6506.84678993947  970.8653
6506.89794348696  999.6927
6506.94909285131  1037.432
6507.00023803237  1006.371
6507.05137902997  986.1155
6507.10251584397  994.6002
6507.1536484742  942.4313
6507.20477692052  997.6417
6507.25590118277  967.1035
6507.30702126079  971.8762
6507.35813715443  965.0723
6507.40924886353  963.3746
6507.46035638795  976.9785
6507.51145972752  979.6121
6507.5625588821  982.9265
6507.61365385152  1003.561
6507.66474463563  1017.989
6507.71583123428  932.9191
6507.76691364732  961.8462
6507.81799187459  990.6096
6507.86906591593  926.9969
6507.92013577119  981.4658
6507.97120144023  1043.787
6508.02226292287  990.6356
6508.07332021898  952.6387
6508.12437332839  988.0494
6508.17542225096  947.059
6508.22646698652  1016.277
6508.27750753493  963.9951
6508.32854389603  951.8975
6508.37957606967  968.2386
6508.43060405569  988.1533
6508.48162785395  934.3353
6508.53264746428  947.0118
6508.58366288653  952.8918
6508.63467412056  871.581
6508.6856811662  933.5057
6508.73668402331  1030.916
6508.78768269173  955.0319
6508.83867717131  953.605
6508.88966746189  947.1141
6508.94065356333  924.3601
6508.99163547546  936.1761
6509.04261319815  934.7783
6509.09358673122  943.0591
6509.14455607454  868.6569
6509.19552122794  935.6761
6509.24648219128  945.7219
6509.29743896441  916.772
6509.34839154716  884.416
6509.39933993939  1005.539
6509.45028414095  912.4803
6509.50122415168  937.9576
6509.55215997143  873.2504
6509.60309160005  922.7344
6509.65401903739  888.717
6509.70494228329  883.4344
6509.7558613376  883.2076
6509.80677620018  928.3508
6509.85768687086  935.5106
6509.9085933495  926.1583
6509.95949563594  873.1831
6510.01039373004  950.7373
6510.06128763163  910.0751
6510.11217734058  963.1139
6510.16306285672  888.9564
6510.21394417991  906.3098
6510.26482131  909.2505
6510.31569424682  926.5978
6510.36656299024  852.8587
6510.4174275401  933.5298
6510.46828789624  878.5694
6510.51914405853  896.4402
6510.5699960268  912.9207
6510.6208438009  888.4152
6510.67168738069  901.7091
6510.72252676601  844.2663
6510.77336195672  856.7173
6510.82419295265  903.2692
6510.87501975367  897.4624
6510.92584235961  878.7262
6510.97666077033  866.5876
6511.02747498568  956.9699
6511.07828500551  957.1581
6511.12909082966  891.228
6511.17989245799  863.1328
6511.23068989035  915.9112
6511.28148312658  889.3525
6511.33227216653  990.6193
6511.38305701006  878.8487
6511.43383765701  898.5719
6511.48461410723  912.4453
6511.53538636058  915.8117
6511.5861544169  893.8326
6511.63691827605  879.4619
6511.68767793786  912.3296
6511.7384334022  827.1478
6511.78918466892  929.9596
6511.83993173786  877.2133
6511.89067460887  873.4526
6511.9414132818  867.7112
6511.99214775651  841.7977
6512.04287803285  801.8422
6512.09360411065  900.8328
6512.14432598979  876.0966
6512.1950436701  982.7977
6512.24575715143  871.6998
6512.29646643365  868.632
6512.34717151659  906.3406
6512.39787240011  916.8798
6512.44856908406  829.2983
6512.49926156828  830.4772
6512.54994985264  869.826
6512.60063393699  885.5392
6512.65131382116  812.4409
6512.70198950502  888.5667
6512.75266098842  913.7728
6512.8033282712  912.6343
6512.85399135321  845.3426
6512.90465023432  905.3731
6512.95530491437  908.5552
6513.00595539321  855.6976
6513.05660167069  849.9283
6513.10724374667  839.4265
6513.15788162099  875.0453
6513.20851529351  813.4557
6513.25914476408  884.7504
6513.30977003255  870.4127
6513.36039109878  867.9392
6513.41100796261  853.0788
6513.4616206239  868.0119
6513.51222908249  803.6099
6513.56283333825  841.0159
6513.61343339101  865.334
6513.66402924065  871.2948
6513.71462088699  844.0737
6513.76520832991  922.1188
6513.81579156925  839.6396
6513.86637060487  871.9637
6513.91694543661  875.5302
6513.96751606432  827.2061
6514.01808248787  859.6613
6514.0686447071  804.2051
6514.11920272187  826.5563
6514.16975653203  809.3273
6514.22030613743  779.5975
6514.27085153792  805.3614
6514.32139273336  824.0148
6514.3719297236  798.5452
6514.4224625085  728.0555
6514.47299108789  868.5601
6514.52351546165  803.2424
6514.57403562962  843.0773
6514.62455159165  819.8424
6514.67506334761  763.7347
6514.72557089733  784.1301
6514.77607424068  792.5419
6514.82657337751  806.246
6514.87706830766  841.9142
6514.92755903101  844.0942
6514.97804554739  812.4668
6515.02852785666  839.5557
6515.07900595868  827.0861
6515.1294798533  825.7383
6515.17994954037  815.6713
6515.23041501975  858.6074
6515.28087629129  827.7692
6515.33133335485  880.2398
6515.38178621027  816.1846
6515.43223485742  769.5466
6515.48267929614  814.8086
6515.53311952629  758.1801
6515.58355554773  832.1001
6515.63398736031  779.224
6515.68441496388  856.5752
6515.73483835829  843.5867
6515.78525754341  797.0912
6515.83567251909  831.254
6515.88608328518  820.7156
6515.93648984153  813.813
6515.98689218801  807.4797
6516.03729032446  883.5579
6516.08768425074  861.786
6516.1380739667  768.8467
6516.1884594722  801.6356
6516.2388407671  781.8213
6516.28921785125  820.0613
6516.3395907245  807.0421
6516.38995938671  787.5221
6516.44032383773  814.7636
6516.49068407743  784.3482
6516.54104010564  732.5753
6516.59139192224  688.8276
6516.64173952707  701.5043
6516.69208292  771.5043
6516.74242210087  764.9034
6516.79275706954  794.2274
6516.84308782586  775.7725
6516.8934143697  771.9681
6516.94373670091  773.6278
6516.99405481935  809.3026
6517.04436872486  727.7695
6517.09467841731  748.2251
6517.14498389655  732.5127
6517.19528516243  785.0193
6517.24558221482  789.8522
6517.29587505357  718.5138
6517.34616367853  775.1607
6517.39644808957  767.0776
6517.44672828653  735.8694
6517.49700426928  756.1172
6517.54727603767  750.5973
6517.59754359155  764.7922
6517.64780693079  747.8863
6517.69806605523  752.7868
6517.74832096475  746.2303
6517.79857165918  772.2184
6517.84881813839  764.4828
6517.89906040224  740.3646
6517.94929845058  752.2841
6517.99953228328  770.424
6518.04976190017  737.3936
6518.09998730113  828.7272
6518.15020848601  786.4959
6518.20042545467  791.8658
6518.25063820696  770.0191
6518.30084674274  779.2075
6518.35105106188  738.2026
6518.40125116421  705.4481
6518.45144704961  792.0596
6518.50163871793  773.5833
6518.55182616903  741.1154
6518.60200940276  783.2483
6518.65218841899  774.0182
6518.70236321756  705.8863
6518.75253379834  800.7208
6518.80270016119  739.3927
6518.85286230596  752.5858
6518.90302023251  755.629
6518.9531739407  759.7051
6519.00332343039  666.286
6519.05346870143  756.9152
6519.10360975369  709.0927
6519.15374658701  708.3536
6519.20387920126  729.2593
6519.2540075963  685.7394
6519.30413177199  749.84
6519.35425172817  737.2677
6519.40436746472  714.3391
6519.45447898149  714.0243
6519.50458627833  683.4721
6519.55468935512  665.5756
6519.6047882117  740.1338
6519.65488284793  708.274
6519.70497326367  741.6789
6519.75505945879  731.3076
6519.80514143314  688.7421
6519.85521918657  663.6874
6519.90529271896  689.9931
6519.95536203014  709.0328
6520.00542712  706.8756
6520.05548798838  680.7556
6520.10554463514  639.7941
6520.15559706014  717.1547
6520.20564526325  635.4181
6520.25568924432  693.5295
6520.30572900321  684.31
6520.35576453978  699.0795
6520.40579585389  730.3709
6520.45582294539  726.621
6520.50584581416  702.2546
6520.55586446004  729.8071
6520.6058788829  735.3867
6520.65588908259  748.5019
6520.70589505899  762.6392
6520.75589681194  701.7147
6520.8058943413  664.9734
6520.85588764694  710.9658
6520.90587672872  696.5049
6520.9558615865  717.1304
6521.00584222013  697.7377
6521.05581862948  704.8362
6521.1057908144  714.5854
6521.15575877476  693.8356
6521.20572251042  726.3262
6521.25568202123  739.5284
6521.30563730706  699.6381
6521.35558836777  673.884
6521.40553520322  696.3401
6521.45547781327  691.9305
6521.50541619778  742.5209
6521.55535035661  696.6298
6521.60528028962  719.365
6521.65520599667  668.6843
