7062.67530143999  1230.083
7062.74061189107  1264.604
7062.80591818777  1255.47
7062.87122032979  1185.375
7062.93651831685  1198.915
7063.00181214864  1228.813
7063.06710182489  1238.07
7063.1323873453  1229.717
7063.19766870958  1185.654
7063.26294591744  1254.128
7063.32821896858  1226.57
7063.39348786272  1201.759
7063.45875259957  1161.039
7063.52401317884  1231.173
7063.58926960022  1271.75
7063.65452186345  1239.984
7063.71976996821  1129.136
7063.78501391424  1192.411
7063.85025370122  1275.065
7063.91548932888  1243.355
7063.98072079693  1210.726
7064.04594810506  1272.588
7064.111171253  1191.316
7064.17639024045  1294.089
7064.24160506713  1275.193
7064.30681573274  1293.78
7064.37202223699  1232.714
7064.43722457959  1224.184
7064.50242276026  1247.211
7064.56761677871  1252.195
7064.63280663464  1279.664
7064.69799232776  1308.184
7064.76317385779  1246.882
7064.82835122444  1256.031
7064.89352442741  1318.261
7064.95869346642  1356.86
7065.02385834118  1317.811
7065.0890190514  1275.888
7065.15417559679  1244.948
7065.21932797706  1232.268
7065.28447619192  1252.781
7065.34962024109  1296.829
7065.41476012427  1261.35
7065.47989584118  1244.476
7065.54502739152  1253.728
7065.61015477501  1193.552
7065.67527799136  1305.875
7065.74039704028  1223.956
7065.80551192149  1325.25
7065.87062263469  1272.815
7065.93572917959  1328.088
7066.00083155591  1229.693
7066.06592976336  1275.46
7066.13102380165  1269.377
7066.1961136705  1298.979
7066.26119936961  1214.181
7066.32628089869  1318.322
7066.39135825747  1315.274
7066.45643144564  1216.319
7066.52150046293  1351.639
7066.58656530904  1258.677
7066.65162598369  1329.178
7066.71668248659  1346.736
7066.78173481745  1310.895
7066.84678297599  1309.727
7066.91182696191  1291.422
7066.97686677493  1295.02
7067.04190241477  1256.29
7067.10693388112  1296.992
7067.17196117372  1318.104
7067.23698429227  1276.721
7067.30200323648  1259.879
7067.36701800606  1263.177
7067.43202860074  1353.557
7067.49703502022  1343.224
7067.56203726421  1315.83
7067.62703533243  1336.253
7067.69202922459  1290.53
7067.75701894041  1299.029
7067.82200447959  1386.72
7067.88698584186  1324.253
7067.95196302692  1233.981
7068.01693603449  1244.643
7068.08190486429  1258.375
7068.14686951601  1303.745
7068.21182998939  1323.48
7068.27678628413  1207.676
7068.34173839995  1262.8
7068.40668633656  1312.453
7068.47163009367  1339.564
7068.536569671  1290.25
7068.60150506827  1305.961
7068.66643628518  1275.199
7068.73136332145  1298.068
7068.7962861768  1305.72
7068.86120485094  1286.213
7068.92611934358  1268.283
7068.99102965444  1273.241
7069.05593578324  1266.202
7069.12083772968  1279.205
7069.18573549348  1270.877
7069.25062907436  1265.344
7069.31551847203  1257.096
7069.38040368621  1314.755
7069.4452847166  1214.494
7069.51016156294  1327.104
7069.57503422492  1294.378
7069.63990270227  1325.908
7069.7047669947  1303.147
7069.76962710193  1204.176
7069.83448302366  1211.534
7069.89933475963  1243.108
7069.96418230953  1287.368
7070.02902567309  1309.444
7070.09386485003  1338.568
7070.15869984005  1315.391
7070.22353064288  1291.17
7070.28835725822  1296.749
7070.3531796858  1254.4
7070.41799792533  1281.091
7070.48281197652  1329.012
7070.5476218391  1301.451
7070.61242751278  1311.627
7070.67722899726  1319.065
7070.74202629229  1341.031
7070.80681939755  1367.28
7070.87160831278  1328.83
7070.93639303768  1329.979
7071.00117357198  1361.752
7071.06594991539  1337.599
7071.13072206763  1379.18
7071.19549002841  1363.479
7071.26025379745  1360.398
7071.32501337447  1280.353
7071.38976875918  1359.373
7071.4545199513  1375.315
7071.51926695055  1354.111
7071.58400975663  1447.619
7071.64874836929  1358.16
7071.71348278821  1327.138
7071.77821301314  1339.103
7071.84293904376  1302.69
7071.90766087983  1280.285
7071.97237852103  1343.752
7072.0370919671  1355.351
7072.10180121775  1419.897
7072.1665062727  1327.901
7072.23120713166  1362.234
7072.29590379435  1303.96
7072.36059626049  1355.376
7072.4252845298  1302.63
7072.48996860199  1407.443
7072.55464847679  1366.753
7072.6193241539  1396.897
7072.68399563306  1303.398
7072.74866291397  1288.303
7072.81332599635  1343.239
7072.87798487992  1419.923
7072.94263956441  1392.348
7073.00729004952  1342.87
7073.07193633497  1363.273
7073.13657842049  1373.256
7073.2012163058  1392.283
7073.2658499906  1393.638
7073.33047947463  1299.531
7073.39510475759  1370.35
7073.4597258392  1381.796
7073.52434271919  1432.549
7073.58895539728  1357.945
7073.65356387318  1328.04
7073.7181681466  1386.23
7073.78276821728  1404.965
7073.84736408492  1296.186
7073.91195574926  1399.147
7073.97654320999  1475.309
7074.04112646686  1412.633
7074.10570551957  1370.122
7074.17028036784  1331.911
7074.23485101139  1405.537
7074.29941744995  1469.884
7074.36397968323  1371.351
7074.42853771094  1408.118
7074.49309153282  1444.147
7074.55764114858  1429.361
7074.62218655794  1352.5
7074.68672776062  1411.139
7074.75126475633  1455.478
7074.81579754481  1414.89
7074.88032612576  1395.131
7074.94485049891  1407.272
7075.00937066398  1393.533
7075.07388662069  1443.196
7075.13839836875  1366.032
7075.2029059079  1483.255
7075.26740923784  1436.298
7075.3319083583  1395.265
7075.396403269  1406.022
7075.46089396966  1380.868
7075.52538046  1424.302
7075.58986273974  1461.611
7075.6543408086  1422.398
7075.7188146663  1472.192
7075.78328431256  1444.7
7075.84774974711  1352.904
7075.91221096966  1508.569
7075.97666797993  1438.438
7076.04112077765  1431.365
7076.10556936253  1433.905
7076.17001373431  1424.969
7076.23445389269  1489.363
7076.2988898374  1448.955
7076.36332156816  1408.373
7076.42774908469  1360.075
7076.49217238672  1343.155
7076.55659147396  1438.567
7076.62100634613  1430.596
7076.68541700297  1409.892
7076.74982344418  1420.767
7076.81422566949  1439.736
7076.87862367863  1470.376
7076.94301747131  1415.299
7077.00740704725  1452.927
7077.07179240618  1415.946
7077.13617354783  1503.04
7077.2005504719  1447.052
7077.26492317813  1429.456
7077.32929166623  1434.634
7077.39365593593  1538.879
7077.45801598695  1418.805
7077.52237181901  1484.557
7077.58672343184  1437.72
7077.65107082515  1379.666
7077.71541399868  1496.404
7077.77975295213  1448.249
7077.84408768524  1408.818
7077.90841819773  1521.09
7077.97274448931  1473.378
7078.03706655972  1501.712
7078.10138440867  1488.741
7078.1656980359  1452.078
7078.23000744111  1469.688
7078.29431262404  1450.82
7078.3586135844  1387.894
7078.42291032192  1459.486
7078.48720283633  1444.172
7078.55149112734  1455.392
7078.61577519468  1444.02
7078.68005503808  1500.829
7078.74433065725  1442.647
7078.80860205192  1493.225
7078.87286922182  1452.719
7078.93713216666  1479.233
7079.00139088617  1516.643
7079.06564538008  1461.522
7079.1298956481  1523.366
7079.19414168997  1440.17
7079.2583835054  1512.265
7079.32262109412  1451.719
7079.38685445586  1460.372
7079.45108359033  1528.616
7079.51530849726  1491.671
7079.57952917639  1439.417
7079.64374562742  1436.312
7079.70795785008  1514.147
7079.77216584411  1493.922
7079.83636960921  1509.959
7079.90056914513  1525.969
7079.96476445157  1482.734
7080.02895552828  1475.148
7080.09314237496  1515.803
7080.15732499135  1493.212
7080.22150337717  1540.193
7080.28567753215  1517.106
7080.34984745601  1480.121
7080.41401314847  1551.946
7080.47817460926  1485.653
7080.54233183811  1467.73
7080.60648483474  1513.009
7080.67063359888  1486.269
7080.73477813024  1463.454
7080.79891842857  1595.942
7080.86305449357  1496.631
7080.92718632498  1584.128
7080.99131392253  1490.768
7081.05543728593  1442.83
7081.11955641491  1552.423
7081.18367130921  1517.877
7081.24778196854  1457.895
7081.31188839263  1559.086
7081.3759905812  1442.597
7081.440088534  1510.705
7081.50418225072  1490.9
7081.56827173112  1448.861
7081.6323569749  1532.7
7081.6964379818  1505.868
7081.76051475154  1590.021
7081.82458728385  1538.854
7081.88865557846  1529.56
7081.95271963509  1530.553
7082.01677945347  1541.756
7082.08083503332  1615.194
7082.14488637437  1512.944
7082.20893347635  1469.393
7082.27297633899  1512.814
7082.33701496201  1571.358
7082.40104934513  1548.361
7082.46507948809  1544.389
7082.52910539061  1640.294
7082.59312705242  1583.836
7082.65714447324  1538.198
7082.72115765281  1537.13
7082.78516659085  1521.187
7082.84917128709  1516.1
7082.91317174125  1608.838
7082.97716795306  1539.516
7083.04115992225  1592.571
7083.10514764855  1503.883
7083.16913113168  1513.073
7083.23311037137  1521.257
7083.29708536735  1605.572
7083.36105611935  1540.309
7083.4250226271  1564.214
7083.48898489031  1522.906
7083.55294290872  1532.022
7083.61689668207  1499.528
7083.68084621007  1499.594
7083.74479149246  1556.496
7083.80873252895  1557.018
7083.87266931929  1500.023
7083.9366018632  1571.516
7084.0005301604  1573.081
7084.06445421063  1553.635
7084.12837401361  1631.024
7084.19228956907  1479.175
7084.25620087674  1498.014
7084.32010793636  1551.243
7084.38401074764  1485.392
7084.44790931032  1550.401
7084.51180362412  1546.1
7084.57569368877  1516.226
7084.63957950401  1571.325
7084.70346106956  1496.194
7084.76733838516  1486.361
7084.83121145052  1500.401
7084.89508026538  1511.864
7084.95894482947  1597.352
7085.02280514251  1529.259
7085.08666120425  1495.9
7085.15051301439  1540.885
7085.21436057269  1565.063
7085.27820387886  1527.918
7085.34204293263  1475.32
7085.40587773374  1573.683
7085.46970828191  1497.234
7085.53353457687  1440.636
7085.59735661836  1504.506
7085.66117440609  1436.604
7085.72498793982  1492.349
7085.78879721925  1505.664
7085.85260224413  1461.324
7085.91640301418  1523.197
7085.98019952913  1497.312
7086.04399178872  1463.353
7086.10777979266  1470.843
7086.17156354071  1517.096
7086.23534303257  1518.446
7086.29911826799  1478.132
7086.3628892467  1551.122
7086.42665596841  1545.17
7086.49041843288  1588.271
7086.55417663982  1503.053
7086.61793058897  1514.837
7086.68168028006  1533.159
7086.74542571282  1492.297
7086.80916688697  1554.266
7086.87290380226  1547.123
7086.9366364584  1483.745
7087.00036485514  1466.701
7087.06408899221  1536.569
7087.12780886933  1540.133
7087.19152448623  1608.197
7087.25523584266  1519.304
7087.31894293833  1543.545
7087.38264577298  1610.559
7087.44634434634  1628.341
7087.51003865815  1651.789
7087.57372870813  1550.086
7087.63741449602  1586.172
7087.70109602155  1660.08
7087.76477328445  1621.368
7087.82844628445  1606.671
7087.89211502128  1624.396
7087.95577949468  1595.453
7088.01943970438  1576.736
7088.0830956501  1628.217
7088.14674733159  1571.153
7088.21039474857  1628.318
7088.27403790078  1556.044
7088.33767678795  1607.27
7088.40131140981  1667.475
7088.46494176609  1565.034
7088.52856785653  1605.482
7088.59218968086  1640.097
7088.65580723881  1683.938
7088.71942053011  1616.336
7088.7830295545  1605.588
7088.84663431171  1587.07
7088.91023480147  1649.419
7088.97383102352  1673.482
7089.03742297758  1597.186
7089.1010106634  1586.542
7089.1645940807  1634.328
7089.22817322922  1639.484
7089.29174810869  1641.644
7089.35531871884  1633.528
7089.41888505941  1642.675
7089.48244713013  1584.656
7089.54600493074  1643.661
7089.60955846096  1662.455
7089.67310772053  1625.15
7089.73665270919  1577.477
7089.80019342667  1647.292
7089.86372987269  1661.65
7089.92726204701  1636.699
7089.99078994935  1636.688
7090.05431357943  1670.171
7090.11783293701  1611.67
7090.18134802181  1668.356
7090.24485883356  1661.048
7090.30836537201  1700.899
7090.37186763688  1666.789
7090.4353656279  1632.588
7090.49885934482  1710.805
7090.56234878737  1643.541
7090.62583395528  1625.119
7090.68931484829  1721.281
7090.75279146613  1642.946
7090.81626380853  1694.548
7090.87973187523  1663.868
7090.94319566597  1632.123
7091.00665518048  1619.303
7091.07011041849  1626.528
7091.13356137974  1534.953
7091.19700806396  1621.711
7091.2604504709  1634.389
7091.32388860028  1591.831
7091.38732245184  1617.729
7091.45075202532  1594.057
7091.51417732044  1670.034
7091.57759833696  1589.45
7091.64101507459  1602.986
7091.70442753308  1606.991
7091.76783571216  1607.429
7091.83123961157  1594.518
7091.89463923105  1600.038
7091.95803457032  1582.065
7092.02142562913  1658.046
7092.08481240721  1609.485
7092.14819490429  1680.426
7092.21157312012  1618.999
7092.27494705442  1567.908
7092.33831670695  1548.636
7092.40168207742  1591.735
7092.46504316558  1641.981
7092.52839997116  1708.377
7092.5917524939  1659.476
7092.65510073354  1603.686
7092.71844468981  1631.685
7092.78178436245  1641.51
7092.84511975119  1714.683
7092.90845085578  1678.574
7092.97177767594  1709.099
7093.03510021142  1730.901
7093.09841846195  1616.394
7093.16173242727  1668.841
7093.22504210712  1681.437
7093.28834750123  1729.167
7093.35164860934  1703.125
7093.41494543118  1647.44
7093.4782379665  1581.232
7093.54152621504  1653.631
7093.60481017651  1740.776
7093.66808985068  1738.799
7093.73136523727  1628.557
7093.79463633602  1668.154
7093.85790314667  1653.459
7093.92116566895  1695.489
7093.9844239026  1676.985
7094.04767784737  1680.897
7094.11092750299  1698.784
7094.17417286919  1704.688
7094.23741394571  1600.19
7094.3006507323  1671.795
7094.36388322869  1599.896
7094.42711143462  1712.717
7094.49033534982  1650.232
7094.55355497404  1651.661
7094.61677030701  1699.568
7094.67998134847  1691.336
7094.74318809816  1711.315
7094.80639055582  1675.109
7094.86958872118  1635.871
7094.93278259399  1628.71
7094.99597217398  1610.605
7095.0591574609  1742.91
7095.12233845447  1617.609
7095.18551515444  1695.824
7095.24868756055  1787.126
7095.31185567254  1692.13
7095.37501949014  1770.559
7095.4381790131  1764.512
7095.50133424115  1730.432
7095.56448517404  1643.496
7095.6276318115  1694.02
7095.69077415327  1674.58
7095.75391219908  1710.043
7095.81704594869  1794.159
7095.88017540183  1729.056
7095.94330055824  1701.808
7096.00642141765  1626.789
7096.06953797981  1660.83
7096.13265024446  1701.17
7096.19575821134  1694.601
7096.25886188018  1616.034
7096.32196125073  1791.197
7096.38505632273  1750.297
7096.44814709592  1682.806
7096.51123357002  1741.019
7096.5743157448  1769.312
7096.63739361999  1656.994
7096.70046719532  1687.431
7096.76353647053  1657.366
7096.82660144538  1653.208
7096.88966211959  1780.119
7096.95271849291  1789.812
7097.01577056508  1713.359
7097.07881833584  1726.949
7097.14186180493  1780.906
7097.20490097209  1674.145
7097.26793583705  1728.506
7097.33096639957  1751.936
7097.39399265939  1754.468
7097.45701461624  1737.028
7097.52003226986  1655.036
7097.58304561999  1742.918
7097.64605466639  1706.873
7097.70905940878  1752.391
7097.77205984691  1676.027
7097.83505598052  1739.911
7097.89804780935  1721.789
7097.96103533315  1707.005
7098.02401855164  1693.191
7098.08699746459  1688.333
7098.14997207172  1760.048
7098.21294237278  1691.752
7098.27590836751  1721.466
7098.33887005565  1748.062
7098.40182743695  1729.867
7098.46478051114  1693.304
7098.52772927797  1760.113
7098.59067373718  1786.014
7098.65361388851  1716.824
7098.71654973171  1668.953
7098.77948126651  1729.106
7098.84240849266  1727.599
7098.9053314099  1699.607
7098.96825001797  1764.493
7099.03116431662  1712.609
7099.09407430558  1704.307
7099.15697998461  1695.142
7099.21988135343  1766.486
7099.2827784118  1662.979
7099.34567115946  1684.75
7099.40855959615  1700.815
7099.47144372162  1780.285
7099.53432353559  1744.215
7099.59719903783  1752.333
7099.66007022807  1813.505
7099.72293710606  1828.621
7099.78579967153  1756.226
7099.84865792424  1807.715
7099.91151186391  1827.28
7099.97436149031  1816.058
7100.03720680317  1803.563
7100.10004780223  1782.759
7100.16288448724  1756.384
7100.22571685794  1731.86
7100.28854491408  1730.529
7100.35136865539  1798.5
7100.41418808163  1816.732
7100.47700319253  1796.806
7100.53981398784  1778.609
7100.60262046731  1733.576
7100.66542263067  1717.347
7100.72822047768  1787.628
7100.79101400807  1751.302
7100.85380322159  1785.998
7100.91658811798  1755.258
7100.979368697  1779.948
7101.04214495837  1861.16
7101.10491690185  1799.551
7101.16768452718  1760.773
7101.23044783411  1828.493
7101.29320682238  1825.958
7101.35596149173  1839.527
7101.41871184191  1830.7
7101.48145787267  1816.732
7101.54419958374  1758.577
7101.60693697488  1764.698
7101.66967004583  1698.556
7101.73239879632  1778.456
7101.79512322612  1808.292
7101.85784333496  1779.983
7101.92055912259  1830.733
7101.98327058875  1860.466
7102.04597773319  1787.501
7102.10868055566  1807.538
7102.17137905589  1761.145
7102.23407323364  1725.564
7102.29676308866  1771.486
7102.35944862067  1801.875
7102.42212982944  1800.51
7102.4848067147  1880.357
7102.54747927621  1783.662
7102.6101475137  1737.365
7102.67281142693  1748.612
7102.73547101565  1818.468
7102.79812627958  1770.893
7102.86077721849  1826.245
7102.92342383212  1836.797
7102.98606612021  1788.103
7103.04870408251  1778.844
7103.11133771877  1836.754
7103.17396702873  1828.518
7103.23659201214  1828.664
7103.29921266875  1784.977
7103.3618289983  1743.707
7103.42444100054  1772.336
7103.48704867521  1814.259
7103.54965202207  1766.691
7103.61225104085  1747.423
7103.67484573131  1761.574
7103.7374360932  1803.564
7103.80002212625  1823.031
7103.86260383022  1813.063
7103.92518120485  1700.623
7103.98775424989  1761.263
7104.05032296509  1834.952
7104.1128873502  1868.07
7104.17544740495  1822.571
7104.23800312911  1836.435
7104.30055452241  1783.557
7104.36310158461  1817.647
7104.42564431545  1792.84
7104.48818271467  1759.68
7104.55071678204  1802.993
7104.61324651729  1805.188
7104.67577192017  1792.465
7104.73829299043  1774.669
7104.80080972782  1833.706
7104.86332213208  1741.15
7104.92583020297  1774.002
7104.98833394023  1735.983
7105.05083334361  1790.779
7105.11332841285  1772.101
7105.17581914772  1795.022
7105.23830554794  1766.248
7105.30078761329  1805.067
7105.36326534349  1772.604
7105.4257387383  1846.491
7105.48820779747  1800.874
7105.55067252074  1770.799
7105.61313290787  1854.025
7105.67558895861  1782.214
7105.73804067269  1754.369
7105.80048804988  1773.799
7105.86293108992  1834.902
7105.92536979256  1803.047
7105.98780415754  1890.66
7106.05023418463  1855.608
7106.11265987356  1861.432
7106.17508122408  1752.82
7106.23749823595  1810.881
7106.29991090891  1780.962
7106.36231924272  1890.142
7106.42472323712  1891.108
7106.48712289186  1746.103
7106.5495182067  1846.392
7106.61190918137  1819.334
7106.67429581564  1883.927
7106.73667810924  1881.815
7106.79905606194  1831.913
7106.86142967348  1824.693
7106.9237989436  1774.084
7106.98616387207  1791.32
7107.04852445862  1843.176
7107.11088070302  1759.296
7107.173232605  1834.612
7107.23558016433  1793.323
7107.29792338074  1854.648
7107.360262254  1912.597
7107.42259678385  1806.694
7107.48492697004  1786.119
7107.54725281232  1826.897
7107.60957431045  1779.877
7107.67189146416  1817.941
7107.73420427322  1854.605
7107.79651273738  1897.375
7107.85881685638  1748.683
7107.92111662998  1832.424
7107.98341205792  1860.589
7108.04570313996  1803.124
7108.10798987585  1877.813
7108.17027226534  1778.701
7108.23255030818  1794.531
7108.29482400412  1827.921
7108.35709335292  1778.751
7108.41935835432  1794.784
7108.48161900808  1800.034
7108.54387531394  1784.253
7108.60612727166  1749.187
7108.668374881  1785.341
7108.73061814169  1747.691
7108.7928570535  1842.888
7108.85509161618  1786.598
7108.91732182947  1767.617
7108.97954769313  1851.615
7109.04176920691  1826.819
7109.10398637057  1745.439
7109.16619918385  1862.267
7109.2284076465  1835.559
7109.29061175829  1811.993
7109.35281151896  1678.163
7109.41500692826  1779.491
7109.47719798594  1786.189
7109.53938469177  1790.704
7109.60156704549  1781.589
7109.66374504684  1849.747
7109.7259186956  1760.788
7109.7880879915  1805.079
7109.8502529343  1777.87
7109.91241352376  1812.456
7109.97456975962  1813.286
7110.03672164165  1801.17
7110.09886916958  1784.228
7110.16101234318  1860.491
7110.2231511622  1825.648
7110.28528562639  1754.776
7110.3474157355  1832.943
7110.4095414893  1931.186
7110.47166288752  1808.862
7110.53377992993  1801.666
7110.59589261627  1837.127
7110.65800094631  1819.962
7110.72010491979  1805.177
7110.78220453647  1828.108
7110.8442997961  1931.226
7110.90639069843  1911.591
7110.96847724323  1799.546
7111.03055943023  1881.231
7111.0926372592  1914.447
7111.1547107299  1922.64
7111.21677984207  1820.669
7111.27884459547  1787.609
7111.34090498985  1808.302
7111.40296102497  1832.429
7111.46501270058  1807.975
7111.52706001643  1864.543
7111.58910297229  1876.433
7111.65114156789  1786.738
7111.71317580301  1780.494
7111.77520567739  1779.128
7111.83723119079  1784.055
7111.89925234296  1768.579
7111.96126913366  1755.973
7112.02328156264  1715.867
7112.08528962965  1820.311
7112.14729333446  1743.702
7112.20929267681  1772.993
7112.27128765647  1807.501
7112.33327827318  1780.613
7112.3952645267  1839.513
7112.45724641679  1766.403
7112.5192239432  1896.438
7112.58119710569  1793.931
7112.64316590401  1770.74
7112.70513033792  1812.957
7112.76709040717  1761.017
7112.82904611152  1770.035
7112.89099745073  1781.203
7112.95294442454  1715.179
7113.01488703273  1802.543
7113.07682527503  1823.607
7113.13875915121  1790.898
7113.20068866102  1808.602
7113.26261380423  1799.049
7113.32453458058  1787.649
7113.38645098983  1766.588
7113.44836303174  1789.814
7113.51027070606  1821.02
7113.57217401255  1800.479
7113.63407295096  1817.727
7113.69596752106  1805.297
7113.7578577226  1819.246
7113.81974355533  1766.964
7113.88162501902  1809.898
7113.94350211342  1791.361
7114.00537483827  1814.944
7114.06724319336  1782.521
7114.12910717842  1782.971
7114.19096679321  1840.947
7114.2528220375  1779.155
7114.31467291103  1866.589
7114.37651941358  1800.999
7114.43836154489  1795.819
7114.50019930471  1823.529
7114.56203269282  1801.541
7114.62386170896  1873.927
7114.68568635289  1878.617
7114.74750662437  1857.258
7114.80932252316  1804.74
7114.87113404901  1858.718
7114.93294120169  1864.388
7114.99474398094  1841.52
7115.05654238654  1842.454
7115.11833641822  1876.454
7115.18012607576  1773.02
7115.24191135892  1845.373
7115.30369226743  1824.662
7115.36546880108  1891.934
7115.42724095961  1799.531
7115.48900874279  1828.777
7115.55077215036  1779.431
7115.61253118209  1806.149
7115.67428583774  1875.164
7115.73603611707  1882.514
7115.79778201983  1862.619
7115.85952354578  1823.613
7115.92126069469  1857.151
7115.9829934663  1810.822
7116.04472186038  1731.759
7116.10644587669  1858.302
7116.16816551498  1778.812
7116.22988077502  1807.151
7116.29159165656  1783.458
7116.35329815937  1885.064
7116.41500028319  1806.705
7116.47669802779  1833.226
7116.53839139294  1847.101
7116.60008037838  1818.689
7116.66176498388  1885.262
7116.72344520919  1780.42
7116.78512105409  1799.534
7116.84679251831  1886.874
7116.90845960164  1793.165
7116.97012230381  1861.964
7117.03178062461  1889.523
7117.09343456377  1890.553
7117.15508412107  1831.93
7117.21672929626  1904.924
7117.27837008911  1829.493
7117.34000649936  1880.034
7117.40163852679  1807.451
7117.46326617116  1891.276
7117.52488943221  1835.65
7117.58650830972  1854.578
7117.64812280344  1874.885
7117.70973291313  1858.569
7117.77133863856  1888.593
7117.83293997948  1810.072
7117.89453693566  1767.802
7117.95612950685  1824.002
7118.01771769282  1867.715
7118.07930149332  1784.402
7118.14088090812  1843.123
7118.20245593697  1895.967
7118.26402657965  1851.124
7118.3255928359  1793.704
7118.38715470549  1763.372
7118.44871218818  1842.61
7118.51026528374  1828.779
7118.57181399191  1820.426
7118.63335831248  1840.441
7118.69489824518  1831.126
7118.75643378979  1830.001
7118.81796494607  1798.621
7118.87949171378  1838.216
7118.94101409268  1860.781
7119.00253208252  1856.217
7119.06404568309  1900.545
7119.12555489412  1808.615
7119.1870597154  1779.594
7119.24856014667  1817.012
7119.3100561877  1908.295
7119.37154783826  1874.763
7119.4330350981  1861.592
7119.49451796698  1844.995
7119.55599644467  1806.963
7119.61747053093  1862.848
7119.67894022552  1813.071
7119.74040552821  1802.707
7119.80186643875  1851.698
7119.86332295691  1869.018
7119.92477508246  1893.659
7119.98622281514  1838.409
7120.04766615473  1855.55
7120.10910510099  1812.712
7120.17053965368  1821.2
7120.23196981257  1842.328
7120.29339557741  1822.423
7120.35481694797  1840.591
7120.41623392401  1802.354
7120.47764650529  1895.516
7120.53905469159  1884.512
7120.60045848265  1745.202
7120.66185787825  1835.002
7120.72325287815  1794.579
7120.78464348211  1839.569
7120.84602968989  1774.749
7120.90741150125  1859.338
7120.96878891597  1853.947
7121.0301619338  1886.453
7121.09153055451  1821.771
7121.15289477786  1918.013
7121.21425460361  1799.452
7121.27561003153  1813.631
7121.33696106139  1921.753
7121.39830769294  1871.904
7121.45964992594  1888.145
7121.52098776018  1809.612
7121.58232119539  1893.147
7121.64365023136  1859.5
7121.70497486785  1831.117
7121.76629510462  1814.109
7121.82761094142  1836.431
7121.88892237804  1882.348
7121.95022941423  1838.418
7122.01153204976  1973.906
7122.07283028438  1903.201
7122.13412411788  1797.886
7122.19541355  1899.924
7122.25669858052  1879.394
7122.31797920919  1890.946
7122.37925543579  1870.898
7122.44052726008  1770.01
7122.50179468183  1844.532
7122.5630577008  1894.421
7122.62431631674  1823.312
7122.68557052944  1861.239
7122.74682033865  1829.832
7122.80806574414  1835.408
7122.86930674568  1799.938
7122.93054334302  1783.731
7122.99177553594  1757.972
7123.0530033242  1770.576
7123.11422670756  1722.344
7123.1754456858  1719.104
7123.23666025868  1717.216
7123.29787042595  1810.092
7123.3590761874  1796.254
7123.42027754278  1663.3
7123.48147449186  1713.096
7123.5426670344  1734.609
7123.60385517018  1666.315
7123.66503889895  1743.993
7123.72621822049  1805.87
7123.78739313456  1707.255
7123.84856364092  1798.902
7123.90972973935  1793.743
7123.97089142961  1723.134
7124.03204871146  1738.916
7124.09320158467  1791.555
7124.15435004901  1736.833
7124.21549410424  1730.743
7124.27663375014  1712.088
7124.33776898646  1798.479
7124.39889981298  1877.214
7124.46002622946  1818.161
7124.52114823566  1841.506
7124.58226583136  1876.451
7124.64337901632  1793.154
7124.70448779032  1918.244
7124.7655921531  1908.122
7124.82669210445  1946.351
7124.88778764413  1930.28
7124.94887877191  1911.311
7125.00996548755  1914.621
7125.07104779083  1971.141
7125.1321256815  1940.059
7125.19319915934  1849.455
7125.25426822412  1805.886
7125.3153328756  1943.065
7125.37639311355  1976.766
7125.43744893773  1952.269
7125.49850034792  1862.35
7125.55954734388  1904.119
7125.62058992539  1901.895
7125.6816280922  1893.99
7125.74266184409  1890.226
7125.80369118083  1917.706
7125.86471610217  1924.278
7125.92573660791  1895.402
7125.98675269778  1878.359
7126.04776437158  1883.443
7126.10877162907  1885.062
7126.16977447001  1923.742
7126.23077289417  1811.778
7126.29176690132  1933.712
7126.35275649123  1946.638
7126.41374166368  1970.203
7126.47472241842  1954.226
7126.53569875523  1843.82
7126.59667067387  1920.13
7126.65763817412  1922.795
7126.71860125574  1807.111
7126.77955991851  1985.314
7126.84051416218  1930.299
7126.90146398654  1922.203
7126.96240939134  1920.62
7127.02335037637  1819.013
7127.08428694138  1880.505
7127.14521908615  1892.026
7127.20614681045  1831.993
7127.26707011405  1939.616
7127.32798899671  1887.294
7127.3889034582  1911.135
7127.44981349831  1947.262
7127.51071911679  2020.188
7127.57162031341  1926.736
7127.63251708795  1866.766
7127.69340944018  1812.318
7127.75429736986  1866.265
7127.81518087676  1886.288
7127.87605996066  1910.58
7127.93693462132  1940.173
7127.99780485852  1870.316
7128.05867067203  1826.476
7128.11953206161  1797.356
7128.18038902704  1825.265
7128.24124156809  1793.11
7128.30208968452  1902.419
7128.36293337611  1840.957
7128.42377264263  1876.058
7128.48460748385  1823.239
7128.54543789954  1860.798
7128.60626388947  1829.743
7128.66708545341  1818.707
7128.72790259114  1856.195
7128.78871530242  1934.231
7128.84952358702  1897.66
7128.91032744472  1783.628
7128.97112687529  1921.384
7129.03192187849  1880.441
7129.09271245411  1873.157
7129.1534986019  1815.984
7129.21428032165  1858.344
7129.27505761312  1872.483
7129.33583047609  1928.764
7129.39659891033  1824.453
7129.4573629156  1842.001
7129.51812249168  1866.642
7129.57887763835  1883.199
7129.63962835537  1813.615
7129.70037464252  1937.497
7129.76111649956  1957.758
7129.82185392627  1891.839
7129.88258692243  1831.874
7129.9433154878  1759.203
7130.00403962215  1928.802
7130.06475932527  1816.198
7130.12547459691  1856.402
7130.18618543686  1870.691
7130.24689184488  1875.688
7130.30759382075  1801.961
7130.36829136424  1756.999
7130.42898447513  1961.213
7130.48967315318  1902.572
7130.55035739817  1865.664
7130.61103720987  1801.683
7130.67171258805  1841.143
7130.73238353249  1827.933
7130.79305004297  1820.51
7130.85371211924  1758.981
7130.91436976109  1795.564
7130.97502296829  1900.637
7131.03567174061  1816.68
7131.09631607783  1831.975
7131.15695597972  1874.525
7131.21759144605  1811.349
7131.27822247659  1867.032
7131.33884907112  1811.64
7131.39947122942  1775.589
7131.46008895126  1784.475
7131.5207022364  1811.947
7131.58131108463  1901.19
7131.64191549571  1768.662
7131.70251546943  1753.699
7131.76311100555  1706.666
7131.82370210385  1749.807
7131.8842887641  1824.936
7131.94487098608  1719.209
7132.00544876957  1762.362
7132.06602211433  1730.377
7132.12659102014  1754.077
7132.18715548677  1760.53
7132.24771551401  1723.91
7132.30827110161  1672.657
7132.36882224936  1742.591
7132.42936895704  1697.272
7132.48991122441  1620.022
7132.55044905126  1766.353
7132.61098243735  1733.559
7132.67151138246  1658.736
7132.73203588637  1797.426
7132.79255594885  1741.364
7132.85307156968  1741.069
7132.91358274862  1804.345
7132.97408948546  1779.994
7133.03459177998  1792.003
7133.09508963194  1806.769
7133.15558304112  1889.452
7133.2160720073  1786.893
7133.27655653025  1826.284
7133.33703660975  1852.789
7133.39751224557  1807.287
7133.45798343749  1836.434
7133.51845018529  1833.543
7133.57891248873  1830.26
7133.63937034761  1754.319
7133.69982376168  1775.122
7133.76027273073  1787.111
7133.82071725454  1893.977
7133.88115733287  1770.766
7133.94159296552  1719.453
7134.00202415224  1787.346
7134.06245089282  1764.526
7134.12287318704  1810.004
7134.18329103466  1784.374
7134.24370443548  1831.466
7134.30411338925  1823.003
7134.36451789577  1814.206
7134.4249179548  1835.631
7134.48531356613  1882.005
7134.54570472952  1850.331
7134.60609144476  1791.579
7134.66647371163  1801.933
7134.72685152989  1817.76
7134.78722489933  1839.645
7134.84759381973  1837.761
7134.90795829085  1870.866
7134.96831831249  1835.454
7135.02867388441  1861.689
7135.08902500639  1890.141
7135.1493716782  1868.788
7135.20971389964  1861.881
7135.27005167047  1864.037
7135.33038499047  1867.457
7135.39071385942  1879.778
7135.4510382771  1848.147
7135.51135824328  1826.727
7135.57167375774  1852.393
7135.63198482026  1804.14
7135.69229143062  1835.09
7135.75259358859  1798.321
7135.81289129396  1849.736
7135.8731845465  1766.223
7135.93347334598  1864.016
7135.9937576922  1920.845
7136.05403758492  1833.8
7136.11431302392  1808.865
7136.17458400898  1858.945
7136.23485053988  1965.603
7136.2951126164  1830.829
7136.35537023832  1782.371
7136.41562340541  1796.593
7136.47587211746  1870.521
7136.53611637424  1839.601
7136.59635617553  1887.352
7136.65659152111  1882.521
7136.71682241076  1900.227
7136.77704884425  1942.371
7136.83727082137  1878.921
7136.8974883419  1839.38
7136.95770140561  1849.134
7137.01791001228  1805.597
7137.0781141617  1799.239
7137.13831385364  1772.144
7137.19850908788  1929.748
7137.2586998642  1912.242
7137.31888618237  1828.509
7137.37906804219  1882.922
7137.43924544343  1830.18
7137.49941838586  1723.775
7137.55958686928  1775.437
7137.61975089345  1868.568
7137.67991045815  1811.83
7137.74006556318  1839.439
7137.8002162083  1842.275
7137.8603623933  1947.496
7137.92050411795  1870.183
7137.98064138204  1810.899
7138.04077418535  1729.089
7138.10090252765  1755.248
7138.16102640874  1778.085
7138.22114582838  1873.571
7138.28126078635  1807.308
7138.34137128245  1816.739
7138.40147731644  1877.141
7138.46157888812  1844.059
7138.52167599725  1807.336
7138.58176864363  1829.185
7138.64185682702  1834.364
7138.70194054722  1853.827
7138.762019804  1799.088
7138.82209459714  1888.583
7138.88216492643  1923.236
7138.94223079164  1857.378
7139.00229219256  1788.307
7139.06234912897  1854.134
7139.12240160065  1829.016
7139.18244960737  1863.604
7139.24249314893  1821.531
7139.3025322251  1810.986
7139.36256683567  1760.656
7139.42259698041  1873.515
7139.48262265911  1802.426
7139.54264387154  1754.607
7139.6026606175  1802.338
7139.66267289676  1783.416
7139.7226807091  1822.785
7139.7826840543  1840.591
7139.84268293216  1795.984
7139.90267734244  1743.975
7139.96266728494  1769.008
7140.02265275943  1824.57
7140.08263376569  1792.001
7140.14261030352  1781.658
7140.20258237268  1736.379
7140.26254997296  1787.112
7140.32251310415  1739.441
7140.38247176603  1693.002
7140.44242595838  1774.239
7140.50237568098  1709.221
7140.56232093361  1808.648
7140.62226171606  1728.232
7140.68219802811  1767.174
7140.74212986955  1806.61
7140.80205724015  1781.062
7140.86198013969  1795.407
7140.92189856798  1774.449
7140.98181252477  1741.92
7141.04172200986  1774.023
7141.10162702303  1763.827
7141.16152756407  1820.02
7141.22142363275  1797.161
7141.28131522887  1800.476
7141.3412023522  1714.317
7141.40108500252  1757.861
7141.46096317963  1838.661
7141.5208368833  1799.151
7141.58070611332  1795.38
7141.64057086947  1785.097
7141.70043115153  1796.919
7141.7602869593  1743.625
7141.82013829255  1778.254
7141.87998515106  1798.079
7141.93982753463  1740.326
7141.99966544303  1687.598
7142.05949887605  1769.839
7142.11932783347  1724.996
7142.17915231508  1731.025
7142.23897232067  1762.053
7142.29878785  1767.761
7142.35859890288  1778.57
7142.41840547908  1679.344
7142.4782075784  1738.987
7142.5380052006  1732.346
7142.59779834549  1763.262
7142.65758701284  1743.397
7142.71737120243  1776.627
7142.77715091406  1726.903
7142.8369261475  1824.758
7142.89669690255  1756.574
7142.95646317899  1675.62
7143.0162249766  1757.999
7143.07598229516  1706.444
7143.13573513447  1762.474
7143.19548349431  1764.289
7143.25522737445  1692.516
7143.3149667747  1798.151
7143.37470169483  1799.124
7143.43443213463  1706.438
7143.49415809389  1758.912
7143.55387957239  1678.852
7143.61359656991  1683.013
7143.67330908624  1716.546
7143.73301712118  1763.081
7143.79272067449  1705.123
7143.85241974598  1732.368
7143.91211433541  1702.101
7143.9718044426  1617.552
7144.0314900673  1705.197
7144.09117120933  1837.161
7144.15084786844  1717.342
7144.21052004445  1774.482
7144.27018773713  1770.463
7144.32985094626  1741.49
7144.38950967165  1702.347
7144.44916391306  1717.72
7144.50881367029  1661.578
7144.56845894312  1712.499
7144.62809973135  1763.513
7144.68773603475  1772.698
7144.74736785312  1764.942
7144.80699518624  1710.658
7144.8666180339  1757.366
7144.92623639588  1708.173
7144.98585027197  1753.634
7145.04545966196  1738.497
7145.10506456564  1665.727
7145.1646649828  1763.101
7145.22426091321  1694.812
7145.28385235667  1714.305
7145.34343931297  1793.75
7145.40302178189  1767.646
7145.46259976321  1720.815
7145.52217325674  1709.126
7145.58174226225  1738.164
7145.64130677954  1802.87
7145.70086680839  1669.413
7145.76042234858  1686.849
7145.81997339991  1662.207
7145.87951996217  1765.943
7145.93906203514  1751.54
7145.9985996186  1781.015
7146.05813271236  1651.439
7146.11766131619  1689.506
7146.17718542989  1640.798
7146.23670505323  1683.809
7146.29622018602  1705.422
7146.35573082805  1735.94
7146.41523697908  1683.287
7146.47473863893  1674.984
7146.53423580736  1677.365
7146.59372848419  1683.672
7146.65321666918  1747.87
7146.71270036214  1597.903
7146.77217956285  1683.734
7146.83165427109  1650.525
7146.89112448666  1752.936
7146.95059020935  1632.611
7147.01005143894  1678.916
7147.06950817523  1663.381
7147.128960418  1691.306
7147.18840816705  1669.239
7147.24785142216  1773.072
7147.30729018311  1629.198
7147.36672444971  1712.369
7147.42615422174  1721.48
7147.48557949899  1720.819
7147.54500028125  1735.482
7147.60441656831  1715.081
7147.66382835996  1615.046
7147.72323565598  1670.338
7147.78263845617  1693.801
7147.84203676032  1645.566
7147.90143056822  1742.66
7147.96081987966  1727.226
7148.02020469442  1737.986
7148.07958501231  1649.428
7148.1389608331  1672.267
7148.19833215659  1721.296
7148.25769898257  1743.591
7148.31706131083  1665.082
7148.37641914115  1669.155
7148.43577247334  1632.307
7148.49512130718  1636.071
7148.55446564245  1574.132
7148.61380547896  1585.236
7148.6731408165  1543.424
7148.73247165484  1587.974
7148.79179799379  1576.832
7148.85111983313  1586.765
7148.91043717266  1497.73
7148.96975001217  1544.299
7149.02905835144  1521.108
7149.08836219028  1502.528
7149.14766152846  1521.515
7149.20695636578  1492.942
7149.26624670204  1569.113
7149.32553253702  1498.778
7149.38481387051  1503.921
7149.44409070231  1550.106
7149.50336303221  1497.987
7149.56263086  1442.553
7149.62189418547  1496.673
7149.68115300842  1460.985
7149.74040732863  1465.371
7149.79965714589  1445.748
7149.85890246001  1457.946
7149.91814327076  1434.505
7149.97737957795  1544.628
7150.03661138136  1460.391
7150.09583868079  1506.922
7150.15506147603  1577.993
7150.21427976687  1554.647
7150.2734935531  1645.45
7150.33270283452  1515.288
7150.39190761092  1609.419
7150.45110788208  1640.274
7150.51030364781  1622.891
7150.5694949079  1614.854
7150.62868166213  1620.555
7150.68786391031  1560.996
7150.74704165222  1609.79
7150.80621488765  1652.172
7150.86538361641  1667.883
7150.92454783827  1485.58
7150.98370755305  1635.066
7151.04286276052  1673.282
7151.10201346049  1633.866
7151.16115965274  1685.237
7151.22030133707  1548.019
7151.27943851326  1615.929
7151.33857118113  1560.811
7151.39769934045  1683.504
7151.45682299103  1711.171
7151.51594213265  1617.176
7151.5750567651  1622.951
7151.63416688819  1590.222
7151.69327250172  1649.07
7151.75237360545  1609.24
7151.8114701992  1667.974
7151.87056228276  1589.184
7151.92964985593  1628.162
7151.98873291848  1686.483
7152.04781147023  1651.452
7152.10688551096  1637.125
7152.16595504047  1583.399
7152.22502005855  1677.583
7152.284080565  1569.323
7152.34313655961  1653.29
7152.40218804218  1613.171
7152.4612350125  1519.047
7152.52027747036  1516.288
7152.57931541556  1637.106
7152.63834884789  1592.399
7152.69737776716  1612.365
7152.75640217315  1634.11
7152.81542206565  1658.001
7152.87443744447  1600.921
7152.9334483094  1665.248
7152.99245466023  1599.973
7153.05145649676  1569.019
7153.11045381878  1549.818
7153.16944662609  1599.266
7153.22843491849  1530.221
7153.28741869577  1644.026
7153.34639795771  1611.601
7153.40537270414  1565.401
7153.46434293482  1606.586
7153.52330864957  1630.795
7153.58226984817  1650.354
7153.64122653043  1573.598
7153.70017869614  1557.371
7153.75912634509  1577.591
7153.81806947708  1603.779
7153.8770080919  1658.756
7153.93594218936  1663.979
7153.99487176925  1607.408
7154.05379683136  1669.755
7154.11271737549  1668.11
7154.17163340144  1662.916
7154.23054490899  1635.982
7154.28945189796  1559.058
7154.34835436814  1618.861
7154.40725231932  1607.466
7154.46614575129  1594.266
7154.52503466386  1627.591
7154.58391905682  1667.916
7154.64279892997  1628.087
7154.70167428311  1573.771
7154.76054511603  1634.766
7154.81941142852  1641.151
7154.8782732204  1637.32
7154.93713049144  1612.591
7154.99598324146  1660.969
7155.05483147024  1623.739
7155.11367517759  1549.441
7155.1725143633  1658.056
7155.23134902717  1584.097
7155.29017916899  1605.495
7155.34900478856  1621.736
7155.40782588569  1631.54
7155.46664246017  1582.983
7155.52545451179  1604.439
7155.58426204036  1585.649
7155.64306504566  1598.862
7155.70186352751  1583.159
7155.76065748569  1670.226
7155.81944692001  1562.047
7155.87823183027  1570.077
7155.93701221625  1588.8
7155.99578807776  1595.076
7156.0545594146  1497.976
7156.11332622656  1590.824
7156.17208851345  1513.721
7156.23084627506  1505.179
7156.28959951119  1529.875
7156.34834822164  1506.151
7156.4070924062  1618.25
7156.46583206469  1611.829
7156.52456719688  1503.578
7156.58329780259  1532.575
7156.64202388161  1528.265
7156.70074543374  1548.855
7156.75946245878  1554.313
7156.81817495653  1595.598
7156.87688292678  1485.714
7156.93558636934  1566.387
7156.99428528401  1480.331
7157.05297967058  1592.116
7157.11166952886  1611.946
7157.17035485863  1528.677
7157.22903565971  1489.664
7157.28771193189  1525.161
7157.34638367498  1514.484
7157.40505088876  1577.41
7157.46371357304  1550.644
7157.52237172763  1620.732
7157.58102535231  1533.13
7157.63967444689  1418.213
7157.69831901117  1565.969
7157.75695904495  1660.6
7157.81559454802  1499.39
7157.8742255202  1550.705
7157.93285196128  1610.648
7157.99147387105  1539.812
7158.05009124932  1579.888
7158.10870409589  1633.007
7158.16731241056  1545.275
7158.22591619313  1574.467
7158.2845154434  1535.631
7158.34311016117  1476.769
7158.40170034624  1576.639
7158.46028599842  1581.584
7158.51886711749  1587.69
7158.57744370327  1609.745
7158.63601575555  1578.879
7158.69458327414  1538.182
7158.75314625883  1465.571
7158.81170470943  1503.278
7158.87025862574  1514.731
7158.92880800755  1491.115
7158.98735285467  1517.437
7159.04589316691  1513.284
7159.10442894405  1592.28
7159.16296018591  1476.5
7159.22148689228  1522.772
7159.28000906297  1455.074
7159.33852669778  1428.171
7159.3970397965  1486.445
7159.45554835895  1525.581
7159.51405238491  1573.99
7159.57255187421  1599.962
7159.63104682662  1527.772
7159.68953724196  1547.146
7159.74802312004  1644.662
7159.80650446064  1534.012
7159.86498126358  1566.779
7159.92345352865  1480.509
7159.98192125566  1520.354
7160.04038444441  1528.403
7160.0988430947  1547.565
7160.15729720633  1551.318
7160.21574677911  1511.842
7160.27419181284  1494.292
7160.33263230732  1550.597
7160.39106826236  1492.914
7160.44949967775  1502.402
7160.5079265533  1443.739
7160.56634888881  1591.114
7160.62476668408  1522.199
7160.68317993893  1560.665
7160.74158865314  1507.3
7160.79999282652  1490.206
7160.85839245889  1498.575
7160.91678755003  1543.458
7160.97517809975  1556.663
7161.03356410786  1502.661
7161.09194557416  1470.171
7161.15032249845  1549.833
7161.20869488053  1560.479
7161.26706272022  1464.848
7161.3254260173  1549.718
7161.3837847716  1465.297
7161.4421389829  1539.957
7161.50048865101  1463.664
7161.55883377574  1447.631
7161.6171743569  1496.664
7161.67551039427  1493.374
7161.73384188768  1506.664
7161.79216883692  1598.808
7161.85049124179  1519.899
7161.9088091021  1463.49
7161.96712241766  1449.624
7162.02543118827  1465.948
7162.08373541373  1506.623
7162.14203509385  1508.884
7162.20033022843  1444.528
7162.25862081727  1464.707
7162.31690686019  1439.341
7162.37518835698  1524.425
7162.43346530745  1479.102
7162.49173771141  1479.957
7162.55000556865  1558.922
7162.60826887899  1567.77
7162.66652764223  1481.466
7162.72478185817  1492.235
7162.78303152662  1511.22
7162.84127664738  1496.02
7162.89951722027  1503.837
7162.95775324507  1415.2
7163.01598472161  1499.88
7163.07421164968  1394.761
7163.13243402909  1444.896
7163.19065185965  1483.941
7163.24886514115  1444.585
7163.30707387341  1492.033
7163.36527805624  1497.072
7163.42347768943  1454.369
7163.48167277279  1439.852
7163.53986330614  1496.684
7163.59804928927  1481.871
7163.65623072198  1516.168
7163.7144076041  1516.294
7163.77257993541  1474.613
7163.83074771574  1393.913
7163.88891094488  1427.687
7163.94706962264  1476.444
7164.00522374883  1397.951
7164.06337332325  1457.962
7164.12151834571  1440.471
7164.17965881601  1421.181
7164.23779473397  1385.163
7164.29592609939  1365.913
7164.35405291207  1410.81
7164.41217517182  1433.451
7164.47029287846  1381.948
7164.52840603178  1423.463
7164.58651463159  1450.543
7164.6446186777  1416.848
7164.70271816991  1430.64
7164.76081310804  1429.512
7164.81890349189  1429.663
7164.87698932127  1356.756
7164.93507059598  1418.423
7164.99314731583  1465.082
7165.05121948064  1382.72
7165.1092870902  1391.955
7165.16735014432  1432.763
7165.22540864281  1355.718
7165.28346258548  1433.358
7165.34151197214  1351.576
7165.3995568026  1390.594
7165.45759707665  1318.892
7165.51563279411  1298.834
7165.5736639548  1302.908
7165.6316905585  1359.459
7165.68971260504  1354.573
7165.74773009422  1300.96
7165.80574302585  1301.36
7165.86375139974  1309.771
7165.92175521569  1269.958
7165.97975447352  1290.684
7166.03774917303  1338.037
7166.09573931403  1231.632
7166.15372489633  1278.388
7166.21170591973  1271.878
7166.26968238405  1251.273
7166.3276542891  1276.465
7166.38562163468  1277.675
7166.4435844206  1325.354
7166.50154264667  1256.883
7166.5594963127  1283.257
7166.6174454185  1277.825
7166.67538996388  1330.427
7166.73332994864  1322.701
7166.7912653726  1363.175
7166.84919623556  1331.002
7166.90712253734  1336.83
7166.96504427774  1334.24
7167.02296145657  1348.659
7167.08087407364  1286.805
7167.13878212877  1325.62
7167.19668562175  1336.802
7167.25458455241  1271.355
7167.31247892055  1255.194
7167.37036872597  1238.277
7167.42825396849  1260.755
7167.48613464793  1329.534
7167.54401076408  1331.657
7167.60188231676  1389.686
7167.65974930578  1285.104
7167.71761173095  1326.204
7167.77546959208  1243.553
7167.83332288897  1226.722
7167.89117162145  1027.821
7167.94901578931  1122.949
7168.00685539238  1209.937
7168.06469043045  1338.141
7168.12252090334  1436.038
7168.18034681087  1373.656
7168.23816815284  1432.124
7168.29598492906  1473.827
7168.35379713934  1460.54
7168.4116047835  1358.464
7168.46940786134  1381.066
7168.52720637268  1446.529
7168.58500031732  1371.911
7168.64278969508  1374.082
7168.70057450577  1387.769
7168.7583547492  1374.416
7168.81613042518  1340.532
7168.87390153352  1346.714
7168.93166807404  1392.7
7168.98943004653  1358.11
7169.04718745083  1359.484
7169.10494028673  1346.104
7169.16268855405  1363.16
7169.2204322526  1304.226
7169.27817138219  1412.394
7169.33590594264  1352.237
7169.39363593375  1407.369
7169.45136135534  1367.329
7169.50908220722  1351.832
7169.5667984892  1349.267
7169.62451020109  1437.816
7169.68221734271  1415.462
7169.73991991386  1401.442
7169.79761791437  1365.256
7169.85531134403  1357.72
7169.91300020267  1349.84
7169.9706844901  1360.741
7170.02836420612  1282.741
7170.08603935056  1298.194
7170.14370992322  1317.807
7170.20137592392  1339.828
7170.25903735246  1280.498
7170.31669420867  1292.663
7170.37434649235  1294.586
7170.43199420332  1292.289
7170.48963734139  1219.978
7170.54727590637  1186.743
7170.60490989807  1251.994
7170.66253931632  1254.943
7170.72016416092  1395.424
7170.77778443168  1306.086
7170.83540012843  1366.461
7170.89301125096  1285.591
7170.9506177991  1351.343
7171.00821977266  1281.89
7171.06581717145  1368.475
7171.12340999529  1364.687
7171.18099824399  1395.982
7171.23858191736  1333.864
7171.29616101521  1386.411
7171.35373553737  1376.413
7171.41130548364  1404.226
7171.46887085384  1352.605
7171.52643164778  1400.471
7171.58398786528  1351.29
7171.64153950615  1308.725
7171.6990865702  1304.496
7171.75662905725  1361.878
7171.81416696711  1381.16
7171.87170029961  1328.764
7171.92922905454  1397.055
7171.98675323173  1311.222
7172.04427283099  1323.223
7172.10178785213  1307.53
7172.15929829498  1326.058
7172.21680415933  1361.143
7172.27430544502  1377.259
7172.33180215185  1340.957
7172.38929427964  1411.258
7172.44678182821  1359.816
7172.50426479736  1364.303
7172.56174318691  1251.645
7172.61921699669  1254.452
7172.6766862265  1072.468
7172.73415087615  1101.457
7172.79161094548  1148.501
7172.84906643428  1243.152
7172.90651734237  1248.999
7172.96396366958  1284.166
7173.02140541571  1276.874
7173.07884258059  1347.177
7173.13627516402  1358.227
7173.19370316582  1271.706
7173.25112658582  1291.539
7173.30854542381  1170.841
7173.36595967963  1102.014
7173.42336935308  1069.958
7173.48077444399  1133.346
7173.53817495216  1189.77
7173.59557087742  1243.279
7173.65296221958  1243.492
7173.71034897846  1215.464
7173.76773115386  1158.797
7173.82510874562  1220.12
7173.88248175354  1219.01
7173.93985017745  1337.458
7173.99721401715  1355.625
7174.05457327247  1230.413
7174.11192794322  1198.942
7174.16927802922  1129.669
7174.22662353029  1186.948
7174.28396444623  1305.683
7174.34130077688  1315.447
7174.39863252204  1381.469
7174.45595968153  1323.672
7174.51328225518  1276.491
7174.57060024279  1335.79
7174.62791364419  1339.367
7174.68522245918  1320.967
7174.7425266876  1286.448
7174.79982632925  1278.701
7174.85712138395  1366.464
7174.91441185153  1302.776
7174.9716977318  1236.997
7175.02897902457  1287.808
7175.08625572966  1311.41
7175.1435278469  1327.53
7175.20079537609  1215.563
7175.25805831707  1275.278
7175.31531666963  1257.793
7175.37257043361  1236.783
7175.42981960882  1303.799
7175.48706419508  1331.515
7175.54430419221  1260.627
7175.60153960002  1245.818
7175.65877041834  1227.726
7175.71599664697  1236.717
7175.77321828575  1278.857
7175.83043533449  1214.898
7175.887647793  1238.516
7175.9448556611  1217.568
7176.00205893863  1175.082
7176.05925762538  1169.113
7176.11645172119  1089.774
7176.17364122587  1093.66
7176.23082613923  1164.978
7176.28800646111  1126.828
7176.34518219131  1242.122
7176.40235332965  1288.116
7176.45951987596  1226.042
7176.51668183006  1277.848
7176.57383919176  1301.911
7176.63099196088  1243.613
7176.68814013725  1277.535
7176.74528372067  1250.716
7176.80242271098  1119.242
7176.85955710798  1180.465
7176.91668691151  1158.07
7176.97381212137  1195.554
7177.0309327374  1068.812
7177.0880487594  1015.426
7177.14516018721  1080.936
7177.20226702063  1075.164
7177.25936925948  971.0353
7177.3164669036  903.8782
7177.3735599528  809.1144
7177.43064840689  850.705
7177.4877322657  896.2245
7177.54481152905  977.4421
7177.60188619676  942.494
7177.65895626865  998.819
7177.71602174454  988.6268
7177.77308262425  1098.115
7177.8301389076  1140.554
7177.88719059441  1115.775
7177.9442376845  1186.507
7178.0012801777  1149.751
7178.05831807382  1169.12
7178.11535137268  1181.194
7178.17238007411  1188.145
7178.22940417792  1172.515
7178.28642368395  1184.211
7178.34343859199  1098.148
7178.40044890189  1125.717
7178.45745461346  1149.617
7178.51445572652  1117.041
7178.57145224089  1256.471
7178.62844415639  1196.34
7178.68543147285  1155.553
7178.74241419009  1200.013
7178.79939230793  1174.766
7178.85636582618  1170.824
7178.91333474468  1141.101
7178.97029906324  1151.222
7179.02725878168  1157.997
7179.08421389984  1191.342
7179.14116441752  1245.143
7179.19811033455  1143.563
7179.25505165075  1191.731
7179.31198836595  1103.644
7179.36892047996  1219.3
7179.42584799262  1120.047
7179.48277090373  1261.595
7179.53968921313  1181.531
7179.59660292063  1189.517
7179.65351202607  1211.57
7179.71041652925  1207.558
7179.76731643001  1172.271
7179.82421172816  1152.315
7179.88110242353  1176.615
7179.93798851594  1182.204
7179.99487000521  1248.27
7180.05174689117  1190.804
7180.10861917364  1144.199
7180.16548685245  1191.349
7180.22234992741  1154.307
7180.27920839835  1188.691
7180.33606226508  1164.15
7180.39291152745  1127.075
7180.44975618526  1193.974
7180.50659623834  1099.24
7180.56343168652  1186.409
7180.62026252962  1172.29
7180.67708876746  1179.903
7180.73391039986  1167.091
7180.79072742665  1152.888
7180.84753984765  1128.477
7180.90434766269  1203.083
7180.96115087159  1142.827
7181.01794947418  1137.644
7181.07474347027  1097.692
7181.13153285969  1129.309
7181.18831764227  1042.036
7181.24509781783  1091.562
7181.30187338619  1137.886
7181.35864434718  1095.638
7181.41541070063  969.2254
7181.47217244634  765.6249
7181.52892958416  672.1473
7181.58568211391  693.2079
7181.6424300354  845.3129
7181.69917334847  935.9364
7181.75591205294  881.3663
7181.81264614863  930.241
7181.86937563537  977.8437
7181.92610051299  991.0163
7181.9828207813  1124.551
7182.03953644013  1082.592
7182.09624748932  1044.977
7182.15295392867  1117.843
7182.20965575802  1111.944
7182.2663529772  1027.552
7182.32304558602  1062.189
7182.37973358432  1124.494
7182.43641697192  1033.259
7182.49309574864  1098.97
7182.54976991431  1052.544
7182.60643946876  988.8445
7182.66310441181  1026.772
7182.71976474328  1018.292
7182.776420463  946.1516
7182.83307157081  1088.988
7182.88971806652  995.2385
7182.94635994995  1058.21
7183.00299722094  1001.575
7183.05962987932  1056.87
7183.1162579249  1035.613
7183.17288135751  1036.329
7183.22950017699  1047.987
7183.28611438315  1066.112
7183.34272397582  1045.078
7183.39932895483  1054.224
7183.45592932  1071.697
7183.51252507117  1131.65
7183.56911620816  1097.035
7183.62570273079  1011.09
7183.68228463889  1060.96
7183.73886193228  1156.662
7183.7954346108  1057.341
7183.85200267428  1056.962
7183.90856612253  1040.985
7183.96512495539  1149.187
7184.02167917268  1091.261
7184.07822877422  1061.431
7184.13477375986  1150.846
7184.19131412941  1043.208
7184.2478498827  1063.138
7184.30438101955  975.4438
7184.3609075398  830.043
7184.41742944328  690.5691
7184.4739467298  507.0147
7184.5304593992  406.5965
7184.58696745131  513.4078
7184.64347088595  751.3846
7184.69996970295  901.8476
7184.75646390214  991.1033
7184.81295348334  1026.927
7184.86943844639  1038.337
7184.92591879111  1037.084
7184.98239451733  1058.626
7185.03886562488  1082.99
7185.09533211359  1120.834
7185.15179398328  1076.35
7185.20825123378  1093.256
7185.26470386492  1121.854
7185.32115187653  1075.013
7185.37759526844  1073.115
7185.43403404048  1070.301
7185.49046819247  1084.477
7185.54689772424  1148.207
7185.60332263563  1122.576
7185.65974292646  1093.585
7185.71615859655  1047.682
7185.77256964574  1061.421
7185.82897607387  1077.529
7185.88537788074  1024.028
7185.9417750662  1043.497
7185.99816763008  1002.278
7186.0545555722  918.1779
7186.11093889239  833.1395
7186.16731759048  778.74
7186.22369166631  759.4265
7186.28006111969  763.086
7186.33642595047  653.5659
7186.39278615846  645.4018
7186.4491417435  735.4733
7186.50549270543  875.3572
7186.56183904405  954.6399
7186.61818075922  1010.436
7186.67451785076  1039.521
7186.73085031849  980.7183
7186.78717816225  1034.895
7186.84350138187  967.7609
7186.89981997717  955.5375
7186.95613394799  868.6022
7187.01244329416  872.8202
7187.06874801551  904.7057
7187.12504811186  898.9189
7187.18134358306  999.0135
7187.23763442892  886.8368
7187.29392064928  791.187
7187.35020224397  612.0861
7187.40647921282  535.1635
7187.46275155566  608.1929
7187.51901927233  789.0512
7187.57528236264  961.4749
7187.63154082644  985.2321
7187.68779466356  1004.178
7187.74404387381  1000.544
7187.80028845705  1001.248
7187.85652841309  904.0976
7187.91276374177  933.9254
7187.96899444291  1016.723
7188.02522051636  1005.924
7188.08144196194  964.3347
7188.13765877948  990.5471
7188.19387096882  946.2239
7188.25007852978  947.3935
7188.3062814622  938.2319
7188.36247976591  910.4775
7188.41867344073  938.5692
7188.47486248652  886.0803
7188.53104690308  940.0545
7188.58722669026  959.2968
7188.64340184789  979.8081
7188.69957237579  978.5192
7188.75573827381  913.5323
7188.81189954178  950.3616
7188.86805617951  910.1035
7188.92420818686  943.8313
7188.98035556365  921.0967
7189.0364983097  876.5681
7189.09263642487  925.077
7189.14876990896  992.3436
7189.20489876183  929.3398
7189.26102298331  951.306
7189.31714257321  888.4274
7189.37325753138  988.7185
7189.42936785766  941.7742
7189.48547355186  988.2214
7189.54157461383  985.8315
7189.5976710434  970.2304
7189.6537628404  943.0951
7189.70985000467  963.6277
7189.76593253603  970.8078
7189.82201043432  926.5226
7189.87808369938  952.7583
7189.93415233104  1034.439
7189.99021632912  951.2576
7190.04627569347  1000.955
7190.10233042391  951.3394
7190.15838052029  939.897
7190.21442598242  934.6628
7190.27046681016  968.4657
7190.32650300333  957.2656
7190.38253456176  1016.023
7190.43856148529  930.4796
7190.49458377376  1011.848
7190.55060142699  925.2062
7190.60661444482  1012.494
7190.66262282708  992.6426
7190.71862657362  935.7042
7190.77462568425  963.7547
7190.83062015883  866.7028
7190.88660999717  929.7082
7190.94259519912  929.9348
7190.99857576451  920.0953
7191.05455169317  882.6089
7191.11052298494  912.5093
7191.16648963966  901.9843
7191.22245165715  904.4781
7191.27840903726  850.4783
7191.33436177981  811.2992
7191.39030988464  663.7629
7191.44625335159  539.6729
7191.5021921805  423.0981
7191.55812637119  525.019
7191.61405592349  702.0803
7191.66998083726  873.8538
7191.72590111232  859.1159
7191.78181674851  854.0142
7191.83772774566  823.2812
7191.89363410361  800.8447
7191.94953582219  833.8187
7192.00543290123  895.1409
7192.06132534058  944.8587
7192.11721314008  898.7649
7192.17309629954  967.0177
7192.22897481882  933.397
7192.28484869775  917.6174
7192.34071793615  938.9377
7192.39658253388  880.9918
7192.45244249076  822.3193
7192.50829780662  809.3527
7192.56414848132  885.3433
7192.61999451468  897.1483
7192.67583590653  919.3094
7192.73167265672  925.2611
7192.78750476508  927.3491
7192.84333223145  927.7759
7192.89915505566  936.1881
7192.95497323755  954.7269
7193.01078677696  954.1443
7193.06659567373  936.6245
7193.12239992767  939.7503
7193.17819953865  892.7093
7193.23399450649  887.6722
7193.28978483103  881.9016
7193.34557051211  890.6384
7193.40135154956  836.4761
7193.45712794322  768.6232
7193.51289969293  702.6974
7193.56866679853  656.2387
7193.62442925984  618.9667
7193.68018707672  636.0226
7193.73594024899  679.7527
7193.7916887765  681.2972
7193.84743265908  760.6891
7193.90317189656  794.3093
7193.95890648879  820.37
7194.01463643561  897.6446
7194.07036173685  823.9231
7194.12608239235  863.42
7194.18179840194  895.375
7194.23750976547  874.8646
7194.29321648277  885.1351
7194.34891855368  854.9297
7194.40461597804  865.9339
7194.46030875569  890.0346
7194.51599688646  852.9232
7194.57168037019  814.1519
7194.62735920673  893.0668
7194.68303339591  832.6567
7194.73870293756  820.0762
7194.79436783153  859.964
7194.85002807765  853.0963
7194.90568367577  817.0854
7194.96133462572  737.0065
7195.01698092734  741.0345
7195.07262258046  698.3434
7195.12825958494  748.6581
7195.1838919406  845.8342
7195.23951964729  799.7779
7195.29514270485  848.7741
7195.3507611131  876.1959
7195.4063748719  889.0472
7195.46198398108  865.0108
7195.51758844049  869.2524
7195.57318824995  856.7949
7195.62878340931  894.2383
7195.68437391841  854.7177
7195.73995977709  790.3058
7195.79554098519  870.1613
7195.85111754254  820.6944
7195.90668944899  864.0334
7195.96225670438  902.3228
7196.01781930855  854.454
7196.07337726133  883.0363
7196.12893056256  890.6827
7196.1844792121  859.0679
7196.24002320977  902.8195
7196.29556255541  866.6963
7196.35109724887  907.7901
7196.40662728998  910.7546
7196.4621526786  827.2595
7196.51767341454  819.8726
7196.57318949767  851.3732
7196.62870092782  832.8962
7196.68420770481  865.7852
7196.73970982851  839.2918
7196.79520729875  889.2488
7196.85070011537  887.3496
7196.9061882782  825.3762
7196.9616717871  900.3146
7197.0171506419  834.4446
7197.07262484244  821.1857
7197.12809438856  876.8112
7197.18355928011  758.5189
7197.23901951693  761.796
7197.29447509885  719.8889
7197.34992602571  836.0345
7197.40537229737  777.8326
7197.46081391366  821.5421
7197.51625087441  840.6522
7197.57168317948  849.8928
7197.62711082871  838.0621
7197.68253382193  802.9191
7197.73795215898  840.5562
7197.79336583972  752.2213
7197.84877486398  799.5759
7197.9041792316  751.6371
7197.95957894242  799.2641
7198.01497399629  798.3019
7198.07036439305  835.4873
7198.12575013253  771.5142
7198.18113121459  829.7793
7198.23650763906  798.5684
7198.29187940579  763.1644
7198.34724651462  742.9515
7198.40260896539  674.0565
7198.45796675794  648.3091
7198.51331989211  681.1979
7198.56866836776  841.2745
7198.62401218471  726.6612
7198.67935134282  792.2812
7198.73468584192  826.3893
7198.79001568186  784.8234
7198.84534086249  844.9916
7198.90066138363  811.4941
7198.95597724514  823.5541
7199.01128844687  714.7777
7199.06659498864  802.6307
7199.12189687031  844.6506
7199.17719409172  814.449
7199.23248665271  803.5316
7199.28777455313  829.9343
7199.34305779281  879.9624
7199.39833637161  824.3198
7199.45361028936  835.6862
7199.50887954592  852.0907
7199.56414414111  840.5275
7199.61940407479  795.9431
7199.6746593468  807.9779
7199.72990995698  844.8804
7199.78515590518  857.7967
7199.84039719124  840.2012
7199.895633815  862.8782
7199.95086577632  834.0079
7200.00609307502  803.7708
7200.06131571097  803.0769
7200.11653368399  768.4102
7200.17174699394  850.0015
7200.22695564065  786.928
7200.28215962399  719.2732
7200.33735894378  714.6516
7200.39255359987  663.995
7200.44774359211  584.2921
7200.50292892034  564.5547
7200.5581095844  513.3681
7200.61328558415  567.6777
7200.66845691942  766.9467
7200.72362359006  716.0969
7200.77878559592  732.8254
7200.83394293684  795.7012
7200.88909561266  763.0054
7200.94424362323  782.5952
7200.9993869684  725.2211
7201.054525648  660.5005
7201.1096596619  542.7274
7201.16478900992  405.5536
7201.21991369192  424.9191
7201.27503370774  483.6635
