8071.996140542  929.7307
8072.07077328649  968.9739
8072.14540128393  1000.703
8072.22002453397  1051.176
8072.29464303628  1005.618
8072.36925679052  1009.944
8072.44386579635  965.1494
8072.51847005343  1019.838
8072.59306956141  1045.713
8072.66766431997  1006.576
8072.74225432876  1051.825
8072.81683958744  1006.164
8072.89142009568  1007.923
8072.96599585314  983.7797
8073.04056685947  1067.228
8073.11513311434  1021.168
8073.18969461742  1039.287
8073.26425136835  1006.109
8073.33880336681  1019.289
8073.41335061246  1059.519
8073.48789310495  1011.087
8073.56243084395  1045.351
8073.63696382913  1003.157
8073.71149206014  952.5797
8073.78601553664  994.7513
8073.86053425831  1016.457
8073.93504822479  962.1743
8074.00955743576  1064.486
8074.08406189087  1009.988
8074.1585615898  1079.215
8074.23305653219  981.024
8074.30754671772  1016.724
8074.38203214604  1029.92
8074.45651281683  1093.005
8074.53098872973  983.0286
8074.60545988443  1013.272
8074.67992628057  1043.969
8074.75438791782  1032.218
8074.82884479585  1042.627
8074.90329691432  1034.869
8074.97774427289  1060.139
8075.05218687122  1016.763
8075.12662470898  1033.586
8075.20105778584  980.1024
8075.27548610146  1053.468
8075.34990965549  1011.246
8075.42432844761  1066.747
8075.49874247747  993.2286
8075.57315174475  1094.476
8075.64755624911  1038.633
8075.7219559902  1032.422
8075.79635096771  1062.872
8075.87074118128  1032.238
8075.94512663058  989.4645
8076.01950731529  1060.422
8076.09388323506  1065.455
8076.16825438955  1011.749
8076.24262077844  956.7786
8076.31698240138  1013.95
8076.39133925805  1020.818
8076.4656913481  984.9422
8076.54003867121  1022.195
8076.61438122703  1026.941
8076.68871901524  1011.067
8076.76305203549  1058.288
8076.83738028746  1038.168
8076.91170377081  1018.826
8076.9860224852  1038.338
8077.0603364303  1047.042
8077.13464560578  1044.782
8077.2089500113  1066.046
8077.28324964652  1035.34
8077.35754451112  1065.197
8077.43183460476  1091.311
8077.5061199271  1102.818
8077.58040047782  1075.284
8077.65467625657  1057.377
8077.72894726303  1050.192
8077.80321349685  1091.27
8077.87747495772  1117.75
8077.95173164529  1063.951
8078.02598355922  1135.398
8078.1002306992  1093.945
8078.17447306488  1097.915
8078.24871065593  1090.623
8078.32294347201  1125.687
8078.3971715128  1160.018
8078.47139477796  1033.136
8078.54561326716  1106.603
8078.61982698007  1101.715
8078.69403591635  1079.661
8078.76824007567  1113.036
8078.8424394577  1061.717
8078.9166340621  1098.726
8078.99082388855  1068.298
8079.0650089367  1099.878
8079.13918920624  1075.421
8079.21336469682  1105.105
8079.28753540812  1123.183
8079.3617013398  1137.601
8079.43586249153  1063.556
8079.51001886298  1149.388
8079.58417045382  1117.255
8079.65831726371  1113.439
8079.73245929232  1109.278
8079.80659653933  1099.842
8079.8807290044  1111.102
8079.9548566872  1080.456
8080.02897958739  1076.636
8080.10309770465  1140.589
8080.17721103865  1072.919
8080.25131958906  1096.064
8080.32542335553  1109.77
8080.39952233775  1134.218
8080.47361653538  1106.226
8080.5477059481  1132.316
8080.62179057556  1141.113
8080.69587041745  1109.23
8080.76994547342  1104.605
8080.84401574315  1184.572
8080.91808122631  1092.789
8080.99214192257  1082.072
8081.0661978316  1071.765
8081.14024895307  1094.788
8081.21429528664  1075.993
8081.28833683199  1095.468
8081.3623735888  1102.602
8081.43640555672  1090.744
8081.51043273542  1098.069
8081.58445512459  1101.031
8081.65847272389  1123.296
8081.73248553298  1089.433
8081.80649355155  1065.756
8081.88049677926  1092.042
8081.95449521578  1154.456
8082.02848886078  1092.625
8082.10247771394  1118.038
8082.17646177492  1141.151
8082.25044104339  1055.041
8082.32441551904  1081.568
8082.39838520152  1129.129
8082.47235009051  1024.057
8082.54631018568  1165.623
8082.6202654867  1127.094
8082.69421599325  1134.031
8082.76816170499  1123.216
8082.8421026216  1069.213
8082.91603874274  1070.093
8082.9899700681  1054.486
8083.06389659734  1072.496
8083.13781833013  1069.681
8083.21173526615  1062.366
8083.28564740507  1157.486
8083.35955474655  1056.607
8083.43345729029  1152.237
8083.50735503593  1122.341
8083.58124798317  1075.534
8083.65513613166  1110.689
8083.72901948108  1088.147
8083.80289803111  1126.883
8083.87677178142  1139.654
8083.95064073168  1112.203
8084.02450488157  1141.437
8084.09836423075  1134.394
8084.1722187789  1158.129
8084.24606852569  1114.427
8084.3199134708  1138.468
8084.3937536139  1140.49
8084.46758895466  1080.127
8084.54141949276  1111.298
8084.61524522786  1131.241
8084.68906615965  1130.943
8084.7628822878  1103.504
8084.83669361198  1141.346
8084.91050013186  1122.114
8084.98430184712  1127.041
8085.05809875744  1173.543
8085.13189086248  1164.531
8085.20567816192  1079.247
8085.27946065543  1115.65
8085.3532383427  1133.416
8085.42701122339  1059.652
8085.50077929718  1148.684
8085.57454256373  1148.401
8085.64830102274  1091.042
8085.72205467387  1087.587
8085.79580351679  1100.851
8085.86954755119  1061.541
8085.94328677673  1094.032
8086.01702119309  1103.289
8086.09075079995  1123.187
8086.16447559698  1141.488
8086.23819558386  1125.147
8086.31191076026  981.9128
8086.38562112586  1026.401
8086.45932668033  1069.508
8086.53302742335  1083.712
8086.60672335459  1056.209
8086.68041447373  1056.298
8086.75410078045  1128.447
8086.82778227442  1068.019
8086.90145895531  1035.485
8086.97513082281  1118.278
8087.0487978766  1119.88
8087.12246011633  1092.365
8087.19611754169  1086.319
8087.26977015237  1091.231
8087.34341794802  1103.664
8087.41706092834  1137.666
8087.490699093  1190.648
8087.56433244167  1114.814
8087.63796097403  1093.974
8087.71158468976  1165.731
8087.78520358853  1161.191
8087.85881767002  1215.21
8087.93242693392  1163.25
8088.00603137988  1230.776
8088.0796310076  1147.54
8088.15322581675  1146.483
8088.22681580701  1143.251
8088.30040097805  1159.024
8088.37398132955  1206.137
8088.44755686119  1174.31
8088.52112757265  1212.303
8088.59469346361  1184.576
8088.66825453373  1186.1
8088.74181078271  1193.865
8088.81536221021  1145.765
8088.88890881592  1163.033
8088.96245059952  1198.924
8089.03598756068  1190.97
8089.10951969908  1232.658
8089.18304701439  1115.613
8089.25656950631  1129.766
8089.3300871745  1224.079
8089.40360001865  1221.722
8089.47710803843  1146.752
8089.55061123352  1167.046
8089.6241096036  1184.997
8089.69760314835  1248.597
8089.77109186745  1197.623
8089.84457576058  1197.715
8089.91805482741  1190.603
8089.99152906763  1245.6
8090.06499848092  1225.917
8090.13846306695  1202.804
8090.2119228254  1203.381
8090.28537775596  1232.495
8090.35882785829  1139.481
8090.4322731321  1163.475
8090.50571357704  1183.131
8090.57914919281  1166.598
8090.65257997907  1176.073
8090.72600593553  1167.034
8090.79942706183  1171.042
8090.87284335769  1122.283
8090.94625482276  1213.867
8091.01966145674  1169.813
8091.0930632593  1182.787
8091.16646023012  1169.588
8091.23985236889  1240.197
8091.31323967528  1258.591
8091.38662214897  1215.389
8091.45999978966  1206.191
8091.533372597  1163.362
8091.6067405707  1167.642
8091.68010371042  1216.248
8091.75346201585  1166.178
8091.82681548668  1227.251
8091.90016412257  1192.611
8091.97350792322  1197.654
8092.0468468883  1186.745
8092.12018101749  1198.387
8092.19351031049  1191.985
8092.26683476696  1178.31
8092.34015438659  1194.523
8092.41346916906  1219.415
8092.48677911406  1210.356
8092.56008422127  1248.11
8092.63338449036  1177.133
8092.70667992102  1235.224
8092.77997051293  1150.908
8092.85325626578  1185.066
8092.92653717924  1210.014
8092.999813253  1205.704
8093.07308448674  1191.161
8093.14635088015  1165.045
8093.2196124329  1209.994
8093.29286914468  1210.718
8093.36612101517  1191.544
8093.43936804406  1150.737
8093.51261023103  1143.823
8093.58584757575  1165.005
8093.65908007792  1235.902
8093.73230773721  1205.126
8093.80553055332  1178.741
8093.87874852591  1188.705
8093.95196165468  1191.931
8094.02516993931  1151.227
8094.09837337949  1140.818
8094.17157197489  1121.784
8094.2447657252  1113.288
8094.31795463011  1113.863
8094.39113868929  1176.737
8094.46431790244  1172.028
8094.53749226923  1106.628
8094.61066178936  1159.884
8094.68382646249  1150.269
8094.75698628833  1107.047
8094.83014126654  1127.369
8094.90329139683  1174.432
8094.97643667886  1205.656
8095.04957711233  1199.312
8095.12271269692  1222.911
8095.19584343232  1180.4
8095.26896931821  1120.39
8095.34209035427  1157.5
8095.41520654019  1189.811
8095.48831787565  1146.59
8095.56142436035  1200.51
8095.63452599396  1151.079
8095.70762277617  1156.786
8095.78071470667  1196.768
8095.85380178513  1269.609
8095.92688401125  1223.489
8095.99996138472  1227.01
8096.07303390521  1188.748
8096.14610157241  1170.096
8096.21916438602  1284.144
8096.2922223457  1246.941
8096.36527545116  1201.195
8096.43832370208  1219.53
8096.51136709813  1238.642
8096.58440563902  1201.87
8096.65743932442  1215.721
8096.73046815402  1249.296
8096.80349212751  1252.48
8096.87651124457  1203.452
8096.94952550489  1194.206
8097.02253490817  1197.58
8097.09553945407  1208.935
8097.1685391423  1198.483
8097.24153397253  1185.196
8097.31452394446  1307.646
8097.38750905776  1114.324
8097.46048931215  1213.293
8097.53346470727  1243.554
8097.60643524285  1204.715
8097.67940091856  1229.672
8097.75236173408  1170.962
8097.82531768911  1168.52
8097.89826878333  1218.777
8097.97121501643  1245.64
8098.0441563881  1275.558
8098.11709289803  1183.543
8098.1900245459  1225.657
8098.26295133139  1228.659
8098.33587325421  1262.36
8098.40879031404  1195.916
8098.48170251056  1197.212
8098.55460984347  1152.13
8098.62751231245  1199.683
8098.70040991719  1179.531
8098.77330265737  1155.493
8098.8461905327  1189.764
8098.91907354285  1173.169
8098.99195168752  1239.417
8099.06482496639  1244.552
8099.13769337915  1211.24
8099.2105569255  1219.644
8099.28341560511  1166.
8099.35626941769  1219.926
8099.42911836292  1204.134
8099.50196244048  1212.131
8099.57480165007  1188.86
8099.64763599137  1226.466
8099.72046546408  1224.398
8099.79329006789  1190.468
8099.86610980249  1200.035
8099.93892466756  1178.045
8100.01173466279  1176.405
8100.08453978788  1202.089
8100.15734004251  1200.934
8100.23013542638  1234.342
8100.30292593918  1239.02
8100.37571158058  1220.828
8100.4484923503  1251.012
8100.52126824801  1204.258
8100.59403927341  1225.899
8100.66680542618  1194.956
8100.73956670602  1242.887
8100.81232311261  1263.981
8100.88507464566  1229.99
8100.95782130484  1267.492
8101.03056308986  1207.87
8101.10330000039  1164.558
8101.17603203614  1166.65
8101.24875919679  1228.483
8101.32148148204  1284.162
8101.39419889157  1263.06
8101.46691142508  1246.617
8101.53961908225  1255.029
8101.61232186279  1206.932
8101.68501976638  1208.023
8101.75771279271  1229.943
8101.83040094148  1248.974
8101.90308421237  1277.155
8101.97576260508  1297.842
8102.0484361193  1259.781
8102.12110475473  1311.059
8102.19376851105  1315.5
8102.26642738795  1317.649
8102.33908138514  1260.312
8102.41173050229  1305.781
8102.48437473911  1269.934
8102.55701409529  1273.047
8102.62964857052  1318.279
8102.70227816448  1184.218
8102.77490287689  1316.88
8102.84752270741  1333.922
8102.92013765576  1291.516
8102.99274772162  1250.585
8103.06535290469  1260.206
8103.13795320466  1276.552
8103.21054862122  1246.249
8103.28313915406  1267.335
8103.35572480289  1312.542
8103.42830556738  1310.322
8103.50088144724  1352.055
8103.57345244217  1250.75
8103.64601855184  1238.859
8103.71857977596  1319.87
8103.79113611423  1317.175
8103.86368756632  1337.231
8103.93623413195  1302.359
8104.00877581079  1346.362
8104.08131260256  1278.804
8104.15384450694  1290.161
8104.22637152362  1307.263
8104.2988936523  1321.513
8104.37141089267  1259.5
8104.44392324444  1295.057
8104.51643070728  1235.345
8104.58893328091  1315.181
8104.66143096501  1272.342
8104.73392375927  1249.212
8104.80641166339  1274.864
8104.87889467708  1245.137
8104.95137280001  1217.313
8105.0238460319  1333.927
8105.09631437242  1300.519
8105.16877782129  1250.995
8105.24123637819  1333.693
8105.31369004282  1258.355
8105.38613881487  1229.74
8105.45858269404  1272.552
8105.53102168002  1364.92
8105.60345577252  1269.001
8105.67588497122  1273.975
8105.74830927583  1162.94
8105.82072868604  1230.462
8105.89314320154  1252.352
8105.96555282203  1230.001
8106.03795754721  1283.922
8106.11035737678  1271.376
8106.18275231042  1246.149
8106.25514234784  1335.021
8106.32752748874  1336.864
8106.3999077328  1273.066
8106.47228307973  1399.547
8106.54465352923  1248.849
8106.61701908098  1305.935
8106.68937973469  1263.935
8106.76173549006  1305.514
8106.83408634677  1355.756
8106.90643230453  1304.437
8106.97877336304  1280.993
8107.051109522  1344.23
8107.12344078109  1316.706
8107.19576714002  1309.102
8107.26808859848  1274.87
8107.34040515618  1338.559
8107.41271681281  1284.759
8107.48502356806  1285.882
8107.55732542164  1346.942
8107.62962237325  1279.257
8107.70191442258  1258.458
8107.77420156932  1208.129
8107.84648381319  1235.415
8107.91876115387  1302.852
8107.99103359107  1227.583
8108.06330112448  1256.652
8108.1355637538  1298.588
8108.20782147873  1327.439
8108.28007429897  1272.672
8108.35232221421  1323.777
8108.42456522417  1324.134
8108.49680332853  1242.421
8108.56903652699  1304.459
8108.64126481925  1335.734
8108.71348820502  1291.352
8108.78570668399  1222.647
8108.85792025586  1308.806
8108.93012892033  1264.24
8109.0023326771  1261.235
8109.07453152587  1200.585
8109.14672546633  1223.159
8109.21891449819  1333.379
8109.29109862115  1339.609
8109.36327783491  1353.425
8109.43545213916  1305.045
8109.50762153362  1247.27
8109.57978601796  1294.335
8109.65194559191  1319.689
8109.72410025515  1315.12
8109.7962500074  1319.83
8109.86839484833  1264.636
8109.94053477767  1306.311
8110.01266979511  1295.521
8110.08479990034  1309.909
8110.15692509308  1335.947
8110.22904537301  1305.981
8110.30116073985  1297.393
8110.37327119329  1302.795
8110.44537673304  1321.96
8110.51747735878  1361.683
8110.58957307024  1285.961
8110.6616638671  1294.695
8110.73374974906  1388.396
8110.80583071584  1207.513
8110.87790676713  1393.057
8110.94997790263  1353.638
8111.02204412205  1348.32
8111.09410542507  1329.894
8111.16616181142  1367.679
8111.23821328079  1263.963
8111.31025983287  1338.951
8111.38230146738  1311.473
8111.45433818401  1317.751
8111.52636998248  1305.569
8111.59839686246  1333.877
8111.67041882368  1362.452
8111.74243586584  1334.242
8111.81444798863  1310.328
8111.88645519176  1293.724
8111.95845747492  1304.47
8112.03045483784  1267.182
8112.1024472802  1328.399
8112.17443480171  1298.081
8112.24641740207  1288.253
8112.31839508098  1324.093
8112.39036783816  1326.292
8112.46233567329  1195.815
8112.5342985861  1335.065
8112.60625657626  1276.318
8112.6782096435  1319.754
8112.75015778751  1330.692
8112.82210100801  1306.757
8112.89403930468  1315.672
8112.96597267724  1308.538
8113.03790112538  1348.417
8113.10982464883  1315.443
8113.18174324726  1341.905
8113.2536569204  1306.91
8113.32556566794  1296.1
8113.3974694896  1340.037
8113.46936838506  1312.948
8113.54126235404  1314.766
8113.61315139624  1244.51
8113.68503551137  1222.014
8113.75691469913  1257.467
8113.82878895923  1234.252
8113.90065829136  1159.376
8113.97252269524  1220.574
8114.04438217057  1262.761
8114.11623671705  1226.094
8114.18808633439  1362.256
8114.2599310223  1373.22
8114.33177078047  1307.784
8114.40360560862  1285.863
8114.47543550645  1346.195
8114.54726047367  1330.21
8114.61908050998  1343.038
8114.69089561508  1363.541
8114.76270578868  1332.829
8114.83451103049  1284.591
8114.90631134022  1367.013
8114.97810671757  1317.696
8115.04989716223  1358.906
8115.12168267393  1351.537
8115.19346325237  1332.873
8115.26523889725  1367.181
8115.33700960828  1293.652
8115.40877538517  1350.225
8115.48053622762  1375.809
8115.55229213533  1366.097
8115.62404310802  1306.354
8115.6957891454  1295.387
8115.76753024716  1342.279
8115.83926641302  1313.872
8115.91099764267  1263.497
8115.98272393584  1273.568
8116.05444529222  1331.538
8116.12616171153  1377.368
8116.19787319346  1407.863
8116.26957973774  1358.941
8116.34128134405  1314.031
8116.41297801212  1366.322
8116.48466974165  1334.229
8116.55635653235  1338.241
8116.62803838391  1425.291
8116.69971529607  1301.48
8116.77138726851  1325.306
8116.84305430095  1370.004
8116.91471639309  1318.657
8116.98637354465  1375.638
8117.05802575533  1378.371
8117.12967302485  1305.32
8117.20131535289  1350.23
8117.27295273919  1284.384
8117.34458518344  1342.147
8117.41621268535  1347.599
8117.48783524464  1389.842
8117.559452861  1350.061
8117.63106553416  1323.359
8117.70267326381  1252.26
8117.77427604967  1345.883
8117.84587389144  1262.222
8117.91746678884  1352.662
8117.98905474158  1370.284
8118.06063774936  1283.985
8118.13221581188  1323.318
8118.20378892888  1342.269
8118.27535710004  1334.719
8118.34692032508  1297.318
8118.41847860371  1328.445
8118.49003193564  1312.377
8118.56158032058  1387.891
8118.63312375824  1323.992
8118.70466224832  1218.06
8118.77619579055  1269.108
8118.84772438463  1226.229
8118.91924803026  1387.946
8118.99076672716  1272.181
8119.06228047505  1328.721
8119.13378927362  1337.255
8119.20529312259  1326.769
8119.27679202167  1368.149
8119.34828597058  1331.563
8119.41977496901  1329.147
8119.49125901669  1358.208
8119.56273811332  1349.496
8119.63421225861  1428.101
8119.70568145228  1358.339
8119.77714569404  1422.566
8119.84860498359  1364.959
8119.92005932065  1317.537
8119.99150870493  1327.808
8120.06295313614  1382.847
8120.134392614  1340.066
8120.2058271382  1363.456
8120.27725670848  1401.08
8120.34868132452  1372.519
8120.42010098606  1429.26
8120.4915156928  1337.48
8120.56292544445  1348.179
8120.63433024073  1277.911
8120.70573008134  1275.258
8120.777124966  1294.03
8120.84851489442  1343.881
8120.91989986631  1317.09
8120.99127988139  1350.426
8121.06265493936  1335.448
8121.13402503994  1327.426
8121.20539018285  1266.617
8121.27675036779  1266.783
8121.34810559449  1263.195
8121.41945586264  1267.811
8121.49080117196  1369.065
8121.56214152217  1326.723
8121.63347691299  1431.581
8121.70480734411  1324.001
8121.77613281526  1327.004
8121.84745332615  1347.569
8121.91876887649  1337.295
8121.990079466  1330.781
8122.06138509439  1454.681
8122.13268576137  1281.179
8122.20398146665  1379.549
8122.27527220996  1360.296
8122.346557991  1360.055
8122.41783880949  1466.876
8122.48911466514  1274.075
8122.56038555767  1302.582
8122.63165148679  1299.229
8122.70291245221  1258.451
8122.77416845365  1304.618
8122.84541949082  1275.134
8122.91666556344  1240.688
8122.98790667123  1310.511
8123.05914281388  1376.772
8123.13037399113  1372.961
8123.20160020269  1396.733
8123.27282144827  1352.953
8123.34403772758  1339.992
8123.41524904035  1383.301
8123.48645538627  1399.869
8123.55765676508  1295.119
8123.62885317649  1393.082
8123.70004462021  1278.075
8123.77123109595  1378.3
8123.84241260344  1395.535
8123.91358914238  1319.904
8123.9847607125  1346.91
8124.0559273135  1348.301
8124.12708894511  1358.335
8124.19824560704  1297.314
8124.26939729901  1384.812
8124.34054402073  1309.232
8124.41168577191  1301.43
8124.48282255229  1337.418
8124.55395436156  1330.163
8124.62508119944  1325.821
8124.69620306567  1344.302
8124.76731995994  1423.204
8124.83843188197  1343.623
8124.9095388315  1331.022
8124.98064080822  1299.423
8125.05173781185  1293.454
8125.12282984212  1404.174
8125.19391689874  1300.057
8125.26499898143  1320.034
8125.3360760899  1320.954
8125.40714822387  1263.76
8125.47821538306  1343.864
8125.54927756719  1262.177
8125.62033477597  1413.402
8125.69138700912  1386.039
8125.76243426635  1340.541
8125.8334765474  1276.909
8125.90451385196  1330.126
8125.97554617977  1414.483
8126.04657353054  1375.157
8126.11759590398  1276.587
8126.18861329982  1363.559
8126.25962571777  1384.4
8126.33063315755  1354.782
8126.40163561888  1352.241
8126.47263310148  1318.863
8126.54362560506  1395.041
8126.61461312935  1370.692
8126.68559567407  1378.428
8126.75657323892  1300.321
8126.82754582363  1255.266
8126.89851342792  1310.051
8126.96947605151  1297.283
8127.04043369412  1274.663
8127.11138635546  1333.402
8127.18233403526  1302.173
8127.25327673323  1385.654
8127.3242144491  1304.646
8127.39514718258  1335.163
8127.46607493338  1318.477
8127.53699770124  1381.605
8127.60791548588  1338.542
8127.678828287  1390.723
8127.74973610433  1336.5
8127.82063893759  1360.536
8127.8915367865  1398.267
8127.96242965079  1300.519
8128.03331753016  1352.91
8128.10420042434  1399.086
8128.17507833305  1381.068
8128.24595125601  1356.42
8128.31681919294  1367.094
8128.38768214357  1343.828
8128.4585401076  1389.724
8128.52939308477  1274.632
8128.60024107478  1391.05
8128.67108407738  1361.223
8128.74192209226  1361.397
8128.81275511916  1328.163
8128.8835831578  1308.368
8128.95440620789  1347.188
8129.02522426917  1334.439
8129.09603734134  1316.859
8129.16684542413  1327.859
8129.23764851726  1385.248
8129.30844662046  1415.906
8129.37923973344  1393.941
8129.45002785593  1330.13
8129.52081098764  1314.016
8129.5915891283  1317.061
8129.66236227764  1341.515
8129.73313043537  1371.061
8129.80389360121  1376.269
8129.87465177489  1324.233
8129.94540495613  1327.945
8130.01615314465  1253.371
8130.08689634018  1288.552
8130.15763454243  1264.568
8130.22836775113  1256.561
8130.299095966  1303.159
8130.36981918676  1193.994
8130.44053741314  1172.011
8130.51125064486  1265.957
8130.58195888164  1293.906
8130.6526621232  1391.181
8130.72336036927  1342.498
8130.79405361957  1333.467
8130.86474187383  1327.554
8130.93542513176  1307.693
8131.00610339309  1334.413
8131.07677665755  1403.12
8131.14744492485  1335.516
8131.21810819472  1315.404
8131.28876646688  1354.16
8131.35941974107  1354.91
8131.43006801699  1272.237
8131.50071129438  1399.642
8131.57134957296  1316.021
8131.64198285245  1362.857
8131.71261113258  1371.803
8131.78323441307  1418.761
8131.85385269364  1380.154
8131.92446597402  1410.252
8131.99507425394  1227.44
8132.06567753311  1362.68
8132.13627581127  1293.162
8132.20686908813  1343.156
8132.27745736343  1336.726
8132.34804063688  1299.64
8132.41861890822  1336.37
8132.48919217716  1364.06
8132.55976044343  1372.413
8132.63032370676  1335.303
8132.70088196687  1379.702
8132.77143522348  1276.029
8132.84198347633  1330.844
8132.91252672513  1331.75
8132.98306496962  1311.206
8133.05359820952  1326.581
8133.12412644455  1343.577
8133.19464967444  1335.111
8133.26516789891  1292.661
8133.3356811177  1334.314
8133.40618933052  1341.248
8133.4766925371  1319.083
8133.54719073717  1280.561
8133.61768393046  1241.434
8133.68817211669  1061.69
8133.75865529559  1022.15
8133.82913346688  1030.021
8133.89960663029  1174.906
8133.97007478555  1270.17
8134.04053793238  1276.452
8134.11099607051  1320.643
8134.18144919967  1302.139
8134.25189731958  1402.401
8134.32234042997  1412.01
8134.39277853057  1380.645
8134.46321162111  1393.843
8134.53363970131  1310.985
8134.60406277089  1415.404
8134.67448082959  1368.045
8134.74489387714  1403.424
8134.81530191325  1310.773
8134.88570493766  1199.709
8134.9561029501  1137.443
8135.0264959503  1041.902
8135.09688393798  1061.5
8135.16726691286  1199.283
8135.23764487468  1203.156
8135.30801782317  1348.421
8135.37838575805  1319.79
8135.44874867905  1341.122
8135.5191065859  1332.61
8135.58945947833  1313.521
8135.65980735607  1402.538
8135.73015021884  1374.528
8135.80048806638  1373.525
8135.8708208984  1373.015
8135.94114871465  1358.016
8136.01147151484  1384.165
8136.08178929872  1312.539
8136.152102066  1341.33
8136.22240981642  1341.474
8136.2927125497  1322.792
8136.36301026558  1414.047
8136.43330296378  1340.183
8136.50359064403  1306.713
8136.57387330607  1267.147
8136.64415094961  1296.982
8136.7144235744  1396.678
8136.78469118016  1364.304
8136.85495376662  1380.179
8136.92521133351  1405.9
8136.99546388056  1387.176
8137.0657114075  1351.361
8137.13595391406  1308.927
8137.20619139997  1329.535
8137.27642386496  1289.892
8137.34665130877  1336.693
8137.41687373111  1343.436
8137.48709113172  1315.435
8137.55730351034  1329.598
8137.62751086668  1381.005
8137.6977132005  1377.182
8137.7679105115  1303.267
8137.83810279943  1389.99
8137.90829006401  1406.724
8137.97847230498  1336.82
8138.04864952207  1414.359
8138.118821715  1384.749
8138.18898888352  1349.647
8138.25915102734  1395.98
8138.32930814621  1417.697
8138.39946023985  1386.512
8138.46960730799  1364.191
8138.53974935038  1387.595
8138.60988636672  1351.55
8138.68001835677  1357.244
8138.75014532025  1374.33
8138.82026725689  1400.615
8138.89038416643  1369.256
8138.9604960486  1371.407
8139.03060290313  1372.345
8139.10070472974  1334.069
8139.17080152818  1368.528
8139.24089329818  1411.897
8139.31098003947  1400.945
8139.38106175177  1304.119
8139.45113843483  1381.506
8139.52121008838  1364.176
8139.59127671214  1367.813
8139.66133830586  1296.211
8139.73139486926  1241.304
8139.80144640208  1256.889
8139.87149290405  1373.75
8139.9415343749  1423.995
8140.01157081437  1409.029
8140.08160222219  1338.968
8140.15162859809  1390.024
8140.22164994181  1394.886
8140.29166625308  1343.225
8140.36167753164  1389.518
8140.43168377721  1373.556
8140.50168498953  1256.461
8140.57168116834  1140.871
8140.64167231336  1031.135
8140.71165842434  1072.933
8140.78163950101  1141.671
8140.85161554309  1208.238
8140.92158655033  1248.644
8140.99155252247  1380.16
8141.06151345922  1378.705
8141.13146936033  1389.328
8141.20142022554  1350.383
8141.27136605457  1323.612
8141.34130684716  1364.122
8141.41124260306  1360.44
8141.48117332198  1408.091
8141.55109900367  1400.133
8141.62101964786  1311.075
8141.69093525428  1214.99
8141.76084582268  1228.931
8141.83075135279  1117.882
8141.90065184433  1033.745
8141.97054729705  990.4141
8142.04043771069  1155.044
8142.11032308498  1276.054
8142.18020341964  1316.22
8142.25007871443  1360.512
8142.31994896907  1349.67
8142.3898141833  1363.171
8142.45967435686  1382.556
8142.52952948948  1384.526
8142.5993795809  1311.796
8142.66922463086  1310.245
8142.73906463909  1430.447
8142.80889960532  1350.719
8142.8787295293  1386.62
8142.94855441076  1393.988
8143.01837424943  1350.269
8143.08818904506  1280.274
8143.15799879738  1417.484
8143.22780350613  1395.819
8143.29760317103  1348.826
8143.36739779184  1369.756
8143.43718736829  1340.789
8143.50697190011  1302.106
8143.57675138704  1336.186
8143.64652582882  1294.571
8143.71629522518  1233.622
8143.78605957588  1209.686
8143.85581888062  1155.098
8143.92557313918  1313.381
8143.99532235126  1277.347
8144.06506651662  1288.236
8144.13480563499  1253.006
8144.20453970611  1263.87
8144.27426872971  1303.007
8144.34399270554  1284.348
8144.41371163334  1350.219
8144.48342551283  1305.899
8144.55313434377  1233.372
8144.62283812588  1285.148
8144.69253685891  1396.322
8144.76223054259  1315.837
8144.83191917667  1332.428
8144.90160276087  1337.618
8144.97128129495  1359.29
8145.04095477864  1327.927
8145.11062321168  1357.498
8145.18028659379  1330.032
8145.24994492474  1327.552
8145.31959820426  1332.542
8145.38924643207  1284.986
8145.45888960793  1313.354
8145.52852773158  1316.229
8145.59816080274  1378.564
8145.66778882116  1331.462
8145.73741178659  1305.543
8145.80702969876  1415.972
8145.87664255741  1365.075
8145.94625036227  1312.899
8146.0158531131  1270.239
8146.08545080963  1283.462
8146.15504345159  1151.353
8146.22463103874  1145.209
8146.29421357081  1195.442
8146.36379104753  1318.444
8146.43336346866  1275.223
8146.50293083392  1370.795
8146.57249314307  1267.426
8146.64205039585  1306.603
8146.71160259198  1371.322
8146.78114973122  1367.829
8146.8506918133  1304.533
8146.92022883796  1306.813
8146.98976080495  1338.968
8147.05928771401  1214.149
8147.12880956487  1135.969
8147.19832635729  1107.105
8147.26783809099  1175.794
8147.33734476573  1265.009
8147.40684638124  1295.356
8147.47634293726  1331.837
8147.54583443354  1317.954
8147.61532086981  1341.922
8147.68480224583  1277.036
8147.75427856133  1359.298
8147.82374981604  1284.971
8147.89321600973  1292.643
8147.96267714212  1257.092
8148.03213321296  1237.946
8148.10158422199  1226.498
8148.17103016896  1235.146
8148.24047105359  1199.108
8148.30990687565  1064.549
8148.37933763487  995.2323
8148.44876333099  1089.737
8148.51818396376  1261.718
8148.58759953291  1270.347
8148.6570100382  1352.42
8148.72641547936  1348.796
8148.79581585613  1310.877
8148.86521116827  1362.201
8148.93460141551  1299.147
8149.0039865976  1340.802
8149.07336671427  1366.173
8149.14274176528  1321.097
8149.21211175036  1265.381
8149.28147666927  1248.307
8149.35083652174  1272.261
8149.42019130751  1291.672
8149.48954102634  1264.015
8149.55888567795  1259.034
8149.62822526211  1099.145
8149.69755977855  1047.803
8149.76688922702  1134.624
8149.83621360725  1087.723
8149.905532919  1210.65
8149.97484716201  1248.827
8150.04415633603  1348.454
8150.11346044078  1321.202
8150.18275947604  1328.259
8150.25205344152  1309.382
8150.321342337  1290.222
8150.39062616219  1359.459
8150.45990491685  1333.165
8150.52917860074  1383.314
8150.59844721358  1307.394
8150.66771075513  1354.521
8150.73696922513  1330.377
8150.80622262332  1402.952
8150.87547094946  1233.347
8150.94471420328  1303.046
8151.01395238453  1410.311
8151.08318549296  1276.509
8151.15241352831  1336.228
8151.22163649034  1360.229
8151.29085437878  1254.083
8151.36006719337  1290.69
8151.42927493387  1335.592
8151.49847760003  1348.614
8151.56767519158  1282.023
8151.63686770828  1273.67
8151.70605514986  1321.776
8151.77523751609  1352.609
8151.8444148067  1344.28
8151.91358702143  1389.37
8151.98275416005  1317.779
8152.05191622228  1349.607
8152.12107320788  1327.733
8152.1902251166  1267.943
8152.25937194818  1291.646
8152.32851370238  1247.461
8152.39765037892  1187.071
8152.46678197758  1043.645
8152.53590849808  988.9899
8152.60502994018  1133.944
8152.67414630362  1222.697
8152.74325758816  1269.403
8152.81236379354  1394.7
8152.8814649195  1283.062
8152.9505609658  1322.408
8153.01965193219  1258.23
8153.0887378184  1294.129
8153.15781862419  1337.943
8153.22689434931  1346.906
8153.2959649935  1323.455
8153.36503055651  1305.301
8153.4340910381  1338.077
8153.503146438  1273.284
8153.57219675597  1213.612
8153.64124199176  1158.354
8153.7102821451  1103.424
8153.77931721577  1217.137
8153.84834720349  1214.318
8153.91737210802  1339.285
8153.98639192911  1340.508
8154.05540666651  1251.896
8154.12441631995  1238.033
8154.19342088921  1312.598
8154.26242037402  1234.422
8154.33141477414  1216.467
8154.4004040893  1122.522
8154.46938831927  1088.896
8154.53836746379  937.3547
8154.60734152261  801.522
8154.67631049548  706.9016
8154.74527438214  857.3686
8154.81423318236  1119.71
8154.88318689588  1219.882
8154.95213552244  1192.561
8155.02107906181  1267.128
8155.09001751372  1268.536
8155.15895087793  1286.99
8155.22787915419  1312.389
8155.29680234225  1304.851
8155.36572044186  1415.649
8155.43463345277  1303.596
8155.50354137473  1370.879
8155.57244420748  1236.702
8155.6413419508  1328.723
8155.71023460441  1333.926
8155.77912216807  1308.915
8155.84800464155  1298.02
8155.91688202457  1301.54
8155.9857543169  1312.761
8156.05462151828  1314.019
8156.12348362848  1335.578
8156.19234064723  1291.322
8156.26119257429  1226.043
8156.33003940942  1390.316
8156.39888115236  1278.382
8156.46771780286  1334.569
8156.53654936068  1387.505
8156.60537582557  1269.424
8156.67419719727  1371.696
8156.74301347555  1341.287
8156.81182466016  1341.04
8156.88063075084  1273.723
8156.94943174734  1267.867
8157.01822764943  1303.149
8157.08701845684  1297.275
8157.15580416935  1333.801
8157.22458478669  1284.106
8157.29336030861  1350.123
8157.36213073488  1294.876
8157.43089606525  1303.213
8157.49965629946  1280.864
8157.56841143727  1253.678
8157.63716147844  1298.278
8157.7059064227  1334.223
8157.77464626983  1282.403
8157.84338101957  1116.448
8157.91211067168  996.9689
8157.9808352259  809.519
8158.049554682  817.6475
8158.11826903972  987.9741
8158.18697829882  1180.674
8158.25568245905  1272.37
8158.32438152016  1273.488
8158.39307548192  1312.826
8158.46176434407  1282.472
8158.53044810636  1326.754
8158.59912676856  1296.475
8158.66780033041  1310.294
8158.73646879167  1312.762
8158.80513215209  1270.748
8158.87379041143  1352.737
8158.94244356945  1331.785
8159.01109162588  1332.923
8159.0797345805  1265.79
8159.14837243306  1332.223
8159.2170051833  1384.037
8159.28563283099  1295.424
8159.35425537588  1356.267
8159.42287281772  1258.488
8159.49148515627  1286.359
8159.56009239129  1268.869
8159.62869452252  1296.541
8159.69729154973  1244.046
8159.76588347267  1259.613
8159.8344702911  1325.591
8159.90305200476  1353.916
8159.97162861342  1306.515
8160.04020011683  1371.487
8160.10876651475  1255.256
8160.17732780693  1346.295
8160.24588399314  1295.205
8160.31443507311  1335.989
8160.38298104662  1296.011
8160.45152191341  1273.099
8160.52005767324  1315.694
8160.58858832588  1289.414
8160.65711387107  1213.835
8160.72563430857  1263.501
8160.79414963814  1280.435
8160.86265985953  1310.461
8160.93116497251  1342.479
8160.99966497681  1241.88
8161.06815987222  1328.628
8161.13664965848  1328.31
8161.20513433534  1190.377
8161.27361390257  1100.135
8161.34208835993  894.173
8161.41055770716  740.0304
8161.47902194403  749.6175
8161.54748107029  945.4404
8161.6159350857  1181.775
8161.68438399002  1172.152
8161.75282778301  1211.463
8161.82126646442  1157.933
8161.88970003401  1013.972
8161.95812849154  942.2048
8162.02655183676  954.6651
8162.09497006945  1064.675
8162.16338318934  991.6445
8162.23179119621  902.1692
8162.3001940898  688.6735
8162.36859186988  649.2401
8162.43698453621  823.278
8162.50537208853  1019.165
8162.57375452662  1105.158
8162.64213185024  1178.011
8162.71050405913  1245.237
8162.77887115306  1193.873
8162.84723313178  1185.205
8162.91558999506  1274.046
8162.98394174266  1203.455
8163.05228837433  1252.854
8163.12062988983  1255.122
8163.18896628892  1272.257
8163.25729757136  1317.63
8163.32562373691  1234.244
8163.39394478533  1327.101
8163.46226071638  1243.556
8163.53057152982  1203.47
8163.59887722541  1243.607
8163.6671778029  1203.169
8163.73547326206  1245.543
8163.80376360265  1194.992
8163.87204882443  1171.388
8163.94032892715  1215.085
8164.00860391058  1201.89
8164.07687377447  1183.525
8164.1451385186  1162.801
8164.21339814271  1094.982
8164.28165264657  1107.854
8164.34990202994  995.7712
8164.41814629257  789.963
8164.48638543424  487.9187
8164.5546194547  451.548
8164.62284835371  608.8253
8164.69107213102  913.2917
8164.75929078642  1098.047
8164.82750431964  1175.975
8164.89571273047  1195.421
8164.96391601864  1218.564
8165.03211418394  1186.291
8165.10030722611  1246.236
8165.16849514493  1185.759
8165.23667794014  1157.194
8165.30485561152  1110.46
8165.37302815882  1135.233
8165.44119558181  1224.599
8165.50935788024  1257.024
8165.57751505389  1242.201
8165.64566710251  1291.281
8165.71381402586  1265.475
8165.78195582371  1300.148
8165.85009249581  1214.994
8165.91822404194  1245.25
8165.98635046185  1265.582
8166.0544717553  1285.688
8166.12258792206  1247.056
8166.19069896189  1223.13
8166.25880487456  1245.589
8166.32690565982  1219.062
8166.39500131743  1188.776
8166.46309184717  1236.085
8166.53117724879  1197.65
8166.59925752206  1258.768
8166.66733266674  1188.57
8166.73540268259  1287.495
8166.80346756937  1178.703
8166.87152732686  1287.97
8166.93958195481  1277.096
8167.00763145299  1212.323
8167.07567582115  1277.155
8167.14371505907  1305.751
8167.21174916651  1218.017
8167.27977814323  1274.946
8167.34780198899  1267.792
8167.41582070356  1255.15
8167.48383428671  1205.992
8167.55184273819  1257.095
8167.61984605778  1268.329
8167.68784424522  1299.734
8167.7558373003  1286.324
8167.82382522277  1200.25
8167.89180801241  1194.146
8167.95978566896  1262.24
8168.0277581922  1298.711
8168.0957255819  1199.816
8168.16368783781  1280.522
8168.2316449597  1266.719
8168.29959694735  1318.788
8168.3675438005  1197.887
8168.43548551893  1238.413
8168.5034221024  1203.562
8168.57135355068  1262.978
8168.63927986354  1146.011
8168.70720104073  1048.799
8168.77511708202  952.3334
8168.84302798719  878.2253
8168.91093375599  1013.526
8168.9788343882  1080.469
8169.04672988356  1182.837
8169.11462024186  1174.209
8169.18250546286  1224.826
8169.25038554633  1129.929
8169.31826049202  1008.073
8169.38613029971  998.5569
8169.45399496916  1013.859
8169.52185450015  1153.176
8169.58970889243  1162.699
8169.65755814577  1201.638
8169.72540225994  1127.534
8169.7932412347  1045.943
8169.86107506983  878.4726
8169.92890376509  657.5284
8169.99672732024  513.9231
8170.06454573506  654.5517
8170.13235900931  851.4607
8170.20016714275  1109.818
8170.26797013515  1172.813
8170.33576798629  1175.223
8170.40356069593  1263.345
8170.47134826383  1191.905
8170.53913068977  1228.992
8170.6069079735  1194.103
8170.67468011481  1197.434
8170.74244711346  1236.858
8170.8102089692  1224.311
8170.87796568182  1270.56
8170.94571725109  1285.802
8171.01346367675  1196.041
8171.0812049586  1221.842
8171.14894109639  1211.967
8171.21667208989  1260.94
8171.28439793888  1241.065
8171.35211864311  1211.496
8171.41983420237  1241.436
8171.48754461641  1221.567
8171.555249885  1200.532
8171.62295000792  1200.04
8171.69064498493  1237.702
8171.75833481581  1250.824
8171.82601950031  1208.413
8171.89369903822  1310.73
8171.96137342929  1212.803
8172.0290426733  1247.149
8172.09670677002  1180.608
8172.16436571922  1288.558
8172.23201952066  1227.381
8172.29966817412  1222.423
8172.36731167937  1199.287
8172.43495003617  1202.591
8172.50258324429  1194.499
8172.57021130351  1164.645
8172.6378342136  1225.591
8172.70545197432  1184.565
8172.77306458544  1175.355
8172.84067204674  1256.153
8172.90827435798  1181.394
8172.97587151894  1151.539
8173.04346352939  1207.96
8173.11105038909  1218.591
8173.17863209781  1190.529
8173.24620865534  1206.819
8173.31378006143  1215.793
8173.38134631586  1228.388
8173.4489074184  1179.781
8173.51646336882  1239.121
8173.58401416689  1176.054
8173.65155981239  1133.558
8173.71910030508  1229.069
8173.78663564473  1252.592
8173.85416583112  1213.461
8173.92169086401  1217.659
8173.98921074319  1223.669
8174.05672546842  1217.937
8174.12423503946  1215.065
8174.19173945611  1265.6
8174.25923871811  1227.645
8174.32673282526  1151.858
8174.39422177731  1228.835
8174.46170557405  1216.701
8174.52918421524  1214.242
8174.59665770065  1175.712
8174.66412603006  1136.266
8174.73158920324  1136.513
8174.79904721997  1190.86
8174.86650008  1209.078
8174.93394778313  1225.199
8175.00139032912  1253.851
8175.06882771774  1199.419
8175.13625994876  1184.759
8175.20368702197  1191.642
8175.27110893712  1192.991
8175.338525694  1197.24
8175.40593729237  1198.44
8175.47334373202  1131.133
8175.54074501271  1188.086
8175.60814113421  1222.33
8175.67553209631  1213.558
8175.74291789877  1190.209
8175.81029854137  1205.561
8175.87767402388  1223.514
8175.94504434607  1218.718
8176.01240950773  1242.161
8176.07976950861  1203.091
8176.1471243485  1169.521
8176.21447402717  1214.607
8176.2818185444  1159.067
8176.34915789996  1140.12
8176.41649209361  1153.704
8176.48382112515  1175.127
8176.55114499433  1172.186
8176.61846370094  1160.787
8176.68577724475  1121.636
8176.75308562554  1024.79
8176.82038884308  861.2271
8176.88768689714  615.8878
8176.9549797875  414.2429
8177.02226751394  448.172
8177.08955007622  689.8993
8177.15682747413  904.3647
8177.22409970744  1073.351
8177.29136677593  1089.943
8177.35862867936  1110.1
8177.42588541752  1168.051
8177.49313699019  1148.218
8177.56038339712  1151.086
8177.62762463811  1160.621
8177.69486071293  1135.441
8177.76209162135  1121.035
8177.82931736316  901.0317
8177.89653793811  860.1641
8177.963753346  874.2536
8178.0309635866  913.7203
8178.09816865968  1041.928
8178.16536856502  1105.819
8178.2325633024  1166.887
8178.29975287159  1133.512
8178.36693727237  1105.62
8178.43411650452  1096.506
8178.50129056781  1006.026
8178.56845946202  1002.102
8178.63562318692  1062.646
8178.7027817423  1187.148
8178.76993512793  1158.6
8178.83708334358  1111.765
8178.90422638904  950.9998
8178.97136426408  939.9572
8179.03849696848  756.5466
8179.10562450201  860.1642
8179.17274686446  933.0778
8179.2398640556  1056.205
8179.30697607521  1108.921
8179.37408292306  1059.455
8179.44118459894  1191.993
8179.50828110262  1170.885
8179.57537243388  1183.891
8179.64245859249  1160.148
8179.70953957824  1114.596
8179.77661539091  1168.01
8179.84368603026  1152.097
8179.91075149609  1109.342
8179.97781178817  1165.402
8180.04486690627  1168.818
8180.11191685017  1213.238
8180.17896161967  1184.904
8180.24600121452  1165.639
8180.31303563451  1158.728
8180.38006487943  1143.84
8180.44708894904  1164.365
8180.51410784313  1193.89
8180.58112156148  1186.696
8180.64813010387  1150.343
8180.71513347007  1164.732
8180.78213165986  1190.076
8180.84912467303  1182.717
8180.91611250935  1176.116
8180.98309516861  1161.195
8181.05007265057  1130.198
8181.11704495503  1113.52
8181.18401208177  1108.45
8181.25097403055  1116.806
8181.31793080116  1135.494
8181.38488239339  1117.07
8181.45182880701  1073.55
8181.5187700418  1107.313
8181.58570609754  1137.898
8181.65263697401  1100.602
8181.719562671  918.7903
8181.78648318828  756.7386
8181.85339852563  647.4871
8181.92030868284  742.0977
8181.98721365968  948.8013
8182.05411345594  1053.29
8182.12100807139  1114.311
8182.18789750583  1105.359
8182.25478175901  1103.207
8182.32166083074  1076.683
8182.38853472079  1138.057
8182.45540342894  1066.24
8182.52226695498  1057.523
8182.58912529868  1085.421
8182.65597845982  1132.949
8182.72282643819  1049.17
8182.78966923357  1127.435
8182.85650684574  1161.929
8182.92333927449  1121.715
8182.99016651958  1081.195
8183.05698858082  1071.323
8183.12380545797  1052.238
8183.19061715082  1092.498
8183.25742365915  1157.416
8183.32422498276  1132.902
8183.3910211214  1113.332
8183.45781207487  1134.779
8183.52459784296  1143.521
8183.59137842544  1152.808
8183.6581538221  1112.044
8183.72492403272  1079.145
8183.79168905707  1097.125
8183.85844889496  1025.719
8183.92520354615  1076.761
8183.99195301043  1036.953
8184.05869728759  986.504
8184.1254363774  977.7361
8184.19217027966  1019.35
8184.25889899414  1021.35
8184.32562252062  1029.582
8184.3923408589  987.0422
8184.45905400875  952.7614
8184.52576196995  1005.887
8184.59246474231  983.8412
8184.65916232558  912.9183
8184.72585471957  973.9414
8184.79254192404  956.5423
8184.8592239388  985.3181
8184.92590076361  1019.134
8184.99257239827  963.5311
8185.05923884256  988.3387
8185.12590009626  964.5568
8185.19255615916  986.3082
8185.25920703105  1035.747
8185.3258527117  971.5546
8185.3924932009  1027.59
8185.45912849844  1026.471
8185.5257586041  954.8885
8185.59238351767  1018.806
8185.65900323892  1031.4
8185.72561776766  1085.143
8185.79222710365  1030.308
8185.85883124669  1076.682
8185.92543019657  1032.577
8185.99202395306  1098.802
8186.05861251595  1114.538
8186.12519588503  1054.606
8186.19177406008  1052.908
8186.2583470409  865.7631
8186.32491482725  737.5556
8186.39147741894  725.8407
8186.45803481574  808.8928
8186.52458701745  982.0806
8186.59113402384  1111.015
8186.65767583471  1105.627
8186.72421244984  1093.191
8186.79074386901  1085.699
8186.85727009202  1104.536
8186.92379111865  1126.489
8186.99030694868  1146.302
8187.05681758191  1142.468
8187.12332301811  1111.307
8187.18982325708  1081.872
8187.25631829861  1089.174
8187.32280814247  1160.778
8187.38929278846  1087.894
8187.45577223637  1078.574
8187.52224648597  1152.493
8187.58871553706  1047.553
8187.65517938943  1108.954
8187.72163804286  1157.817
8187.78809149714  1146.015
8187.85453975206  1012.05
8187.9209828074  1097.676
8187.98742066295  1100.216
8188.0538533185  1027.501
8188.12028077385  1078.776
8188.18670302877  1083.523
8188.25312008305  1121.996
8188.31953193648  1068.073
8188.38593858886  1173.857
8188.45234003996  1077.806
8188.51873628958  1112.384
8188.5851273375  1099.295
8188.65151318352  1011.305
8188.71789382741  1064.431
8188.78426926898  993.7657
8188.85063950801  1029.522
8188.91700454428  1084.574
8188.9833643776  932.5186
8189.04971900773  845.7728
8189.11606843448  820.0272
8189.18241265764  523.0851
8189.24875167699  388.7169
8189.31508549232  435.5493
8189.38141410341  643.713
8189.44773751007  866.64
8189.51405571208  963.6864
8189.58036870923  967.0109
8189.64667650131  1015.139
8189.7129790881  1040.64
8189.77927646941  1017.76
8189.84556864501  1039.848
8189.9118556147  1056.734
8189.97813737827  1093.736
8190.0444139355  1085.483
8190.1106852862  1023.201
8190.17695143014  1083.843
8190.24321236712  1066.437
8190.30946809693  1099.711
8190.37571861936  1032.909
8190.4419639342  1081.656
8190.50820404124  1116.87
8190.57443894027  1053.969
8190.64066863108  1098.876
8190.70689311346  1114.018
8190.77311238721  1047.468
8190.83932645211  1090.018
8190.90553530796  1092.857
8190.97173895454  1022.661
8191.03793739166  1088.822
8191.10413061909  991.4628
8191.17031863663  1065.815
8191.23650144408  1087.328
8191.30267904121  1063.385
8191.36885142784  1129.142
8191.43501860374  1136.559
8191.5011805687  1092.97
8191.56733732253  1158.856
8191.63348886501  1065.432
8191.69963519594  1036.375
8191.7657763151  1111.532
8191.83191222229  1063.377
8191.8980429173  1059.754
8191.96416839992  1116.306
8192.03028866995  1089.291
8192.09640372718  1073.75
8192.16251357139  1052.501
8192.22861820239  1069.268
8192.29471761997  1054.776
8192.36081182391  1097.818
8192.42690081402  1075.955
8192.49298459007  1050.984
8192.55906315188  1071.083
8192.62513649923  975.8675
8192.69120463191  960.3531
8192.75726754971  1027.604
8192.82332525244  1064.232
8192.88937773988  1009.44
8192.95542501182  836.8691
8193.02146706807  656.1523
8193.08750390841  540.5626
8193.15353553263  520.9104
8193.21956194054  715.3561
8193.28558313192  919.486
8193.35159910657  1040.71
8193.41760986429  1008.851
8193.48361540486  1030.604
8193.54961572808  1109.151
8193.61561083375  1071.617
8193.68160072166  1048.522
8193.7475853916  1051.175
8193.81356484337  994.3351
8193.87953907677  1021.589
8193.94550809158  1046.722
8194.01147188761  1045.084
8194.07743046464  1084.503
8194.14338382247  1026.504
8194.2093319609  1024.622
8194.27527487973  1035.174
8194.34121257874  1025.858
8194.40714505773  1065.73
8194.4730723165  1025.256
8194.53899435484  1053.057
8194.60491117255  1057.147
8194.67082276942  1025.626
8194.73672914526  1077.548
8194.80263029985  988.7374
8194.86852623299  1045.932
8194.93441694447  1011.83
8195.0003024341  1059.034
8195.06618270167  1027.385
8195.13205774696  1060.727
8195.19792756979  1005.752
8195.26379216995  1032.76
8195.32965154723  1015.184
8195.39550570143  1036.774
8195.46135463234  997.7034
8195.52719833977  980.6321
8195.5930368235  953.9399
8195.65887008334  960.726
8195.72469811908  916.8773
8195.79052093052  900.1064
8195.85633851745  828.1025
8195.92215087968  835.0093
8195.98795801699  927.963
8196.05375992919  914.7061
8196.11955661608  963.3002
8196.18534807745  859.4434
8196.25113431309  828.7418
8196.31691532281  913.0828
8196.38269110641  828.5595
8196.44846166367  818.0823
8196.5142269944  857.114
8196.5799870984  913.0756
8196.64574197546  877.3916
8196.71149162539  810.725
8196.77723604797  854.4378
8196.84297524301  856.0649
8196.90870921031  799.8157
8196.97443794966  797.2222
8197.04016146086  892.2861
8197.10587974372  857.1116
8197.17159279802  866.3845
8197.23730062357  896.7593
8197.30300322016  950.1036
8197.3687005876  857.4242
8197.43439272569  889.7424
8197.50007963421  836.289
8197.56576131298  682.6475
8197.63143776178  531.6769
8197.69710898043  384.062
8197.76277496871  430.4839
8197.82843572644  627.1732
8197.89409125339  812.5616
8197.95974154939  855.3962
8198.02538661422  1005.359
8198.09102644768  981.4238
8198.15666104958  986.811
8198.22229041971  1021.851
8198.28791455788  973.1091
8198.35353346388  982.8246
8198.41914713751  968.5742
8198.48475557858  998.4204
8198.55035878688  1046.721
8198.61595676221  1031.721
8198.68154950438  994.0947
8198.74713701318  997.8467
8198.81271928842  1000.3
8198.87829632989  929.434
8198.9438681374  889.2585
8199.00943471074  867.7181
8199.07499604972  854.8339
8199.14055215414  954.2488
8199.20610302379  977.5565
8199.27164865849  1033.135
8199.33718905802  1040.807
8199.40272422219  1057.244
8199.46825415081  989.4274
8199.53377884367  1017.51
8199.59929830058  1053.987
8199.66481252133  980.3752
8199.73032150573  977.5958
8199.79582525358  949.9596
8199.86132376468  871.1846
8199.92681703883  902.9502
8199.99230507583  802.1346
8200.0577878755  874.5048
8200.12326543761  883.5123
8200.18873776199  940.7345
8200.25420484843  921.6628
8200.31966669674  946.7557
8200.38512330671  972.5222
8200.45057467814  966.7926
8200.51602081085  908.7123
8200.58146170464  823.4328
8200.6468973593  726.3782
8200.71232777463  728.1392
8200.77775295045  847.5012
8200.84317288655  876.8173
8200.90858758274  955.658
8200.97399703882  868.2089
8201.03940125459  1019.
8201.10480022985  944.3328
8201.17019396442  965.1752
8201.23558245808  970.7151
8201.30096571065  971.8791
8201.36634372193  998.2526
8201.43171649172  1028.061
8201.49708401983  958.8007
8201.56244630606  1005.913
8201.6278033502  964.4462
8201.69315515208  885.6664
8201.75850171149  963.0512
8201.82384302823  900.9522
8201.88917910211  972.3588
8201.95450993293  940.5397
8202.0198355205  990.2039
8202.08515586462  937.6946
8202.15047096509  957.2317
8202.21578082172  971.1272
8202.28108543432  942.5518
8202.34638480269  987.171
8202.41167892663  940.5885
8202.47696780595  905.4995
8202.54225144044  978.7266
8202.60752982993  968.6956
8202.67280297421  978.6211
8202.73807087308  951.9005
8202.80333352636  924.0151
8202.86859093385  945.0585
8202.93384309535  953.7124
8202.99909001066  937.8303
8203.0643316796  940.0883
8203.12956810197  933.4851
8203.19479927758  963.7542
8203.26002520622  957.3608
8203.32524588771  923.5797
8203.39046132185  996.7006
8203.45567150845  909.7659
8203.52087644731  913.6602
8203.58607613824  942.0014
8203.65127058105  946.4988
8203.71645977554  911.7182
8203.78164372151  997.1641
8203.84682241878  999.7365
8203.91199586715  975.8423
8203.97716406643  954.9844
8204.04232701642  942.8307
8204.10748471693  982.3107
8204.17263716777  918.8356
8204.23778436874  969.9014
8204.30292631965  970.2859
8204.36806302032  954.5317
8204.43319447053  1016.308
8204.4983206701  928.1752
8204.56344161885  933.0725
8204.62855731657  984.1426
8204.69366776307  917.2939
8204.75877295817  906.4523
8204.82387290166  958.2059
8204.88896759336  945.8824
8204.95405703307  930.9834
8205.0191412206  958.5437
8205.08422015577  978.0925
8205.14929383836  981.0908
8205.21436226821  947.7537
8205.2794254451  953.5375
8205.34448336886  932.0074
8205.40953603928  893.7096
8205.47458345619  1005.568
8205.53962561938  952.7971
8205.60466252866  755.8356
8205.66969418385  920.4532
8205.73472058474  942.1269
8205.79974173116  910.2973
8205.8647576229  970.0271
8205.92976825978  953.822
8205.99477364161  897.2515
8206.05977376819  924.5706
8206.12476863934  908.6579
8206.18975825486  927.123
8206.25474261456  960.142
8206.31972171826  890.7115
8206.38469556575  889.5869
8206.44966415685  894.0289
8206.51462749138  925.8917
8206.57958556913  872.2728
8206.64453838993  981.9205
8206.70948595356  966.0833
8206.77442825987  941.4818
8206.83936530864  974.7912
8206.90429709968  885.5667
8206.96922363282  923.8319
8207.03414490785  929.9136
8207.09906092459  935.0548
8207.16397168286  1001.334
8207.22887718245  969.2302
8207.29377742318  940.2111
8207.35867240486  966.899
8207.4235621273  884.074
8207.48844659032  945.5089
8207.55332579372  960.5298
8207.6181997373  898.81
8207.6830684209  904.3537
8207.74793184431  866.8002
8207.81279000734  924.8844
8207.87764290981  960.2598
8207.94249055153  921.3199
8208.00733293231  904.8252
8208.07217005196  915.2898
8208.13700191029  916.6969
8208.20182850712  937.6194
8208.26664984225  938.5949
8208.3314659155  924.4495
8208.39627672667  923.5416
8208.46108227559  931.1658
8208.52588256206  876.1791
8208.5906775859  928.843
8208.65546734691  855.2411
8208.72025184491  865.3792
8208.78503107972  855.3619
8208.84980505113  895.5291
8208.91457375897  892.3741
8208.97933720305  908.4201
8209.04409538318  883.8817
8209.10884829917  897.9379
8209.17359595084  874.5042
8209.23833833799  864.6348
8209.30307546045  815.8591
8209.36780731802  885.1636
8209.43253391052  886.1354
8209.49725523776  876.468
8209.56197129956  818.3298
8209.62668209571  812.6572
8209.69138762605  870.0994
8209.75608789039  879.0703
8209.82078288852  886.3393
8209.88547262028  851.517
8209.95015708548  836.6807
8210.01483628392  861.3005
8210.07951021542  901.2435
8210.1441788798  901.7049
8210.20884227686  910.6675
8210.27350040643  819.1061
8210.33815326832  881.8098
8210.40280086234  865.3208
8210.4674431883  847.1096
8210.53208024602  904.533
8210.59671203532  879.0529
8210.66133855601  916.0645
8210.72595980789  881.2444
8210.7905757908  919.7899
8210.85518650454  860.9496
8210.91979194893  884.8066
8210.98439212377  943.7396
8211.0489870289  917.889
8211.11357666412  887.7637
8211.17816102924  886.2509
8211.24274012409  783.7678
8211.30731394847  906.3302
8211.37188250221  893.2787
8211.43644578511  906.9612
8211.501003797  913.7683
8211.56555653768  877.712
8211.63010400698  882.4967
8211.69464620472  894.7337
8211.75918313069  898.9864
8211.82371478473  873.9572
8211.88824116665  868.8947
8211.95276227626  803.5222
8212.01727811338  777.3908
8212.08178867783  711.3829
8212.14629396942  694.7025
8212.21079398797  727.7818
8212.27528873329  838.4674
8212.3397782052  860.1
8212.40426240353  863.5631
8212.46874132808  829.16
8212.53321497867  855.6406
8212.59768335511  871.9091
8212.66214645723  863.0386
8212.72660428485  898.4416
8212.79105683777  855.6002
8212.85550411582  902.6801
8212.91994611881  834.0762
8212.98438284656  835.9855
8213.04881429889  884.7775
8213.11324047562  882.0239
8213.17766137656  877.2745
8213.24207700153  854.2737
8213.30648735034  806.3806
8213.37089242282  808.9542
8213.43529221879  849.671
8213.49968673805  855.2009
8213.56407598044  852.2922
8213.62845994576  781.1021
8213.69283863384  804.3143
8213.75721204449  819.6032
8213.82158017753  848.2978
8213.88594303279  795.813
8213.95030061007  824.7755
8214.01465290919  859.1913
8214.07899992999  791.3139
8214.14334167227  849.1314
8214.20767813584  748.1514
8214.27200932055  773.7769
8214.33633522619  742.1152
8214.40065585259  782.4599
8214.46497119957  761.2747
8214.52928126695  778.3618
8214.59358605454  837.9177
8214.65788556217  776.8907
8214.72217978966  805.7072
8214.78646873681  740.3145
8214.85075240347  835.88
8214.91503078944  791.9777
8214.97930389454  802.8264
8215.04357171859  801.5811
8215.10783426141  744.1245
8215.17209152284  779.4199
8215.23634350267  814.1339
8215.30059020073  770.132
8215.36483161685  793.7398
8215.42906775084  832.5548
8215.49329860253  784.6629
8215.55752417172  849.2715
8215.62174445826  842.5539
8215.68595946194  756.4891
8215.7501691826  795.0801
8215.81437362006  784.6805
8215.87857277413  797.7018
8215.94276664465  822.6688
8216.00695523141  821.1051
8216.07113853426  820.5111
8216.13531655301  831.1377
8216.19948928748  848.1323
8216.26365673749  737.3034
8216.32781890287  827.632
8216.39197578343  762.5331
8216.456127379  794.5396
8216.52027368939  805.9654
8216.58441471444  798.2496
8216.64855045395  782.1367
8216.71268090776  768.3893
8216.77680607569  803.4793
8216.84092595755  744.9803
8216.90504055317  765.1727
8216.96914986237  824.9489
8217.03325388497  822.8259
8217.0973526208  790.621
8217.16144606967  770.9363
8217.22553423142  789.2147
8217.28961710586  768.3626
8217.35369469281  762.1818
8217.4177669921  792.5441
8217.48183400355  788.1097
8217.54589572698  791.2144
8217.60995216222  806.6734
8217.67400330908  813.4225
8217.7380491674  753.0941
8217.80208973699  817.53
8217.86612501768  793.5095
8217.93015500929  769.6224
8217.99417971164  625.4957
8218.05819912456  591.4453
8218.12221324787  538.8077
8218.1862220814  585.775
8218.25022562496  651.1163
8218.31422387838  748.4468
8218.3782168415  778.2234
8218.44220451412  845.9596
8218.50618689607  786.0588
8218.57016398718  789.7733
8218.63413578727  800.751
8218.69810229616  762.6621
8218.76206351369  768.39
8218.82601943967  786.8481
8218.88997007393  769.5891
8218.95391541628  784.0237
8219.01785546657  764.1687
8219.08179022461  816.1176
8219.14571969023  809.0751
8219.20964386324  786.6462
8219.27356274348  793.924
8219.33747633077  799.8655
8219.40138462494  722.7499
8219.46528762581  778.6318
8219.52918533321  771.2593
8219.59307774695  797.9835
8219.65696486688  743.6852
8219.72084669281  732.438
8219.78472322455  782.5251
8219.84859446196  827.7038
8219.91246040484  796.8205
8219.97632105303  754.7734
8220.04017640635  785.3018
8220.10402646462  786.1506
8220.16787122768  757.1616
8220.23171069535  784.5829
8220.29554486744  729.839
8220.3593737438  753.8483
8220.42319732425  764.113
8220.4870156086  754.9826
8220.55082859669  744.6577
8220.61463628835  754.1946
8220.67843868341  767.3599
8220.74223578168  695.3213
8220.80602758299  708.0772
8220.86981408718  759.659
8220.93359529407  746.7267
8220.99737120348  709.2551
8221.06114181525  717.0425
8221.12490712919  728.6512
8221.18866714514  660.2283
8221.25242186293  731.6473
8221.31617128238  630.2603
8221.37991540332  658.3521
8221.44365422557  643.3409
8221.50738774896  607.9113
8221.57111597333  545.9737
8221.6348388985  567.2011
8221.6985565243  638.3076
8221.76226885055  650.4886
8221.82597587708  623.8641
8221.88967760372  684.4647
8221.9533740303  611.3347
8222.01706515666  668.8824
8222.0807509826  693.3616
8222.14443150797  721.9469
8222.20810673259  631.9879
8222.27177665629  674.5688
8222.3354412789  679.1584
8222.39910060025  691.4206
8222.46275462016  654.209
8222.52640333847  699.7034
8222.59004675501  628.7438
8222.6536848696  689.9249
8222.71731768207  677.4833
8222.78094519225  662.4155
8222.84456739996  710.3927
8222.90818430506  714.1171
8222.97179590735  731.2392
8223.03540220666  707.907
8223.09900320284  728.1056
8223.1625988957  702.2789
8223.22618928508  758.2325
8223.2897743708  721.1099
8223.35335415271  731.6473
8223.41692863062  721.0249
8223.48049780436  762.9708
8223.54406167377  770.7186
8223.60762023868  732.5947
8223.67117349891  751.3627
8223.7347214543  688.9252
8223.79826410468  692.9938
8223.86180144988  613.0866
8223.92533348972  584.9794
8223.98886022405  609.3489
8224.05238165268  622.9474
8224.11589777545  628.4885
8224.1794085922  716.2378
8224.24291410274  709.0073
8224.30641430691  664.6429
8224.36990920456  685.4686
8224.43339879549  656.3301
8224.49688307956  674.7059
8224.56036205657  724.5987
8224.62383572638  707.8066
8224.68730408881  710.7225
8224.75076714369  725.3082
8224.81422489085  711.7621
8224.87767733013  749.764
8224.94112446135  714.6507
8225.00456628436  715.9689
8225.06800279897  689.894
8225.13143400502  737.6367
8225.19485990235  722.6617
8225.25828049079  694.9789
8225.32169577016  728.2862
8225.38510574031  702.8201
8225.44851040105  710.6166
8225.51190975224  640.2444
8225.57530379369  647.6675
8225.63869252524  604.4843
8225.70207594672  578.6621
8225.76545405797  578.9678
8225.82882685882  633.7366
8225.89219434911  661.7572
8225.95555652865  696.9209
8226.0189133973  674.7474
8226.08226495487  658.0759
8226.14561120121  704.3277
8226.20895213614  686.9315
8226.27228775951  684.6804
8226.33561807115  705.1786
8226.39894307087  645.9904
8226.46226275853  653.068
8226.52557713396  660.196
8226.58888619698  647.2495
8226.65218994744  617.2761
8226.71548838516  638.8819
8226.77878150998  574.6179
8226.84206932174  416.2407
8226.90535182027  312.8541
8226.96862900539  239.5652
8227.03190087696  354.8654
8227.0951674348  443.5742
8227.15842867874  564.0254
8227.22168460862  622.399
8227.28493522428  649.1998
8227.34818052555  625.2858
8227.41142051226  644.1931
8227.47465518425  633.1813
8227.53788454136  668.8048
8227.60110858341  627.1041
8227.66432731025  648.6499
8227.72754072171  650.5442
8227.79074881762  593.9667
8227.85395159782  556.905
8227.91714906215  463.0169
8227.98034121044  441.8851
8228.04352804252  399.594
8228.10670955824  381.4901
8228.16988575742  363.5756
8228.23305663991  277.2254
8228.29622220554  215.663
8228.35938245414  264.7997
8228.42253738555  378.5464
8228.48568699961  556.8702
8228.54883129615  519.7974
8228.61197027501  529.9852
8228.67510393603  389.7384
8228.73823227904  415.7623
8228.80135530388  426.1603
8228.86447301038  504.7769
8228.92758539838  561.4017
8228.99069246773  559.2624
8229.05379421824  638.2128
8229.11689064977  596.9756
8229.17998176215  620.2833
8229.24306755522  654.5956
8229.30614802881  653.6951
8229.36922318275  626.2209
8229.4322930169  602.9977
8229.49535753108  601.5697
8229.55841672513  540.5646
8229.62147059889  621.5079
8229.6845191522  524.9898
8229.74756238489  402.6534
8229.81060029681  510.7563
8229.87363288778  539.4758
8229.93666015765  576.6382
8229.99968210626  621.2708
8230.06269873345  629.4851
8230.12571003904  623.4612
8230.18871602289  677.9821
8230.25171668482  621.9924
8230.31471202468  635.8926
8230.37770204231  624.3068
