8268.93342423239  910.6544
8269.0098760975  909.8947
8269.0863231004  960.3348
8269.16276524074  897.58
8269.23920251818  919.5935
8269.31563493236  941.241
8269.39206248294  918.7519
8269.46848516956  927.45
8269.54490299186  949.6619
8269.62131594952  956.658
8269.69772404216  965.9572
8269.77412726944  931.7328
8269.85052563101  961.7368
8269.92691912653  927.7507
8270.00330775563  932.8647
8270.07969151798  954.2512
8270.15607041322  974.8472
8270.232444441  907.1644
8270.30881360098  942.1415
8270.38517789279  1011.295
8270.4615373161  950.9308
8270.53789187056  998.7189
8270.61424155581  1028.329
8270.69058637151  932.6176
8270.7669263173  934.9061
8270.84326139284  971.1532
8270.91959159779  977.4178
8270.99591693178  925.3766
8271.07223739448  996.9282
8271.14855298552  915.1927
8271.22486370458  913.9055
8271.30116955128  942.8441
8271.3774705253  959.7173
8271.45376662628  1038.74
8271.53005785386  986.6777
8271.60634420772  921.0641
8271.68262568748  963.3517
8271.75890229282  934.887
8271.83517402338  916.8201
8271.9114408788  844.5512
8271.98770285875  730.2932
8272.06395996288  689.9084
8272.14021219084  883.9724
8272.21645954227  928.0977
8272.29270201685  957.3044
8272.36893961421  911.8076
8272.445172334  954.8143
8272.52140017589  975.9526
8272.59762313953  958.1721
8272.67384122457  1036.997
8272.75005443065  923.3224
8272.82626275745  1003.141
8272.90246620459  895.4875
8272.97866477176  957.8517
8273.05485845859  920.8384
8273.13104726473  968.1302
8273.20723118985  1002.664
8273.28341023359  938.0412
8273.35958439562  961.1399
8273.43575367558  972.443
8273.51191807312  1002.051
8273.58807758791  996.3671
8273.66423221959  980.5414
8273.74038196783  971.2057
8273.81652683227  974.473
8273.89266681256  976.3243
8273.96880190837  920.9033
8274.04493211935  878.2053
8274.12105744515  860.7716
8274.19717788543  780.7228
8274.27329343984  625.8867
8274.34940410804  501.2124
8274.42550988968  575.5709
8274.50161078441  765.8733
8274.5777067919  855.6573
8274.65379791179  911.1456
8274.72988414375  955.4547
8274.80596548743  952.598
8274.88204194248  951.8545
8274.95811350856  907.613
8275.03418018532  968.9763
8275.11024197242  922.1911
8275.18629886953  987.1994
8275.26235087627  963.4886
8275.33839799233  970.8214
8275.41444021736  956.8038
8275.490477551  924.0193
8275.56650999292  892.6907
8275.64253754278  990.3289
8275.71856020022  961.6708
8275.79457796491  961.0512
8275.8705908365  991.716
8275.94659881465  1017.966
8276.02260189901  931.2565
8276.09860008925  943.9037
8276.17459338502  938.3871
8276.25058178597  985.8792
8276.32656529176  923.6934
8276.40254390206  866.1139
8276.47851761651  779.3825
8276.55448643478  716.0378
8276.63045035652  684.5219
8276.70640938139  746.2554
8276.78236350905  800.4647
8276.85831273915  895.8355
8276.93425707136  961.6113
8277.01019650533  997.6561
8277.08613104071  935.3842
8277.16206067717  974.8199
8277.23798541436  977.5687
8277.31390525195  922.6737
8277.38982018959  979.9256
8277.46573022694  968.4653
8277.54163536365  986.7393
8277.6175355994  920.2759
8277.69343093382  973.8356
8277.76932136659  1004.471
8277.84520689736  969.4974
8277.92108752579  973.1061
8277.99696325154  955.3947
8278.07283407427  984.1285
8278.14869999364  951.0078
8278.2245610093  978.7968
8278.30041712092  956.8545
8278.37626832815  1012.794
8278.45211463066  1057.441
8278.5279560281  981.5875
8278.60379252014  1033.871
8278.67962410643  989.8828
8278.75545078663  979.4084
8278.83127256041  1086.625
8278.90708942741  988.0118
8278.98290138731  1001.087
8279.05870843977  1022.327
8279.13451058443  1028.227
8279.21030782097  972.2322
8279.28610014904  999.1383
8279.36188756831  973.4052
8279.43767007843  862.0198
8279.51344767906  776.8063
8279.58922036987  698.8069
8279.66498815052  741.3022
8279.74075102066  827.6826
8279.81650897996  943.3181
8279.89226202808  1063.645
8279.96801016468  905.4415
8280.04375338942  998.2079
8280.11949170196  924.0855
8280.19522510197  926.2205
8280.2709535891  965.688
8280.34667716301  1002.351
8280.42239582338  1029.172
8280.49810956985  961.0663
8280.5738184021  975.7286
8280.64952231977  1036.928
8280.72522132255  1016.51
8280.80091541008  1009.385
8280.87660458203  957.9501
8280.95228883806  1005.202
8281.02796817783  1082.003
8281.10364260101  1045.292
8281.17931210725  1002.06
8281.25497669623  1015.349
8281.3306363676  1032.644
8281.40629112102  1012.513
8281.48194095617  1017.443
8281.55758587269  1024.635
8281.63322587026  1007.513
8281.70886094854  1072.
8281.78449110718  977.9241
8281.86011634586  839.3423
8281.93573666423  653.9545
8282.01135206197  513.2086
8282.08696253872  536.6672
8282.16256809417  768.7543
8282.23816872797  895.7006
8282.31376443977  978.8935
8282.38935522925  953.1153
8282.46494109608  1057.83
8282.54052203991  1071.2
8282.61609806041  1035.02
8282.69166915725  1040.975
8282.76723533008  1048.838
8282.84279657857  1104.31
8282.91835290239  1033.602
8282.9939043012  1073.714
8283.06945077466  969.02
8283.14499232244  1113.823
8283.2205289442  1074.213
8283.29606063962  968.7078
8283.37158740834  1003.899
8283.44710925005  1075.81
8283.5226261644  999.1733
8283.59813815106  1037.49
8283.67364520969  1091.016
8283.74914733995  1053.155
8283.82464454153  982.8406
8283.90013681407  1048.644
8283.97562415724  1100.141
8284.05110657072  1077.763
8284.12658405416  1026.386
8284.20205660724  1027.433
8284.27752422961  1022.398
8284.35298692094  1070.34
8284.42844468091  1055.382
8284.50389750917  1103.346
8284.57934540539  1088.486
8284.65478836924  989.7067
8284.73022640037  1032.317
8284.80565949848  1016.309
8284.88108766321  1077.112
8284.95651089423  1031.62
8285.03192919121  1099.26
8285.10734255382  1073.833
8285.18275098172  1054.836
8285.25815447459  1038.453
8285.33355303208  1032.927
8285.40894665386  1060.103
8285.48433533961  1066.827
8285.55971908898  1090.1
8285.63509790165  1105.193
8285.71047177729  1083.605
8285.78584071555  1051.559
8285.86120471612  1020.23
8285.93656377864  1024.825
8286.01191790281  1112.065
8286.08726708827  1050.
8286.16261133471  1041.896
8286.23795064178  1096.555
8286.31328500915  1105.824
8286.3886144365  1105.343
8286.4639389235  976.169
8286.5392584698  1084.283
8286.61457307508  1093.993
8286.68988273901  1116.178
8286.76518746125  1068.329
8286.84048724147  1036.655
8286.91578207935  1107.313
8286.99107197456  1076.058
8287.06635692675  1070.977
8287.1416369356  1035.262
8287.21691200078  1083.32
8287.29218212196  1050.809
8287.3674472988  1089.189
8287.44270753098  985.5007
8287.51796281817  1101.922
8287.59321316003  1050.75
8287.66845855624  1016.996
8287.74369900646  881.787
8287.81893451036  776.1724
8287.89416506762  482.1297
8287.9693906779  534.3406
8288.04461134087  679.701
8288.11982705621  806.0043
8288.19503782358  965.7084
8288.27024364266  997.9174
8288.34544451311  1023.69
8288.4206404346  1026.61
8288.49583140681  1075.322
8288.57101742941  1138.932
8288.64619850206  1034.134
8288.72137462444  1068.762
8288.79654579621  1075.949
8288.87171201706  992.0067
8288.94687328664  1014.175
8289.02202960464  998.2758
8289.09718097071  1042.914
8289.17232738454  1040.09
8289.2474688458  1114.122
8289.32260535414  1059.945
8289.39773690926  906.867
8289.47286351082  890.651
8289.54798515848  814.1466
8289.62310185193  910.8435
8289.69821359083  1001.914
8289.77332037486  1046.007
8289.84842220368  1088.928
8289.92351907698  1077.451
8289.99861099441  1127.76
8290.07369795566  1039.041
8290.1487799604  1116.575
8290.2238570083  1034.468
8290.29892909902  1080.765
8290.37399623225  1114.102
8290.44905840766  1046.939
8290.52411562491  1029.115
8290.59916788369  1026.951
8290.67421518366  1084.135
8290.7492575245  1053.63
8290.82429490588  1041.266
8290.89932732748  1069.286
8290.97435478896  1075.829
8291.04937729  1014.787
8291.12439483027  1025.1
8291.19940740946  1054.836
8291.27441502722  1106.736
8291.34941768324  1073.156
8291.42441537718  1058.524
8291.49940810873  1077.402
8291.57439587756  1140.956
8291.64937868333  1069.108
8291.72435652573  1122.059
8291.79932940442  1063.461
8291.87429731909  1062.409
8291.9492602694  1082.864
8292.02421825503  1080.023
8292.09917127566  1081.59
8292.17411933096  1150.478
8292.24906242061  1125.339
8292.32400054427  1059.83
8292.39893370163  1087.003
8292.47386189235  1124.128
8292.54878511612  1142.893
8292.62370337261  1060.667
8292.69861666149  1014.676
8292.77352498244  1098.516
8292.84842833514  1155.075
8292.92332671925  1117.206
8292.99822013446  1102.218
8293.07310858044  1002.832
8293.14799205687  1136.869
8293.22287056342  1145.925
8293.29774409977  1143.577
8293.37261266559  1088.713
8293.44747626056  1129.203
8293.52233488436  1089.643
8293.59718853666  1091.676
8293.67203721714  1126.083
8293.74688092547  1143.776
8293.82171966133  1095.441
8293.8965534244  1040.852
8293.97138221436  968.2217
8294.04620603087  917.207
8294.12102487362  715.0495
8294.19583874229  678.8957
8294.27064763654  814.1776
8294.34545155607  937.1303
8294.42025050054  868.8616
8294.49504446963  877.0486
8294.56983346302  902.4404
8294.64461748038  970.043
8294.71939652141  1018.591
8294.79417058576  1017.189
8294.86893967312  1060.95
8294.94370378317  1048.13
8295.01846291558  1104.23
8295.09321707003  1091.149
8295.1679662462  1034.615
8295.24271044378  998.2404
8295.31744966242  1029.613
8295.39218390183  1005.206
8295.46691316166  1056.958
8295.5416374416  1008.966
8295.61635674133  1089.281
8295.69107106054  996.868
8295.76578039888  1011.599
8295.84048475605  1041.399
8295.91518413172  1096.716
8295.98987852558  1096.493
8296.0645679373  1099.399
8296.13925236655  1073.573
8296.21393181303  1139.89
8296.2886062764  1103.369
8296.36327575635  1117.412
8296.43794025256  1106.483
8296.5125997647  1103.855
8296.58725429246  1085.517
8296.66190383551  1168.601
8296.73654839354  1098.761
8296.81118796622  1119.123
8296.88582255324  1097.517
8296.96045215427  1213.803
8297.03507676899  1078.111
8297.10969639709  1142.696
8297.18431103824  1030.54
8297.25892069212  1094.579
8297.33352535842  1144.943
8297.40812503682  1138.625
8297.48271972699  1170.133
8297.55730942862  1104.728
8297.63189414138  1084.508
8297.70647386496  1107.563
8297.78104859904  1165.29
8297.85561834329  1143.026
8297.93018309741  1134.872
8298.00474286107  1160.612
8298.07929763395  1146.976
8298.15384741573  1098.383
8298.2283922061  1122.667
8298.30293200473  1133.379
8298.37746681131  1170.068
8298.45199662552  1055.122
8298.52652144704  1115.531
8298.60104127555  1138.61
8298.67555611074  1093.062
8298.75006595228  1162.096
8298.82457079986  1221.426
8298.89907065316  1250.254
8298.97356551186  1221.825
8299.04805537565  1128.943
8299.1225402442  1137.636
8299.1970201172  1120.784
8299.27149499434  1156.389
8299.34596487528  1098.677
8299.42042975973  1093.697
8299.49488964735  1091.21
8299.56934453783  1121.162
8299.64379443086  1181.394
8299.71823932612  1110.494
8299.79267922329  1084.916
8299.86711412205  1106.12
8299.94154402209  1140.685
8300.01596892309  1119.434
8300.09038882473  1106.263
8300.1648037267  1085.181
8300.23921362868  975.1957
8300.31361853036  899.266
8300.38801843141  779.0192
8300.46241333153  838.5427
8300.53680323039  906.183
8300.61118812768  1074.707
8300.68556802309  1068.427
8300.75994291629  1092.265
8300.83431280698  1146.882
8300.90867769483  1091.556
8300.98303757953  1128.712
8301.05739246077  1122.534
8301.13174233823  1117.527
8301.20608721159  1082.011
8301.28042708055  1173.298
8301.35476194477  1191.288
8301.42909180396  1209.485
8301.50341665778  1171.766
8301.57773650594  1094.486
8301.65205134811  1078.262
8301.72636118398  1110.343
8301.80066601324  1105.244
8301.87496583556  1154.866
8301.94926065064  1100.444
8302.02355045816  1137.895
8302.09783525781  1153.064
8302.17211504927  1174.79
8302.24638983223  1146.794
8302.32065960637  1154.897
8302.39492437138  1165.729
8302.46918412695  1124.723
8302.54343887275  1102.536
8302.61768860849  1080.489
8302.69193333384  1172.59
8302.76617304849  1165.918
8302.84040775213  1114.502
8302.91463744444  1140.116
8302.98886212512  1210.749
8303.06308179384  1123.274
8303.13729645029  1173.423
8303.21150609417  1077.795
8303.28571072515  1155.057
8303.35991034293  1143.967
8303.43410494719  1136.81
8303.50829453762  1108.379
8303.5824791139  1137.497
8303.65665867573  1052.366
8303.73083322279  1169.068
8303.80500275477  1172.035
8303.87916727135  1140.322
8303.95332677223  1146.828
8304.02748125709  1159.016
8304.10163072562  1129.969
8304.17577517751  1103.788
8304.24991461244  947.9641
8304.32404903011  936.7278
8304.3981784302  975.368
8304.4723028124  1015.745
8304.5464221764  1056.777
8304.62053652188  1104.416
8304.69464584854  1127.144
8304.76875015607  1089.899
8304.84284944415  1002.699
8304.91694371247  986.1288
8304.99103296072  752.1005
8305.06511718859  680.1838
8305.13919639577  674.7761
8305.21327058195  870.2676
8305.28733974681  1029.17
8305.36140389005  1168.575
8305.43546301136  1091.306
8305.50951711042  1112.913
8305.58356618693  1143.155
8305.65761024057  1165.473
8305.73164927103  1102.362
8305.80568327801  1150.003
8305.87971226119  1126.669
8305.95373622026  1129.388
8306.02775515492  1131.048
8306.10176906486  1206.025
8306.17577794975  1133.591
8306.2497818093  1145.599
8306.3237806432  1089.1
8306.39777445112  1130.859
8306.47176323278  1160.382
8306.54574698785  1169.687
8306.61972571603  1131.139
8306.69369941701  1149.446
8306.76766809048  1116.099
8306.84163173612  1178.123
8306.91559035363  1152.76
8306.98954394271  1109.292
8307.06349250304  1075.171
8307.13743603431  1156.987
8307.21137453622  1108.942
8307.28530800846  1125.122
8307.35923645071  1100.427
8307.43315986268  1120.528
8307.50707824405  1047.507
8307.5809915945  1137.551
8307.65489991375  1120.667
8307.72880320147  1142.511
8307.80270145737  1206.302
8307.87659468112  1146.432
8307.95048287243  1076.9
8308.02436603098  1099.474
8308.09824415648  1171.746
8308.1721172486  1144.771
8308.24598530705  1166.601
8308.31984833151  1151.232
8308.39370632168  1164.191
8308.46755927725  1113.346
8308.54140719792  1160.655
8308.61525008338  1107.396
8308.68908793331  1092.279
8308.76292074742  1132.419
8308.83674852539  1140.15
8308.91057126693  1152.947
8308.98438897172  1130.828
8309.05820163946  1138.042
8309.13200926983  1129.595
8309.20581186254  1138.448
8309.27960941728  1190.543
8309.35340193374  1173.088
8309.42718941161  1169.243
8309.5009718506  1155.506
8309.57474925038  1206.146
8309.64852161067  1144.305
8309.72228893115  1206.808
8309.79605121151  1171.35
8309.86980845145  1171.631
8309.94356065067  1132.714
8310.01730780886  1166.827
8310.09104992571  1101.293
8310.16478700091  1200.47
8310.23851903418  1217.289
8310.31224602519  1163.449
8310.38596797364  1157.212
8310.45968487924  1153.422
8310.53339674166  1157.643
8310.60710356062  1184.753
8310.68080533579  1195.008
8310.75450206689  1136.249
8310.8281937536  1188.4
8310.90188039562  1127.57
8310.97556199265  1162.522
8311.04923854438  1111.133
8311.12291005051  1088.256
8311.19657651072  1082.515
8311.27023792474  1083.35
8311.34389429223  1129.65
8311.41754561291  1150.441
8311.49119188646  1092.298
8311.56483311258  1098.445
8311.63846929098  1097.676
8311.71210042134  1057.479
8311.78572650337  996.984
8311.85934753675  1003.525
8311.93296352119  913.2495
8312.00657445639  971.4789
8312.08018034204  988.0112
8312.15378117783  1110.544
8312.22737696347  1106.513
8312.30096769864  1117.407
8312.37455338306  1171.622
8312.44813401641  1080.454
8312.5217095984  1098.585
8312.59528012871  1085.615
8312.66884560705  1143.253
8312.74240603312  1173.371
8312.81596140662  1188.122
8312.88951172723  1173.417
8312.96305699466  1122.933
8313.03659720861  1193.
8313.11013236877  1131.934
8313.18366247485  1113.193
8313.25718752654  1144.001
8313.33070752354  1143.01
8313.40422246554  1167.117
8313.47773235226  1104.196
8313.55123718337  1179.507
8313.62473695859  1187.731
8313.69823167762  1101.644
8313.77172134014  1147.747
8313.84520594586  1114.609
8313.91868549448  1109.369
8313.99215998571  1176.242
8314.06562941922  1183.992
8314.13909379474  1149.99
8314.21255311194  1177.852
8314.28600737055  1205.796
8314.35945657025  1175.835
8314.43290071074  1218.644
8314.50633979172  1152.686
8314.5797738129  1173.736
8314.65320277397  1188.531
8314.72662667463  1188.39
8314.80004551459  1156.839
8314.87345929354  1199.156
8314.94686801118  1195.109
8315.02027166721  1186.233
8315.09367026134  1182.269
8315.16706379327  1190.19
8315.24045226268  1179.744
8315.31383566929  1205.607
8315.3872140128  1159.699
8315.4605872929  1206.592
8315.5339555093  1183.409
8315.60731866169  1140.327
8315.68067674979  1161.516
8315.75402977328  1136.191
8315.82737773188  1165.891
8315.90072062528  1150.381
8315.97405845318  1121.192
8316.04739121528  1103.027
8316.12071891129  1029.168
8316.19404154091  1013.57
8316.26735910384  1018.384
8316.34067159977  1120.067
8316.41397902843  1139.668
8316.48728138949  1139.008
8316.56057868267  1202.854
8316.63387090767  1156.464
8316.70715806419  1163.663
8316.78044015194  1199.081
8316.85371717061  1136.881
8316.9269891199  1164.992
8317.00025599953  1204.1
8317.07351780918  1172.205
8317.14677454858  1186.485
8317.22002621741  1206.573
8317.29327281538  1194.827
8317.36651434219  1174.791
8317.43975079756  1172.884
8317.51298218117  1179.899
8317.58620849273  1208.594
8317.65942973195  1207.061
8317.73264589853  1187.085
8317.80585699217  1253.709
8317.87906301257  1152.131
8317.95226395945  1138.826
8318.02545983249  877.2298
8318.09865063142  854.6144
8318.17183635592  827.1313
8318.24501700571  969.0641
8318.31819258049  1075.351
8318.39136307996  1163.737
8318.46452850382  1150.884
8318.53768885179  1233.927
8318.61084412356  1245.843
8318.68399431884  1171.664
8318.75713943733  1198.424
8318.83027947874  1227.913
8318.90341444278  1265.378
8318.97654432914  1193.227
8319.04966913753  1185.439
8319.12278886766  1133.285
8319.19590351924  1136.578
8319.26901309195  1158.682
8319.34211758553  1179.037
8319.41521699966  1247.56
8319.48831133405  1153.962
8319.56140058841  1181.092
8319.63448476244  1180.712
8319.70756385585  1187.927
8319.78063786835  1223.79
8319.85370679964  1227.461
8319.92677064942  1197.169
8319.99982941741  1135.648
8320.0728831033  1224.089
8320.14593170681  1178.07
8320.21897522764  1191.157
8320.29201366549  1178.239
8320.36504702007  1180.358
8320.4380752911  1223.456
8320.51109847827  1194.842
8320.58411658129  1176.745
8320.65712959987  1178.388
8320.73013753372  1142.399
8320.80314038253  1196.928
8320.87613814603  1169.81
8320.94913082391  1128.466
8321.02211841588  1139.092
8321.09510092166  1023.051
8321.16807834094  876.6145
8321.24105067344  801.1537
8321.31401791885  865.7653
8321.3869800769  837.1641
8321.45993714728  900.949
8321.53288912971  741.0617
8321.60583602389  746.0307
8321.67877782953  926.7268
8321.75171454633  1152.741
8321.82464617402  1093.108
8321.89757271228  1177.999
8321.97049416084  1216.068
8322.0434105194  1229.053
8322.11632178766  1190.777
8322.18922796534  1139.402
8322.26212905215  1091.458
8322.33502504779  1236.015
8322.40791595197  1187.085
8322.4808017644  1212.915
8322.5536824848  1263.228
8322.62655811286  1160.922
8322.6994286483  1246.231
8322.77229409082  1244.647
8322.84515444014  1152.057
8322.91800969596  1197.71
8322.99085985801  1198.714
8323.06370492597  1202.382
8323.13654489956  1189.919
8323.2093797785  1129.526
8323.28220956249  1240.48
8323.35503425124  1270.797
8323.42785384446  1137.002
8323.50066834186  1142.512
8323.57347774316  1187.172
8323.64628204806  1227.298
8323.71908125627  1241.813
8323.79187536749  1103.418
8323.86466438145  1203.934
8323.93744829786  1204.576
8324.01022711641  1128.685
8324.08300083683  1142.628
8324.15576945882  1172.405
8324.2285329821  1223.039
8324.30129140637  1182.948
8324.37404473135  1188.941
8324.44679295675  1258.616
8324.51953608227  1204.939
8324.59227410763  1170.183
8324.66500703254  1219.667
8324.73773485672  1182.952
8324.81045757986  1222.537
8324.8831752017  1219.061
8324.95588772192  1232.848
8325.02859514026  1204.15
8325.10129745641  1201.054
8325.1739946701  1181.324
8325.24668678103  1200.053
8325.31937378891  1150.221
8325.39205569346  1250.554
8325.46473249439  1159.473
8325.53740419141  1195.209
8325.61007078423  1193.147
8325.68273227257  1209.381
8325.75538865614  1168.63
8325.82803993464  1173.261
8325.9006861078  1212.976
8325.97332717533  1210.885
8326.04596313694  1190.261
8326.11859399234  1139.884
8326.19121974124  1166.268
8326.26384038337  1151.165
8326.33645591841  1188.145
8326.40906634611  1190.141
8326.48167166616  1228.147
8326.55427187828  1221.423
8326.62686698219  1195.057
8326.6994569776  1138.253
8326.77204186421  1164.731
8326.84462164175  1218.27
8326.91719630993  1154.34
8326.98976586846  1219.025
8327.06233031706  1191.811
8327.13488965544  1179.444
8327.20744388331  1250.854
8327.27999300039  1202.555
8327.3525370064  1234.309
8327.42507590104  1143.06
8327.49760968403  1154.361
8327.5701383551  1179.199
8327.64266191394  1124.874
8327.71518036027  1129.135
8327.78769369382  1192.966
8327.86020191429  1168.297
8327.93270502141  1088.174
8328.00520301488  1056.622
8328.07769589441  1117.12
8328.15018365974  1112.965
8328.22266631056  1029.317
8328.2951438466  1032.033
8328.36761626758  1023.098
8328.4400835732  1057.889
8328.51254576318  1083.724
8328.58500283724  1071.214
8328.6574547951  1038.264
8328.72990163646  1075.3
8328.80234336105  1042.305
8328.87477996859  1040.735
8328.94721145878  1052.338
8329.01963783134  1037.268
8329.092059086  1087.417
8329.16447522246  1146.214
8329.23688624045  1068.924
8329.30929213968  1133.1
8329.38169291986  1131.3
8329.45408858072  1124.355
8329.52647912196  1095.65
8329.59886454331  922.6844
8329.67124484449  1016.876
8329.74362002521  996.866
8329.81599008519  1106.168
8329.88835502414  1144.079
8329.96071484178  1176.533
8330.03306953783  1185.989
8330.10541911201  1157.012
8330.17776356404  1181.409
8330.25010289363  1270.98
8330.32243710049  1199.057
8330.39476618436  1240.567
8330.46709014494  1177.525
8330.53940898195  1215.545
8330.61172269512  1193.741
8330.68403128415  1163.94
8330.75633474878  1217.134
8330.82863308871  1224.325
8330.90092630366  1191.756
8330.97321439336  1195.244
8331.04549735752  1214.36
8331.11777519586  1197.731
8331.19004790809  1223.448
8331.26231549395  1199.345
8331.33457795314  1227.169
8331.40683528539  1228.012
8331.4790874904  1215.087
8331.55133456792  1150.59
8331.62357651765  1290.154
8331.69581333931  1214.857
8331.76804503262  1195.871
8331.8402715973  1153.077
8331.91249303307  1170.237
8331.98470933965  1248.985
8332.05692051676  1222.089
8332.12912656412  1138.557
8332.20132748145  1165.953
8332.27352326847  1188.051
8332.3457139249  1221.587
8332.41789945045  1194.003
8332.49007984486  1191.436
8332.56225510784  1208.548
8332.6344252391  1207.924
8332.70659023838  1121.842
8332.77875010538  1125.785
8332.85090483984  1066.1
8332.92305444148  1116.47
8332.99519891  1126.041
8333.06733824513  1122.728
8333.13947244661  1110.959
8333.21160151414  1118.773
8333.28372544744  1184.242
8333.35584424625  1094.841
8333.42795791027  1109.9
8333.50006643923  1030.48
8333.57216983286  1006.885
8333.64426809087  1040.001
8333.71636121299  1123.465
8333.78844919893  1098.46
8333.86053204842  1099.738
8333.93260976118  1178.064
8334.00468233694  1051.043
8334.07674977541  1119.658
8334.14881207631  1126.544
8334.22086923938  1166.946
8334.29292126432  1155.535
8334.36496815087  1161.152
8334.43700989875  1200.653
8334.50904650767  1186.699
8334.58107797737  1166.267
8334.65310430756  1142.336
8334.72512549796  1243.271
8334.79714154831  1205.573
8334.86915245832  1253.5
8334.94115822771  1220.179
8335.01315885621  1248.22
8335.08515434354  1286.572
8335.15714468943  1186.813
8335.2291298936  1188.531
8335.30110995576  1217.497
8335.37308487566  1094.742
8335.445054653  1144.119
8335.51701928751  1168.972
8335.58897877893  1120.91
8335.66093312695  1201.697
8335.73288233133  1116.445
8335.80482639177  1120.392
8335.87676530801  1142.698
8335.94869907976  1121.815
8336.02062770675  1176.695
8336.09255118871  1100.823
8336.16446952536  1138.765
8336.23638271642  1145.583
8336.30829076162  1188.505
8336.38019366068  1188.043
8336.45209141333  1126.741
8336.5239840193  1155.542
8336.5958714783  1161.227
8336.66775379006  1199.87
8336.73963095432  1163.358
8336.81150297078  1200.474
8336.88336983918  1196.26
8336.95523155925  1163.994
8337.02708813071  1215.377
8337.09893955328  1205.627
8337.17078582669  1179.881
8337.24262695067  1187.277
8337.31446292494  1161.938
8337.38629374923  1224.675
8337.45811942326  1270.803
8337.52993994676  1199.929
8337.60175531945  1253.282
8337.67356554107  1263.164
8337.74537061134  1220.155
8337.81717052998  1192.803
8337.88896529672  1221.148
8337.96075491129  1282.549
8338.03253937341  1151.084
8338.10431868281  1218.04
8338.17609283923  1250.542
8338.24786184237  1282.944
8338.31962569198  1207.411
8338.39138438777  1251.626
8338.46313792948  1216.784
8338.53488631683  1174.253
8338.60662954956  1173.677
8338.67836762738  1199.23
8338.75010055002  1174.009
8338.82182831722  1129.57
8338.8935509287  1035.355
8338.96526838418  966.4668
8339.0369806834  928.1241
8339.10868782608  1024.92
8339.18038981195  1124.125
8339.25208664075  1200.611
8339.32377831219  1184.012
8339.395464826  1191.474
8339.46714618192  1106.09
8339.53882237967  1217.156
8339.61049341898  1239.935
8339.68215929958  1185.883
8339.7538200212  1276.846
8339.82547558356  1166.105
8339.8971259864  1200.387
8339.96877122944  1193.512
8340.04041131241  1190.781
8340.11204623505  1126.546
8340.18367599708  1158.599
8340.25530059822  1170.04
8340.32692003822  1151.216
8340.39853431679  1134.697
8340.47014343368  1126.977
8340.5417473886  1163.189
8340.61334618128  1256.7
8340.68493981147  1098.491
8340.75652827888  1143.233
8340.82811158325  1176.316
8340.8996897243  1139.169
8340.97126270177  1171.77
8341.04283051539  1147.973
8341.11439316488  1169.695
8341.18595064998  1085.291
8341.25750297042  1109.545
8341.32905012593  1163.757
8341.40059211623  1087.567
8341.47212894106  1178.665
8341.54366060015  1143.638
8341.61518709324  1208.92
8341.68670842004  1199.856
8341.7582245803  1103.747
8341.82973557373  1161.831
8341.90124140009  1147.107
8341.97274205909  1156.265
8342.04423755046  1198.908
8342.11572787395  1232.118
8342.18721302927  1222.189
8342.25869301616  1184.161
8342.33016783436  1192.691
8342.40163748359  1164.539
8342.47310196359  1212.13
8342.54456127408  1257.25
8342.6160154148  1205.222
8342.68746438549  1165.479
8342.75890818587  1194.262
8342.83034681568  1197.938
8342.90178027464  1202.598
8342.97320856249  1256.749
8343.04463167897  1244.564
8343.11604962381  1211.427
8343.18746239673  1199.522
8343.25886999747  1269.131
8343.33027242577  1234.292
8343.40166968135  1211.699
8343.47306176396  1280.258
8343.54444867331  1239.539
8343.61583040915  1145.861
8343.68720697121  1281.654
8343.75857835922  1199.613
8343.82994457292  1185.578
8343.90130561203  1217.596
8343.9726614763  1199.187
8344.04401216545  1126.882
8344.11535767923  1125.726
8344.18669801736  1129.53
8344.25803317957  1227.264
8344.32936316561  1184.926
8344.40068797519  1162.947
8344.47200760808  1334.891
8344.54332206398  1482.153
8344.61463134264  1471.857
8344.68593544379  1390.221
8344.75723436717  1254.234
8344.82852811251  1099.156
8344.89981667955  1239.272
8344.97110006802  1217.087
8345.04237827765  1248.433
8345.11365130818  1240.323
8345.18491915934  1214.621
8345.25618183088  1229.304
8345.32743932252  1219.71
8345.398691634  1199.217
8345.46993876506  1228.19
8345.54118071543  1247.282
8345.61241748484  1220.385
8345.68364907304  1263.474
8345.75487547975  1221.517
8345.82609670471  1255.814
8345.89731274766  1272.59
8345.96852360834  1289.832
8346.03972928648  1150.214
8346.11092978182  1237.759
8346.18212509409  1281.532
8346.25331522302  1192.49
8346.32450016837  1186.223
8346.39567992985  1197.205
8346.46685450721  1273.971
8346.53802390019  1232.116
8346.60918810851  1186.134
8346.68034713193  1222.402
8346.75150097016  1200.112
8346.82264962296  1187.053
8346.89379309006  1179.145
8346.96493137119  1197.587
8347.0360644661  1147.006
8347.10719237451  1148.987
8347.17831509618  1169.857
8347.24943263082  1133.083
8347.32054497819  1165.641
8347.39165213801  1127.285
8347.46275411004  1084.964
8347.53385089399  1140.275
8347.60494248963  1161.618
8347.67602889666  1145.492
8347.74711011485  1143.37
8347.81818614392  1219.088
8347.88925698362  1144.27
8347.96032263368  1156.644
8348.03138309384  1103.185
8348.10243836383  1208.601
8348.17348844341  1212.102
8348.2445333323  1151.824
8348.31557303024  1160.906
8348.38660753698  1183.653
8348.45763685225  1167.541
8348.52866097579  1246.187
8348.59967990733  1251.66
8348.67069364663  1206.559
8348.74170219342  1250.95
8348.81270554743  1244.781
8348.88370370841  1234.664
8348.95469667609  1203.912
8349.02568445022  1189.631
8349.09666703053  1118.602
8349.16764441677  1153.114
8349.23861660867  1120.483
8349.30958360597  1190.18
8349.38054540842  1217.464
8349.45150201575  1229.416
8349.5224534277  1142.861
8349.59339964401  1145.214
8349.66434066443  1213.684
8349.7352764887  1188.1
8349.80620711654  1221.965
8349.87713254771  1274.925
8349.94805278195  1240.602
8350.01896781899  1214.006
8350.08987765858  1161.627
8350.16078230045  1158.535
8350.23168174436  1161.676
8350.30257599003  1194.073
8350.37346503721  1209.885
8350.44434888564  1199.312
8350.51522753507  1208.087
8350.58610098522  1211.763
8350.65696923586  1215.805
8350.7278322867  1120.991
8350.79869013751  1197.802
8350.86954278801  1175.197
8350.94039023796  1218.176
8351.01123248709  1189.406
8351.08206953514  1226.202
8351.15290138186  1169.557
8351.22372802698  1173.586
8351.29454947026  1205.146
8351.36536571143  1176.44
8351.43617675024  1223.056
8351.50698258642  1165.408
8351.57778321972  1193.519
8351.64857864989  1152.397
8351.71936887665  1219.589
8351.79015389977  1148.233
8351.86093371898  1210.508
8351.93170833402  1196.048
8352.00247774463  1197.984
8352.07324195057  1249.361
8352.14400095157  1216.655
8352.21475474737  1246.173
8352.28550333772  1215.202
8352.35624672236  1208.812
8352.42698490104  1189.083
8352.4977178735  1278.617
8352.56844563947  1273.076
8352.63916819872  1308.29
8352.70988555097  1288.846
8352.78059769599  1228.456
8352.85130463349  1281.672
8352.92200636324  1235.506
8352.99270288497  1189.087
8353.06339419844  1276.612
8353.13408030337  1241.427
8353.20476119953  1227.533
8353.27543688665  1243.321
8353.34610736447  1281.106
8353.41677263275  1224.052
8353.48743269123  1207.288
8353.55808753965  1172.971
8353.62873717775  1100.04
8353.69938160528  1116.526
8353.77002082199  1194.04
8353.84065482763  1214.65
8353.91128362192  1207.05
8353.98190720464  1199.599
8354.0525255755  1264.482
8354.12313873427  1232.007
8354.19374668069  1245.273
8354.2643494145  1151.826
8354.33494693545  1190.413
8354.40553924329  1219.446
8354.47612633775  1240.552
8354.5467082186  1167.691
8354.61728488557  1132.881
8354.6878563384  1183.958
8354.75842257685  1205.961
8354.82898360066  1097.967
8354.89953940958  1174.028
8354.97009000336  1247.218
8355.04063538173  1239.841
8355.11117554445  1207.026
8355.18171049126  1184.928
8355.25224022192  1181.729
8355.32276473617  1220.704
8355.39328403374  1236.158
8355.4637981144  1189.326
8355.53430697789  1191.411
8355.60481062395  1176.188
8355.67530905234  1215.272
8355.7458022628  1222.173
8355.81629025507  1235.256
8355.88677302891  1185.547
8355.95725058406  1190.51
8356.02772292028  1218.229
8356.0981900373  1232.963
8356.16865193488  1154.994
8356.23910861276  1149.113
8356.30956007069  1205.585
8356.38000630842  1226.59
8356.45044732571  1243.566
8356.52088312229  1239.051
8356.59131369791  1222.596
8356.66173905233  1272.085
8356.73215918529  1210.779
8356.80257409653  1185.391
8356.87298378582  1094.926
8356.9433882529  1105.386
8357.01378749751  1045.514
8357.08418151941  1058.412
8357.15457031834  1095.666
8357.22495389406  1107.188
8357.29533224631  1249.036
8357.36570537484  1152.614
8357.4360732794  1149.59
8357.50643595975  1174.347
8357.57679341562  1217.136
8357.64714564678  1162.44
8357.71749265296  1180.839
8357.78783443392  1187.654
8357.85817098942  1198.735
8357.92850231919  1164.961
8357.99882842299  1150.851
8358.06914930057  1162.248
8358.13946495168  1217.309
8358.20977537607  1226.566
8358.28008057349  1211.004
8358.35038054369  1150.27
8358.42067528642  1207.28
8358.49096480144  1204.306
8358.56124908848  1249.3
8358.63152814731  1187.045
8358.70180197767  1216.863
8358.77207057932  1224.354
8358.842333952  1208.383
8358.91259209547  1146.272
8358.98284500948  1207.705
8359.05309269377  1165.162
8359.12333514811  1085.155
8359.19357237224  1208.55
8359.26380436591  1182.576
8359.33403112888  1201.365
8359.4042526609  1161.245
8359.47446896171  1136.563
8359.54468003107  1173.196
8359.61488586874  1180.473
8359.68508647446  1194.803
8359.75528184799  1124.059
8359.82547198907  1145.511
8359.89565689747  1177.965
8359.96583657293  1139.748
8360.0360110152  1185.625
8360.10618022405  1165.482
8360.17634419921  1150.708
8360.24650294045  1175.663
8360.31665644751  1123.188
8360.38680472015  1193.274
8360.45694775813  1205.342
8360.52708556119  1094.721
8360.59721812908  1150.791
8360.66734546157  1203.403
8360.73746755841  1206.12
8360.80758441934  1190.113
8360.87769604412  1215.759
8360.94780243251  1177.694
8361.01790358426  1150.614
8361.08799949911  1184.698
8361.15809017683  1179.515
8361.22817561718  1162.64
8361.29825581989  1228.672
8361.36833078473  1212.733
8361.43840051146  1177.656
8361.50846499982  1206.835
8361.57852424957  1198.359
8361.64857826047  1191.775
8361.71862703226  1128.331
8361.7886705647  1111.627
8361.85870885756  1152.774
8361.92874191058  1023.694
8361.99876972351  1070.634
8362.06879229612  1077.897
8362.13880962815  1039.495
8362.20882171937  1046.931
8362.27882856952  1107.472
8362.34883017836  1084.169
8362.41882654565  1134.792
8362.48881767115  1184.233
8362.5588035546  1131.406
8362.62878419577  1139.432
8362.69875959441  1048.125
8362.76872975027  1196.744
8362.83869466311  1159.934
8362.90865433269  1189.699
8362.97860875876  1171.349
8363.04855794108  1142.235
8363.11850187941  1166.536
8363.1884405735  1160.681
8363.2583740231  1180.587
8363.32830222797  1149.87
8363.39822518788  1201.921
8363.46814290257  1232.528
8363.53805537181  1196.64
8363.60796259534  1173.418
8363.67786457293  1191.869
8363.74776130434  1182.721
8363.81765278931  1182.637
8363.88753902761  1145.162
8363.957420019  1142.489
8364.02729576323  1158.179
8364.09716626005  1221.188
8364.16703150923  1153.784
8364.23689151053  1179.491
8364.3067462637  1139.696
8364.37659576849  1199.844
8364.44644002467  1156.72
8364.516279032  1224.212
8364.58611279022  1226.187
8364.65594129911  1185.075
8364.72576455841  1174.237
8364.79558256789  1258.496
8364.8653953273  1139.784
8364.93520283641  1105.34
8365.00500509497  1190.492
8365.07480210273  1163.278
8365.14459385946  1031.396
8365.21438036492  1136.872
8365.28416161886  1093.821
8365.35393762105  1206.089
8365.42370837124  1117.853
8365.49347386919  1146.089
8365.56323411466  1063.079
8365.6329891074  1095.649
8365.70273884719  1093.295
8365.77248333378  1210.855
8365.84222256692  1156.147
8365.91195654638  1114.035
8365.98168527191  1131.197
8366.05140874328  1139.665
8366.12112696025  1171.293
8366.19083992257  1112.301
8366.26054763  1109.468
8366.33025008231  1094.263
8366.39994727925  1164.327
8366.46963922059  1107.354
8366.53932590609  1107.41
8366.6090073355  1056.923
8366.67868350858  1151.344
8366.7483544251  1150.696
8366.81802008482  1145.605
8366.88768048749  1072.446
8366.95733563289  1083.167
8367.02698552075  1112.41
8367.09663015086  1131.344
8367.16626952297  1025.095
8367.23590363684  1030.508
8367.30553249224  1031.938
8367.37515608891  995.7125
8367.44477442664  1158.688
8367.51438750516  1061.426
8367.58399532426  1093.547
8367.65359788368  1117.864
8367.7231951832  1099.743
8367.79278722256  1130.916
8367.86237400154  1149.492
8367.9319555199  1160.692
8368.00153177739  1135.16
8368.07110277379  1083.069
8368.14066850884  1182.043
8368.21022898232  1167.131
8368.27978419399  1251.746
8368.3493341436  1136.287
8368.41887883092  1200.915
8368.48841825572  1135.899
8368.55795241776  1138.469
8368.62748131679  1144.874
8368.69700495259  1171.495
8368.76652332491  1136.49
8368.83603643351  1230.542
8368.90554427817  1150.086
8368.97504685864  1116.19
8369.04454417468  1193.283
8369.11403622607  1216.781
8369.18352301256  1144.121
8369.25300453391  1163.324
8369.3224807899  1190.764
8369.39195178028  1193.502
8369.46141750481  1182.757
8369.53087796328  1176.635
8369.60033315542  1188.513
8369.669783081  1128.713
8369.73922773981  1176.482
8369.80866713159  1157.669
8369.87810125611  1215.626
8369.94753011314  1171.313
8370.01695370243  1164.025
8370.08637202376  1081.627
8370.15578507689  1135.31
8370.22519286159  1094.391
8370.2945953776  1174.771
8370.36399262471  1110.631
8370.43338460268  1091.444
8370.50277131127  1123.017
8370.57215275025  1121.066
8370.64152891938  1149.241
8370.71089981843  1114.135
8370.78026544716  1108.269
8370.84962580534  1149.855
8370.91898089273  1160.465
8370.9883307091  1102.273
8371.05767525422  1171.808
8371.12701452784  1138.388
8371.19634852975  1213.036
8371.26567725969  1127.795
8371.33500071744  1192.581
8371.40431890277  1131.066
8371.47363181543  1091.474
8371.5429394552  1195.587
8371.61224182184  1133.392
8371.68153891512  1105.412
8371.75083073481  1201.654
8371.82011728067  1084.272
8371.88939855246  1200.339
8371.95867454996  1117.455
8372.02794527294  1167.724
8372.09721072115  1140.269
8372.16647089436  1205.34
8372.23572579235  1174.109
8372.30497541488  1134.242
8372.37421976171  1149.216
8372.44345883262  1214.138
8372.51269262736  1155.303
8372.58192114572  1129.492
8372.65114438745  1122.281
8372.72036235233  1135.676
8372.78957504011  1125.189
8372.85878245057  1175.484
8372.92798458349  1194.836
8372.99718143862  1165.123
8373.06637301573  1167.48
8373.13555931459  1150.681
8373.20474033497  1107.834
8373.27391607663  1150.07
8373.34308653936  1168.47
8373.4122517229  1062.801
8373.48141162704  1096.519
8373.55056625154  1115.955
8373.61971559616  1102.892
8373.68885966069  1104.621
8373.75799844489  1112.559
8373.82713194852  1116.302
8373.89626017135  1130.358
8373.96538311316  1059.646
8374.03450077371  1148.581
8374.10361315278  1154.975
8374.17272025013  1120.285
8374.24182206553  1154.36
8374.31091859875  1180.566
8374.38000984956  1099.857
8374.44909581772  1130.357
8374.51817650303  1110.666
8374.58725190523  1092.97
8374.6563220241  1156.341
8374.7253868594  1078.056
8374.79444641092  1140.725
8374.86350067842  1192.348
8374.93254966167  1161.15
8375.00159336044  1143.921
8375.0706317745  1140.186
8375.13966490361  1080.676
8375.20869274757  1124.024
8375.27771530612  1075.847
8375.34673257905  1123.096
8375.41574456612  1146.945
8375.48475126711  1147.604
8375.55375268179  1143.636
8375.62274880992  1143.443
8375.69173965128  1170.054
8375.76072520563  1110.66
8375.82970547276  1176.222
8375.89868045243  1154.693
8375.96765014442  1120.204
8376.03661454849  1131.311
8376.10557366441  1095.37
8376.17452749197  1070.229
8376.24347603093  1012.579
8376.31241928106  1045.879
8376.38135724213  1051.875
8376.45028991392  1158.203
8376.5192172962  1136.317
8376.58813938874  1163.321
8376.65705619132  1121.687
8376.7259677037  1215.533
8376.79487392565  1109.081
8376.86377485696  1098.664
8376.93267049739  1174.542
8377.00156084672  1081.683
8377.07044590471  1090.957
8377.13932567115  1067.588
8377.20820014581  1132.31
8377.27706932845  1113.017
8377.34593321885  1118.134
8377.41479181679  1153.783
8377.48364512203  1138.424
8377.55249313436  1155.134
8377.62133585354  1126.297
8377.69017327935  1146.323
8377.75900541156  1130.099
8377.82783224994  1165.955
8377.89665379428  1140.447
8377.96547004434  1162.662
8378.0342809999  1131.369
8378.10308666072  1122.231
8378.1718870266  1156.683
8378.24068209729  1107.257
8378.30947187258  1088.346
8378.37825635223  1096.034
8378.44703553603  1149.789
8378.51580942375  1135.737
8378.58457801516  1036.755
8378.65334131003  1161.41
8378.72209930815  1030.142
8378.79085200929  1101.938
8378.85959941321  1071.535
8378.92834151971  1162.325
8378.99707832854  1085.792
8379.06580983949  1081.778
8379.13453605234  1113.117
8379.20325696685  1028.699
8379.27197258281  1054.245
8379.34068289998  1066.656
8379.40938791815  1016.388
8379.47808763709  1051.534
8379.54678205658  1067.542
8379.61547117639  1095.517
8379.6841549963  1034.483
8379.75283351608  1097.325
8379.82150673551  1090.331
8379.89017465437  1034.989
8379.95883727243  1083.068
8380.02749458947  1045.693
8380.09614660527  1074.618
8380.1647933196  1137.852
8380.23343473224  1081.596
8380.30207084297  1082.85
8380.37070165155  1072.613
8380.43932715778  1152.217
8380.50794736142  1110.181
8380.57656226226  1116.606
8380.64517186007  1120.185
8380.71377615463  1087.546
8380.78237514571  1189.342
8380.85096883309  1080.304
8380.91955721656  1051.09
8380.98814029588  1127.24
8381.05671807084  1107.284
8381.12529054121  1108.154
8381.19385770678  1123.224
8381.26241956731  1198.761
8381.33097612258  1113.087
8381.39952737239  1100.625
8381.4680733165  1073.696
8381.53661395469  1066.805
8381.60514928673  1147.373
8381.67367931242  1160.494
8381.74220403153  1149.595
8381.81072344383  1142.951
8381.8792375491  1120.531
8381.94774634712  1111.243
8382.01624983768  1099.555
8382.08474802055  1110.8
8382.15324089551  1112.022
8382.22172846233  1114.444
8382.29021072081  1094.564
8382.35868767071  1142.636
8382.42715931181  1177.403
8382.49562564391  1122.55
8382.56408666676  1126.784
8382.63254238017  1164.911
8382.70099278389  1087.151
8382.76943787772  1096.98
8382.83787766144  1196.139
8382.90631213481  1114.026
8382.97474129764  1054.026
8383.04316514968  1142.196
8383.11158369073  1069.169
8383.17999692057  1090.787
8383.24840483897  1027.915
8383.31680744571  1086.789
8383.38520474058  1018.385
8383.45359672336  1031.577
8383.52198339382  1072.098
8383.59036475175  1051.18
8383.65874079693  1033.547
8383.72711152914  1032.505
8383.79547694815  1005.5
8383.86383705376  1024.123
8383.93219184575  991.1031
8384.00054132388  971.9254
8384.06888548795  968.2939
8384.13722433774  994.3553
8384.20555787303  993.921
8384.27388609359  1023.671
8384.34220899922  1001.602
8384.41052658969  1026.289
8384.47883886478  1049.55
8384.54714582428  1028.098
8384.61544746797  965.5516
8384.68374379562  1013.39
8384.75203480704  1035.88
8384.82032050198  1026.03
8384.88860088025  1000.442
8384.95687594161  1020.736
8385.02514568586  1074.963
8385.09341011277  1076.78
8385.16166922213  1067.495
8385.22992301372  1045.068
8385.29817148732  1056.218
8385.36641464272  1014.665
8385.4346524797  1018.932
8385.50288499804  996.1357
8385.57111219752  1092.859
8385.63933407794  1049.248
8385.70755063906  1080.216
8385.77576188068  1077.072
8385.84396780258  1099.863
8385.91216840454  1035.072
8385.98036368635  1117.035
8386.04855364779  1003.171
8386.11673828864  1051.322
8386.18491760869  1076.303
8386.25309160771  1047.912
8386.32126028551  1059.594
8386.38942364185  1062.7
8386.45758167653  1083.664
8386.52573438933  1150.157
8386.59388178003  1079.756
8386.66202384841  1068.34
8386.73016059427  1039.657
8386.79829201738  1081.038
8386.86641811754  1057.154
8386.93453889452  1003.133
8387.00265434811  1043.583
8387.0707644781  1110.002
8387.13886928427  1046.805
8387.2069687664  1142.912
8387.27506292429  1108.509
8387.34315175771  1062.694
8387.41123526645  1036.362
8387.4793134503  1116.241
8387.54738630905  1067.568
8387.61545384247  1030.711
8387.68351605036  1113.791
8387.75157293249  1074.773
8387.81962448867  1073.821
8387.88767071867  1077.932
8387.95571162227  1026.965
8388.02374719927  1062.895
8388.09177744945  1090.27
8388.15980237259  1089.068
8388.22782196849  1024.239
8388.29583623693  997.8061
8388.3638451777  1052.513
8388.43184879057  1044.694
8388.49984707535  1007.452
8388.56784003182  979.1785
8388.63582765976  1007.595
8388.70380995896  970.3976
8388.7717869292  1010.978
8388.83975857028  984.3625
8388.90772488198  950.3817
8388.9756858641  919.4446
8389.0436415164  951.4618
8389.1115918387  983.5535
8389.17953683076  974.3703
8389.24747649239  962.5529
8389.31541082336  982.5371
8389.38333982346  989.3117
8389.45126349249  911.9554
8389.51918183023  977.0466
8389.58709483647  940.3787
8389.655002511  957.1689
8389.7229048536  979.9185
8389.79080186406  947.929
8389.85869354218  996.6421
8389.92657988774  923.0227
8389.99446090052  1012.551
8390.06233658033  1010.432
8390.13020692694  990.9778
8390.19807194014  1028.086
8390.26593161973  1009.303
8390.3337859655  1051.651
8390.40163497722  1063.381
8390.4694786547  1060.354
8390.53731699772  1106.897
8390.60515000606  1033.607
8390.67297767953  1051.194
8390.74080001791  1062.958
8390.80861702098  1086.958
8390.87642868854  1076.965
8390.94423502038  1087.325
8391.01203601629  1032.847
8391.07983167605  1094.848
8391.14762199946  1038.401
8391.21540698631  1077.424
8391.28318663639  1025.324
8391.35096094949  1057.955
8391.41872992539  1119.474
8391.48649356389  1097.304
8391.55425186479  1071.614
8391.62200482786  1057.406
8391.6897524529  1054.319
8391.7574947397  1054.468
8391.82523168806  1083.491
8391.89296329776  1049.263
8391.96068956859  1066.144
8392.02841050035  1083.822
8392.09612609282  1051.832
8392.1638363458  1077.33
8392.23154125908  1030.09
8392.29924083245  1021.242
8392.3669350657  1036.368
8392.43462395862  1032.653
8392.50230751101  1096.9
8392.56998572265  1058.891
8392.63765859335  1087.262
8392.70532612288  1042.998
8392.77298831105  1030.325
8392.84064515763  1041.88
8392.90829666244  1003.219
8392.97594282525  1011.512
8393.04358364587  1034.615
8393.11121912408  969.4198
8393.17884925967  1070.638
8393.24647405245  1014.004
8393.31409350219  1078.113
8393.3817076087  998.4769
8393.44931637176  1024.779
8393.51691979118  1033.653
8393.58451786673  997.1484
8393.65211059823  1067.193
8393.71969798545  1018.87
8393.78728002819  1020.542
8393.85485672625  1009.703
8393.92242807941  1047.772
8393.98999408748  977.4073
8394.05755475025  949.4041
8394.1251100675  1011.302
8394.19266003904  994.5308
8394.26020466466  1043.057
8394.32774394414  1009.474
8394.39527787729  1032.568
8394.4628064639  994.3644
8394.53032970376  986.5472
8394.59784759667  1038.633
8394.66536014242  1027.114
8394.73286734081  1010.796
8394.80036919162  1024.289
8394.86786569466  1062.282
8394.93535684973  1038.221
8395.0028426566  950.4886
8395.07032311509  1063.121
8395.13779822498  1057.689
8395.20526798607  1070.609
8395.27273239815  987.4308
8395.34019146102  1027.811
8395.40764517448  1020.154
8395.47509353831  1033.873
8395.54253655232  1011.887
8395.60997421631  1019.379
8395.67740653006  1041.744
8395.74483349337  1000.394
8395.81225510604  1012.546
8395.87967136786  999.4466
8395.94708227863  974.5982
8396.01448783815  1023.29
8396.08188804621  1067.436
8396.1492829026  977.0068
8396.21667240713  1018.725
8396.28405655959  1063.676
8396.35143535978  1010.703
8396.41880880749  1014.011
8396.48617690252  1004.346
8396.55353964467  941.261
8396.62089703372  994.1102
8396.68824906949  1012.621
8396.75559575177  1006.568
8396.82293708035  1002.668
8396.89027305503  1010.891
8396.95760367561  989.5792
8397.02492894188  973.5767
8397.09224885364  982.6632
8397.1595634107  975.3747
8397.22687261284  942.8629
8397.29417645987  1007.131
8397.36147495158  998.9036
8397.42876808777  1003.531
8397.49605586824  1001.595
8397.56333829279  1023.351
8397.63061536121  955.6576
8397.6978870733  965.1153
8397.76515342886  995.462
8397.83241442769  992.687
8397.89967006959  1044.437
8397.96692035435  1059.771
8398.03416528177  973.3815
8398.10140485166  978.9561
8398.16863906381  961.6305
8398.23586791802  1031.667
8398.30309141408  988.1076
8398.37030955181  924.2885
8398.43752233099  983.0725
8398.50472975142  1015.798
8398.57193181291  961.3519
8398.63912851526  963.2332
8398.70631985825  963.3234
8398.7735058417  913.4376
8398.8406864654  966.4509
8398.90786172916  951.9391
8398.97503163276  1022.299
8399.04219617602  1070.153
8399.10935535872  1070.692
8399.17650918068  1100.58
8399.24365764169  1070.188
8399.31080074154  1041.369
8399.37793848005  1012.438
8399.44507085701  978.3953
8399.51219787222  926.7803
8399.57931952548  990.1227
8399.6464358166  969.0787
8399.71354674536  870.1431
8399.78065231159  995.7454
8399.84775251506  959.0651
8399.91484735559  973.9259
8399.98193683297  988.0778
8400.04902094701  981.3899
8400.11609969752  948.5735
8400.18317308428  942.5535
8400.2502411071  971.9305
8400.31730376578  932.5388
8400.38436106012  954.1741
8400.45141298993  928.3378
8400.51845955501  949.882
8400.58550075515  943.0581
8400.65253659016  927.1346
8400.71956705985  923.2656
8400.786592164  910.0787
8400.85361190244  975.2451
8400.92062627494  962.4193
8400.98763528133  966.1097
8401.0546389214  977.8418
8401.12163719495  919.4105
8401.1886301018  990.4576
8401.25561764172  944.3057
8401.32259981454  980.8273
8401.38957662006  960.2143
8401.45654805807  904.1448
8401.52351412838  970.8898
8401.59047483079  949.3784
8401.65743016511  972.3179
8401.72438013113  982.1254
8401.79132472867  893.8719
8401.85826395753  940.7332
8401.9251978175  921.0729
8401.99212630839  926.6943
8402.05904943  956.1739
8402.12596718215  944.887
8402.19287956463  945.6362
8402.25978657724  860.6226
8402.3266882198  945.4315
8402.39358449209  912.8829
8402.46047539394  922.545
8402.52736092514  955.0226
8402.59424108549  970.8943
8402.6611158748  873.8726
8402.72798529288  879.132
8402.79484933953  883.2398
8402.86170801455  917.4861
8402.92856131774  905.1519
8402.99540924892  915.3801
8403.06225180789  856.8649
8403.12908899445  865.1242
8403.1959208084  929.5914
8403.26274724956  901.6274
8403.32956831773  907.4554
8403.3963840127  938.1688
8403.4631943343  913.2419
8403.52999928232  919.2576
8403.59679885656  870.1912
8403.66359305684  929.3766
8403.73038188296  924.5302
8403.79716533472  843.1215
8403.86394341193  922.9861
8403.9307161144  879.3598
8403.99748344193  915.2307
8404.06424539433  890.009
8404.1310019714  834.5554
8404.19775317296  913.8677
8404.2644989988  895.728
8404.33123944873  877.33
8404.39797452256  924.8336
8404.4647042201  889.9099
8404.53142854115  934.7034
8404.59814748552  911.0189
8404.66486105301  961.2695
8404.73156924344  927.5716
8404.79827205661  946.5092
8404.86496949232  932.6742
8404.93166155039  923.2859
8404.99834823062  940.0484
8405.06502953281  881.9433
8405.13170545678  926.9504
8405.19837600233  878.6876
8405.26504116927  892.0234
8405.33170095742  938.1377
8405.39835536656  852.6194
8405.46500439652  846.79
8405.5316480471  917.7051
8405.59828631811  923.9854
8405.66491920935  895.678
8405.73154672064  897.3363
8405.79816885178  900.8479
8405.86478560258  841.8817
8405.93139697286  903.5533
8405.99800296241  852.2239
8406.06460357104  899.3205
8406.13119879858  951.3174
8406.19778864481  897.9827
8406.26437310955  856.9108
8406.33095219262  903.8275
8406.39752589382  907.4731
8406.46409421296  888.6488
8406.53065714984  882.0407
8406.59721470428  883.2229
8406.66376687609  890.6002
8406.73031366507  875.907
8406.79685507104  895.806
8406.8633910938  849.5639
8406.92992173316  873.2141
8406.99644698895  907.1598
8407.06296686095  903.5141
8407.12948134899  879.4882
8407.19599045287  881.8376
8407.2624941724  896.0485
8407.32899250739  852.3112
8407.39548545766  901.6548
8407.46197302302  939.3202
8407.52845520326  843.868
8407.59493199821  880.6893
8407.66140340768  870.5096
8407.72786943147  955.5649
8407.79433006939  878.2938
8407.86078532127  850.7741
8407.9272351869  871.8527
8407.99367966609  893.7961
8408.06011875867  866.0661
8408.12655246444  868.9366
8408.19298078321  862.6444
8408.25940371479  870.8687
8408.32582125899  798.3413
8408.39223341564  815.1791
8408.45864018452  838.2151
8408.52504156547  830.1364
8408.59143755829  776.6426
8408.65782816278  794.6001
8408.72421337878  762.4599
8408.79059320608  852.8368
8408.85696764449  801.0295
8408.92333669384  863.198
8408.98970035392  854.4623
8409.05605862456  821.1359
8409.12241150557  868.4327
8409.18875899675  888.4678
8409.25510109793  838.6858
8409.32143780891  804.0496
8409.3877691295  886.3492
8409.45409505953  895.1833
8409.5204155988  866.9862
8409.58673074712  787.6947
8409.65304050431  906.8326
8409.71934487018  800.0224
8409.78564384454  833.9613
8409.85193742721  822.206
8409.918225618  820.2772
8409.98450841673  870.0562
8410.0507858232  873.1874
8410.11705783723  825.1033
8410.18332445864  757.157
8410.24958568724  832.4675
8410.31584152283  834.7914
8410.38209196525  900.8652
8410.44833701429  817.2251
8410.51457666978  825.0381
8410.58081093152  859.21
8410.64703979934  843.7563
8410.71326327304  758.3756
8410.77948135245  832.9021
8410.84569403737  839.2979
8410.91190132762  869.7625
8410.97810322302  836.9219
8411.04429972337  842.8646
8411.1104908285  835.0698
8411.17667653822  849.1274
8411.24285685234  810.4832
8411.30903177068  889.5649
8411.37520129306  874.2709
8411.44136541928  820.4592
8411.50752414917  830.1979
8411.57367748254  790.9626
8411.63982541921  860.6273
8411.70596795898  842.9919
8411.77210510169  851.2413
8411.83823684713  805.4337
8411.90436319514  842.2367
8411.97048414552  842.7881
8412.03659969809  818.8727
8412.10270985267  858.9099
8412.16881460906  810.0696
8412.23491396709  838.0702
8412.30100792659  796.4536
8412.36709648735  841.5449
8412.4331796492  855.8383
8412.49925741195  855.7893
8412.56532977543  820.525
8412.63139673944  798.5171
8412.69745830381  812.2255
8412.76351446835  837.5941
8412.82956523288  821.048
8412.89561059721  834.8532
8412.96165056117  794.4547
8413.02768512456  840.9388
8413.09371428722  806.2076
8413.15973804894  793.6142
8413.22575640957  815.7729
8413.29176936889  814.9981
8413.35777692675  790.1531
8413.42377908295  794.9594
8413.48977583732  784.2752
8413.55576718966  799.0292
8413.6217531398  803.9474
8413.68773368756  798.2001
8413.75370883276  814.7555
8413.81967857521  776.4893
8413.88564291472  791.0113
8413.95160185113  793.4341
8414.01755538425  747.8044
8414.08350351389  788.7247
8414.14944623988  798.0349
8414.21538356203  788.9514
8414.28131548017  771.2644
8414.34724199411  771.9744
8414.41316310367  804.049
8414.47907880866  826.5161
8414.54498910892  814.5726
8414.61089400425  796.9499
8414.67679349449  771.2396
8414.74268757944  818.2487
8414.80857625892  776.0946
8414.87445953277  776.0411
8414.94033740078  789.2599
8415.00620986279  817.0888
8415.07207691862  775.1237
8415.13793856808  793.5742
8415.203794811  858.3787
8415.26964564719  808.8915
8415.33549107648  803.7769
8415.40133109868  728.3483
8415.46716571362  818.8834
8415.53299492112  733.6168
8415.59881872099  720.3452
8415.66463711305  878.5095
8415.73045009714  782.3051
8415.79625767306  760.0948
8415.86205984065  772.8223
8415.92785659971  762.3104
8415.99364795007  778.7682
8416.05943389156  785.6411
8416.12521442399  765.3818
8416.19098954719  791.1017
8416.25675926096  789.4179
8416.32252356515  785.4412
8416.38828245957  787.3181
8416.45403594403  732.45
8416.51978401837  751.261
8416.5855266824  825.1245
8416.65126393595  771.6226
8416.71699577883  773.4759
8416.78272221088  755.5143
8416.8484432319  736.152
8416.91415884173  789.7086
8416.97986904018  763.1581
8417.04557382708  775.4558
8417.11127320225  788.7335
8417.17696716552  805.0214
8417.2426557167  754.9541
8417.30833885562  747.3199
8417.37401658209  759.2733
8417.43968889595  774.0161
8417.50535579702  755.3506
8417.57101728512  748.8358
8417.63667336007  778.207
8417.7023240217  762.4689
8417.76796926982  742.7723
8417.83360910427  757.9129
8417.89924352486  759.6253
8417.96487253142  763.3872
8418.03049612377  766.7659
8418.09611430174  768.9859
8418.16172706515  765.5134
8418.22733441382  738.8176
8418.29293634758  764.7248
8418.35853286625  720.4025
8418.42412396966  670.9432
8418.48970965763  732.7326
8418.55528992998  717.2112
8418.62086478654  708.7956
8418.68643422713  750.1347
8418.75199825158  761.4383
8418.8175568597  733.0178
8418.88311005134  764.059
8418.94865782631  716.9308
8419.01420018443  758.2753
8419.07973712553  715.3579
8419.14526864944  715.6909
8419.21079475598  721.4852
8419.27631544498  782.136
8419.34183071626  774.7596
8419.40734056964  749.1219
8419.47284500495  706.0431
8419.53834402202  735.2499
8419.60383762068  777.3318
8419.66932580074  711.1776
8419.73480856204  693.9377
8419.8002859044  721.7373
8419.86575782764  738.009
8419.9312243316  710.4039
8419.99668541609  766.5948
8420.06214108094  728.3494
8420.12759132599  758.3574
8420.19303615105  724.1929
8420.25847555596  746.4028
8420.32390954053  668.0605
8420.3893381046  668.6339
8420.454761248  737.3451
8420.52017897054  730.7616
8420.58559127206  720.1011
8420.65099815238  658.7501
8420.71639961133  673.1863
8420.78179564873  616.4262
8420.84718626442  701.13
8420.91257145823  696.8733
8420.97795122997  665.0727
8421.04332557948  618.5668
8421.10869450658  700.4268
8421.1740580111  733.1794
8421.23941609287  651.2736
8421.30476875172  766.3947
8421.37011598747  702.4399
8421.43545779996  659.4478
8421.500794189  623.6964
8421.56612515443  731.0182
8421.63145069607  719.7853
8421.69677081377  691.7511
8421.76208550733  654.1787
8421.8273947766  762.8344
8421.89269862139  677.174
8421.95799704154  694.0217
8422.02329003688  726.9025
8422.08857760724  726.187
8422.15385975244  677.9132
8422.21913647231  647.5154
8422.28440776668  625.1077
8422.34967363539  652.968
8422.41493407825  667.5071
8422.48018909511  684.5188
8422.54543868578  683.8491
8422.6106828501  708.7468
8422.6759215879  639.246
8422.74115489901  646.796
8422.80638278325  703.4872
8422.87160524046  695.5918
8422.93682227047  658.2102
8423.0020338731  709.686
8423.06724004819  661.6987
8423.13244079557  719.2074
8423.19763611506  656.5115
8423.2628260065  645.2684
8423.32801046971  647.732
8423.39318950453  703.3265
8423.45836311079  657.5814
8423.52353128832  696.8029
8423.58869403694  697.3126
8423.6538513565  675.5258
8423.71900324682  641.4576
8423.78414970773  611.6524
8423.84929073906  620.8912
8423.91442634064  606.1704
8423.97955651231  706.6526
8424.04468125389  632.9859
8424.10980056522  640.6323
8424.17491444613  697.838
8424.24002289645  672.1273
8424.30512591601  643.1457
8424.37022350464  653.5631
8424.43531566218  631.8051
8424.50040238846  652.1359
8424.5654836833  614.5373
8424.63055954654  659.8783
8424.69562997801  581.2791
8424.76069497755  656.4615
8424.82575454499  628.0347
8424.89080868016  576.3751
8424.95585738288  654.4702
8425.020900653  612.1558
8425.08593849035  664.9387
8425.15097089476  610.063
8425.21599786606  581.046
8425.28101940408  664.498
8425.34603550866  585.843
8425.41104617963  619.239
8425.47605141682  634.2343
8425.54105122008  601.5813
8425.60604558921  641.7079
8425.67103452408  626.9529
8425.7360180245  661.3008
8425.80099609031  665.9599
8425.86596872134  622.6217
8425.93093591743  594.1442
8425.99589767841  587.8192
8426.06085400412  621.1781
8426.12580489438  672.3945
8426.19075034904  607.7806
8426.25569036793  610.7391
8426.32062495087  619.527
8426.38555409771  573.8564
8426.45047780828  653.1995
8426.51539608241  621.7788
8426.58030891994  620.408
8426.6452163207  619.2618
8426.71011828453  619.2181
8426.77501481126  617.9438
8426.83990590073  629.9922
8426.90479155277  639.9391
8426.96967176722  602.7183
8427.03454654391  603.6693
8427.09941588267  648.409
8427.16427978335  570.931
8427.22913824577  660.9628
8427.29399126978  584.4343
8427.3588388552  598.5555
8427.42368100188  576.899
8427.48851770965  518.4397
8427.55334897834  591.2394
8427.6181748078  585.7905
8427.68299519785  564.6229
8427.74781014833  548.6672
8427.81261965908  509.8887
8427.87742372994  608.0485
8427.94222236073  577.2382
8428.00701555131  577.3976
8428.0718033015  577.2245
8428.13658561113  624.1097
8428.20136248006  588.0733
8428.26613390811  539.4234
8428.33089989512  544.8175
8428.39566044092  531.6982
8428.46041554536  553.3281
8428.52516520827  602.2061
8428.58990942949  554.1621
8428.65464820885  511.1422
8428.7193815462  547.5587
8428.78410944136  600.8135
8428.84883189418  582.0538
8428.91354890449  562.1871
8428.97826047214  634.7974
8429.04296659695  646.3074
8429.10766727878  587.8546
8429.17236251745  547.9345
8429.2370523128  569.5355
8429.30173666467  619.7814
8429.3664155729  649.7285
8429.43108903732  604.1808
8429.49575705779  634.0773
8429.56041963412  574.1777
8429.62507676617  592.9144
8429.68972845377  570.5635
8429.75437469675  559.4769
8429.81901549497  578.5389
8429.88365084824  606.7056
8429.94828075643  616.496
8430.01290521936  678.9741
8430.07752423687  619.1408
8430.14213780881  639.9517
8430.206745935  623.7524
8430.27134861529  609.1247
8430.33594584953  617.9166
8430.40053763754  571.1008
8430.46512397917  592.619
8430.52970487426  558.2255
8430.59428032264  563.4949
8430.65885032417  544.3347
8430.72341487867  494.5497
8430.78797398599  534.625
8430.85252764596  515.0593
8430.91707585843  576.671
8430.98161862324  550.5963
8431.04615594023  553.1542
8431.11068780923  573.718
8431.17521423008  562.376
